1.080682986700099707e-10
1.272014211897799676e-10
1.472453439440515287e-10
1.680236612042515133e-10
1.893567328464976901e-10
2.110602761593239270e-10
2.329519761946797077e-10
2.548453668019190638e-10
2.765602038167892791e-10
2.979142819820064809e-10
3.187271740683222020e-10
3.388244680509629014e-10
3.580345742189352895e-10
3.761907900295934971e-10
3.931318707970872882e-10
4.086954593636692750e-10
4.227332975408783909e-10
4.350974636240917111e-10
4.456564450544569947e-10
4.542716920175172488e-10
4.608170623550640097e-10
4.651794241232005584e-10
4.672420596758062113e-10
4.669037377760138987e-10
4.640695788752698773e-10
4.586392514974555051e-10
4.505512991670826428e-10
4.397086055333421890e-10
4.260413420470953429e-10
4.095041649170932655e-10
3.900463347522130559e-10
3.675967245018078761e-10
3.421397506654723783e-10
3.136239578974849950e-10
2.820346328120353937e-10
2.473352913707447785e-10
2.095392654486864843e-10
1.685892090095072118e-10
1.245452296287264945e-10
7.735892847901297078e-11
2.704430595619355077e-11
-2.634730710785345416e-11
-8.283425723500733213e-11
-1.424060407932056335e-10
-2.050026969553869596e-10
-2.705945721568591600e-10
-3.391516615260150687e-10
-4.106458975673563337e-10
-4.850409429909621159e-10
-5.622774862205251675e-10
-6.423091606725127364e-10
-7.250740562852935323e-10
-8.105113762102871936e-10
-8.985926883043114721e-10
-9.892327658062795345e-10
-1.082372168179118017e-09
-1.177972680049103471e-09
-1.275937020529276894e-09
-1.376207382585603495e-09
-1.478736422793804152e-09
-1.583421558052428289e-09
-1.690201671334441069e-09
-1.799024019168766592e-09
-1.909793452226857624e-09
-2.022443299274886149e-09
-2.136939748875179732e-09
-2.253183344113138493e-09
-2.371066147792051640e-09
-2.490566734637034850e-09
-2.611596136542472853e-09
-2.734049158580822834e-09
-2.857890846455208272e-09
-2.983092486383991959e-09
-3.109533885450749277e-09
-3.237115092391276509e-09
-3.365801223318310875e-09
-3.495583728281282789e-09
-3.626336668939286825e-09
-3.757977041992722692e-09
-3.890469261681651692e-09
-4.023802707271707680e-09
-4.157853938110386792e-09
-4.292554194392372356e-09
-4.427891315265641469e-09
-4.563835375162045100e-09
-4.700262957887159044e-09
-4.837133652028463738e-09
-4.974452391446999472e-09
-5.112153951641210697e-09
-5.250155670242259218e-09
-5.388426991701243966e-09
-5.526946159447517469e-09
-5.665677830078445128e-09
-5.804586941829844002e-09
-5.943578856028156375e-09
-6.082652264536872679e-09
-6.221817622813057291e-09
-6.361019620028771807e-09
-6.500219440475690171e-09
-6.639345161103955017e-09
-6.778416091935421483e-09
-6.917444506477496939e-09
-7.056387551215795767e-09
-7.195202203652861853e-09
-7.333839041427926987e-09
-7.472312901699490040e-09
-7.610644681299754539e-09
-7.748815159886477810e-09
-7.886773516541615778e-09
-8.024512845193792898e-09
-8.162002315326033460e-09
-8.299295745082467054e-09
-8.436368608941743285e-09
-8.573204594108089221e-09
-8.709785815798462595e-09
-8.846102520428472467e-09
-8.982175680428015389e-09
-9.118008596896245047e-09
-9.253607823856469940e-09
-9.388938839845651662e-09
-9.524027956565864822e-09
-9.658852942366860962e-09
-9.793454330210385926e-09
-9.927816418752575577e-09
-1.006195855951990278e-08
-1.019585317343723898e-08
-1.032953182105807965e-08
-1.046299113532058032e-08
-1.059625212719463666e-08
-1.072932193695623248e-08
-1.086219537430510600e-08
-1.099488418356482914e-08
-1.112737596300838380e-08
-1.125972420986029169e-08
-1.139190651829914958e-08
-1.152396644815894201e-08
-1.165587533309187680e-08
-1.178766243829803983e-08
-1.191930476725643126e-08
-1.205084347327454839e-08
-1.218229533014584733e-08
-1.231366186316490786e-08
-1.244496275515396269e-08
-1.257618106333648600e-08
-1.270733596136202678e-08
-1.283841283367708182e-08
-1.296945065385574104e-08
-1.310046865854563220e-08
-1.323146756814827859e-08
-1.336245642399923501e-08
-1.349342844454096915e-08
-1.362438512838652296e-08
-1.375532445144478984e-08
-1.388626306670115182e-08
-1.401723260215409784e-08
-1.414823823772773936e-08
-1.427927151463342776e-08
-1.441033450069034550e-08
-1.454142214715861214e-08
-1.467253100026138194e-08
-1.480366749691966010e-08
-1.493484701236962771e-08
-1.506608646715319404e-08
-1.519738691148533624e-08
-1.532872472849929808e-08
-1.546010753206836330e-08
-1.559152325546704444e-08
-1.572296832781619412e-08
-1.585445165556137358e-08
-1.598597617960097571e-08
-1.611755198259169145e-08
-1.624918041046886737e-08
-1.638082456785375291e-08
-1.651248508620941027e-08
-1.664415719472864315e-08
-1.677582727619215412e-08
-1.690749939731100209e-08
-1.703917674134088194e-08
-1.717085351320000593e-08
-1.730253390856019915e-08
-1.743418920104021261e-08
-1.756579045080648469e-08
-1.769733144180185615e-08
-1.782881199466710041e-08
-1.796021706027372273e-08
-1.809154077831839839e-08
-1.822279274674321099e-08
-1.835395015876253923e-08
-1.848500175773203056e-08
-1.861592835221444412e-08
-1.874668645130309652e-08
-1.887725440293003512e-08
-1.900766183471956809e-08
-1.913787994469275260e-08
-1.926788201054828955e-08
-1.939769818316509028e-08
-1.952729013229058828e-08
-1.965661813430301882e-08
-1.978569395131364570e-08
-1.991447080836317984e-08
-2.004289284098176525e-08
-2.017098665436839936e-08
-2.029877485075024671e-08
-2.042619805036484770e-08
-2.055323872566530391e-08
-2.067994452172550280e-08
-2.080623309264929028e-08
-2.093204854654412528e-08
-2.105745814830805254e-08
-2.118237816089918450e-08
-2.130672005423381254e-08
-2.143058516405149680e-08
-2.155397849091712052e-08
-2.167681279657810538e-08
-2.179906660313764519e-08
-2.192083224353973779e-08
-2.204199194695867165e-08
-2.216245450478080730e-08
-2.228233940286181622e-08
-2.240157191955498168e-08
-2.252003942097178318e-08
-2.263775997866602290e-08
-2.275489422883626091e-08
-2.287131650588620079e-08
-2.298691906754258915e-08
-2.310186768397655517e-08
-2.321609518812235954e-08
-2.332947452472027676e-08
-2.344195974445637977e-08
-2.355373722009593207e-08
-2.366465690208166814e-08
-2.377457341160775520e-08
-2.388363687382914268e-08
-2.399195438028602554e-08
-2.409937665666804326e-08
-2.420577439609013831e-08
-2.431138820747246158e-08
-2.441613918831954777e-08
-2.451988327389129935e-08
-2.462253198005555169e-08
-2.472437098603794173e-08
-2.482525921543060982e-08
-2.492504175670717324e-08
-2.502371566600462711e-08
-2.512158410710857809e-08
-2.521848341694823572e-08
-2.531426582056743524e-08
-2.540897228746752768e-08
-2.550284026851219920e-08
-2.559567952433666124e-08
-2.568732354213364810e-08
-2.577787808084876717e-08
-2.586756165412422375e-08
-2.595619177209966369e-08
-2.604359176593690459e-08
-2.612988862345067354e-08
-2.621533342606472304e-08
-2.629974002187763391e-08
-2.638295185622497825e-08
-2.646503150991260575e-08
-2.654626169532737648e-08
-2.662645471155636566e-08
-2.670545515494704819e-08
-2.678326324710441891e-08
-2.686023406222826357e-08
-2.693620858354114145e-08
-2.701102586059527236e-08
-2.708460923659129244e-08
-2.715736945527537982e-08
-2.722918486217575983e-08
-2.729991929102868895e-08
-2.736941605450321051e-08
-2.743803779472085663e-08
-2.750578653206696475e-08
-2.757251560553957818e-08
-2.763806726202852776e-08
-2.770260910754298004e-08
-2.776638091349925931e-08
-2.782921738480584067e-08
-2.789098957181381209e-08
-2.795163360707428030e-08
-2.801155458896470911e-08
-2.807063798253700374e-08
-2.812876400250934586e-08
-2.818578370809059792e-08
-2.824197380091006804e-08
-2.829744501750247814e-08
-2.835206561184551995e-08
-2.840571999729381556e-08
-2.845835772498854297e-08
-2.851036889013020864e-08
-2.856165060945006110e-08
-2.861209895168783490e-08
-2.866158865591722416e-08
-2.871030029241016634e-08
-2.875842226765803126e-08
-2.880583596666089635e-08
-2.885243583577276810e-08
-2.889813660598678482e-08
-2.894325544667246683e-08
-2.898779297076403058e-08
-2.903166112029276305e-08
-2.907476107054827952e-08
-2.911707694453325844e-08
-2.915892204353538404e-08
-2.920022983417544070e-08
-2.924091285733700908e-08
-2.928089103134888222e-08
-2.932022265018316045e-08
-2.935914314135357720e-08
-2.939757112024049436e-08
-2.943544071160929633e-08
-2.947266701888292700e-08
-2.950936402929680166e-08
-2.954569782467723450e-08
-2.958160317978151780e-08
-2.961701705243554671e-08
-2.965186877621577901e-08
-2.968627271004627514e-08
-2.972036630794555624e-08
-2.975409113845748671e-08
-2.978739333822755507e-08
-2.982021213968276049e-08
-2.985264295785529145e-08
-2.988481300512948847e-08
-2.991667663347045592e-08
-2.994819044424516871e-08
-2.997930156798639985e-08
-3.001006837018759415e-08
-3.004062865506245690e-08
-3.007094433323341596e-08
-3.010097924306400802e-08
-3.013069642432451922e-08
-3.016010431134552184e-08
-3.018933902369806817e-08
-3.021837800658883874e-08
-3.024719323587983407e-08
-3.027575365240812556e-08
-3.030403962671455620e-08
-3.033217155108593014e-08
-3.036015818892511967e-08
-3.038797680645015564e-08
-3.041560344438121290e-08
-3.044301200409793933e-08
-3.047026963191376701e-08
-3.049742504979909674e-08
-3.052445971186166926e-08
-3.055135733495186478e-08
-3.057809922235261989e-08
-3.060468864032885832e-08
-3.063119579652990223e-08
-3.065761123235058785e-08
-3.068392188903102781e-08
-3.071011402039115848e-08
-3.073617293565036135e-08
-3.076214420909872609e-08
-3.078805076425360204e-08
-3.081388077934084216e-08
-3.083962513779777471e-08
-3.086527350942233323e-08
-3.089082424996474840e-08
-3.091632295298510945e-08
-3.094176470685699260e-08
-3.096714229533614327e-08
-3.099244881716868416e-08
-3.101767597254346291e-08
-3.104283532049559423e-08
-3.106794903782994490e-08
-3.109300518752294750e-08
-3.111799843956684186e-08
-3.114292244190273786e-08
-3.116777058084444377e-08
-3.119256144452998708e-08
-3.121729950026407118e-08
-3.124197303559273879e-08
-3.126657708886168269e-08
-3.129110651831621525e-08
-3.131555427039534733e-08
-3.133994258786663647e-08
-3.136426832564380995e-08
-3.138851983315925521e-08
-3.141269165070329204e-08
-3.143677844863873720e-08
-3.146077404500150428e-08
-3.148470260733564432e-08
-3.150855534852136253e-08
-3.153231847160955797e-08
-3.155598532289173219e-08
-3.157954991088033277e-08
-3.160300383459670972e-08
-3.162637010909071026e-08
-3.164963808509354457e-08
-3.167278798380355913e-08
-3.169581188784497728e-08
-3.171870206735394103e-08
-3.174144431478212831e-08
-3.176407138357012046e-08
-3.178658063669259443e-08
-3.180894844060683286e-08
-3.183116665559091042e-08
-3.185322300331992151e-08
-3.187510152341673882e-08
-3.189682496819217722e-08
-3.191842088299886274e-08
-3.193985528889835804e-08
-3.196111198056219537e-08
-3.198218038061350633e-08
-3.200304267097309160e-08
-3.202369937637786201e-08
-3.204420109836432828e-08
-3.206451365973541048e-08
-3.208461776381000749e-08
-3.210449517857451320e-08
-3.212412570388132237e-08
-3.214348927039648056e-08
-3.216265537944971102e-08
-3.218162452464946377e-08
-3.220036324734728931e-08
-3.221885478820223284e-08
-3.223707454905986872e-08
-3.225500268960277563e-08
-3.227264368454719524e-08
-3.229008836933581417e-08
-3.230729100217777746e-08
-3.232422950854744669e-08
-3.234087578315047816e-08
-3.235721110925865505e-08
-3.237320232209102102e-08
-3.238892024111938392e-08
-3.240440568057336765e-08
-3.241961330889076150e-08
-3.243450684362702806e-08
-3.244907260011787149e-08
-3.246327997612169868e-08
-3.247709595212370373e-08
-3.249065568085976921e-08
-3.250395312526138224e-08
-3.251694058392696438e-08
-3.252960233476034427e-08
-3.254189765209978058e-08
-3.255380341750446697e-08
-3.256531235024976578e-08
-3.257656105980941016e-08
-3.258752898472330332e-08
-3.259816493831398665e-08
-3.260845455739083399e-08
-3.261836138459700434e-08
-3.262785037002677768e-08
-3.263692961337977255e-08
-3.264574354293203956e-08
-3.265426199816966759e-08
-3.266244054062080969e-08
-3.267026003480533576e-08
-3.267768320142680859e-08
-3.268467373580607592e-08
-3.269123751677530817e-08
-3.269753327169137589e-08
-3.270354130883820043e-08
-3.270921281323057550e-08
-3.271453075722986024e-08
-3.271945292471396349e-08
-3.272395305400869079e-08
-3.272800886491821623e-08
-3.273179200422237793e-08
-3.273529784119205324e-08
-3.273848482785532773e-08
-3.274132529397515519e-08
-3.274379056542162826e-08
-3.274584685262111287e-08
-3.274745503376875330e-08
-3.274876419121606840e-08
-3.274982069080543703e-08
-3.275058416337010955e-08
-3.275102336557043087e-08
-3.275111393382716220e-08
-3.275082210932455338e-08
-3.275011220328228391e-08
-3.274904295362359761e-08
-3.274775153235798375e-08
-3.274619804502772003e-08
-3.274435276432330831e-08
-3.274219695091134000e-08
-3.273969491193514855e-08
-3.273682322989835769e-08
-3.273355080042765526e-08
-3.273004866663308578e-08
-3.272632265064855176e-08
-3.272235449785524869e-08
-3.271811072218203540e-08
-3.271357401805758522e-08
-3.270871386624953387e-08
-3.270350078477030054e-08
-3.269797978055671890e-08
-3.269228131743497333e-08
-3.268638493622419541e-08
-3.268026117198334238e-08
-3.267389919163747491e-08
-3.266726915559228975e-08
-3.266035184017035118e-08
-3.265311855271290611e-08
-3.264566290243084564e-08
-3.263805454926081239e-08
-3.263026439179771669e-08
-3.262228016098107577e-08
-3.261408182786981887e-08
-3.260564830330232305e-08
-3.259696415979106392e-08
-3.258799587791297804e-08
-3.257887155091372820e-08
-3.256962024314071266e-08
-3.256022297660898995e-08
-3.255066993621840465e-08
-3.254094044674174721e-08
-3.253102394006657211e-08
-3.252090354086135032e-08
-3.251055931208808583e-08
-3.250009903826580029e-08
-3.248954315189382427e-08
-3.247887877431265081e-08
-3.246809736038921021e-08
-3.245718289045406885e-08
-3.244612726703106965e-08
-3.243491912749086255e-08
-3.242353602821320239e-08
-3.241206114629826233e-08
-3.240051475304441517e-08
-3.238888486288251771e-08
-3.237716791605072999e-08
-3.236535405631485909e-08
-3.235343011300078946e-08
-3.234138931603887151e-08
-3.232921981993803567e-08
-3.231696919639794036e-08
-3.230467505230501511e-08
-3.229233393165895603e-08
-3.227993854891762553e-08
-3.226748575306552028e-08
-3.225496986056450375e-08
-3.224238017915886407e-08
-3.222971340997290905e-08
-3.221698414447264413e-08
-3.220423067474121361e-08
-3.219145619626335058e-08
-3.217865836736353280e-08
-3.216583294493609011e-08
-3.215297761509876886e-08
-3.214008848457050609e-08
-3.212716155519697210e-08
-3.211419475211802304e-08
-3.210121275835019791e-08
-3.208822305510024511e-08
-3.207522552304239819e-08
-3.206221986349166414e-08
-3.204920389560290155e-08
-3.203617576612095479e-08
-3.202313344243146148e-08
-3.201007563085040674e-08
-3.199700852445918442e-08
-3.198394644939072923e-08
-3.197089214828478483e-08
-3.195784671656671024e-08
-3.194481059448187981e-08
-3.193178355153145276e-08
-3.191876597570945849e-08
-3.190575824871011886e-08
-3.189276098420880416e-08
-3.187977596023354979e-08
-3.186680451123182459e-08
-3.185384940244856399e-08
-3.184091196981354449e-08
-3.182799350404615903e-08
-3.181509488193138713e-08
-3.180221751203208052e-08
-3.178936292594262651e-08
-3.177653367916142697e-08
-3.176372212446327584e-08
-3.175092684476205238e-08
-3.173814918191676371e-08
-3.172539118447659277e-08
-3.171265399270670523e-08
-3.169993954805955577e-08
-3.168724925094530398e-08
-3.167458624570906877e-08
-3.166195227554465557e-08
-3.164933634728789800e-08
-3.163673563121347753e-08
-3.162414948177640923e-08
-3.161158001460029754e-08
-3.159902868901703147e-08
-3.158649736384041376e-08
-3.157398816099385641e-08
-3.156150275882020484e-08
-3.154904576803742831e-08
-3.153660318343220000e-08
-3.152416935407715186e-08
-3.151174178154272686e-08
-3.149932107394564156e-08
-3.148690927057065603e-08
-3.147450775589312257e-08
-3.146211792513512397e-08
-3.144974209366122155e-08
-3.143738170042157403e-08
-3.142503080580939702e-08
-3.141268065012758737e-08
-3.140032714072470219e-08
-3.138796872228943163e-08
-3.137560646023040467e-08
-3.136324116388760241e-08
-3.135087431927445169e-08
-3.133850683801016198e-08
-3.132613900877414964e-08
-3.131377055956295946e-08
-3.130139248276353255e-08
-3.128900081802038447e-08
-3.127658921327462507e-08
-3.126415739578164534e-08
-3.125170532551913853e-08
-3.123923296579999010e-08
-3.122674035738766064e-08
-3.121422703631985330e-08
-3.120169228775370015e-08
-3.118913436849539573e-08
-3.117655187961708811e-08
-3.116393661395185353e-08
-3.115128373806499718e-08
-3.113859201941770166e-08
-3.112586062643537103e-08
-3.111308811720323125e-08
-3.110027205147230085e-08
-3.108741079722184869e-08
-3.107450288659671676e-08
-3.106155664571901833e-08
-3.104857203864279268e-08
-3.103553789951503133e-08
-3.102245134932368611e-08
-3.100931007826284942e-08
-3.099611137963873832e-08
-3.098285272166987344e-08
-3.096953166855419630e-08
-3.095614474798601874e-08
-3.094268987732308169e-08
-3.092918687427761471e-08
-3.091563407051234907e-08
-3.090201933445083727e-08
-3.088833923343912101e-08
-3.087458967927268036e-08
-3.086076708736102210e-08
-3.084686896038631994e-08
-3.083289081696194774e-08
-3.081882796595474582e-08
-3.080467773476400734e-08
-3.079046964539961989e-08
-3.077620200247219996e-08
-3.076186189026454916e-08
-3.074744468545908312e-08
-3.073294641547127923e-08
-3.071836134154704071e-08
-3.070368554372376680e-08
-3.068891406887041931e-08
-3.067404108595924978e-08
-3.065906289515034460e-08
-3.064401654227668489e-08
-3.062890669178989249e-08
-3.061372184802350508e-08
-3.059845707266956103e-08
-3.058310795993912476e-08
-3.056766968714423197e-08
-3.055213715959346316e-08
-3.053650413936561782e-08
-3.052076184897590092e-08
-3.050490346165639495e-08
-3.048896584536316209e-08
-3.047296862436728257e-08
-3.045690246161282058e-08
-3.044075967504034009e-08
-3.042453563799706454e-08
-3.040822563711521937e-08
-3.039182436017473631e-08
-3.037532584755767760e-08
-3.035872337181073879e-08
-3.034200972595408817e-08
-3.032519361335713790e-08
-3.030831598536297020e-08
-3.029137533742931251e-08
-3.027436266379599050e-08
-3.025727241247967228e-08
-3.024010013025757721e-08
-3.022284050898598310e-08
-3.020548815640020816e-08
-3.018803697799231778e-08
-3.017047857130135431e-08
-3.015280487035019841e-08
-3.013505379516277231e-08
-3.011724949586601210e-08
-3.009938654573158296e-08
-3.008145935423615389e-08
-3.006346362305809449e-08
-3.004539511872673438e-08
-3.002724900076641735e-08
-3.000902018708533901e-08
-2.999070307418997635e-08
-2.997229194593142438e-08
-2.995378207263652431e-08
-2.993521767710135891e-08
-2.991661188478966014e-08
-2.989796019875057148e-08
-2.987925862712957074e-08
-2.986050351566770481e-08
-2.984169095366679576e-08
-2.982281705006924215e-08
-2.980387769258302461e-08
-2.978486806556113690e-08
-2.976578375469138102e-08
-2.974662151483171406e-08
-2.972741670754304107e-08
-2.970817661354999973e-08
-2.968889869514188008e-08
-2.966958001512605839e-08
-2.965021730316126486e-08
-2.963080700800892858e-08
-2.961134575816028212e-08
-2.959182998681252415e-08
-2.957225563207209567e-08
-2.955261891701908488e-08
-2.953291632710203537e-08
-2.951318012585884764e-08
-2.949342152509406755e-08
-2.947364023242250965e-08
-2.945383546259169225e-08
-2.943400487948474684e-08
-2.941414630818576266e-08
-2.939425778352536252e-08
-2.937433654322322632e-08
-2.935437998582941478e-08
-2.933438541873206771e-08
-2.931434825418898455e-08
-2.929428752651279775e-08
-2.927421927575467124e-08
-2.925414387212094251e-08
-2.923406180106736948e-08
-2.921397239110858320e-08
-2.919387415178423385e-08
-2.917376584573800419e-08
-2.915364634159857447e-08
-2.913351421486828565e-08
-2.911336829822985729e-08
-2.909320751441619916e-08
-2.907303264349171613e-08
-2.905285521373363900e-08
-2.903267683233404563e-08
-2.901249988432595726e-08
-2.899232435896264335e-08
-2.897214989567276619e-08
-2.895197588448672462e-08
-2.893180166170126492e-08
-2.891162652062621127e-08
-2.889144976976504137e-08
-2.887127111413853133e-08
-2.885108939458209283e-08
-2.883091086087538432e-08
-2.881074156565115571e-08
-2.879058253281341824e-08
-2.877043753075881468e-08
-2.875030698342733513e-08
-2.873019066513763871e-08
-2.871008930184990077e-08
-2.869000319484315275e-08
-2.866993320385583610e-08
-2.864987973244621063e-08
-2.862984321233638165e-08
-2.860982475192190020e-08
-2.858982344958913348e-08
-2.856983949025596179e-08
-2.854987570179481911e-08
-2.852993370029162922e-08
-2.851001558839980458e-08
-2.849012172669068291e-08
-2.847025289337578451e-08
-2.845041051258219150e-08
-2.843059605624140798e-08
-2.841081114785089605e-08
-2.839105646964275514e-08
-2.837133424915481786e-08
-2.835163491290307700e-08
-2.833195422074647771e-08
-2.831229464739765452e-08
-2.829265762884215081e-08
-2.827304543078722138e-08
-2.825345835673535913e-08
-2.823389786453614542e-08
-2.821436553247665877e-08
-2.819486302889416791e-08
-2.817539134841711116e-08
-2.815595226462660096e-08
-2.813654906231640675e-08
-2.811717363437537169e-08
-2.809781803155810447e-08
-2.807848352531399848e-08
-2.805917284605375919e-08
-2.803988739196408473e-08
-2.802062824846475744e-08
-2.800139746447553718e-08
-2.798219608724678409e-08
-2.796302552830596523e-08
-2.794388973207375772e-08
-2.792478972653052216e-08
-2.790572710404525985e-08
-2.788669823889344006e-08
-2.786768907027519880e-08
-2.784869895116324350e-08
-2.782972866273370975e-08
-2.781077980810232936e-08
-2.779185454402674427e-08
-2.777295406487634967e-08
-2.775407993263283986e-08
-2.773523285176292915e-08
-2.771641494270772189e-08
-2.769762893587792353e-08
-2.767887537157467531e-08
-2.766015715512098632e-08
-2.764146068930871252e-08
-2.762277798561130967e-08
-2.760410899400089433e-08
-2.758545427664264568e-08
-2.756681528768037592e-08
-2.754819270045233524e-08
-2.752958781383061533e-08
-2.751100142159096356e-08
-2.749243676665195805e-08
-2.747389395277513486e-08
-2.745537386712162710e-08
-2.743687774111852141e-08
-2.741840777932788170e-08
-2.739994831079315081e-08
-2.738149695344592283e-08
-2.736305450699117908e-08
-2.734462012577240085e-08
-2.732619436454322902e-08
-2.730777854589267119e-08
-2.728937329720744347e-08
-2.727097918843484024e-08
-2.725259725644906806e-08
-2.723422993001122407e-08
-2.721587681408631748e-08
-2.719753818586588029e-08
-2.717921491879969979e-08
-2.716089564655265678e-08
-2.714257876156209649e-08
-2.712426370870380111e-08
-2.710594975349432625e-08
-2.708763660947771707e-08
-2.706932549955779115e-08
-2.705101640891147194e-08
-2.703270947798740998e-08
-2.701440585446230926e-08
-2.699610592670077608e-08
-2.697780971619627149e-08
-2.695951704840706879e-08
-2.694122901023525799e-08
-2.692293902245830040e-08
-2.690464562055623023e-08
-2.688634780693599384e-08
-2.686804488491299212e-08
-2.684973689191549343e-08
-2.683142384647234348e-08
-2.681310543655778034e-08
-2.679478186561853001e-08
-2.677645293724882786e-08
-2.675811888454155306e-08
-2.673977903601133667e-08
-2.672143359399317397e-08
-2.670308237949841529e-08
-2.668472481627995870e-08
-2.666636066642742515e-08
-2.664798973724081912e-08
-2.662961083175670704e-08
-2.661122341115625533e-08
-2.659282694032639957e-08
-2.657442098013349615e-08
-2.655600577145253946e-08
-2.653758061204027667e-08
-2.651914510093248636e-08
-2.650069919328936189e-08
-2.648224103844979263e-08
-2.646377130604626294e-08
-2.644528912559360085e-08
-2.642679808242345340e-08
-2.640829824657485741e-08
-2.638978786633073841e-08
-2.637126683607667579e-08
-2.635273445505172437e-08
-2.633419034526743143e-08
-2.631563383190323582e-08
-2.629706327367398355e-08
-2.627847901966312801e-08
-2.625988028535933804e-08
-2.624126600646572206e-08
-2.622263637419996458e-08
-2.620398718547870221e-08
-2.618532398376199783e-08
-2.616665094508110007e-08
-2.614796857416176638e-08
-2.612927653859650451e-08
-2.611057400829302616e-08
-2.609186154356362594e-08
-2.607313775178025945e-08
-2.605440241059677802e-08
-2.603565445423397578e-08
-2.601689234924458084e-08
-2.599811683678242205e-08
-2.597932599800023652e-08
-2.596052032687705119e-08
-2.594169557363681142e-08
-2.592285887596146596e-08
-2.590401646954875379e-08
-2.588516900031423677e-08
-2.586631653829695171e-08
-2.584745880778767429e-08
-2.582859602816793785e-08
-2.580972719443315047e-08
-2.579085243517350145e-08
-2.577197014912614358e-08
-2.575308015989646557e-08
-2.573418225588504930e-08
-2.571527593755421413e-08
-2.569636033404821115e-08
-2.567743312147921003e-08
-2.565849832987115510e-08
-2.563955997776010640e-08
-2.562061901715815706e-08
-2.560167541878973086e-08
-2.558273058528844888e-08
-2.556378363134606257e-08
-2.554483478931429727e-08
-2.552588280738433606e-08
-2.550692750730868310e-08
-2.548796851517523173e-08
-2.546900596995032487e-08
-2.545003854570976270e-08
-2.543106543237241031e-08
-2.541208795141554451e-08
-2.539310440819093565e-08
-2.537412043398537532e-08
-2.535513801842631706e-08
-2.533615774146663194e-08
-2.531718170835377080e-08
-2.529821055981521867e-08
-2.527924378334310292e-08
-2.526028169429837771e-08
-2.524132375497394023e-08
-2.522237048269516299e-08
-2.520342100364168180e-08
-2.518447545159176275e-08
-2.516553464959673279e-08
-2.514659762118642240e-08
-2.512766423295314240e-08
-2.510873691736375907e-08
-2.508981732719131072e-08
-2.507090572591598352e-08
-2.505200506814751617e-08
-2.503311634999665464e-08
-2.501423896557014384e-08
-2.499537443682736801e-08
-2.497652336706755045e-08
-2.495768440850245008e-08
-2.493885921056991301e-08
-2.492004745494436975e-08
-2.490125021259310298e-08
-2.488246753280284232e-08
-2.486369954712839239e-08
-2.484494768117914298e-08
-2.482620976003918333e-08
-2.480748219652398183e-08
-2.478876431433066965e-08
-2.477005964987474114e-08
-2.475136876050387559e-08
-2.473269177036133932e-08
-2.471402924346519611e-08
-2.469538295784348134e-08
-2.467675131890373226e-08
-2.465813584527014417e-08
-2.463953644985714218e-08
-2.462095507078198874e-08
-2.460239118108431152e-08
-2.458384524991448419e-08
-2.456531976087898722e-08
-2.454681162633096963e-08
-2.452831675510129618e-08
-2.450983404398249263e-08
-2.449136796027926236e-08
-2.447291959089369538e-08
-2.445448812796811824e-08
-2.443607592874228358e-08
-2.441768428245327670e-08
-2.439931190097574305e-08
-2.438096002537176904e-08
-2.436263173884128267e-08
-2.434432479050010573e-08
-2.432604251702277571e-08
-2.430778364658932228e-08
-2.428955267207425594e-08
-2.427134666073187592e-08
-2.425315686879988640e-08
-2.423498524143651119e-08
-2.421683081921811884e-08
-2.419869567885773779e-08
-2.418058145497013757e-08
-2.416248967544393633e-08
-2.414441937455569509e-08
-2.412637147281846928e-08
-2.410835082182522254e-08
-2.409035360241027481e-08
-2.407238282291701739e-08
-2.405443963435734647e-08
-2.403652578807775963e-08
-2.401864199225074032e-08
-2.400078880385339093e-08
-2.398295987897951343e-08
-2.396514429487455519e-08
-2.394734171801929323e-08
-2.392955606948805905e-08
-2.391178706801297462e-08
-2.389403466616019489e-08
-2.387630105626274559e-08
-2.385858716661579734e-08
-2.384089245654763201e-08
-2.382321748785285187e-08
-2.380556639654039879e-08
-2.378793636103764635e-08
-2.377032874580879347e-08
-2.375274832499622866e-08
-2.373519207432175331e-08
-2.371766353575951548e-08
-2.370015116027997385e-08
-2.368265158452705972e-08
-2.366516512534403163e-08
-2.364769301489913002e-08
-2.363023744330191914e-08
-2.361279807258625304e-08
-2.359537521033097069e-08
-2.357797241963310428e-08
-2.356058735474078550e-08
-2.354322088688034015e-08
-2.352587799919953651e-08
-2.350855495998884632e-08
-2.349125398566879475e-08
-2.347397835362161295e-08
-2.345672615871138389e-08
-2.343950054713611102e-08
-2.342229025558105734e-08
-2.340509200703456861e-08
-2.338790591081683457e-08
-2.337073320317244175e-08
-2.335357494988059603e-08
-2.333643129583687094e-08
-2.331930305223413217e-08
-2.330219187258657187e-08
-2.328509712506055094e-08
-2.326801930141163484e-08
-2.325096176277243737e-08
-2.323392270258050073e-08
-2.321690208674274880e-08
-2.319990584337808159e-08
-2.318292983833044182e-08
-2.316597662450419293e-08
-2.314903980611236889e-08
-2.313211005981037972e-08
-2.311518708135457866e-08
-2.309827358040336400e-08
-2.308136889584752039e-08
-2.306447288797955110e-08
-2.304758807561074346e-08
-2.303071291195305667e-08
-2.301384791247897870e-08
-2.299699563342806524e-08
-2.298015414891209203e-08
-2.296332397662700852e-08
-2.294650846177062121e-08
-2.292970531158356057e-08
-2.291291453644198019e-08
-2.289614112542287897e-08
-2.287938015430021803e-08
-2.286262567234990557e-08
-2.284587776739867031e-08
-2.282913588358114060e-08
-2.281240083653710509e-08
-2.279567435167267735e-08
-2.277895584051171726e-08
-2.276224550168345096e-08
-2.274554490495168795e-08
-2.272885301529510623e-08
-2.271217046158272960e-08
-2.269549859382625728e-08
-2.267883678093320403e-08
-2.266218544387894462e-08
-2.264554565029556951e-08
-2.262891753173788333e-08
-2.261230186715856018e-08
-2.259569622594361836e-08
-2.257909635498181104e-08
-2.256250250218909396e-08
-2.254591480467892546e-08
-2.252933367045648831e-08
-2.251276117882884936e-08
-2.249619621917699607e-08
-2.247963858953651009e-08
-2.246309072719175757e-08
-2.244655061175740107e-08
-2.243001912113014757e-08
-2.241349766461400923e-08
-2.239698526610939015e-08
-2.238048230360474304e-08
-2.236398996183446332e-08
-2.234750812332566910e-08
-2.233103741954142258e-08
-2.231457542802043416e-08
-2.229811769516934630e-08
-2.228166421468835146e-08
-2.226521528489186573e-08
-2.224877162469910311e-08
-2.223233475903406645e-08
-2.221590401715254065e-08
-2.219947935792048819e-08
-2.218306191975019020e-08
-2.216665061499840283e-08
-2.215024637307202747e-08
-2.213384901905876050e-08
-2.211745883941455677e-08
-2.210107614097710143e-08
-2.208470088668870304e-08
-2.206833304393859312e-08
-2.205197409169923714e-08
-2.203562297864392888e-08
-2.201927696509754001e-08
-2.200293693710947291e-08
-2.198660217798397509e-08
-2.197027435309369996e-08
-2.195395490101822932e-08
-2.193764275671951112e-08
-2.192133969044346556e-08
-2.190504462566415624e-08
-2.188875815122830017e-08
-2.187248115355587667e-08
-2.185621263764787049e-08
-2.183995360962060430e-08
-2.182370398350023396e-08
-2.180746440779635971e-08
-2.179123518489974371e-08
-2.177501646637634397e-08
-2.175880808620770283e-08
-2.174260956597902375e-08
-2.172641795775095251e-08
-2.171023348720482998e-08
-2.169405743060754945e-08
-2.167789010369064199e-08
-2.166173413199154631e-08
-2.164558802282645111e-08
-2.162945207006284951e-08
-2.161332777787243717e-08
-2.159721384738312904e-08
-2.158111208219276760e-08
-2.156502132387791839e-08
-2.154894219130202847e-08
-2.153287661998832189e-08
-2.151682339592682700e-08
-2.150078269291811666e-08
-2.148475600475773290e-08
-2.146874367385874467e-08
-2.145274117399471919e-08
-2.143674681755838817e-08
-2.142075961547996701e-08
-2.140478227074746953e-08
-2.138881521878877016e-08
-2.137285948350788347e-08
-2.135691538174807128e-08
-2.134098182104858988e-08
-2.132506170487956377e-08
-2.130915267822470179e-08
-2.129325681742645546e-08
-2.127737341912984120e-08
-2.126150285984100406e-08
-2.124564734745720019e-08
-2.122980547378615477e-08
-2.121397768648478042e-08
-2.119816557755150152e-08
-2.118236897059170679e-08
-2.116658511407180663e-08
-2.115081099668379445e-08
-2.113504626971479046e-08
-2.111929323630032442e-08
-2.110355141506098118e-08
-2.108782463665032515e-08
-2.107211054494033441e-08
-2.105641020422790720e-08
-2.104072520354685256e-08
-2.102505328682491547e-08
-2.100939904365718109e-08
-2.099375896986834661e-08
-2.097813519108759318e-08
-2.096252842326951945e-08
-2.094693820171067474e-08
-2.093136807320270700e-08
-2.091581552078721347e-08
-2.090028240438972763e-08
-2.088476649461953232e-08
-2.086926042107237656e-08
-2.085376717912145963e-08
-2.083828430146568531e-08
-2.082281420278422798e-08
-2.080735861997108554e-08
-2.079191565270784083e-08
-2.077648937585824485e-08
-2.076107682295409764e-08
-2.074568091525321560e-08
-2.073030053620735557e-08
-2.071493612791477647e-08
-2.069959032517733984e-08
-2.068426133847912593e-08
-2.066895185932026420e-08
-2.065366088603135496e-08
-2.063838842750624416e-08
-2.062313766477716522e-08
-2.060790827729508715e-08
-2.059269382962131408e-08
-2.057748953946076536e-08
-2.056229555949112974e-08
-2.054711372443871054e-08
-2.053194346806198250e-08
-2.051678857654528029e-08
-2.050164654701212391e-08
-2.048652023105186984e-08
-2.047140830348147210e-08
-2.045631144542129940e-08
-2.044123192183745270e-08
-2.042616700343095727e-08
-2.041112200723938127e-08
-2.039609301663531613e-08
-2.038108254894774156e-08
-2.036609147317952187e-08
-2.035111803168435194e-08
-2.033616775124633350e-08
-2.032123806154398810e-08
-2.030632205576478472e-08
-2.029141643355072348e-08
-2.027652088028200406e-08
-2.026163757495088325e-08
-2.024676548624180822e-08
-2.023190855746372536e-08
-2.021706403300669900e-08
-2.020223518395315276e-08
-2.018742007403870879e-08
-2.017262010589698817e-08
-2.015783660989911369e-08
-2.014306774798358980e-08
-2.012831800857800400e-08
-2.011358408947147187e-08
-2.009886932993256928e-08
-2.008417263712997559e-08
-2.006949433976541389e-08
-2.005483709598709135e-08
-2.004020005606214320e-08
-2.002557937710796685e-08
-2.001096695683090535e-08
-1.999636468554379917e-08
-1.998177221231031036e-08
-1.996719052620022351e-08
-1.995262144822849610e-08
-1.993806323408959193e-08
-1.992351929568516212e-08
-1.990898660651354655e-08
-1.989446973467636932e-08
-1.987996510744159849e-08
-1.986547565347858543e-08
-1.985100069722562177e-08
-1.983654031205693325e-08
-1.982209703753611441e-08
-1.980766812842938321e-08
-1.979325967590948204e-08
-1.977886671128114229e-08
-1.976449349877291824e-08
-1.975013665872335034e-08
-1.973578905789741286e-08
-1.972145044912030387e-08
-1.970711904880533425e-08
-1.969279817583934959e-08
-1.967848640720699848e-08
-1.966418737270915772e-08
-1.964989827486070032e-08
-1.963562161060887566e-08
-1.962135641497139859e-08
-1.960710344800152059e-08
-1.959286372026248729e-08
-1.957863606480759517e-08
-1.956442344736389038e-08
-1.955022307563432271e-08
-1.953603938950090389e-08
-1.952186921089601581e-08
-1.950771510902940618e-08
-1.949357668960723805e-08
-1.947945518813294411e-08
-1.946534805466677620e-08
-1.945124860326004430e-08
-1.943715841998194214e-08
-1.942307486150733913e-08
-1.940900229767921016e-08
-1.939493862880875810e-08
-1.938088657493053482e-08
-1.936684441730881124e-08
-1.935281390321373884e-08
-1.933879461352282743e-08
-1.932478682283357059e-08
-1.931079182297709200e-08
-1.929680822725457788e-08
-1.928283890615480737e-08
-1.926888107108649942e-08
-1.925493927532820156e-08
-1.924101003026884140e-08
-1.922709632238777229e-08
-1.921319702661348204e-08
-1.919931397063131257e-08
-1.918544464637670708e-08
-1.917158269697327554e-08
-1.915772876092504149e-08
-1.914388085045743598e-08
-1.913004206729923272e-08
-1.911621090950219756e-08
-1.910239061442625490e-08
-1.908857849835339049e-08
-1.907477763410737873e-08
-1.906098556365154624e-08
-1.904720483729621810e-08
-1.903343393048796835e-08
-1.901967438149156878e-08
-1.900592582121241262e-08
-1.899218854537087757e-08
-1.897846367422097595e-08
-1.896475001709908170e-08
-1.895105048340454997e-08
-1.893736215743821807e-08
-1.892368969068151585e-08
-1.891003012185432016e-08
-1.889637973851710228e-08
-1.888273578987742645e-08
-1.886909882513027986e-08
-1.885546909515623356e-08
-1.884184754344411168e-08
-1.882823599916156381e-08
-1.881463312934342878e-08
-1.880104129901157443e-08
-1.878745836586085847e-08
-1.877388691688872051e-08
-1.876032481534867198e-08
-1.874677485020257082e-08
-1.873323464494066484e-08
-1.871970737725999523e-08
-1.870619056614811990e-08
-1.869268736521458062e-08
-1.867919552320462226e-08
-1.866571739254049758e-08
-1.865225197637030677e-08
-1.863880084927535923e-08
-1.862536290841875763e-08
-1.861193330739561514e-08
-1.859851209178689223e-08
-1.858509817654338016e-08
-1.857169346791273334e-08
-1.855829759939438010e-08
-1.854491296899153367e-08
-1.853153759967635561e-08
-1.851817440529512402e-08
-1.850482070250040158e-08
-1.849148013332210322e-08
-1.847814935849165308e-08
-1.846483235429934294e-08
-1.845152561842275455e-08
-1.843823365485370585e-08
-1.842495288678381880e-08
-1.841168696810146962e-08
-1.839843347930998404e-08
-1.838519512302679896e-08
-1.837197048031290905e-08
-1.835876180724056931e-08
-1.834556726018963049e-08
-1.833238136981541261e-08
-1.831920322042236013e-08
-1.830603220092914116e-08
-1.829286952942207341e-08
-1.827971536376692244e-08
-1.826657155054845280e-08
-1.825343676421304162e-08
-1.824031325045679029e-08
-1.822719918233551070e-08
-1.821409663952684661e-08
-1.820100417937487017e-08
-1.818792385042876429e-08
-1.817485406439587378e-08
-1.816179711811191422e-08
-1.814875105456020054e-08
-1.813571880945104880e-08
-1.812269790918355524e-08
-1.810969225259743650e-08
-1.809669798235759034e-08
-1.808372006790043919e-08
-1.807075611715200044e-08
-1.805780347715214373e-08
-1.804485705024483426e-08
-1.803191975620558075e-08
-1.801898884053617831e-08
-1.800606855004806622e-08
-1.799315706854378690e-08
-1.798025762411884190e-08
-1.796736715914311029e-08
-1.795448943867804264e-08
-1.794162109714410213e-08
-1.792876627277369215e-08
-1.791592135762997386e-08
-1.790309078047765153e-08
-1.789027091633334828e-08
-1.787746546059005475e-08
-1.786467188035456083e-08
-1.785189305463891470e-08
-1.783912744554892149e-08
-1.782637712090376369e-08
-1.781364098268404386e-08
-1.780092135329528470e-08
-1.778821647509118108e-08
-1.777552182221587716e-08
-1.776283571150902762e-08
-1.775015863139100568e-08
-1.773749025464239589e-08
-1.772483240190757882e-08
-1.771218513803751450e-08
-1.769954984269005532e-08
-1.768692509210869607e-08
-1.767431349589606811e-08
-1.766171263196145879e-08
-1.764912566762575567e-08
-1.763654996401075114e-08
-1.762398906568463168e-08
-1.761144024334842254e-08
-1.759890666951108811e-08
-1.758638613516364150e-08
-1.757388135959948077e-08
-1.756139093425575418e-08
-1.754891704813029524e-08
-1.753645823299736900e-08
-1.752401751943498162e-08
-1.751159237232646152e-08
-1.749917735790251251e-08
-1.748676960493320164e-08
-1.747437005097812239e-08
-1.746197764730460694e-08
-1.744959499462144073e-08
-1.743722107347153217e-08
-1.742485857943135678e-08
-1.741250456344982958e-08
-1.740016279762936248e-08
-1.738782962363465630e-08
-1.737550966218925699e-08
-1.736319868278710947e-08
-1.735090175195578777e-08
-1.733861423822501539e-08
-1.732634129446678742e-08
-1.731407858641351274e-08
-1.730183121431526127e-08
-1.728959464194003016e-08
-1.727737468363960341e-08
-1.726516599124795206e-08
-1.725297476785204664e-08
-1.724079775052215566e-08
-1.722863264612833266e-08
-1.721647345391860237e-08
-1.720432319965347107e-08
-1.719217908584781177e-08
-1.718004471673269416e-08
-1.716791830872142912e-08
-1.715580291722067606e-08
-1.714369604268914721e-08
-1.713160101364868791e-08
-1.711951536279820193e-08
-1.710744160969013044e-08
-1.709537854846719391e-08
-1.708332712447110102e-08
-1.707128749000896362e-08
-1.705925965026885849e-08
-1.704724479739671934e-08
-1.703524217096871778e-08
-1.702325309765020743e-08
-1.701127712014927591e-08
-1.699931570113300444e-08
-1.698736777000468725e-08
-1.697543608978579828e-08
-1.696351850557158017e-08
-1.695161145537673147e-08
-1.693971095698172977e-08
-1.692781975006170343e-08
-1.691593468915980280e-08
-1.690406099162840606e-08
-1.689219496948606087e-08
-1.688034087324997566e-08
-1.686849494008216138e-08
-1.685666136231925090e-08
-1.684483690000728142e-08
-1.683302499432348027e-08
-1.682122345256424481e-08
-1.680943440184106384e-08
-1.679765693609338157e-08
-1.678589171420695187e-08
-1.677413946733002689e-08
-1.676239976855800121e-08
-1.675067370627527250e-08
-1.673896087951761934e-08
-1.672726289584769652e-08
-1.671557825998765432e-08
-1.670391027859530016e-08
-1.669225661444203475e-08
-1.668061297142968920e-08
-1.666897446350164681e-08
-1.665734415495841297e-08
-1.664571883549217801e-08
-1.663410261887726896e-08
-1.662249304930047392e-08
-1.661089310916480019e-08
-1.659930041603126493e-08
-1.658771784668845481e-08
-1.657614371019390932e-08
-1.656457914940683254e-08
-1.655302443151317976e-08
-1.654147864378201077e-08
-1.652994389220193024e-08
-1.651841814156452414e-08
-1.650690419713703467e-08
-1.649539937853663980e-08
-1.648390737003902273e-08
-1.647242471082637966e-08
-1.646095661343358887e-08
-1.644949827814845474e-08
-1.643805447540759665e-08
-1.642662274124511061e-08
-1.641520181199371841e-08
-1.640378665410719146e-08
-1.639237890331203000e-08
-1.638097683568442815e-08
-1.636958200357108042e-08
-1.635819467712255743e-08
-1.634681585059672058e-08
-1.633544654159777687e-08
-1.632408458521539225e-08
-1.631273366683698065e-08
-1.630138985501205695e-08
-1.629005792499474043e-08
-1.627873374707589673e-08
-1.626742105555909252e-08
-1.625611778447802987e-08
-1.624482543652209677e-08
-1.623354384456110482e-08
-1.622227306158755279e-08
-1.621101375463988663e-08
-1.619976558167561433e-08
-1.618853013654604483e-08
-1.617730569569794915e-08
-1.616609580110547534e-08
-1.615489818224386873e-08
-1.614371154357623650e-08
-1.613252991659079493e-08
-1.612135666538477317e-08
-1.611018911216938759e-08
-1.609902973165727271e-08
-1.608787782234632953e-08
-1.607673499031690516e-08
-1.606560155278283835e-08
-1.605447621606012083e-08
-1.604336192290003007e-08
-1.603225498050361381e-08
-1.602116058843555503e-08
-1.601007403666327802e-08
-1.599899933964649343e-08
-1.598793436249159726e-08
-1.597688055452490182e-08
-1.596583787498294653e-08
-1.595480606149727597e-08
-1.594378625173901742e-08
-1.593277751074261580e-08
-1.592178229209782150e-08
-1.591079774236239347e-08
-1.589982905924813339e-08
-1.588887321847684268e-08
-1.587792775904723263e-08
-1.586698745767769444e-08
-1.585605444407375532e-08
-1.584512674417219211e-08
-1.583420579618200971e-08
-1.582329214670415688e-08
-1.581238591395266933e-08
-1.580148944071480004e-08
-1.579059951445927788e-08
-1.577971975312851836e-08
-1.576884697050221127e-08
-1.575798429054374520e-08
-1.574713037287642068e-08
-1.573628544985196305e-08
-1.572545062578957730e-08
-1.571462430239103152e-08
-1.570380921191991574e-08
-1.569300248870495075e-08
-1.568220856966353292e-08
-1.567142389132805316e-08
-1.566065204051246618e-08
-1.564988979430934724e-08
-1.563914004581266724e-08
-1.562840217875301749e-08
-1.561767580217175328e-08
-1.560695723401665289e-08
-1.559624399586931266e-08
-1.558553870103813310e-08
-1.557483840825414444e-08
-1.556414674917110802e-08
-1.555346147957523009e-08
-1.554278520647510363e-08
-1.553211718093478458e-08
-1.552145743148869536e-08
-1.551080770058948759e-08
-1.550016486872069564e-08
-1.548953407541354566e-08
-1.547891053059084182e-08
-1.546829826057075931e-08
-1.545769529462526724e-08
-1.544710235649107948e-08
-1.543652036408721305e-08
-1.542594769576909044e-08
-1.541538734283356488e-08
-1.540483622800993898e-08
-1.539430017824961515e-08
-1.538377352483753346e-08
-1.537326062427589985e-08
-1.536275975115860079e-08
-1.535227037593122554e-08
-1.534178850006886750e-08
-1.533131254602560194e-08
-1.532084437446811620e-08
-1.531038155255896708e-08
-1.529992796802056380e-08
-1.528948073665278140e-08
-1.527904257256094112e-08
-1.526861286466371108e-08
-1.525819131872302122e-08
-1.524778020044612633e-08
-1.523737612276002858e-08
-1.522698413625749464e-08
-1.521659962466190155e-08
-1.520622641343873690e-08
-1.519586285352073149e-08
-1.518550886745731023e-08
-1.517516644672881122e-08
-1.516483267711837943e-08
-1.515451288678089044e-08
-1.514420271106144618e-08
-1.513390635637860227e-08
-1.512362006360013880e-08
-1.511334664503425931e-08
-1.510308621185403816e-08
-1.509283785058738127e-08
-1.508259847469916841e-08
-1.507236394188065016e-08
-1.506213699477157016e-08
-1.505191482810468622e-08
-1.504169964829494684e-08
-1.503149123892543397e-08
-1.502129020774228728e-08
-1.501109873670237890e-08
-1.500091353285924725e-08
-1.499073811447011788e-08
-1.498056978336447685e-08
-1.497041079042650240e-08
-1.496026089292831556e-08
-1.495011823798534422e-08
-1.493998702460460571e-08
-1.492986338062792122e-08
-1.491975125307000628e-08
-1.490964800749957624e-08
-1.489955516291140169e-08
-1.488947246212510730e-08
-1.487939936446897330e-08
-1.486933869781543364e-08
-1.485928794742954705e-08
-1.484925119113967984e-08
-1.483922526236609827e-08
-1.482920974087458137e-08
-1.481920066705079853e-08
-1.480919718412092360e-08
-1.479920072140011551e-08
-1.478920919142861532e-08
-1.477922583416038583e-08
-1.476924823862202181e-08
-1.475927892733057972e-08
-1.474931784729356082e-08
-1.473936328348100514e-08
-1.472941952346781257e-08
-1.471948185796255462e-08
-1.470955420729840897e-08
-1.469963513178406308e-08
-1.468972390694164926e-08
-1.467982341141263875e-08
-1.466993029073480219e-08
-1.466004922937091481e-08
-1.465017673833932730e-08
-1.464031504777191068e-08
-1.463046316007561131e-08
-1.462062089663235643e-08
-1.461079093004285288e-08
-1.460097085748638753e-08
-1.459116479310786432e-08
-1.458136945285466761e-08
-1.457158449950180528e-08
-1.456180626878474752e-08
-1.455203300898641984e-08
-1.454226742717118210e-08
-1.453250636157680044e-08
-1.452275278126551323e-08
-1.451300519392408609e-08
-1.450326503813210079e-08
-1.449353380138529185e-08
-1.448380890520948869e-08
-1.447409355287153961e-08
-1.446438506584150714e-08
-1.445468531367992455e-08
-1.444499460322447699e-08
-1.443531033376637903e-08
-1.442563818587915187e-08
-1.441597316863291039e-08
-1.440631843971354572e-08
-1.439667311010703849e-08
-1.438703613033956706e-08
-1.437741043686260132e-08
-1.436779369207696508e-08
-1.435819033141774709e-08
-1.434859546660486917e-08
-1.433901194366903411e-08
-1.432944007167138853e-08
-1.431987914281002588e-08
-1.431032781337305447e-08
-1.430078024936811052e-08
-1.429123923419839826e-08
-1.428170295388992159e-08
-1.427217163560632906e-08
-1.426264840590504766e-08
-1.425313084973632609e-08
-1.424362119315568928e-08
-1.423411800795970906e-08
-1.422462208866528995e-08
-1.421513491646835889e-08
-1.420565376836974871e-08
-1.419618232160418122e-08
-1.418671822226709602e-08
-1.417726173680329456e-08
-1.416781475663734808e-08
-1.415837449503086009e-08
-1.414894540409488050e-08
-1.413952423016410066e-08
-1.413011242960579425e-08
-1.412070985196573402e-08
-1.411131522282991126e-08
-1.410193385997704796e-08
-1.409256067464495525e-08
-1.408319888529413490e-08
-1.407384734128326762e-08
-1.406450591142812571e-08
-1.405517257386106408e-08
-1.404584343011294297e-08
-1.403652099454812677e-08
-1.402720293142032385e-08
-1.401789026611585642e-08
-1.400858505126025349e-08
-1.399928583456258742e-08
-1.398999447817185319e-08
-1.398070934154405065e-08
-1.397143138854973421e-08
-1.396216218191175201e-08
-1.395289887782286274e-08
-1.394364500343413790e-08
-1.393439864545696832e-08
-1.392515925469636682e-08
-1.391592967014207481e-08
-1.390670704316935109e-08
-1.389749496689195794e-08
-1.388829093954514607e-08
-1.387909526796660063e-08
-1.386990946077494023e-08
-1.386073167546174637e-08
-1.385156707193997547e-08
-1.384241001966398978e-08
-1.383326329388430143e-08
-1.382412747900070446e-08
-1.381500221110666890e-08
-1.380588613685530328e-08
-1.379677395477326985e-08
-1.378766741917168150e-08
-1.377856623803592800e-08
-1.376946941488468978e-08
-1.376038062843499466e-08
-1.375129642824519246e-08
-1.374221934572618559e-08
-1.373314989597988511e-08
-1.372408621352210380e-08
-1.371503116180065943e-08
-1.370598243286252895e-08
-1.369694092535672985e-08
-1.368790789887419425e-08
-1.367888143234419778e-08
-1.366986444220705696e-08
-1.366085502036223941e-08
-1.365185287813032880e-08
-1.364286015670473667e-08
-1.363387503840569778e-08
-1.362490088807159508e-08
-1.361593445685461983e-08
-1.360697645144494783e-08
-1.359802893669714626e-08
-1.358909062078009143e-08
-1.358016387686834330e-08
-1.357124644444272391e-08
-1.356233848952169090e-08
-1.355343789462875526e-08
-1.354454129566668785e-08
-1.353565092573197499e-08
-1.352676469106505019e-08
-1.351788296854263541e-08
-1.350900921601791914e-08
-1.350014028692232101e-08
-1.349127839582348162e-08
-1.348242329184082990e-08
-1.347357388992516041e-08
-1.346473366831139195e-08
-1.345589879041672947e-08
-1.344707183286245898e-08
-1.343825264185916098e-08
-1.342943947791879917e-08
-1.342063612166705449e-08
-1.341183991680860437e-08
-1.340305102528556040e-08
-1.339427109727692251e-08
-1.338549848000965237e-08
-1.337673679179674241e-08
-1.336798253439212049e-08
-1.335923629034269606e-08
-1.335050067555090805e-08
-1.334177388864237544e-08
-1.333305797890743500e-08
-1.332435122464574231e-08
-1.331565378520537057e-08
-1.330696460703615209e-08
-1.329827905199742592e-08
-1.328959950993971320e-08
-1.328092463529823764e-08
-1.327225393001762627e-08
-1.326359141448682366e-08
-1.325493311908592251e-08
-1.324628163044178549e-08
-1.323763774307131713e-08
-1.322899933690399002e-08
-1.322036898077897493e-08
-1.321174530689688073e-08
-1.320312737510407553e-08
-1.319451925692911810e-08
-1.318591677893479819e-08
-1.317732284533239416e-08
-1.316873677351922962e-08
-1.316015673803342414e-08
-1.315158763419601724e-08
-1.314302571880959633e-08
-1.313447165446568275e-08
-1.312592668889675067e-08
-1.311738980412801452e-08
-1.310886448654708518e-08
-1.310034652084156111e-08
-1.309183697871987879e-08
-1.308333936991599476e-08
-1.307485199644648710e-08
-1.306637260223910082e-08
-1.305789829123524969e-08
-1.304942797097418999e-08
-1.304096438409566536e-08
-1.303250423876494499e-08
-1.302404911141622284e-08
-1.301560029943927629e-08
-1.300715702758720038e-08
-1.299872042463727644e-08
-1.299028977389375197e-08
-1.298186451059740939e-08
-1.297344823008547245e-08
-1.296503678967861480e-08
-1.295663255958678108e-08
-1.294823575585631242e-08
-1.293984492879031959e-08
-1.293146288958527540e-08
-1.292308773606987812e-08
-1.291471849029165059e-08
-1.290635927121299661e-08
-1.289800685073841466e-08
-1.288966279974344496e-08
-1.288132662017271454e-08
-1.287299734444989984e-08
-1.286468041746160448e-08
-1.285636987662527538e-08
-1.284806759743067644e-08
-1.283977594897602158e-08
-1.283149458921881879e-08
-1.282322059356605942e-08
-1.281495132647472809e-08
-1.280668595711138268e-08
-1.279842698983481085e-08
-1.279017126436508640e-08
-1.278192026560390543e-08
-1.277367579344334128e-08
-1.276543630887746837e-08
-1.275720319786394663e-08
-1.274897635590008619e-08
-1.274075477279321835e-08
-1.273254128716250758e-08
-1.272433328236436113e-08
-1.271613127831818995e-08
-1.270793776567143587e-08
-1.269974958340301887e-08
-1.269156945414152921e-08
-1.268339653890083263e-08
-1.267522930868058024e-08
-1.266707196434067392e-08
-1.265892144713926203e-08
-1.265077725123885638e-08
-1.264264272961937868e-08
-1.263451599826779600e-08
-1.262639789913485790e-08
-1.261828762806866009e-08
-1.261018505462612869e-08
-1.260209462054215998e-08
-1.259401174511551478e-08
-1.258593723027463589e-08
-1.257787007360896980e-08
-1.256980631439245514e-08
-1.256174790927120008e-08
-1.255369402370599333e-08
-1.254564427155569006e-08
-1.253760117644907751e-08
-1.252956231444255841e-08
-1.252152896402648754e-08
-1.251350417653117826e-08
-1.250548321190731817e-08
-1.249746895139041527e-08
-1.248946224286045307e-08
-1.248146043558076103e-08
-1.247346644747396334e-08
-1.246547925389489161e-08
-1.245749731991396629e-08
-1.244952469445455438e-08
-1.244155853963864523e-08
-1.243359812765317890e-08
-1.242564744664690842e-08
-1.241770346455951998e-08
-1.240976727496348805e-08
-1.240183890750496577e-08
-1.239391804237607600e-08
-1.238600783874501420e-08
-1.237810433069764221e-08
-1.237020767165280260e-08
-1.236232420329323190e-08
-1.235444838067655960e-08
-1.234658025975989976e-08
-1.233871842419828547e-08
-1.233085997274505369e-08
-1.232300672233881585e-08
-1.231515731666806516e-08
-1.230731163900107357e-08
-1.229947242123085421e-08
-1.229163691886477887e-08
-1.228380657122358316e-08
-1.227598413132316434e-08
-1.226816521857381701e-08
-1.226035236512759741e-08
-1.225254670606159445e-08
-1.224474539089818235e-08
-1.223695120452287303e-08
-1.222916331128472445e-08
-1.222138062835799267e-08
-1.221360600177338046e-08
-1.220583752565381694e-08
-1.219807387296337156e-08
-1.219031999053327497e-08
-1.218257208439707728e-08
-1.217483005153439630e-08
-1.216709668980093592e-08
