1.734801575061521901e-13
2.245485484680395522e-13
2.840991075113967766e-13
3.525776634796940189e-13
4.304022989316784459e-13
5.179471708194649434e-13
6.155419853942832679e-13
7.234962207017915588e-13
8.420879192773929805e-13
9.715668737842107864e-13
1.112145533982050646e-12
1.264012428229147685e-12
1.427343357551960043e-12
1.602278484065690136e-12
1.788923054922756761e-12
1.987375979748597579e-12
2.197750804633281008e-12
2.420022276083578049e-12
2.654291505348844736e-12
2.900550865162088837e-12
3.158785776630450230e-12
3.428987999711538906e-12
3.711116195888806404e-12
4.005124889419152520e-12
4.310973511394870713e-12
4.628554090261476680e-12
4.957739618722485560e-12
5.298469855529990832e-12
5.650572759027982286e-12
6.014027247360496150e-12
6.388573123917536725e-12
6.774055081237757993e-12
7.170463775488960557e-12
7.577371701201731291e-12
7.994896106264815910e-12
8.422520205289182725e-12
8.860376479521738229e-12
9.307955635844566994e-12
9.765237142973120962e-12
1.023193645871761577e-11
1.070781859496265940e-11
1.119259402658245747e-11
1.168620178043969747e-11
1.218822989147257043e-11
1.269840691209126094e-11
1.321662040793644387e-11
1.374249318464879503e-11
1.427592664229929809e-11
1.481647068213816091e-11
1.536391251757763239e-11
1.591808945741134660e-11
1.647853662613504877e-11
1.704517112833996023e-11
1.761766069947065275e-11
1.819563718592102510e-11
1.877902734713440835e-11
1.936740531876772470e-11
1.996046116617161787e-11
2.055812811138610870e-11
2.115997932656814187e-11
2.176565358260595996e-11
2.237512955544511585e-11
2.298799455872230641e-11
2.360385199440627046e-11
2.422271877933315141e-11
2.484418711743142759e-11
2.546790815288781638e-11
2.609380519216289982e-11
2.672161861039392162e-11
2.735093424023340994e-11
2.798153220251616940e-11
2.861339613494793922e-11
2.924607508909900203e-11
2.987934857567574264e-11
3.051305469359471623e-11
3.114707409988412163e-11
3.178091722405882463e-11
3.241451079379842080e-11
3.304771990719465905e-11
3.368039904795766805e-11
3.431206047598757305e-11
3.494269321294328425e-11
3.557221087205209354e-11
3.620047386096080443e-11
3.682695205086448803e-11
3.745159763866467265e-11
3.807458504829753265e-11
3.869569910163072991e-11
3.931448407508630693e-11
3.993079320697126209e-11
4.054483486209666402e-11
4.115630922256292024e-11
4.176526650286542413e-11
4.237125871654279577e-11
4.297416732530453385e-11
4.357436702343927916e-11
4.417144075839358330e-11
4.476537087482445194e-11
4.535603721713785011e-11
4.594318809478745711e-11
4.652723304290931448e-11
4.710774879781619027e-11
4.768474143035203612e-11
4.825825845377123709e-11
4.882795951170674066e-11
4.939436486767661820e-11
4.995692218605434396e-11
5.051596346272708323e-11
5.107128169872439483e-11
5.162289494643596712e-11
5.217096298142194288e-11
5.271514706197182531e-11
5.325582495154520003e-11
5.379259029270306669e-11
5.432607456703644909e-11
5.485569919016187947e-11
5.538206927579943139e-11
5.590455097860676261e-11
5.642369772211834053e-11
5.693918953302089491e-11
5.745163710354055041e-11
5.796053434472621236e-11
5.846642106405772104e-11
5.896871159780905420e-11
5.946792783011053931e-11
5.996386907172544773e-11
6.045721218072622996e-11
6.094741497132334853e-11
6.143510749110751731e-11
6.191968780339395943e-11
6.240164271985503011e-11
6.288072469908236121e-11
6.335764934627352869e-11
6.383209184745431768e-11
6.430446905136087366e-11
6.477464952428781788e-11
6.524263095145292416e-11
6.570859903424196618e-11
6.617257217510746751e-11
6.663501030896932031e-11
6.709566972790498727e-11
6.755503939359467174e-11
6.801287960961093506e-11
6.846941365317692896e-11
6.892467537715553055e-11
6.937876931533859835e-11
6.983197700956639888e-11
7.028431449324618138e-11
7.073611312037295580e-11
7.118732008836862819e-11
7.163806672969167033e-11
7.208843873760656475e-11
7.253846102811685054e-11
7.298825069095434028e-11
7.343805169543064486e-11
7.388807621072590617e-11
7.433841937386022413e-11
7.478922099754771043e-11
7.524048993923836427e-11
7.569238233555937770e-11
7.614481977706787009e-11
7.659784603683836875e-11
7.705194250090015504e-11
7.750703696565017596e-11
7.796337359164419999e-11
7.842110423600780208e-11
7.888008162419600084e-11
7.934069878611376715e-11
7.980268069413359450e-11
8.026603434223299813e-11
8.073136987206668697e-11
8.119838201229872606e-11
8.166733907782051496e-11
8.213860042699213773e-11
8.261176470317770526e-11
8.308730683113329816e-11
8.356517526691884251e-11
8.404496625110420589e-11
8.452741930433283436e-11
8.501232559063158240e-11
8.549944085812394187e-11
8.598960570230676793e-11
8.648245153282259595e-11
8.697780793193639427e-11
8.747645229259051859e-11
8.797780042741090397e-11
8.848170780743045819e-11
8.898898939745844810e-11
8.949900007470293216e-11
9.001161612934021940e-11
9.052780415367981354e-11
9.104697947925940536e-11
9.156895970745997101e-11
9.209464831009283152e-11
9.262346691651798941e-11
9.315510301525304417e-11
9.369041091578766262e-11
9.422888086575325324e-11
9.477001762682312460e-11
9.531466976785349241e-11
9.586271022596133463e-11
9.641349666429901280e-11
9.696759577768674211e-11
9.752532356169166312e-11
9.808586971547967481e-11
9.864944367985838662e-11
9.921667220296048508e-11
9.978667257984023566e-11
1.003593196077783779e-10
1.009354488814686556e-10
1.015144782675919009e-10
1.020959702822335355e-10
1.026805475978419316e-10
1.032682920245649042e-10
1.038584939248166885e-10
1.044512790757107625e-10
1.050471879094137649e-10
1.056454643484351089e-10
1.062458720275691187e-10
1.068489621409330746e-10
1.074545175800859610e-10
1.080619516152313824e-10
1.086714159407057691e-10
1.092833508826162842e-10
1.098971606207824724e-10
1.105126568564714366e-10
1.111301389192153356e-10
1.117494897199441014e-10
1.123702018740109277e-10
1.129922668521910824e-10
1.136158997168116180e-10
1.142406803567360529e-10
1.148663684713642291e-10
1.154930149210541623e-10
1.161206531583133132e-10
1.167489374990697398e-10
1.173777903226799937e-10
1.180071632112849719e-10
1.186369363520742853e-10
1.192668992818450874e-10
1.198970039427272778e-10
1.205270229950482804e-10
1.211568189276413199e-10
1.217863037953254141e-10
1.224153858591384195e-10
1.230436225258365500e-10
1.236709769964704588e-10
1.242974782620662546e-10
1.249229784267008800e-10
1.255469608710831703e-10
1.261695518209893675e-10
1.267908578980151963e-10
1.274106435376658138e-10
1.280281684344688088e-10
1.286437178380188254e-10
1.292574778877764898e-10
1.298691462035675440e-10
1.304777284904728976e-10
1.310835651928716203e-10
1.316869168078057062e-10
1.322875764474777886e-10
1.328844966378580682e-10
1.334781030163112628e-10
1.340688461395143516e-10
1.346565998617621758e-10
1.352399841030093511e-10
1.358192412371015230e-10
1.363951041142976778e-10
1.369675870560720691e-10
1.375351889863697752e-10
1.380976364498681980e-10
1.386558312468120766e-10
1.392099714618118270e-10
1.397590890321616884e-10
1.403022646041825788e-10
1.408407039173635139e-10
1.413748389293908359e-10
1.419042085099032312e-10
1.424269755837353206e-10
1.429439494382595185e-10
1.434561117681180804e-10
1.439634916460625596e-10
1.444641910644875502e-10
1.449577901594181380e-10
1.454456683557726621e-10
1.459281150410340629e-10
1.464044719058279458e-10
1.468730152344670536e-10
1.473350207594859861e-10
1.477915043049990726e-10
1.482425457756608691e-10
1.486860899118684397e-10
1.491216731394380693e-10
1.495510633239950295e-10
1.499746937311636470e-10
1.503920291459708424e-10
1.508008619881360898e-10
1.512019251476230450e-10
1.515966502176460473e-10
1.519852055512973195e-10
1.523664012075758013e-10
1.527387613142889632e-10
1.531040149320343084e-10
1.534631398418971785e-10
1.538162601136902669e-10
1.541613534324292023e-10
1.544977326830019387e-10
1.548273357063925875e-10
1.551507859559080196e-10
1.554679931930917224e-10
1.557767820139963816e-10
1.560770489131810760e-10
1.563706662536669890e-10
1.566580457573248294e-10
1.569390315267480383e-10
1.572115545916495907e-10
1.574758843303442816e-10
1.577339558931631262e-10
1.579861402292518239e-10
1.582322383404616904e-10
1.584701946958745490e-10
1.587003063787308869e-10
1.589244209346482775e-10
1.591428956378225333e-10
1.593556014159834882e-10
1.595606672120627104e-10
1.597581730385791074e-10
1.599499071190654425e-10
1.601362554547075857e-10
1.603172375044331389e-10
1.604912355289496918e-10
1.606580273634265803e-10
1.608193156201884020e-10
1.609756583698703055e-10
1.611271890429916683e-10
1.612727715566119856e-10
1.614117989120320039e-10
1.615456215520775042e-10
1.616750959259889620e-10
1.618003475524686316e-10
1.619208452260532989e-10
1.620355595677853727e-10
1.621452156438234031e-10
1.622510399512575694e-10
1.623531769568509818e-10
1.624515623224955958e-10
1.625451569147891649e-10
1.626340055589799554e-10
1.627193137937175304e-10
1.628014176373029378e-10
1.628804029352018930e-10
1.629559074418631017e-10
1.630275850467202984e-10
1.630961390270020816e-10
1.631623614365999842e-10
1.632263282298848285e-10
1.632880427294756992e-10
1.633470545778807084e-10
1.634034323986652180e-10
1.634580332369706167e-10
1.635111095046447194e-10
1.635627075578816702e-10
1.636127482669297111e-10
1.636610773751777462e-10
1.637079136358327211e-10
1.637537456151825065e-10
1.637986262560950280e-10
1.638425979254377718e-10
1.638859093038122456e-10
1.639287093244259950e-10
1.639712791128820023e-10
1.640138811411986922e-10
1.640565373237065970e-10
1.640992966182483234e-10
1.641425496032963791e-10
1.641864126820226682e-10
1.642310264519702675e-10
1.642764592045088049e-10
1.643226904980201108e-10
1.643698182194035135e-10
1.644184923562655731e-10
1.644688006062948324e-10
1.645205543203646869e-10
1.645736680086970847e-10
1.646281112442803737e-10
1.646840718034001761e-10
1.647425688622375356e-10
1.648037334643994540e-10
1.648672695338205579e-10
1.649330468067597269e-10
1.650010169159813115e-10
1.650713025141721798e-10
1.651450222466437796e-10
1.652223212197352707e-10
1.653027559968095143e-10
1.653860119924768783e-10
1.654720593643769674e-10
1.655608953632922977e-10
1.656537815859025449e-10
1.657511091463623812e-10
1.658523153266051044e-10
1.659568129762956953e-10
1.660645241333305485e-10
1.661753889396118174e-10
1.662904983619950367e-10
1.664107286544097799e-10
1.665357419211858808e-10
1.666646701315616714e-10
1.667973865793344099e-10
1.669338033739170345e-10
1.670743751281493763e-10
1.672205508301923121e-10
1.673722492780412133e-10
1.675284428612506384e-10
1.676887233900110941e-10
1.678530093876939883e-10
1.680212703025488327e-10
1.681950391530370830e-10
1.683748594041003761e-10
1.685601106630001078e-10
1.687497466868821026e-10
1.689436346216064340e-10
1.691416886170751752e-10
1.693444197302861798e-10
1.695533431705023157e-10
1.697683994991717426e-10
1.699884360348169120e-10
1.702129101231331875e-10
1.704417303725742828e-10
1.706748009612145507e-10
1.709132810370986966e-10
1.711579655221188728e-10
1.714084845768748898e-10
1.716635004428593517e-10
1.719227520903259497e-10
1.721861548712356235e-10
1.724537337230986081e-10
1.727269741011602652e-10
1.730062738468697530e-10
1.732910149060934950e-10
1.735800188766691038e-10
1.738731575733949021e-10
1.741703562384995416e-10
1.744717310708413151e-10
1.747785740358780354e-10
1.750910184226811950e-10
1.754083628773825557e-10
1.757296043248716970e-10
1.760546390064249943e-10
1.763833805337808145e-10
1.767159551441304922e-10
1.770534595600177005e-10
1.773959461975617513e-10
1.777427015390380624e-10
1.780927369917798141e-10
1.784459618612231043e-10
1.788023065100100124e-10
1.791618527833608112e-10
1.795255508163304095e-10
1.798934936465545124e-10
1.802651952543034833e-10
1.806397318134981041e-10
1.810170314224562453e-10
1.813970171570205343e-10
1.817796699852540013e-10
1.821654985739334019e-10
1.825546371690127614e-10
1.829468150468507365e-10
1.833411718828656821e-10
1.837375571690636023e-10
1.841359227155563709e-10
1.845362155685572781e-10
1.849385868839081755e-10
1.853431772556779813e-10
1.857498956723271827e-10
1.861580414921900486e-10
1.865673251664834192e-10
1.869777163558767873e-10
1.873891826274455152e-10
1.878016815173765492e-10
1.882151438646025654e-10
1.886295327702507989e-10
1.890446344210369225e-10
1.894600628640824139e-10
1.898757958424385312e-10
1.902918188584415504e-10
1.907081109989803528e-10
1.911242862387153944e-10
1.915401122250941510e-10
1.919555518319346256e-10
1.923704155779665173e-10
1.927846311360059895e-10
1.931981872226477427e-10
1.936110979828456874e-10
1.940232279505543950e-10
1.944337941966771061e-10
1.948427005859521574e-10
1.952499445531270333e-10
1.956555928477066999e-10
1.960596586882027819e-10
1.964621676591461895e-10
1.968631463628308585e-10
1.972621035421503857e-10
1.976580079745270307e-10
1.980508170972169383e-10
1.984407307515967094e-10
1.988280502655014266e-10
1.992128301547656686e-10
1.995950901443383223e-10
1.999748667744266389e-10
2.003513898611327372e-10
2.007235828015924193e-10
2.010915101127501778e-10
2.014555536076110054e-10
2.018161590316385663e-10
2.021733871723508437e-10
2.025273155587396742e-10
2.028779501974597938e-10
2.032243657965025030e-10
2.035653413975790042e-10
2.039009575359863522e-10
2.042317811892750955e-10
2.045585142931523156e-10
2.048812449555881389e-10
2.052000080377786095e-10
2.055148939866297539e-10
2.058249901711247646e-10
2.061286741646695719e-10
2.064259781455826211e-10
2.067174301666109395e-10
2.070040123282115912e-10
2.072858068316233848e-10
2.075629272897725822e-10
2.078354243315720637e-10
2.081028823794968491e-10
2.083633913269361490e-10
2.086169032632580121e-10
2.088637402975560502e-10
2.091051774940029280e-10
2.093415402308754743e-10
2.095728379658259409e-10
2.097992481752523984e-10
2.100206745278513786e-10
2.102353155584174363e-10
2.104425021903315794e-10
2.106423939308165601e-10
2.108362112271289935e-10
2.110248144918625420e-10
2.112082315187820957e-10
2.113866030531651890e-10
2.115599998801655603e-10
2.117275861637181631e-10
2.118876936795471333e-10
2.120403226420576857e-10
2.121858905423744294e-10
2.123259070799101719e-10
2.124606530588255094e-10
2.125901173546992561e-10
2.127144753471920659e-10
2.128337606244690199e-10
2.129464230091994716e-10
2.130518788678894942e-10
2.131501889758147975e-10
2.132423536673055604e-10
2.133295298871282086e-10
2.134118185784489975e-10
2.134893537829083413e-10
2.135621097895821321e-10
2.136300467205893472e-10
2.136915671315139051e-10
2.137464409151023363e-10
2.137947792417819900e-10
2.138379163568587643e-10
2.138766236919497765e-10
2.139109995836097358e-10
2.139410551334296433e-10
2.139669303726647285e-10
2.139883861088059820e-10
2.140041310816497811e-10
2.140141287200523200e-10
2.140185339336010700e-10
2.140184949684311350e-10
2.140146574032764104e-10
2.140070600980894571e-10
2.139957328431182917e-10
2.139807990641327829e-10
2.139621161386517142e-10
2.139388147160640324e-10
2.139108943177630352e-10
2.138784384825385815e-10
2.138425203855838471e-10
2.138037206327462807e-10
2.137621242257673727e-10
2.137177650967539030e-10
2.136706822934284315e-10
2.136208839752659566e-10
2.135678447025830059e-10
2.135114797874704133e-10
2.134518591721848733e-10
2.133896215860739368e-10
2.133254608392840918e-10
2.132594189175179981e-10
2.131915408180774897e-10
2.131218555505175209e-10
2.130504099046403131e-10
2.129770900101009977e-10
2.129018880646011649e-10
2.128248450443522549e-10
2.127461508963272534e-10
2.126664682638306562e-10
2.125858722613140921e-10
2.125043985574673188e-10
2.124220664176576748e-10
2.123388983329260157e-10
2.122549854726379150e-10
2.121705839024633894e-10
2.120857269169184025e-10
2.120004310884010907e-10
2.119150515994983698e-10
2.118297964667782706e-10
2.117446753077043389e-10
2.116596943342375391e-10
2.115748577760832154e-10
2.114901817950270480e-10
2.114062047400640211e-10
2.113232497289517856e-10
2.112413180204937976e-10
2.111604252669324801e-10
2.110806749804916351e-10
2.110020659331389252e-10
2.109245928137130733e-10
2.108482484679289615e-10
2.107730204422515956e-10
2.106990188019950263e-10
2.106271388379888803e-10
2.105575770390467359e-10
2.104903173102191062e-10
2.104252773230468043e-10
2.103622989528567541e-10
2.103013365707120058e-10
2.102423671488969228e-10
2.101853703500180926e-10
2.101303201314519818e-10
2.100774180149098875e-10
2.100277336908385008e-10
2.099813870413659462e-10
2.099383420240822651e-10
2.098983839460792668e-10
2.098610611592978718e-10
2.098263288125163424e-10
2.097941539530097440e-10
2.097645111846789101e-10
2.097373611734313524e-10
2.097129400027350303e-10
2.096926336224743908e-10
2.096766381412908023e-10
2.096648829929025165e-10
2.096571030682393158e-10
2.096526573991066033e-10
2.096514802846989933e-10
2.096535208266081622e-10
2.096587404256088780e-10
2.096671002344871611e-10
2.096786777407103813e-10
2.096947569499427529e-10
2.097156739373953501e-10
2.097413910377298526e-10
2.097717235646765343e-10
2.098058364454926179e-10
2.098435432239073026e-10
2.098847931437873301e-10
2.099295340929195456e-10
2.099777160161235416e-10
2.100292922916801973e-10
2.100851193018283585e-10
2.101459802534320343e-10
2.102118276605337998e-10
2.102825738911232527e-10
2.103573785697335810e-10
2.104356487287993895e-10
2.105173469347583657e-10
2.106024089697745261e-10
2.106907882835971548e-10
2.107824379866660488e-10
2.108775747007091510e-10
2.109775404268432193e-10
2.110824743448237604e-10
2.111923215124873081e-10
2.113068433044398808e-10
2.114250464099418810e-10
2.115467225364778255e-10
2.116718279650707990e-10
2.118003188083299136e-10
2.119321548968756987e-10
2.120673004748335598e-10
2.122062227238872995e-10
2.123496928385840716e-10
2.124976997014510071e-10
2.126501438195349003e-10
2.128065490162245318e-10
2.129660988372892236e-10
2.131287132204137952e-10
2.132943443990611579e-10
2.134629460415217136e-10
2.136344915084438351e-10
2.138089147051187292e-10
2.139867326834530209e-10
2.141683482330902926e-10
2.143537081978327384e-10
2.145427775067113111e-10
2.147348902362367956e-10
2.149293022773948881e-10
2.151259857115164259e-10
2.153248991621999885e-10
2.155260065157326485e-10
2.157292989251696005e-10
2.159347379958473781e-10
2.161426985954316785e-10
2.163534640437874947e-10
2.165669992304065466e-10
2.167832824610710626e-10
2.170018493881834551e-10
2.172221363898167664e-10
2.174441155492870673e-10
2.176677583557465947e-10
2.178930530053280074e-10
2.181199564415433427e-10
2.183484402973088280e-10
2.185785700245312024e-10
2.188104111484054073e-10
2.190439420910152657e-10
2.192791365530631001e-10
2.195157891692601791e-10
2.197533624084449901e-10
2.199918100347781681e-10
2.202311122836061567e-10
2.204712477033232582e-10
2.207121961752426143e-10
2.209539418330474594e-10
2.211964316285697756e-10
2.214394545789718557e-10
2.216829793928383073e-10
2.219269733614624766e-10
2.221714027157748825e-10
2.224158941611591989e-10
2.226603130278140545e-10
2.229046414103397557e-10
2.231488892590573271e-10
2.233930450352935320e-10
2.236371085329149617e-10
2.238810583275301608e-10
2.241244051016885444e-10
2.243668250394093068e-10
2.246082958632296267e-10
2.248488310305508899e-10
2.250883874327727549e-10
2.253269052314015557e-10
2.255643447871151579e-10
2.258007493252290874e-10
2.260361129689559641e-10
2.262704377307435003e-10
2.265037150766520345e-10
2.267358485891858783e-10
2.269659588669932278e-10
2.271938255106950003e-10
2.274194777353178145e-10
2.276429655656018311e-10
2.278643186759070631e-10
2.280837178807189432e-10
2.283011437060551822e-10
2.285166014131980664e-10
2.287301439162296363e-10
2.289417695456512614e-10
2.291515224658766171e-10
2.293590834690653718e-10
2.295634168067210637e-10
2.297643948240302242e-10
2.299620317525525743e-10
2.301563817361395712e-10
2.303477862312257641e-10
2.305365485204394592e-10
2.307226748861346907e-10
2.309061758491389518e-10
2.310871109790294914e-10
2.312654907742999261e-10
2.314413626876550200e-10
2.316144002810341437e-10
2.317834202618176920e-10
2.319482017335737522e-10
2.321087795766889584e-10
2.322652742596797713e-10
2.324180409091329791e-10
2.325676167993705142e-10
2.327140094011567971e-10
2.328572416514657511e-10
2.329973839293881523e-10
2.331344378416396225e-10
2.332684282719636567e-10
2.333993325911802375e-10
2.335259440558512397e-10
2.336479609128880278e-10
2.337654387188011089e-10
2.338784419001241351e-10
2.339872193862745423e-10
2.340926105982354340e-10
2.341947410116129546e-10
2.342936023734606966e-10
2.343892067233924758e-10
2.344816558544199091e-10
2.345709854365562432e-10
2.346571615737597730e-10
2.347396151249063398e-10
2.348174173373944333e-10
2.348906712814852543e-10
2.349593823342663747e-10
2.350236876116776730e-10
2.350844498812132977e-10
2.351420381192759050e-10
2.351965470334961391e-10
2.352479548083915509e-10
2.352963450194788185e-10
2.353417789476891606e-10
2.353841687198063082e-10
2.354236071686560469e-10
2.354591044699823430e-10
2.354904340450360659e-10
2.355176586549881402e-10
2.355407932089419265e-10
2.355601096632860351e-10
2.355764937080128769e-10
2.355900671288413201e-10
2.356008566365913969e-10
2.356089796641921561e-10
2.356143437072912332e-10
2.356170834540534091e-10
2.356172426019489031e-10
2.356145921274135661e-10
2.356086594710142791e-10
2.355993234606347524e-10
2.355866380902413162e-10
2.355706743666721133e-10
2.355516867236525297e-10
2.355305311213938628e-10
2.355073095565595962e-10
2.354820110393935477e-10
2.354546959712030722e-10
2.354253637208493625e-10
2.353940556412419097e-10
2.353608326745814713e-10
2.353255422885149384e-10
2.352879393795006441e-10
2.352479603476065228e-10
2.352056248472229551e-10
2.351610052424260329e-10
2.351142947117352410e-10
2.350661817921860983e-10
2.350167494844874756e-10
2.349660094051503052e-10
2.349140098375341225e-10
2.348607211006614698e-10
2.348062045888700275e-10
2.347504470915891047e-10
2.346934859441119575e-10
2.346353119480247380e-10
2.345758989691350192e-10
2.345153102800594983e-10
2.344535488674164951e-10
2.343906774943621676e-10
2.343271492991214688e-10
2.342631115030516667e-10
2.341985666003504623e-10
2.341335232706240231e-10
2.340680039879560020e-10
2.340019945919242107e-10
2.339355298954173451e-10
2.338686076725750951e-10
2.338014035120039374e-10
2.337341086913623090e-10
2.336666926611331092e-10
2.335992041284405011e-10
2.335316312471482142e-10
2.334641420275648254e-10
2.333969283061919936e-10
2.333300035300086287e-10
2.332633622843731590e-10
2.331970106908357077e-10
2.331309468083342495e-10
2.330651735385356550e-10
2.329996913698073579e-10
2.329345565846762892e-10
2.328702853363173384e-10
2.328069615684252744e-10
2.327446346848584903e-10
2.326832574459939477e-10
2.326228543281059721e-10
2.325634238090995183e-10
2.325049718508788512e-10
2.324475009605456895e-10
2.323909859847783763e-10
2.323354505795362236e-10
2.322808529675660861e-10
2.322272281123035312e-10
2.321745244970227273e-10
2.321229601627281124e-10
2.320731277481807881e-10
2.320251435486055886e-10
2.319789578945364261e-10
2.319345768478009836e-10
2.318919778290155163e-10
2.318509748469501640e-10
2.318115088821855029e-10
2.317735678675626029e-10
2.317371235772801400e-10
2.317021928715951036e-10
2.316687215092968784e-10
2.316367489500439697e-10
2.316062010474342196e-10
2.315773194797370965e-10
2.315507196313607496e-10
2.315265334118048461e-10
2.315047035249980505e-10
2.314852221543317282e-10
2.314680655169570615e-10
2.314528646248081470e-10
2.314394670149323293e-10
2.314278867163955152e-10
2.314180540947349164e-10
2.314100375215566801e-10
2.314037360730505770e-10
2.313991889638642149e-10
2.313963402205880578e-10
2.313952505970738376e-10
2.313967696550426594e-10
2.314009953537721550e-10
2.314079699905639209e-10
2.314176524202135179e-10
2.314300200404242982e-10
2.314447612817071428e-10
2.314615142666888484e-10
2.314802325553818747e-10
2.315009535022700677e-10
2.315236135016310976e-10
2.315482306139610226e-10
2.315747589913681850e-10
2.316031690882845934e-10
2.316334932716258724e-10
2.316660408110708839e-10
2.317013630109173659e-10
2.317393799932286963e-10
2.317801084553900021e-10
2.318234980431123663e-10
2.318694532925566290e-10
2.319174658510265131e-10
2.319674030583559457e-10
2.320192583489642508e-10
2.320729487797970464e-10
2.321285440405727860e-10
2.321859511693427903e-10
2.322451827708506695e-10
2.323062164161768324e-10
2.323690117715810204e-10
2.324341191784400207e-10
2.325015757810510856e-10
2.325714327598911280e-10
2.326436316969837474e-10
2.327181440636140795e-10
2.327948132995557406e-10
2.328730251520663773e-10
2.329527411387186603e-10
2.330339236543930177e-10
2.331165925516723050e-10
2.332007159033701111e-10
2.332862388214205818e-10
2.333732429090109426e-10
2.334616134142699464e-10
2.335513978687326696e-10
2.336429330014137426e-10
2.337362364539249615e-10
2.338313292914132418e-10
2.339281769316905603e-10
2.340267446378861192e-10
2.341268902442051183e-10
2.342281380367611727e-10
2.343304496471951594e-10
2.344338057927689469e-10
2.345382000364457264e-10
2.346436401142667407e-10
2.347500749575898959e-10
2.348575367022992716e-10
2.349659789373586489e-10
2.350753832110982578e-10
2.351858038244511539e-10
2.352971781133574165e-10
2.354095241507208131e-10
2.355228278192979835e-10
2.356370569971842004e-10
2.357521447520675823e-10
2.358677425654591004e-10
2.359837729337613629e-10
2.361002395146843205e-10
2.362171216559269014e-10
2.363344074647825668e-10
2.364521139556947723e-10
2.365702075868205513e-10
2.366886913842347385e-10
2.368075555732267536e-10
2.369266684539872147e-10
2.370459011365565627e-10
2.371651987783638771e-10
2.372845790770210815e-10
2.374040256522840957e-10
2.375235346934145559e-10
2.376429227482962100e-10
2.377620667517272184e-10
2.378809633322021223e-10
2.379995982218479721e-10
2.381179855061443924e-10
2.382361175211802898e-10
2.383539975353944188e-10
2.384716178766865979e-10
2.385889854607830563e-10
2.387060802249143451e-10
2.388224667509667476e-10
2.389380389617948182e-10
2.390528041879558635e-10
2.391667447417641273e-10
2.392798556402008813e-10
2.393921651065859080e-10
2.395036389512283847e-10
2.396143190555234960e-10
2.397241536727891997e-10
2.398331840462508378e-10
2.399414131046240872e-10
2.400488498770816421e-10
2.401554611036009705e-10
2.402612935697656726e-10
2.403663570684843024e-10
2.404705155817338082e-10
2.405732566431660087e-10
2.406745059014861085e-10
2.407742439756869194e-10
2.408724893272816607e-10
2.409692160691567541e-10
2.410645182817745032e-10
2.411584901990392152e-10
2.412512187088296131e-10
2.413426699752400225e-10
2.414328611599520481e-10
2.415218277399149818e-10
2.416095820105896026e-10
2.416960651102998297e-10
2.417813634396322874e-10
2.418654793755731840e-10
2.419483165461217649e-10
2.420292692151045456e-10
2.421082880147282079e-10
2.421853411694285467e-10
2.422604212689080447e-10
2.423335880764696504e-10
2.424048259602195839e-10
2.424744722090083141e-10
2.425426120804242948e-10
2.426092862553754877e-10
2.426744641014612944e-10
2.427381704746319415e-10
2.428004358232403410e-10
2.428613061966793480e-10
2.429206722175183089e-10
2.429786688648414260e-10
2.430352468742529576e-10
2.430899992963834569e-10
2.431425530851843716e-10
2.431929372060392117e-10
2.432411951509465321e-10
2.432873450662637390e-10
2.433313646521114164e-10
2.433735371362066374e-10
2.434141132826534367e-10
2.434531631849998426e-10
2.434906661839137483e-10
2.435266785644036266e-10
2.435611865172681773e-10
2.435941584067367193e-10
2.436256847220669265e-10
2.436557503657236948e-10
2.436843729284472127e-10
2.437114293829205126e-10
2.437365308443233912e-10
2.437596284000600212e-10
2.437807002176080329e-10
2.437997498881720558e-10
2.438168684780509592e-10
2.438319915534319019e-10
2.438456135752158766e-10
2.438578182738091314e-10
2.438687035283768557e-10
2.438782487680539092e-10
2.438864545532137979e-10
2.438933229944905728e-10
2.438989087431282787e-10
2.439032133731275444e-10
2.439062455267886917e-10
2.439079728545668888e-10
2.439083670817744373e-10
2.439071301952957643e-10
2.439042345270560738e-10
2.438997015864809880e-10
2.438935543448724259e-10
2.438858032459646476e-10
2.438764912314743056e-10
2.438660418086106042e-10
2.438545574364723487e-10
2.438421014636114165e-10
2.438286564950399112e-10
2.438142306005250936e-10
2.437988178951318549e-10
2.437824664322635199e-10
2.437651647574538384e-10
2.437469518792170094e-10
2.437277576032544057e-10
2.437076496503464688e-10
2.436865361898380842e-10
2.436644287584999731e-10
2.436413179483107208e-10
2.436172114539525393e-10
2.435921519980219371e-10
2.435661350484376969e-10
2.435394376104507339e-10
2.435122373531508425e-10
2.434845166831508563e-10
2.434563136064220719e-10
2.434276188159004680e-10
2.433984507279765617e-10
2.433687918783033621e-10
2.433386692084015740e-10
2.433080872850112825e-10
2.432770556961484037e-10
2.432455814919146573e-10
2.432137381060961035e-10
2.431815881304570774e-10
2.431491324396997178e-10
2.431163723924681806e-10
2.430833072076971726e-10
2.430499648603868561e-10
2.430164005498711499e-10
2.429828357162050654e-10
2.429492862994071605e-10
2.429157619195052411e-10
2.428822547382599000e-10
2.428487647572841392e-10
2.428153028354328090e-10
2.427818633142942112e-10
2.427484514317000617e-10
2.427150691370669099e-10
2.426817186433924078e-10
2.426484769138354939e-10
2.426155709445406359e-10
2.425830200591914057e-10
2.425508247782498446e-10
2.425189933311290718e-10
2.424875208220365548e-10
2.424564037548934346e-10
2.424256889159864150e-10
2.423954109990901837e-10
2.423655575929800349e-10
2.423361347727185414e-10
2.423071405004221870e-10
2.422785707928440909e-10
2.422504223119796094e-10
2.422226894008646103e-10
2.421953942902675691e-10
2.421685190489807572e-10
2.421420541510681633e-10
2.421161698236824061e-10
2.420911754249279547e-10
2.420670892686662892e-10
2.420439039443930969e-10
2.420216332740482593e-10
2.420002533613764965e-10
2.419797545664563089e-10
2.419601210856298623e-10
2.419412915874252030e-10
2.419232480317776336e-10
2.419060006922290030e-10
2.418895393831667616e-10
2.418738631663612994e-10
2.418589612315546271e-10
2.418448246399021734e-10
2.418314447253221736e-10
2.418188623771721036e-10
2.418070359614665001e-10
2.417960470684472123e-10
2.417862205354563073e-10
2.417775801224710591e-10
2.417701159996079405e-10
2.417638280019271372e-10
2.417587061935419264e-10
2.417547612261397741e-10
2.417518916795607244e-10
2.417499388273991645e-10
2.417488950660868267e-10
2.417487603748614777e-10
2.417495208576678529e-10
2.417511667133669514e-10
2.417537059239621710e-10
2.417571062946741725e-10
2.417613667019435298e-10
2.417664961552973979e-10
2.417724644303833747e-10
2.417792777887932610e-10
2.417872149531703596e-10
2.417963863683805454e-10
2.418067679206200375e-10
2.418183618063428752e-10
2.418311543919582027e-10
2.418451383752396492e-10
2.418603094137785121e-10
2.418764063640911486e-10
2.418933154120809717e-10
2.419110441875792336e-10
2.419295853257833503e-10
2.419489260522949682e-10
2.419690545280502109e-10
2.419899725313219594e-10
2.420116667369750079e-10
2.420341271539083278e-10
2.420573519900351218e-10
2.420813696504481120e-10
2.421061613966940099e-10
2.421319389354349179e-10
2.421587270296046026e-10
2.421865116099775385e-10
2.422152905832904673e-10
2.422450655447198413e-10
2.422758155407881279e-10
2.423075028241006899e-10
2.423399016832486280e-10
2.423729620483690789e-10
2.424066645078078127e-10
2.424409986153076685e-10
2.424759572704329863e-10
2.425115400347366825e-10
2.425477413122178359e-10
2.425845495771485864e-10
2.426219590255748070e-10
2.426599743559650952e-10
2.426986015602503720e-10
2.427378200847294949e-10
2.427776958323707910e-10
2.428182357033081351e-10
2.428594326723793028e-10
2.429012760691611874e-10
2.429437644208173492e-10
2.429869007880401318e-10
2.430306505645291970e-10
2.430748207865838652e-10
2.431193311530819131e-10
2.431641819912973498e-10
2.432093741362690039e-10
2.432548946820768040e-10
2.433007401311943251e-10
2.433469071985151235e-10
2.433933932111291269e-10
2.434401964705450244e-10
2.434873086243065808e-10
2.435347257641094788e-10
2.435824411311850105e-10
2.436304075337211767e-10
2.436785872368137677e-10
2.437269748288817799e-10
2.437755662337032318e-10
2.438243589094348191e-10
2.438733476000054935e-10
2.439225265834760857e-10
2.439718228052401285e-10
2.440211242847295809e-10
2.440704250485423672e-10
2.441197237770358974e-10
2.441690182975789334e-10
2.442183073300267593e-10
2.442675880103492222e-10
2.443168603778374012e-10
2.443661251645461384e-10
2.444153810291193525e-10
2.444646248327374911e-10
2.445138552818141532e-10
2.445630268341422764e-10
2.446119546136969023e-10
2.446606228261259786e-10
2.447090285052839059e-10
2.447571702174185284e-10
2.448050464439089594e-10
2.448526574643008871e-10
2.449000049372568757e-10
2.449470488305026411e-10
2.449937692275556254e-10
2.450401671742616362e-10
2.450862437208505382e-10
2.451319999216467402e-10
2.451774365951868172e-10
2.452225523884100824e-10
2.452673510565924396e-10
2.453118336741587865e-10
2.453560013192563335e-10
2.453998550742509120e-10
2.454433960253547435e-10
2.454865405949418392e-10
2.455290788195505194e-10
2.455709983480921090e-10
2.456123000945184666e-10
2.456529846152739904e-10
2.456930518848401585e-10
2.457325069959198481e-10
2.457713542623013128e-10
2.458096352964633198e-10
2.458473736286337281e-10
2.458845724651713871e-10
2.459212350234366483e-10
2.459573645309228258e-10
2.459929642254216323e-10
2.460280373552713332e-10
2.460625861459186486e-10
2.460966090511148594e-10
2.461301152454096527e-10
2.461631080264412585e-10
2.461955907017327151e-10
2.462275316095812290e-10
2.462586509715715225e-10
2.462889256025341294e-10
2.463183618179103085e-10
2.463469598681289901e-10
2.463747269667841422e-10
2.464016697412054735e-10
2.464277933059334295e-10
2.464531659358353848e-10
2.464778936528838381e-10
2.465019864629863509e-10
2.465254483769349186e-10
2.465482834193768113e-10
2.465704956288145747e-10
2.465920876772070236e-10
2.466130632966276456e-10
2.466334282576124710e-10
2.466531866590482302e-10
2.466723426128911071e-10
2.466909002440840215e-10
2.467088623842730052e-10
2.467260918138310898e-10
2.467424600441053906e-10
2.467579736523811891e-10
2.467726366190102339e-10
2.467864495283129098e-10
2.467994180944942473e-10
2.468115558699986844e-10
2.468228729603263286e-10
2.468335177205681954e-10
2.468435622934468447e-10
2.468530110622750605e-10
2.468618684267851620e-10
2.468701388015987194e-10
2.468778238829322967e-10
2.468849283053961479e-10
2.468914593981000137e-10
2.468974216351811091e-10
2.469028195059554136e-10
2.469076575142145676e-10
2.469119401784740259e-10
2.469156660610938842e-10
2.469187370573367996e-10
2.469211015355815534e-10
2.469227648350722046e-10
2.469237308801603741e-10
2.469240065457509280e-10
2.469235989721082730e-10
2.469225181892109266e-10
2.469207761272367094e-10
2.469185415624220865e-10
2.469158836856128839e-10
2.469128059623649959e-10
2.469093118715105657e-10
2.469054043506988207e-10
2.469010828419964378e-10
2.468963556812333220e-10
2.468912263972033252e-10
2.468856985314388813e-10
2.468797756375079018e-10
2.468734612812205711e-10
2.468667590407534241e-10
2.468596721694905280e-10
2.468521893849364818e-10
2.468443012530136813e-10
2.468360120463995034e-10
2.468273253762336304e-10
2.468182448742111826e-10
2.468087749721590869e-10
2.467989212247605928e-10
2.467886811225978760e-10
2.467781643787301233e-10
2.467674641551182862e-10
2.467565830052275565e-10
2.467455229946520009e-10
2.467342861967611838e-10
2.467228746924106541e-10
2.467112905701487405e-10
2.466995359258029610e-10
2.466876123159617922e-10
2.466755223975293618e-10
2.466632683064514473e-10
2.466508521678377607e-10
2.466382761134154584e-10
2.466255520155424363e-10
2.466127344432409864e-10
2.465998305740813611e-10
2.465868401177645243e-10
2.465737653053620241e-10
2.465606080882342847e-10
2.465473708104457259e-10
2.465340597821850096e-10
2.465206815224625432e-10
2.465073218630128440e-10
2.464940009025877175e-10
2.464807190507656443e-10
2.464674767174146176e-10
2.464542751554651115e-10
2.464411167652298274e-10
2.464279990387798661e-10
2.464149223896641748e-10
2.464018872322588814e-10
2.463888939813537041e-10
2.463759430528136958e-10
2.463630348628761408e-10
2.463501712202128074e-10
2.463373951132346940e-10
2.463247867106737669e-10
2.463123512049081672e-10
2.463000980092946249e-10
2.462880205810826489e-10
2.462761174211314559e-10
2.462643884825812643e-10
2.462528341051965107e-10
2.462414604812512606e-10
2.462302779842107810e-10
2.462192867785185775e-10
2.462084861977979489e-10
2.461978755708331868e-10
2.461874562001856021e-10
2.461772324570084236e-10
2.461671964387489512e-10
2.461573474568206841e-10
2.461476848178808328e-10
2.461382078241611915e-10
2.461289167526431885e-10
2.461198135665159304e-10
2.461108937639730106e-10
2.461022013717025321e-10
2.460938865253017792e-10
2.460859758229701435e-10
2.460784509003467688e-10
2.460713148460413441e-10
2.460645668814701180e-10
2.460582092775747441e-10
2.460522341612087932e-10
2.460466370162142749e-10
2.460413852424106317e-10
2.460364666754038525e-10
2.460318928375303570e-10
2.460276486054883649e-10
2.460237310724824856e-10
2.460201382809897995e-10
2.460168710072779524e-10
2.460139320622307430e-10
2.460113136263857637e-10
2.460090143233144751e-10
2.460070327680270186e-10
2.460053677978796843e-10
2.460040340039662463e-10
2.460030212859978351e-10
2.460024082663749800e-10
2.460022398134834164e-10
2.460025131947733497e-10
2.460032265266304482e-10
2.460043804954905431e-10
2.460059782111391474e-10
2.460080109026907128e-10
2.460104695894453290e-10
2.460133331009146295e-10
2.460165402497628822e-10
2.460200883826428362e-10
2.460239620285886998e-10
2.460281589284875019e-10
2.460326813179189253e-10
2.460375307766325036e-10
2.460426964188486577e-10
2.460481765747792440e-10
2.460539720795458089e-10
2.460600819124488356e-10
2.460664989643259086e-10
2.460732201531020654e-10
2.460802431062578731e-10
2.460875726438574792e-10
2.460952648903949585e-10
2.461033165949264267e-10
2.461117341471739615e-10
2.461205079784363141e-10
2.461296346693142681e-10
2.461391150151833418e-10
2.461489483342399150e-10
2.461591231508419139e-10
2.461695988983563785e-10
2.461802783260685896e-10
2.461911584532745689e-10
2.462022293979784106e-10
2.462134879936913706e-10
2.462249367679465288e-10
2.462365739064886477e-10
2.462483943257551956e-10
2.462604002183951813e-10
2.462725883655593282e-10
2.462849568320585932e-10
2.462975025357352958e-10
2.463102240083852079e-10
2.463231226675891041e-10
2.463362021400790212e-10
2.463494672213518423e-10
2.463629196905076291e-10
2.463765577992587977e-10
2.463903822524045892e-10
2.464043898675330328e-10
2.464185789903242625e-10
2.464329468008782111e-10
2.464474937058782267e-10
2.464622129264964714e-10
2.464770296184798637e-10
2.464919265473135458e-10
2.465069048156292744e-10
2.465219644191257102e-10
2.465371025923312703e-10
2.465523183487917153e-10
2.465676114960634755e-10
2.465829804861193937e-10
2.465984275797681611e-10
2.466139517189216970e-10
2.466295500323120183e-10
2.466452210395753417e-10
2.466609640072092589e-10
2.466767795206094896e-10
2.466926470787662960e-10
2.467085023676425897e-10
2.467243382153343055e-10
2.467401632604608117e-10
2.467559716938567434e-10
2.467717627625809480e-10
2.467875407525456924e-10
2.468032976027104711e-10
2.468190296922162298e-10
2.468347291370391140e-10
2.468503647423370681e-10
2.468659324174538088e-10
2.468814349755892403e-10
2.468968703705466814e-10
2.469122291567507174e-10
2.469275222225038283e-10
2.469427492244019828e-10
2.469579043363639726e-10
2.469729916856901821e-10
2.469880117465618973e-10
2.470029593052183585e-10
2.470178337238205951e-10
2.470326400106577030e-10
2.470473772972313981e-10
2.470620001893172295e-10
2.470764496487187736e-10
2.470907006999582053e-10
2.471047667295475316e-10
2.471186472585078190e-10
2.471323404428466868e-10
2.471458551677246849e-10
2.471591790516128912e-10
2.471723122200359638e-10
2.471852641874734624e-10
2.471980214503673232e-10
2.472105781658445714e-10
2.472229475757846841e-10
2.472351198864519265e-10
2.472470969298445605e-10
2.472588860261387758e-10
2.472704857167256393e-10
2.472818979953999403e-10
2.472931255944633194e-10
2.473041566087601694e-10
2.473149981612668219e-10
2.473256596019779721e-10
2.473361381093805505e-10
2.473464296443929849e-10
2.473565307139556258e-10
2.473663438809072438e-10
2.473758696265428784e-10
2.473851126395290366e-10
2.473940762450490629e-10
2.474027603976493826e-10
2.474111546673476135e-10
2.474192783025125325e-10
2.474271219318909031e-10
2.474346888844917799e-10
2.474420366982334300e-10
2.474491670893295089e-10
2.474560790344542012e-10
2.474627878357250561e-10
2.474692865960274082e-10
2.474755748597294965e-10
2.474816573159734569e-10
2.474875235754535139e-10
2.474931921916860505e-10
2.474986566455365819e-10
2.475039183760925789e-10
2.475089857097334079e-10
2.475138518397966034e-10
2.475185055071752961e-10
2.475229684411390358e-10
2.475271919202741143e-10
2.475311331832099318e-10
2.475347820176160050e-10
2.475381436685412003e-10
2.475412199581610096e-10
2.475440145414970467e-10
2.475465294384416493e-10
2.475487562200657345e-10
2.475507129332995986e-10
2.475524112364061155e-10
2.475538972379835925e-10
2.475551989715345407e-10
2.475563038302473986e-10
2.475572137211457091e-10
2.475579409968691115e-10
2.475584794123073784e-10
2.475588283411193501e-10
2.475589863971984740e-10
2.475589578640788728e-10
2.475587502333492388e-10
2.475583557840436958e-10
2.475577852711645682e-10
2.475570381977417441e-10
2.475560930372890008e-10
2.475549759195733493e-10
2.475536589183982834e-10
2.475521177402550339e-10
2.475503476145241747e-10
2.475483489823204467e-10
2.475461268422135737e-10
2.475436810226876556e-10
2.475410129217606457e-10
2.475381230869640710e-10
2.475350269718308917e-10
2.475317055049262639e-10
2.475282369054001683e-10
2.475246295221519636e-10
2.475208748760220241e-10
2.475169877275520725e-10
2.475129633173103003e-10
2.475087946607490511e-10
2.475044902513795343e-10
2.475000518886918134e-10
2.474954791484663112e-10
2.474907738606540174e-10
2.474859422218510163e-10
2.474809693704754734e-10
2.474758655468579359e-10
2.474706381315794579e-10
2.474652794344246026e-10
2.474597994549523205e-10
2.474542126670035339e-10
2.474485127751547548e-10
2.474427065352175207e-10
2.474367946074060373e-10
2.474307847904618380e-10
2.474246698773463613e-10
2.474184502504445247e-10
2.474121350737181035e-10
2.474057156410291120e-10
2.473992320417479761e-10
2.473927164827515516e-10
2.473861659533712424e-10
2.473795840220642111e-10
2.473729766729652016e-10
2.473663374256104230e-10
2.473596713512787747e-10
2.473529773722573160e-10
2.473462509059447741e-10
2.473395015165135838e-10
2.473327251466635202e-10
2.473259226920243915e-10
2.473190958029455968e-10
2.473122438081493896e-10
2.473053661342755282e-10
2.472984655118678942e-10
2.472915531260213715e-10
2.472846476196705673e-10
2.472777555174920763e-10
2.472708712490241789e-10
2.472639937534697781e-10
2.472571287431727480e-10
2.472502776123873701e-10
2.472434369856790778e-10
2.472366108802091569e-10
2.472297924800507190e-10
2.472230103506661273e-10
2.472162725506350249e-10
2.472095848600680576e-10
2.472029431563797704e-10
2.471963517141086970e-10
2.471898077483238303e-10
2.471833099963960040e-10
2.471768587321013212e-10
2.471704560125345678e-10
2.471641016674206146e-10
2.471577922045063132e-10
2.471515297327093146e-10
2.471453103797283379e-10
2.471391434419981332e-10
2.471330201659832660e-10
2.471269421938233676e-10
2.471209155989680088e-10
2.471149818470300390e-10
2.471091347429436582e-10
2.471033758488394531e-10
2.470977015865822480e-10
2.470921204224276510e-10
2.470866251862707148e-10
2.470812181196881815e-10
2.470758934521233412e-10
2.470706632440969996e-10
2.470655087076491087e-10
2.470604341569815122e-10
2.470554265082269097e-10
2.470504983452219214e-10
2.470456383265345276e-10
2.470408498209818500e-10
2.470361332642605967e-10
2.470314916463598485e-10
2.470269191079043772e-10
2.470224168459899654e-10
2.470179813588095284e-10
2.470136223197647011e-10
2.470093322015739479e-10
2.470051100161493474e-10
2.470009559336833109e-10
2.469968688518335949e-10
2.469928585945280263e-10
2.469889393974829088e-10
2.469851310461347114e-10
2.469814399012541905e-10
2.469778643840223906e-10
2.469744021240498686e-10
2.469710485278165676e-10
2.469678129193643907e-10
2.469646870170024040e-10
2.469616737908053151e-10
2.469587671240620073e-10
2.469559668939361596e-10
2.469532478516701520e-10
2.469506228802297939e-10
2.469480804406316556e-10
2.469456301081117130e-10
2.469432613166163730e-10
2.469409785231188533e-10
2.469387829488272511e-10
2.469366744094870850e-10
2.469346488212663118e-10
2.469327047286992846e-10
2.469308453946619683e-10
2.469290750440620595e-10
2.469273824869449882e-10
2.469257733999411056e-10
2.469242413905572789e-10
2.469228013635334910e-10
2.469214484269235993e-10
2.469201927851791920e-10
2.469190339792770676e-10
2.469179775064527820e-10
2.469170179459022680e-10
2.469161543917800368e-10
2.469153848538481754e-10
2.469147152793491726e-10
2.469141361556232660e-10
2.469136552330426023e-10
2.469132526087524245e-10
2.469129154214590553e-10
2.469126408588931686e-10
2.469124281655493521e-10
2.469122757269985246e-10
2.469121821402389697e-10
2.469121525927271038e-10
2.469121827279714744e-10
2.469122715721737053e-10
2.469124168484984810e-10
2.469126226739684666e-10
2.469128889751300239e-10
2.469132100410868448e-10
2.469135878416041218e-10
2.469140198884812135e-10
2.469145147993477800e-10
2.469150610901658638e-10
2.469156618538051345e-10
2.469163071652149352e-10
2.469170038708657985e-10
2.469177475478436685e-10
2.469185355438766291e-10
2.469193694754203539e-10
2.469202483332938161e-10
2.469211750470191935e-10
2.469221438115877038e-10
2.469231543915217063e-10
2.469242098433156027e-10
2.469252829192677844e-10
2.469263658128818999e-10
2.469274582035013847e-10
2.469285632980847942e-10
2.469296759273530058e-10
2.469307989334986044e-10
2.469319297079041306e-10
2.469330730598597043e-10
2.469342227999036742e-10
2.469353823948327054e-10
2.469365495662605187e-10
2.469377267960805036e-10
2.469389115278082588e-10
2.469401044479002954e-10
2.469413051652862990e-10
2.469425132770672729e-10
2.469437299917954511e-10
2.469449395100523001e-10
2.469461246519168826e-10
2.469472815096225488e-10
2.469484160560957453e-10
2.469495265549189303e-10
2.469506063713591285e-10
2.469516610121851524e-10
2.469526925288256007e-10
2.469536945189232116e-10
2.469546712824730019e-10
2.469556197833085334e-10
2.469565346078842485e-10
2.469574066863715258e-10
2.469582421692718099e-10
2.469590403601610636e-10
2.469597957205894571e-10
2.469605147028552814e-10
2.469611946625861952e-10
2.469618367918942180e-10
2.469624373815567264e-10
2.469630012671268247e-10
2.469635291558439368e-10
2.469640139381940952e-10
2.469644627886249454e-10
2.469648724367331791e-10
2.469652469785517535e-10
2.469655775101017599e-10
2.469658731406062965e-10
2.469661251736674294e-10
2.469662953711863025e-10
2.469663922022309379e-10
2.469664170022430755e-10
2.469663630497805326e-10
2.469662312529221854e-10
2.469660270475888270e-10
2.469657450027607095e-10
2.469653901386176500e-10
2.469649561793196616e-10
2.469644524882410857e-10
2.469638724376386231e-10
2.469632252643486611e-10
2.469625111297541372e-10
2.469617226689697494e-10
2.469608711384140300e-10
2.469599500937503012e-10
2.469589602805991672e-10
2.469579030296874385e-10
2.469567812688622521e-10
2.469555923418191866e-10
2.469543323135980294e-10
2.469530090572624918e-10
2.469516248058279965e-10
2.469501665000151866e-10
2.469486475099992521e-10
2.469470619512379950e-10
2.469454169932159768e-10
2.469436983441340485e-10
2.469419034896113023e-10
2.469400145250752252e-10
2.469380246820584164e-10
2.469359378673555886e-10
2.469337585948086263e-10
2.469314811682036775e-10
2.469291079211206475e-10
2.469266423711657709e-10
2.469240793488531300e-10
2.469214230229455374e-10
2.469186776526786851e-10
2.469158464806212539e-10
2.469129520774715922e-10
2.469099827960717258e-10
2.469069456492795674e-10
2.469038413998383599e-10
2.469006681894661777e-10
2.468974259306473120e-10
2.468941151350756897e-10
2.468907403809478471e-10
2.468872981064033870e-10
2.468837845314130257e-10
2.468802074893151255e-10
2.468765705686052993e-10
2.468728569325598461e-10
2.468690841645777263e-10
2.468652463197325570e-10
2.468613454193022037e-10
2.468573754554531977e-10
2.468533363615561408e-10
2.468492151568104367e-10
2.468450042805164530e-10
2.468407115212000425e-10
2.468363373259523260e-10
2.468318782069042124e-10
2.468273370835483145e-10
2.468227117722932513e-10
2.468180078053849982e-10
2.468132207688223704e-10
2.468083524288841299e-10
2.468034171803947711e-10
2.467984227892774363e-10
2.467933789434507802e-10
2.467882802788346462e-10
2.467831313369607897e-10
2.467779291852257852e-10
2.467726737947196702e-10
2.467673708609118344e-10
2.467620150540294370e-10
2.467566060999448229e-10
2.467511483070902511e-10
2.467456440549127923e-10
2.467400827960738148e-10
2.467344758498575774e-10
2.467288218757558588e-10
2.467231151082577511e-10
2.467173611222710696e-10
2.467115586874060122e-10
2.467057111901193272e-10
2.466998058876316396e-10
2.466938523761065948e-10
2.466878479190652902e-10
2.466817895931480435e-10
2.466756799581272988e-10
2.466695219295872407e-10
2.466633111406346204e-10
2.466570510643113167e-10
2.466507409591533082e-10
2.466443822190219654e-10
2.466379750983787244e-10
2.466315317420961337e-10
2.466250651624283324e-10
2.466185713138830986e-10
2.466120533410288900e-10
2.466055128631958328e-10
2.465989453389142099e-10
2.465923545384318942e-10
2.465857402341914992e-10
2.465791024807869454e-10
2.465724396539043434e-10
2.465657543170591296e-10
2.465590480717350084e-10
2.465523145187593635e-10
2.465455604678552288e-10
2.465387843793292915e-10
2.465319850357371261e-10
2.465251633871370252e-10
2.465183199422037064e-10
2.465114583095332716e-10
2.465045860665757604e-10
2.464977113157927477e-10
2.464908391647970412e-10
2.464839620349391891e-10
2.464770807317069926e-10
2.464702032996800628e-10
2.464633228994602615e-10
2.464564374007679981e-10
2.464495565425176120e-10
2.464426725974152956e-10
2.464357867557739502e-10
2.464289101530576231e-10
2.464220458461536268e-10
2.464151954152250857e-10
