-5.303841729547876502e-13
-6.043311952199719363e-13
-6.741948304651208506e-13
-7.376613325077833242e-13
-7.923684211702472507e-13
-8.359247636237361301e-13
-8.659158544017934017e-13
-8.799154627527796670e-13
-8.754977400824983247e-13
-8.502696338536794779e-13
-8.018328108080226913e-13
-7.278520110361151086e-13
-6.260296866198509805e-13
-4.941270550333819603e-13
-3.299460856309180419e-13
-1.313261644544970894e-13
1.037504997949181119e-13
3.773184091190997751e-13
6.912237487543855519e-13
1.047341383116130819e-12
1.447419508798129901e-12
1.893078681808214934e-12
2.385825575236204507e-12
2.927187324965909739e-12
3.518493543595490609e-12
4.160998523965250063e-12
4.855903925413114296e-12
5.604296829527280707e-12
6.407200723423273408e-12
7.265410477211739300e-12
8.179685194540818298e-12
9.150838471235861854e-12
1.017929985226280302e-11
1.126564693385514820e-11
1.241029630236735580e-11
1.361350162348760832e-11
1.487544945953126583e-11
1.619640978736101137e-11
1.757609953253634111e-11
1.901480908260155608e-11
2.051230766657345994e-11
2.206822396638380656e-11
2.368247121492223571e-11
2.535467402935496794e-11
2.708444623958585226e-11
2.887097662958815791e-11
3.071397651415528449e-11
3.261282249027293943e-11
3.456669776588988596e-11
3.657497051315729587e-11
3.863683215640895368e-11
4.075127680514250612e-11
4.291755211294823075e-11
4.513470273833102035e-11
4.740158033291624068e-11
4.971736930323735290e-11
5.208102300691195863e-11
5.449122633595392648e-11
5.694696610412791339e-11
5.944722389658989849e-11
6.199065497078114447e-11
6.457600951552590719e-11
6.720231839691953279e-11
6.986838601803080447e-11
7.257276784109597699e-11
7.531427325460138542e-11
7.809197219155552615e-11
8.090437885856160285e-11
8.374998126706718089e-11
8.662778016221278088e-11
8.953678631208640575e-11
9.247544812272789183e-11
9.544252922795515847e-11
9.843696589252564244e-11
1.014574622379209124e-10
1.045028503388827832e-10
1.075719468796305798e-10
1.106636473730416808e-10
1.137767771366194644e-10
1.169103459309459473e-10
1.200631900692364033e-10
1.232341787997293496e-10
1.264222583406465595e-10
1.296267123552318976e-10
1.328464151118830446e-10
1.360801042403410158e-10
1.393271067092362847e-10
1.425867283643152803e-10
1.458579207392623145e-10
1.491398302159452767e-10
1.524316295798372086e-10
1.557324854324088669e-10
1.590418921967340076e-10
1.623593348635457847e-10
1.656837870100646800e-10
1.690146095474504224e-10
1.723512814908834982e-10
1.756933138004323922e-10
1.790405799125003001e-10
1.823921265006040739e-10
1.857473738666442433e-10
1.891060676848425438e-10
1.924678701453901309e-10
1.958328285315851793e-10
1.992002503915117409e-10
2.025695769762466164e-10
2.059407061628985349e-10
2.093134908382227343e-10
2.126879238975649077e-10
2.160639104095421070e-10
2.194409812064098530e-10
2.228189555450683999e-10
2.261979547431350813e-10
2.295777899800915214e-10
2.329586462201401061e-10
2.363406163101686656e-10
2.397235097620627350e-10
2.431073861402709403e-10
2.464922642399912116e-10
2.498781643850512511e-10
2.532653314167763679e-10
2.566541030233799341e-10
2.600443772730493226e-10
2.634363864827683432e-10
2.668301664189995536e-10
2.702258825385448765e-10
2.736237214471467007e-10
2.770242241842050047e-10
2.804274065484557945e-10
2.838335246374983617e-10
2.872427765739106088e-10
2.906552818600620928e-10
2.940712766692526392e-10
2.974911075053727913e-10
3.009152518046644574e-10
3.043436291750983162e-10
3.077769223062045974e-10
3.112149997358229608e-10
3.146582533664112541e-10
3.181066529293628089e-10
3.215607998449536493e-10
3.250209017375853740e-10
3.284870973217244473e-10
3.319600678277546531e-10
3.354395524332210409e-10
3.389259671859835388e-10
3.424191433461603214e-10
3.459196496595658292e-10
3.494277250527705565e-10
3.529432613231058076e-10
3.564670938320002903e-10
3.599988681979088456e-10
3.635388665138222340e-10
3.670869793263745183e-10
3.706431654320450779e-10
3.742081592940124272e-10
3.777813863559317061e-10
3.813635495356215887e-10
3.849547381189574457e-10
3.885545322712464531e-10
3.921632355036669721e-10
3.957802448412571725e-10
3.994059996782224361e-10
4.030406734619295578e-10
4.066835418303161766e-10
4.103352370976132175e-10
4.139955372390317458e-10
4.176641304401545151e-10
4.213411672275869816e-10
4.250259671178895577e-10
4.287185900142414853e-10
4.324191880674173535e-10
4.361268308195828709e-10
4.398417037300080975e-10
4.435637295507770655e-10
4.472924059706725894e-10
4.510276670414796143e-10
4.547691875211578549e-10
4.585161311276265299e-10
4.622686594440009084e-10
4.660263733936856383e-10
4.697883911049541195e-10
4.735546700975322489e-10
4.773249460487506242e-10
4.810985139389245830e-10
4.848751365264504869e-10
4.886543696662112095e-10
4.924353294106700933e-10
4.962178788866649763e-10
5.000016752208008166e-10
5.037855470049753566e-10
5.075691551005143303e-10
5.113523612185356472e-10
5.151342120325560558e-10
5.189141537703846674e-10
5.226920249791871076e-10
5.264668219050684422e-10
5.302378664009608788e-10
5.340051852873684954e-10
5.377678127134663861e-10
5.415244224973881885e-10
5.452749544145949411e-10
5.490192301625831921e-10
5.527555687870985291e-10
5.564839767587611905e-10
5.602042773384390820e-10
5.639150160957021293e-10
5.676157891161891679e-10
5.713069067551707922e-10
5.749868037913000436e-10
5.786539901319086855e-10
5.823088180132492164e-10
5.859511092630991309e-10
5.895788817263408480e-10
5.931921699447961837e-10
5.967913233232780898e-10
6.003746394372318645e-10
6.039415010763310810e-10
6.074923423280039013e-10
6.110267325442389436e-10
6.145419096126339645e-10
6.180381367962401050e-10
6.215161852106087702e-10
6.249741693864554580e-10
6.284113342067291974e-10
6.318282611934625802e-10
6.352249413225286105e-10
6.385992341648308404e-10
6.419512647727069918e-10
6.452824545807661979e-10
6.485905644590669600e-10
6.518738713726088436e-10
6.551328056480433555e-10
6.583688857098018932e-10
6.615794621819275879e-10
6.647643875082204594e-10
6.679243142311997226e-10
6.710598139107485721e-10
6.741684128504237652e-10
6.772500797741126475e-10
6.803065969772756113e-10
6.833374444131158022e-10
6.863398838280147681e-10
6.893142808076790132e-10
6.922624415324091171e-10
6.951832236120123008e-10
6.980753590567779851e-10
7.009392776027510297e-10
7.037767136975425738e-10
7.065859968180591128e-10
7.093661733685701060e-10
7.121174480378134687e-10
7.148427457546330584e-10
7.175400827657984539e-10
7.202082806367216845e-10
7.228476009194311042e-10
7.254603162087007669e-10
7.280451493951539434e-10
7.306012829832221793e-10
7.331290537317815319e-10
7.356306236227397977e-10
7.381048794705498031e-10
7.405507650354660797e-10
7.429684801945166093e-10
7.453603390152437178e-10
7.477268048114345600e-10
7.500659001007149388e-10
7.523779158568933108e-10
7.546641056345514890e-10
7.569260739651407857e-10
7.591619281835258583e-10
7.613720105247250076e-10
7.635569894646172022e-10
7.657193491872619798e-10
7.678571467173650633e-10
7.699701988668876110e-10
7.720588334878314327e-10
7.741258155804931889e-10
7.761709032348689695e-10
7.781932152349793982e-10
7.801929998051117977e-10
7.821713811656095083e-10
7.841300262003848262e-10
7.860677906605704461e-10
7.879849595791636655e-10
7.898818545329673719e-10
7.917610424995823825e-10
7.936215713380821620e-10
7.954631841822098347e-10
7.972860788635828327e-10
7.990914991005712001e-10
8.008814193400030810e-10
8.026548931906843785e-10
8.044120180897349626e-10
8.061530588288357466e-10
8.078795554677406394e-10
8.095921640665544106e-10
8.112906051987030561e-10
8.129749836317810347e-10
8.146458493424612010e-10
8.163052676181329800e-10
8.179527464006895187e-10
8.195880986110345811e-10
8.212115378274090201e-10
8.228239317165736750e-10
8.244269797891326414e-10
8.260203887001641332e-10
8.276042019765322651e-10
8.291785750043221070e-10
8.307443386459270151e-10
8.323025436475792147e-10
8.338531179378591147e-10
8.353962358891281782e-10
8.369318947437730381e-10
8.384613269856034538e-10
8.399852576411148717e-10
8.415033792168746150e-10
8.430158425999321952e-10
8.445226386185089803e-10
8.460247506939867546e-10
8.475229560955202951e-10
8.490172940029328022e-10
8.505078678679813820e-10
8.519946485511609024e-10
8.534781946059731946e-10
8.549590672697075875e-10
8.564374782879863901e-10
8.579134551370612146e-10
8.593870474366018758e-10
8.608587557607462211e-10
8.623292133574056021e-10
8.637981983320718757e-10
8.652657266311328905e-10
8.667318546836092641e-10
8.681967358518884911e-10
8.696608493223198089e-10
8.711244187959736117e-10
8.725874977271224459e-10
8.740500570153454633e-10
8.755121472834757667e-10
8.769738889936191671e-10
8.784354218851188558e-10
8.798968183290406007e-10
8.813580719546460159e-10
8.828191962329851738e-10
8.842804756846169823e-10
8.857418609895178035e-10
8.872030022564923820e-10
8.886638637625051937e-10
8.901244836407892726e-10
8.915848236452014312e-10
8.930448893126817914e-10
8.945045118078093220e-10
8.959636965806701806e-10
8.974224047728007313e-10
8.988806734751864362e-10
9.003383274338980942e-10
9.017950881473564212e-10
9.032506355283039143e-10
9.047049709229772272e-10
9.061580898540543959e-10
9.076100112209580560e-10
9.090608892893569311e-10
9.105098022477288259e-10
9.119563996359850188e-10
9.134007462080986072e-10
9.148426815317692976e-10
9.162823147476888589e-10
9.177192828149717345e-10
9.191528996003279064e-10
9.205831033115044604e-10
9.220097611140483686e-10
9.234330335879115604e-10
9.248528064028780023e-10
9.262685447209210268e-10
9.276792948855123183e-10
9.290849623083420360e-10
9.304855913370443608e-10
9.318812371629709186e-10
9.332721216372027671e-10
9.346576932414091847e-10
9.360366549592848205e-10
9.374088176315807861e-10
9.387743826509268440e-10
9.401334043444776752e-10
9.414857225795790596e-10
9.428309792920781133e-10
9.441680474779617327e-10
9.454968283669016955e-10
9.468174686118167526e-10
9.481300485917081822e-10
9.494346476910993710e-10
9.507308699775085786e-10
9.520171111930743772e-10
9.532933494853393443e-10
9.545595187236950482e-10
9.558159285251534897e-10
9.570630403274562981e-10
9.583005966607116488e-10
9.595269318222210570e-10
9.607417665417476545e-10
9.619452680783132267e-10
9.631371609268000518e-10
9.643181378821976245e-10
9.654885243819673398e-10
9.666463585209935006e-10
9.677917079368008198e-10
9.689244768468374472e-10
9.700448685284641712e-10
9.711525787105304945e-10
9.722491327310431675e-10
9.733329355169474887e-10
9.744029496714655486e-10
9.754590101025819713e-10
9.765012165447039833e-10
9.775298737944485661e-10
9.785458508344141182e-10
9.795492912732879415e-10
9.805385617397597685e-10
9.815132639128638402e-10
9.824736934391519970e-10
9.834200128093633834e-10
9.843517567945806211e-10
9.852708946694786929e-10
9.861761614321232888e-10
9.870667431305878018e-10
9.879426887157665218e-10
9.888039061224572715e-10
9.896508447395854799e-10
9.904839812303927211e-10
9.913046084378513605e-10
9.921105904470995392e-10
9.929018363090085214e-10
9.936781437689229488e-10
9.944400115748761723e-10
9.951872470261489085e-10
9.959213220433885032e-10
9.966425786205935059e-10
9.973498623165836921e-10
9.980428388760487327e-10
9.987217499158606150e-10
9.993866985186468900e-10
1.000037880173139096e-09
1.000676140137775277e-09
1.001302157667011479e-09
1.001914904316542163e-09
1.002514098436331838e-09
1.003100200376276232e-09
1.003673205958699659e-09
1.004233141654519096e-09
1.004781621449239973e-09
1.005318992858601622e-09
1.005844018726050693e-09
1.006356523335161039e-09
1.006856938156885043e-09
1.007345221175617466e-09
1.007821480025133590e-09
1.008287097227295287e-09
1.008742773750049681e-09
1.009187778534893710e-09
1.009621915810820453e-09
1.010045398172449720e-09
1.010458319819419860e-09
1.010860794810528167e-09
1.011253824541584339e-09
1.011637916671838466e-09
1.012012828008019110e-09
1.012378649924839430e-09
1.012735198441718160e-09
1.013082679752137942e-09
1.013421242280838398e-09
1.013751531530825038e-09
1.014074960585698430e-09
1.014390840124628065e-09
1.014699188369575657e-09
1.014999994268374246e-09
1.015293423464561882e-09
1.015579290027685801e-09
1.015857938407540392e-09
1.016130805329375310e-09
1.016397972403346779e-09
1.016659424521207704e-09
1.016915069765407649e-09
1.017165053794387472e-09
1.017409464109173526e-09
1.017648275000992373e-09
1.017882166002232743e-09
1.018111719557750701e-09
1.018336983374257499e-09
1.018558061487602946e-09
1.018774978740192185e-09
1.018987845649352114e-09
1.019196585475262559e-09
1.019401333356177952e-09
1.019603183011500714e-09
1.019802421020228810e-09
1.019998873882883118e-09
1.020192615918229557e-09
1.020383571509035442e-09
1.020571803802475530e-09
1.020757406807109451e-09
1.020940547423686386e-09
1.021121869646124216e-09
1.021301592137963508e-09
1.021479849564104589e-09
1.021656609984002080e-09
1.021831917688835085e-09
1.022005823575026694e-09
1.022178329618504596e-09
1.022349602622307265e-09
1.022520003390830570e-09
1.022689673422210482e-09
1.022858665386862312e-09
1.023027008024762853e-09
1.023194738663574619e-09
1.023361849764373509e-09
1.023528356428892566e-09
1.023694501796119505e-09
1.023860682864668476e-09
1.024026844593010943e-09
1.024192920650774355e-09
1.024358921508204112e-09
1.024524852836864083e-09
1.024690718362789338e-09
1.024856519762261387e-09
1.025022308057641570e-09
1.025188199042635116e-09
1.025354239789919335e-09
1.025520473122841335e-09
1.025686893332924310e-09
1.025853497323824434e-09
1.026020279100446818e-09
1.026187245211580373e-09
1.026354393001665139e-09
1.026521699228580265e-09
1.026689108809541581e-09
1.026856509993895896e-09
1.027023894524002553e-09
1.027191259257919393e-09
1.027358598539281782e-09
1.027525902141035837e-09
1.027693181252143303e-09
1.027860553600981465e-09
1.028028022889700551e-09
1.028195138535133123e-09
1.028361810886617212e-09
1.028528035972755299e-09
1.028693809967630258e-09
1.028859133611672132e-09
1.029023983284945326e-09
1.029188319136679662e-09
1.029352023570950150e-09
1.029514908168937950e-09
1.029676748751875759e-09
1.029837535817939881e-09
1.029997266587803457e-09
1.030155930365400783e-09
1.030313500883921698e-09
1.030470005063752445e-09
1.030625345311436015e-09
1.030779427954971893e-09
1.030931740351863786e-09
1.031082106336215867e-09
1.031230499775841622e-09
1.031376931468860165e-09
1.031521417897982574e-09
1.031663960854571864e-09
1.031804566672453383e-09
1.031943303803407758e-09
1.032080067888054163e-09
1.032214000042738901e-09
1.032345092001135918e-09
1.032473359370902601e-09
1.032598804970450092e-09
1.032721372655204508e-09
1.032841112687555000e-09
1.032958033902721087e-09
1.033072094962558452e-09
1.033183128944604422e-09
1.033290503814732003e-09
1.033394238042436707e-09
1.033494343874127503e-09
1.033590871337687839e-09
1.033683790939682780e-09
1.033773103872182988e-09
1.033858881520461736e-09
1.033941232445460372e-09
1.034019970117433780e-09
1.034094221499874776e-09
1.034163964353825796e-09
1.034229296235830911e-09
1.034290226515261522e-09
1.034346705518164087e-09
1.034398835174179780e-09
1.034446649951304340e-09
1.034490422438533431e-09
1.034530114837021782e-09
1.034564923840967462e-09
1.034594839766153450e-09
1.034619795507035564e-09
1.034639824100690481e-09
1.034654988646523280e-09
1.034665272340463214e-09
1.034670503307200293e-09
1.034671114376951649e-09
1.034667236021742481e-09
1.034658412223518533e-09
1.034644364999652959e-09
1.034625184213599939e-09
1.034600870968404820e-09
1.034571322659136856e-09
1.034536742159285901e-09
1.034497052622635674e-09
1.034452437156885101e-09
1.034403347739207747e-09
1.034349653819409846e-09
1.034290607960502014e-09
1.034226163085464243e-09
1.034156503088023833e-09
1.034081587479033970e-09
1.034001505642080681e-09
1.033916264662276106e-09
1.033825683666239552e-09
1.033730467547717331e-09
1.033630968377939202e-09
1.033526703407372041e-09
1.033417418701080372e-09
1.033303274296178847e-09
1.033184037893054501e-09
1.033059930370023992e-09
1.032930928888837402e-09
1.032797044920732067e-09
1.032658456898492284e-09
1.032515574877054391e-09
1.032368366047333367e-09
1.032216708158031735e-09
1.032060534175259835e-09
1.031899891638535037e-09
1.031734838147235127e-09
1.031565283935616633e-09
1.031391394401855155e-09
1.031213064698016318e-09
1.031030565211347790e-09
1.030844569637651897e-09
1.030654976431616258e-09
1.030461472122084205e-09
1.030264108070147538e-09
1.030062839081345923e-09
1.029857687097162096e-09
1.029648667631885434e-09
1.029435907414135274e-09
1.029219300366993643e-09
1.028999117453115725e-09
1.028776030526999802e-09
1.028549962108395656e-09
1.028320874190008502e-09
1.028088708209467223e-09
1.027853505587427402e-09
1.027615312423801951e-09
1.027374124385663724e-09
1.027129971396374986e-09
1.026882868304706196e-09
1.026632938141469369e-09
1.026380574856704507e-09
1.026125766473249933e-09
1.025868654617351212e-09
1.025609251570158898e-09
1.025347614556493058e-09
1.025083733278730546e-09
1.024817551345849355e-09
1.024549182461631198e-09
1.024278657154158856e-09
1.024005859419106239e-09
1.023731344150166255e-09
1.023455361868913584e-09
1.023177861327166581e-09
1.022898822189155174e-09
1.022618225825789691e-09
1.022336128380558344e-09
1.022052522049632436e-09
1.021767342034526216e-09
1.021480675020924444e-09
1.021192540021159910e-09
1.020903059817424947e-09
1.020612636924646116e-09
1.020321299220774614e-09
1.020029068700491230e-09
1.019735988201256839e-09
1.019442085398001498e-09
1.019147359347274020e-09
1.018851820575774878e-09
1.018555486011341720e-09
1.018258352306839895e-09
1.017960376034201569e-09
1.017661770660928895e-09
1.017362657604521291e-09
1.017063033852231869e-09
1.016763047980794690e-09
1.016462656919328849e-09
1.016161851700162531e-09
1.015860658229661941e-09
1.015559127625727780e-09
1.015257199281663746e-09
1.014954909235350984e-09
1.014652259594083803e-09
1.014349508790747357e-09
1.014046730414534264e-09
1.013743879075562771e-09
1.013440911907058789e-09
1.013137822626223674e-09
1.012834621857468611e-09
1.012531276391094669e-09
1.012227810143426597e-09
1.011924243201614993e-09
1.011620562167350186e-09
1.011316764084340366e-09
1.011012959379801441e-09
1.010709177634022309e-09
1.010405433950907365e-09
1.010101676937880247e-09
1.009797966885705962e-09
1.009494240342135201e-09
1.009190560109098215e-09
1.008886860003874193e-09
1.008583204491646801e-09
1.008279555240504562e-09
1.007975916688685052e-09
1.007672258609923014e-09
1.007368607259086187e-09
1.007064920289438594e-09
1.006761128371974566e-09
1.006457255540271704e-09
1.006153306323764249e-09
1.005849268907056028e-09
1.005545130602954412e-09
1.005240900425814808e-09
1.004936594968001631e-09
1.004632198127875571e-09
1.004327721446157137e-09
1.004023242141448981e-09
1.003718681009449692e-09
1.003413879800064933e-09
1.003108713386045335e-09
1.002803192876012934e-09
1.002497323114247589e-09
1.002191113979302069e-09
1.001884563695012802e-09
1.001577637347171806e-09
1.001270369402689148e-09
1.000962781216783304e-09
1.000654735814238496e-09
1.000346308924111889e-09
1.000037437129981435e-09
9.997278950838083382e-10
9.994177911695689972e-10
9.991071289330765049e-10
9.987958308419682637e-10
9.984839525859205198e-10
9.981714912227552319e-10
9.978584149541503886e-10
9.975447540563122766e-10
9.972304605576250539e-10
9.969155329131738304e-10
9.965998280712223503e-10
9.962833023149133488e-10
9.959658911160940358e-10
9.956474493135624974e-10
9.953281300525713173e-10
9.950078830305613864e-10
9.946866634916848913e-10
9.943645055510933418e-10
9.940414889179268162e-10
9.937174648971127274e-10
9.933925553024217060e-10
9.930668573028120074e-10
9.927402133940477136e-10
9.924124754662348222e-10
9.920835452028570740e-10
9.917532736721648294e-10
9.914218590271349817e-10
9.910892587994360031e-10
9.907553266499090886e-10
9.904202172144379847e-10
9.900839996331209867e-10
9.897464000923215347e-10
9.894076618526228906e-10
9.890677903098275878e-10
9.887266130979007388e-10
9.883841352945422325e-10
9.880403431540265411e-10
9.876951003894555548e-10
9.873485371004681003e-10
9.870006026707451222e-10
9.866512775885435362e-10
9.863006489759892754e-10
9.859486390032449143e-10
9.855952724117478635e-10
9.852405678566439840e-10
9.848846421011458812e-10
9.845273397787108339e-10
9.841686664045655764e-10
9.838085209371509260e-10
9.834468870055798696e-10
9.830837613647713724e-10
9.827191606798298377e-10
9.823530692562439133e-10
9.819855928170016654e-10
9.816165634288774105e-10
9.812460778352449787e-10
9.808742426070042630e-10
9.805010703466654858e-10
9.801266941535862664e-10
9.797511511306944869e-10
9.793741760238117708e-10
9.789957841974044059e-10
9.786159934445926575e-10
9.782348344606531900e-10
9.778522966852296170e-10
9.774682965919501282e-10
9.770829557199096922e-10
9.766962996660572681e-10
9.763081775878560011e-10
9.759187627926206167e-10
9.755281964126147592e-10
9.751363022754285549e-10
9.747432517135347158e-10
9.743489731549239455e-10
9.739534757540040834e-10
9.735567592936402184e-10
9.731588201455079913e-10
9.727597438944181665e-10
9.723593908629110022e-10
9.719578768327493073e-10
9.715552454795347135e-10
9.711513198763135323e-10
9.707463603048746829e-10
9.703404754629545094e-10
9.699335504308157988e-10
9.695256303377784108e-10
9.691167249994259880e-10
9.687068071240715925e-10
9.682958197572281227e-10
9.678838707845473563e-10
9.674709466068698302e-10
9.670569770527064228e-10
9.666420377316900965e-10
9.662261506015887055e-10
9.658092328547469944e-10
9.653915115708546729e-10
9.649731442758611500e-10
9.645540973811670749e-10
9.641343478834999978e-10
9.637139089477495604e-10
9.632928024882566346e-10
9.628709583053045603e-10
9.624484327421456652e-10
9.620252789523206442e-10
9.616013620179665866e-10
9.611768085743350241e-10
9.607516376370157695e-10
9.603256909993414684e-10
9.598991903148004095e-10
9.594722167809924847e-10
9.590446278466774080e-10
9.586166237069859087e-10
9.581882435482553381e-10
9.577593763689479486e-10
9.573301401221756569e-10
9.569005169279642335e-10
9.564704382835063463e-10
9.560400003784818029e-10
9.556091702561538429e-10
9.551779264147379248e-10
9.547462880739306776e-10
9.543143027298224886e-10
9.538820590147125953e-10
9.534495970019344595e-10
9.530169460470423463e-10
9.525840545783235925e-10
9.521509412530954083e-10
9.517176404242720306e-10
9.512841125971845349e-10
9.508503929086041860e-10
9.504164534089252664e-10
9.499823072934363051e-10
9.495479647338221983e-10
9.491134274693335815e-10
9.486786861414557993e-10
9.482438236294986279e-10
9.478089405244665166e-10
9.473740406544479428e-10
9.469391118251463163e-10
9.465041749347111265e-10
9.460691971436584647e-10
9.456341904226359632e-10
9.451991872300557621e-10
9.447641379723042358e-10
9.443290783333326244e-10
9.438940053101651116e-10
9.434588825717884231e-10
9.430237763378363041e-10
9.425886374098806667e-10
9.421534874634139810e-10
9.417183414883448138e-10
9.412831800293851577e-10
9.408480728161545911e-10
9.404130248340708725e-10
9.399780151383000931e-10
9.395430807232028864e-10
9.391082087430779297e-10
9.386733805319226165e-10
9.382386263203449023e-10
9.378039143968767401e-10
9.373692891547506418e-10
9.369347080984932158e-10
9.365001843908227545e-10
9.360657545397174844e-10
9.356314224655482199e-10
9.351972019422680273e-10
9.347630387469469828e-10
9.343289120085774609e-10
9.338948376561765174e-10
9.334607958609840985e-10
9.330267867022544467e-10
9.325928183931155628e-10
9.321588845812856315e-10
9.317249970539332852e-10
9.312911369659196162e-10
9.308573117855998811e-10
9.304235299530080627e-10
9.299897971418793799e-10
9.295561158232091176e-10
9.291225274545657940e-10
9.286889783200295019e-10
9.282554355247469305e-10
9.278219279748030794e-10
9.273884025709411882e-10
9.269549145218836756e-10
9.265214164639924499e-10
9.260879482122104290e-10
9.256544896457311042e-10
9.252210424104370992e-10
9.247876060644588706e-10
9.243541744748209663e-10
9.239207553671833058e-10
9.234872470268683793e-10
9.230537087110790177e-10
9.226200831656819422e-10
9.221864007548230787e-10
9.217526562194948875e-10
9.213188297146521966e-10
9.208849625436977374e-10
9.204510034562785150e-10
9.200169970464768338e-10
9.195829100014546798e-10
9.191487593815019940e-10
9.187145432530323959e-10
9.182802539620402800e-10
9.178459034357462961e-10
9.174114729983767668e-10
9.169769803290561291e-10
9.165424218591721240e-10
9.161077749524103011e-10
9.156729628287805288e-10
9.152379933713657434e-10
9.148028344637412892e-10
9.143675394537833995e-10
9.139320508789092814e-10
9.134964306366823842e-10
9.130606149024668219e-10
9.126246550449542194e-10
9.121885147092464621e-10
9.117522137175895565e-10
9.113157493123701357e-10
9.108791224989228365e-10
9.104423386187664644e-10
9.100053949642286820e-10
9.095682858876304594e-10
9.091309812050478470e-10
9.086934918133963429e-10
9.082557976787234028e-10
9.078179401272309237e-10
9.073798624280807622e-10
9.069416190397942201e-10
9.065031543052652881e-10
9.060645392504089616e-10
9.056256966881071513e-10
9.051866933906019503e-10
9.047474800400410697e-10
9.043080712170337695e-10
9.038684344099698562e-10
9.034285491755974784e-10
9.029884552333201935e-10
9.025481142555693257e-10
9.021075891474140003e-10
9.016668268421677967e-10
9.012258650626787675e-10
9.007846818359796147e-10
9.003432860103179533e-10
8.999016785041744559e-10
8.994598689235975761e-10
8.990178413439129561e-10
8.985756113716923094e-10
8.981331679097131825e-10
8.976905231571577012e-10
8.972477276022353235e-10
8.968047498287814810e-10
8.963616352386203466e-10
8.959183155580219187e-10
8.954748047400755652e-10
8.950310817731788057e-10
8.945871598005077905e-10
8.941430465428371104e-10
8.936987190028655256e-10
8.932542169222529218e-10
8.928094783350384563e-10
8.923645631362587600e-10
8.919194412456719066e-10
8.914741295379172818e-10
8.910286212286147012e-10
8.905829370536053084e-10
8.901371083232004029e-10
8.896911146337752544e-10
8.892449847133642357e-10
8.887987241347348325e-10
8.883523484404039593e-10
8.879058637443478670e-10
8.874592502775186022e-10
8.870125412664430520e-10
8.865656955417992923e-10
8.861187615339006643e-10
8.856716836404677234e-10
8.852245119306395497e-10
8.847772222199297789e-10
8.843298209013330222e-10
8.838823221863291910e-10
8.834346942271980817e-10
8.829869872798147979e-10
8.825391288667174653e-10
8.820912119819028419e-10
8.816432291445304136e-10
8.811952069975966757e-10
8.807471334727430792e-10
8.802990095041926814e-10
8.798508466342945028e-10
8.794026189990236440e-10
8.789543584933271518e-10
8.785060441539150634e-10
8.780576891397058103e-10
8.776092950786683862e-10
8.771608520455660187e-10
8.767123611477867527e-10
8.762638863027914418e-10
8.758154392700640174e-10
8.753670310659441786e-10
8.749186453597152846e-10
8.744702931682598719e-10
8.740219532780399929e-10
8.735736526789250597e-10
8.731253588880752544e-10
8.726771114397866228e-10
8.722288638753308140e-10
8.717806626447507825e-10
8.713324670108230767e-10
8.708843155106516646e-10
8.704361797174769656e-10
8.699880810880278203e-10
8.695400000345640293e-10
8.690919649279330371e-10
8.686439763809981295e-10
8.681960444547053980e-10
8.677481711575527677e-10
8.673003907979418186e-10
8.668527322673009439e-10
8.664051722703112390e-10
8.659577405995109767e-10
8.655103981749589122e-10
8.650631912800469560e-10
8.646160731162306217e-10
8.641690925225797199e-10
8.637222020258030289e-10
8.632754425124042514e-10
8.628287804920375836e-10
8.623822420149211110e-10
8.619358079183561185e-10
8.614894768989903042e-10
8.610432466997062703e-10
8.605971078045665512e-10
8.601510879742694921e-10
8.597052073214790427e-10
8.592594759027986997e-10
8.588138790198233075e-10
8.583684390282205477e-10
8.579231254324778735e-10
8.574779762067769968e-10
8.570329454091706541e-10
8.565880850543267264e-10
8.561433308540265001e-10
8.556987633902923950e-10
8.552542912569266881e-10
8.548100147387736047e-10
8.543658380939940907e-10
8.539218863613550392e-10
8.534780645812459123e-10
8.530344654339035218e-10
8.525910010388582591e-10
8.521477356919285595e-10
8.517046089264701395e-10
8.512616702834414087e-10
8.508188791309293474e-10
8.503762657994239699e-10
8.499338085841195933e-10
8.494915191636173945e-10
8.490493953931672923e-10
8.486074324968870270e-10
8.481656367961164825e-10
8.477239962583246804e-10
8.472825277277523256e-10
8.468412034339300020e-10
8.464000359044563879e-10
8.459589904010027797e-10
8.455180908903777938e-10
8.450773304074363291e-10
8.446367644600041440e-10
8.441963680194829084e-10
8.437561563113725673e-10
8.433161251243415259e-10
8.428762658240200562e-10
8.424365979134658461e-10
8.419970891769150180e-10
8.415577834321925704e-10
8.411186305623897427e-10
8.406796821973027865e-10
8.402408840521183284e-10
8.398022859343278813e-10
8.393638467196650150e-10
8.389255614085984084e-10
8.384873989584355399e-10
8.380493721529943857e-10
8.376114761583087876e-10
8.371737292951369473e-10
8.367361418692445683e-10
8.362987039819939049e-10
8.358614299507181376e-10
8.354243074481255432e-10
8.349873354048266862e-10
8.345505252095476376e-10
8.341138508397550133e-10
8.336773511528267746e-10
8.332409730136789009e-10
8.328047821669625198e-10
8.323687011628263001e-10
8.319328146724858688e-10
8.314970354180209947e-10
8.310614605841322141e-10
8.306259968603486365e-10
8.301907348543543504e-10
8.297555884428440125e-10
8.293206248361293984e-10
8.288857853046455110e-10
8.284511165155702155e-10
8.280165817866745194e-10
8.275822061595848476e-10
8.271479755645019212e-10
8.267138954542259807e-10
8.262799638441440448e-10
8.258461763676730575e-10
8.254125412884248864e-10
8.249790446842518884e-10
8.245457019288485853e-10
8.241125012160470398e-10
8.236794349140979747e-10
8.232464663141733710e-10
8.228136017680122067e-10
8.223808345786309957e-10
8.219481867211683849e-10
8.215157020954178017e-10
8.210833597408034696e-10
8.206511684599746724e-10
8.202191322113008339e-10
8.197872330192683638e-10
8.193555031517535182e-10
8.189239083638666783e-10
8.184924787157648945e-10
8.180611851906243628e-10
8.176300457270457384e-10
8.171990519626207695e-10
8.167681998700396979e-10
8.163375112181631090e-10
8.159069454011339653e-10
8.154765156538680205e-10
8.150461807554738092e-10
8.146159672349518952e-10
8.141858637453746775e-10
8.137559027060700125e-10
8.133260791571337002e-10
8.128963858690588858e-10
8.124668498002304190e-10
8.120374433338018330e-10
8.116081819449782203e-10
8.111790584270518916e-10
8.107500591591498926e-10
8.103212166545109286e-10
8.098924788990099558e-10
8.094639177018761606e-10
8.090354543365049360e-10
8.086071738866682399e-10
8.081789943752518505e-10
8.077509789917718330e-10
8.073230926434267418e-10
8.068953515556227863e-10
8.064677614976345462e-10
8.060403099804047898e-10
8.056130463603273562e-10
8.051859145118274589e-10
8.047589719512288845e-10
8.043321697960348403e-10
8.039055318778874607e-10
8.034790543046434696e-10
8.030527267347099031e-10
8.026265753838702161e-10
8.022005653661439657e-10
8.017747243678607900e-10
8.013490280492828636e-10
8.009234964709617575e-10
8.004981271955580980e-10
8.000728984498687051e-10
7.996478092660147140e-10
7.992228274760019276e-10
7.987979723120122323e-10
7.983732409339209950e-10
7.979486773479177493e-10
7.975243063915221036e-10
7.971001072127257371e-10
7.966761089358342347e-10
7.962522920263053468e-10
7.958286474942109291e-10
7.954052025275559995e-10
7.949819013058405282e-10
7.945588347130528810e-10
7.941359131647570297e-10
7.937131913186956604e-10
7.932906373054350784e-10
7.928682540796385823e-10
7.924460738413277685e-10
7.920240451148721722e-10
7.916022141543504907e-10
7.911805134959459402e-10
7.907589893041690675e-10
7.903376200028666241e-10
7.899164201308493996e-10
7.894954421473690049e-10
7.890746337402827312e-10
7.886540297874284622e-10
7.882336102108838340e-10
7.878133654322850941e-10
7.873933266512047374e-10
7.869734560199421377e-10
7.865538029839163442e-10
7.861343227671945643e-10
7.857150178185157546e-10
7.852959247935098811e-10
7.848769756800945097e-10
7.844582745993449025e-10
7.840397154358016418e-10
7.836213797046245301e-10
7.832032063849322169e-10
7.827852226533302410e-10
7.823674396645818069e-10
7.819498339958012501e-10
7.815324918870039283e-10
7.811153316536649122e-10
7.806984010681787631e-10
7.802816739788168249e-10
7.798651599031450749e-10
7.794488734771421754e-10
7.790327869276245238e-10
7.786169181546513287e-10
7.782012748578265270e-10
7.777858157999735350e-10
7.773706128744613169e-10
7.769555828496787042e-10
7.765407823158689854e-10
7.761261790757247506e-10
7.757117718856057981e-10
7.752975529389692478e-10
7.748834880978644242e-10
7.744696081438791191e-10
7.740558919275301837e-10
7.736423909385618521e-10
7.732291306240999950e-10
7.728160975212374092e-10
7.724033086918923409e-10
7.719907491336710693e-10
7.715783891028906766e-10
7.711662907375914222e-10
7.707544012658474237e-10
7.703427446191828745e-10
7.699313208089973573e-10
7.695200864989625383e-10
7.691091451511492252e-10
7.686983806651491275e-10
7.682878757856483765e-10
7.678775753283522308e-10
7.674674704390418657e-10
7.670576061010139131e-10
7.666479096006722833e-10
7.662384506231238978e-10
7.658291707786198946e-10
7.654201177548722199e-10
7.650113035035292011e-10
7.646027014467349197e-10
7.641943392279348688e-10
7.637861934155579874e-10
7.633782515346608130e-10
7.629705589099846250e-10
7.625630814806616415e-10
7.621558207270092202e-10
7.617488002771053098e-10
7.613419596436779134e-10
7.609354010343008916e-10
7.605290216100806307e-10
7.601228779346613929e-10
7.597169483336363826e-10
7.593112051961303431e-10
7.589057206038767737e-10
7.585003982038018465e-10
7.580953234227506783e-10
7.576904250904135577e-10
7.572857467797958714e-10
7.568813334535664348e-10
7.564771371976501575e-10
7.560731903488636295e-10
7.556694584978375372e-10
7.552659654810995504e-10
7.548627089503356088e-10
7.544596890504832654e-10
7.540568943559035142e-10
7.536543550320638373e-10
7.532520199453212544e-10
7.528499335871618246e-10
7.524480539056102115e-10
7.520464063662487532e-10
7.516450261150769483e-10
7.512438405942931088e-10
7.508428630844110094e-10
7.504420414898801184e-10
7.500414030166190838e-10
7.496409569140322681e-10
7.492406975908957185e-10
7.488406795518719053e-10
7.484408808077084125e-10
7.480413144793250621e-10
7.476419944069010681e-10
7.472429158286678368e-10
7.468440326387412474e-10
7.464454127373792544e-10
7.460470095963703354e-10
7.456488232781407774e-10
7.452508983062040388e-10
7.448531495289335023e-10
7.444557075920622950e-10
7.440584431803514556e-10
7.436613956885878497e-10
7.432646064864003565e-10
7.428679987156302764e-10
7.424716609846920068e-10
7.420754810950916042e-10
7.416794906187879356e-10
7.412837372690062990e-10
7.408881640527181463e-10
7.404928422802853096e-10
7.400977197356470714e-10
7.397028310778779963e-10
7.393081794103787966e-10
7.389137463173948508e-10
7.385195165734262137e-10
7.381255251518501299e-10
7.377317523970716369e-10
7.373381919785224106e-10
7.369448768925663325e-10
7.365517383964619941e-10
7.361588802665829862e-10
7.357662024748471157e-10
7.353737267608016512e-10
7.349815126579535973e-10
7.345894789996447870e-10
7.341976873485079661e-10
7.338060579232056985e-10
7.334146131966584143e-10
7.330233978736872224e-10
7.326323581118911303e-10
7.322415808879156807e-10
7.318510190205161068e-10
7.314606845503660495e-10
7.310706149359518074e-10
7.306807568245116117e-10
7.302911127749803862e-10
7.299017262691669582e-10
7.295125591542959451e-10
7.291236200859078320e-10
7.287349418654879180e-10
7.283464602422732616e-10
7.279582150284925944e-10
7.275702001655390680e-10
7.271823944111043591e-10
7.267948663125084568e-10
7.264075295206257106e-10
7.260203859299582172e-10
7.256334487374230174e-10
7.252466689345850702e-10
7.248600886011044131e-10
7.244736665687447968e-10
7.240874476802079985e-10
7.237015110458845801e-10
7.233157713822384659e-10
7.229302431792250905e-10
7.225449803546998280e-10
7.221599412643581370e-10
7.217751127297394441e-10
7.213905315009274014e-10
7.210061660569898460e-10
7.206220210201861914e-10
7.202381315945995249e-10
7.198544213275705927e-10
7.194710030673695589e-10
7.190877692752177690e-10
7.187047227260991763e-10
7.183219880657665889e-10
7.179394256775580399e-10
7.175570838984188588e-10
7.171749453922977678e-10
7.167929865875716881e-10
7.164112829543644021e-10
7.160297534465276182e-10
7.156484366190789346e-10
7.152673906826309117e-10
7.148865405323892546e-10
7.145059135007536968e-10
7.141255362942325918e-10
7.137453792641395449e-10
7.133654504477232791e-10
7.129857461607471957e-10
7.126062630924467423e-10
7.122270033892005120e-10
7.118479907132854087e-10
7.114691645177172319e-10
7.110906136036176121e-10
7.107122486058569878e-10
7.103340844378038698e-10
7.099562183710127589e-10
7.095785254014583475e-10
7.092010403744082827e-10
7.088237607434128983e-10
7.084466520117060788e-10
7.080697938791997724e-10
7.076930959048607279e-10
7.073166063116385498e-10
7.069404204858138759e-10
7.065644220105042834e-10
7.061886625849891954e-10
7.058131672405811283e-10
7.054379128013853783e-10
7.050628671721479437e-10
7.046880815614233490e-10
7.043135156478014969e-10
7.039391838788965143e-10
7.035651272519509086e-10
7.031912678703582692e-10
7.028176395116253194e-10
7.024442683301949018e-10
7.020711058197564566e-10
7.016982141036936368e-10
7.013255229209491700e-10
7.009530425002058666e-10
7.005808091149362494e-10
7.002087200500136041e-10
6.998368104329809617e-10
6.994651202530320063e-10
6.990936108313822404e-10
6.987223439955690014e-10
6.983513164880257899e-10
6.979805330162374719e-10
6.976099735489656894e-10
6.972396447012256032e-10
6.968695650027674563e-10
6.964997103380453221e-10
6.961301059717917460e-10
6.957607137892301618e-10
6.953915560122187587e-10
6.950226588562695730e-10
6.946539509336665639e-10
6.942855252099075325e-10
6.939173003606400827e-10
6.935492652861989934e-10
6.931815652674817979e-10
6.928140337698830570e-10
6.924466876039875643e-10
6.920796288967578447e-10
6.917127367056770971e-10
6.913460561022530110e-10
6.909796037458901988e-10
6.906133406985993632e-10
6.902473403810221476e-10
6.898815637544729399e-10
6.895160129941007092e-10
6.891507114478795758e-10
6.887856130595950297e-10
6.884207693200769796e-10
6.880561553728065122e-10
6.876917742959424066e-10
6.873276079204495835e-10
6.869636713689603238e-10
6.865999912391442101e-10
6.862365063271837298e-10
6.858732795951462322e-10
6.855102611451577981e-10
6.851474487190153551e-10
6.847849293544336396e-10
6.844225922227685767e-10
6.840604432100047607e-10
6.836985645160911155e-10
6.833368326002202138e-10
6.829752874651566712e-10
6.826139669081172472e-10
6.822528239785630179e-10
6.818919344142365431e-10
6.815312879660986146e-10
6.811708802162680538e-10
6.808106952905543696e-10
6.804507553169049025e-10
6.800910634117484598e-10
6.797315944042633447e-10
6.793723722680436396e-10
6.790133717136577027e-10
6.786546015578685869e-10
6.782961134454005689e-10
6.779378151465717767e-10
6.775797359048405774e-10
6.772219474539817760e-10
6.768643510155245907e-10
6.765069874233175085e-10
6.761498807454082977e-10
6.757929832910995107e-10
6.754362968916524946e-10
6.750797859532271006e-10
6.747234583138507712e-10
6.743673548122575288e-10
6.740114081260396999e-10
6.736556802043301718e-10
6.733002111994452299e-10
6.729449470860477193e-10
6.725899220170163405e-10
6.722351460847817470e-10
6.718805721148846383e-10
6.715262499644861379e-10
6.711721492224848958e-10
6.708182928796681042e-10
6.704646479915128413e-10
6.701112211282500893e-10
6.697580676220977473e-10
6.694051071163108656e-10
6.690523705512571393e-10
6.686998892744322213e-10
6.683476040120767441e-10
6.679955760016639246e-10
6.676437593490161800e-10
6.672921405724983175e-10
6.669407889074765747e-10
6.665895987691149725e-10
6.662385924454978480e-10
6.658878570139670588e-10
6.655372842637112983e-10
6.651869147571604148e-10
6.648368269115018709e-10
6.644869235216785254e-10
6.641372582050854231e-10
6.637878470275346137e-10
6.634386187459761907e-10
6.630896456801777995e-10
6.627408996080294095e-10
6.623923751215146487e-10
6.620440691316179923e-10
6.616959757062136776e-10
6.613481507309422076e-10
6.610005181220022583e-10
6.606530940594731264e-10
6.603059378046289219e-10
6.599589719578307614e-10
6.596122288974222869e-10
6.592657304017636323e-10
6.589194343024408654e-10
6.585733405345849316e-10
6.582274301032338345e-10
6.578816964690983168e-10
6.575361766007540347e-10
6.571908173940586923e-10
6.568456693763060315e-10
6.565007694197180918e-10
6.561560838184426705e-10
6.558116443740588026e-10
6.554674169621867448e-10
6.551234268453876936e-10
6.547796824254256035e-10
6.544361350556664787e-10
6.540928424896539959e-10
6.537497727689289401e-10
6.534069029013471293e-10
6.530643181864583389e-10
6.527219186548068015e-10
6.523797189079010122e-10
6.520378337338401442e-10
6.516961016616048779e-10
6.513545848775479904e-10
6.510133671132337827e-10
6.506723216156152406e-10
6.503314676157885762e-10
6.499908781991934138e-10
6.496504116418734776e-10
6.493101293316679103e-10
6.489700740085982968e-10
6.486301702180117172e-10
6.482904733806085470e-10
6.479510418261541289e-10
6.476117970459930227e-10
6.472727863212520540e-10
6.469340091305360183e-10
6.465954315609002917e-10
6.462570975723932392e-10
6.459189714892061798e-10
6.455810768444207457e-10
6.452434030022261686e-10
6.449059189568428617e-10
6.445687145329121414e-10
6.442316909978329758e-10
6.438948436970471334e-10
6.435583234166363923e-10
6.432219518825964644e-10
6.428857539164330517e-10
6.425498916552269163e-10
6.422141783111138142e-10
6.418786240663639685e-10
6.415433904449233335e-10
6.412082795676764219e-10
6.408733387947328832e-10
6.405386717900989918e-10
6.402041562859207350e-10
6.398698387938530983e-10
6.395357948931301567e-10
6.392019409979394183e-10
6.388683129936247528e-10
6.385349183194996228e-10
6.382017265283639993e-10
6.378687793527334811e-10
6.375360323676195757e-10
6.372035180602047987e-10
6.368712279272146249e-10
6.365391264945044217e-10
6.362072914692303900e-10
6.358756548705232393e-10
6.355442133631907399e-10
6.352130391714611763e-10
6.348820491383635054e-10
6.345512643357551454e-10
6.342207382135657375e-10
6.338904016962946223e-10
6.335602761228751583e-10
6.332303582115845873e-10
6.329006009467435123e-10
6.325710216478467775e-10
6.322416414396782287e-10
6.319124275915929347e-10
6.315834051837587670e-10
6.312546113492310765e-10
6.309260605282956870e-10
6.305977125694505689e-10
6.302695664160629624e-10
6.299416883567069469e-10
6.296140151576252194e-10
6.292865398618152379e-10
6.289593030482633878e-10
6.286323019677702797e-10
6.283054986046271504e-10
6.279788950601570989e-10
6.276525795579028932e-10
6.273264288268472325e-10
6.270004656097006737e-10
6.266748232218700721e-10
6.263493226557064563e-10
6.260240109076185003e-10
6.256990168615609488e-10
6.253741748919093827e-10
6.250495152488138996e-10
6.247251217808202333e-10
6.244008400306381015e-10
6.240767467150170934e-10
6.237528742440568313e-10
6.234291457405993111e-10
6.231056208203913846e-10
6.227823176877525544e-10
6.224592374856267071e-10
6.221363678229387395e-10
6.218136825327605519e-10
6.214912583494840479e-10
6.211690356758186362e-10
6.208469994466728906e-10
6.205251959030974141e-10
6.202036156347365914e-10
6.198822318501280354e-10
6.195610392357090603e-10
6.192401179479176607e-10
6.189193641810670329e-10
6.185987843224519963e-10
6.182785185348288185e-10
6.179583910002603676e-10
6.176384378130828652e-10
6.173188008041915307e-10
6.169993062178880478e-10
6.166799940634510795e-10
6.163609431527106852e-10
6.160420359033128085e-10
6.157232988415438268e-10
6.154047929738996955e-10
6.150864613255369153e-10
6.147683008562953163e-10
6.144503776986832609e-10
6.141326981889688647e-10
6.138151797762589043e-10
6.134978968360457930e-10
6.131808562433636438e-10
6.128639810274150222e-10
6.125473453449289188e-10
6.122309282546002807e-10
6.119147122529125300e-10
6.115987124261278501e-10
6.112829053774167655e-10
6.109673506297010574e-10
6.106519883438561273e-10
6.103368193110674100e-10
6.100218821045375523e-10
6.097071564509227705e-10
6.093926237230333234e-10
6.090782940198139120e-10
6.087642194335581481e-10
6.084503175067408197e-10
6.081365773565601980e-10
6.078230836420180714e-10
6.075097103103275133e-10
6.071964936664456086e-10
6.068835093048058762e-10
6.065706521451395858e-10
6.062579959826461017e-10
6.059455802015269624e-10
6.056333533006383511e-10
6.053213614697327481e-10
6.050095410166267696e-10
6.046979768378135131e-10
6.043866216730653881e-10
6.040754439170390350e-10
6.037644982576045054e-10
6.034537738898572196e-10
6.031432407411548696e-10
6.028329000706085194e-10
6.025228299344187390e-10
6.022129201797738633e-10
6.019031969942298087e-10
6.015937553599248604e-10
6.012844745308493115e-10
6.009753947407450391e-10
6.006665381276018735e-10
6.003579051259610547e-10
6.000494599058482187e-10
5.997411643272446588e-10
5.994331274521306353e-10
5.991252122645775756e-10
5.988174507762425408e-10
5.985099250152664568e-10
5.982025318105392963e-10
5.978953323178372662e-10
5.975883562998425892e-10
5.972815829927580020e-10
5.969750130224748847e-10
5.966686201547533153e-10
5.963624836044800313e-10
5.960565149999176882e-10
5.957507559680000345e-10
5.954452028141765631e-10
5.951398522795236816e-10
5.948347080189647760e-10
5.945297300262067880e-10
5.942250099937941043e-10
5.939204790487043698e-10
5.936161218774980005e-10
5.933119661529337028e-10
5.930080537475790930e-10
5.927043115314818900e-10
5.924007196832103431e-10
5.920974402516340533e-10
5.917942905122972137e-10
5.914912834045405772e-10
5.911885753778672327e-10
5.908859660091547944e-10
5.905835224454744952e-10
5.902813047951980160e-10
5.899792464025218595e-10
5.896773528969400067e-10
5.893756624214565625e-10
5.890742306812187388e-10
5.887729371934927014e-10
5.884718706106627704e-10
5.881710248684223059e-10
5.878703570001151598e-10
5.875699193181554595e-10
5.872696390590060856e-10
5.869695896891784313e-10
5.866697675694913915e-10
5.863701065842645597e-10
5.860706394842279496e-10
5.857714305657428341e-10
5.854723646455245024e-10
5.851734869402896156e-10
5.848748886722140599e-10
5.845764318840894241e-10
5.842781705594543930e-10
5.839801191483658612e-10
5.836822938138037512e-10
5.833846367566261584e-10
5.830871275775510507e-10
5.827898668768111115e-10
5.824927006788841418e-10
5.821956990130358966e-10
5.818989092776460535e-10
5.816022399606636205e-10
5.813057558119904155e-10
5.810094707331462647e-10
5.807134302641074279e-10
5.804175348306036754e-10
5.801218559981302562e-10
5.798264021277383290e-10
5.795311168487622837e-10
5.792360667895923350e-10
5.789411590251720592e-10
5.786464894924905113e-10
5.783520458449853484e-10
5.780577590964524363e-10
5.777636544003427823e-10
5.774698168355428085e-10
5.771761225681129581e-10
5.768826049830886031e-10
5.765893517975453319e-10
5.762962593309203331e-10
5.760033621215067737e-10
5.757106327419083966e-10
5.754181802530196840e-10
5.751258665754938379e-10
5.748336927385503352e-10
5.745417985884713109e-10
5.742499974275035092e-10
5.739583644141821155e-10
5.736669147601647241e-10
5.733756493253055818e-10
5.730845283524739406e-10
5.727935821249329719e-10
5.725028876607069533e-10
5.722123436872592341e-10
5.719220116613692912e-10
5.716318385261216717e-10
5.713419073177061247e-10
5.710521514774870255e-10
5.707625734544747493e-10
5.704732006299243846e-10
5.701840141733536298e-10
5.698950313510591730e-10
5.696062024863732850e-10
5.693176020581988804e-10
5.690292022520967236e-10
5.687409678422702364e-10
5.684528861759967480e-10
5.681650914062810323e-10
5.678774115788302766e-10
5.675899073774237786e-10
5.673026602105535056e-10
5.670155645140113982e-10
5.667286583363478752e-10
5.664418887270435899e-10
5.661553679616753792e-10
5.658689558289030393e-10
5.655826816498106681e-10
5.652966500513978695e-10
5.650107352343827253e-10
5.647249869641868591e-10
5.644394467124925584e-10
5.641541406193574778e-10
5.638689642985303458e-10
5.635840061559472554e-10
5.632992418418278912e-10
5.630146665775757041e-10
5.627302999408885072e-10
5.624460864187835880e-10
5.621620923063490731e-10
5.618782873273786760e-10
5.615946568059951945e-10
5.613112083473488792e-10
5.610279855982709864e-10
5.607449483263767321e-10
5.604620812950380072e-10
5.601793732569378511e-10
5.598969394284740487e-10
5.596146162261760167e-10
5.593324865858086081e-10
5.590505946503563503e-10
5.587688622137955847e-10
5.584873162084549720e-10
5.582059005695577075e-10
5.579247207258740533e-10
5.576436266160099961e-10
5.573626883954409578e-10
5.570819494485363714e-10
5.568013348151681796e-10
5.565208851071642161e-10
5.562405955190575898e-10
5.559605686245659044e-10
5.556806676582799907e-10
5.554009866626868070e-10
5.551214535408534104e-10
5.548421575848977485e-10
5.545630293824886314e-10
5.542840797132887055e-10
5.540053225952563933e-10
5.537267570382565014e-10
5.534483927379056342e-10
5.531701763004578084e-10
5.528921418638636993e-10
5.526143622749859482e-10
5.523367105185871363e-10
5.520592081922625845e-10
5.517819900295815345e-10
5.515048991435140521e-10
5.512279971794755680e-10
5.509512352804826414e-10
5.506747631257718426e-10
5.503984006657180470e-10
5.501221964557585881e-10
5.498462133990628673e-10
5.495703615100383155e-10
5.492946653254726899e-10
5.490190988583884479e-10
5.487437515596834406e-10
5.484685190222071614e-10
5.481934543273027405e-10
5.479185839567438984e-10
5.476439323981916187e-10
5.473694036215602532e-10
5.470950850893347074e-10
5.468209486548593323e-10
5.465469928440595021e-10
5.462732300433962032e-10
5.459996142183685199e-10
5.457262044405287272e-10
5.454529667790186746e-10
5.451799201747880493e-10
5.449070216579236794e-10
5.446343236222652840e-10
5.443618316774932835e-10
5.440894867645404534e-10
5.438172770443972012e-10
5.435453522752829210e-10
5.432735383961533280e-10
5.430019040037266032e-10
5.427304237276883509e-10
5.424592042722050152e-10
5.421880978237717470e-10
5.419171366152517978e-10
5.416464049785874969e-10
5.413757877826065119e-10
5.411053295858353058e-10
5.408349931879067052e-10
5.405648783639407324e-10
5.402948663120993880e-10
5.400250217402146008e-10
5.397553747382994717e-10
5.394859429613221786e-10
5.392166324620637052e-10
5.389475316787589623e-10
5.386786006105432647e-10
5.384098613848211155e-10
5.381413099604404063e-10
5.378729101738531627e-10
5.376047124017157824e-10
5.373366836072230066e-10
