2.323823738433141805e-08
2.508841557028496208e-08
2.688124778938696226e-08
2.861685053928078673e-08
3.029746424645122296e-08
3.192371222948454797e-08
3.349725811159632111e-08
3.501936883590707250e-08
3.649124685536737226e-08
3.791424992952090790e-08
3.928954257224666063e-08
4.061839513401997192e-08
4.190195894087541657e-08
4.314139831518710410e-08
4.433782566486143581e-08
4.549222542484577627e-08
4.660575393904652467e-08
4.767934881634853494e-08
4.871406235623731025e-08
4.971072908902401364e-08
5.067035288170685254e-08
5.159383183154703533e-08
5.248205489431551458e-08
5.333577824167308866e-08
5.415590895944107748e-08
5.494323891784316868e-08
5.569853838561751928e-08
5.642261559041824910e-08
5.711601411929739535e-08
5.777958518185383982e-08
5.841412130143025164e-08
5.902002073174823092e-08
5.959821566605645792e-08
6.014917331145998070e-08
6.067360810253798238e-08
6.117203861541302427e-08
6.164518225725925083e-08
6.209339592260385276e-08
6.251755459859627914e-08
6.291784633552738444e-08
6.329509695017351830e-08
6.364964731988258231e-08
6.398220950762587971e-08
6.429296997090439420e-08
6.458273244371555974e-08
6.485191436321409014e-08
6.510095800607116317e-08
6.533038860482238834e-08
6.554047738106588199e-08
6.573193252870842405e-08
6.590503110141349469e-08
6.606027681251248269e-08
6.619821578799036408e-08
6.631899766173555865e-08
6.642328678753633771e-08
6.651149757491218668e-08
6.658371910264416288e-08
6.664071353274903399e-08
6.668282993804330625e-08
6.671007926794586479e-08
6.672327145095828807e-08
6.672275904512664037e-08
6.670852285164118217e-08
6.668126539511725399e-08
6.664138653797102466e-08
6.658892887136695159e-08
6.652429827811904930e-08
6.644811820629317203e-08
6.636054902453266781e-08
6.626179204670216861e-08
6.615247033249498144e-08
6.603272781838857806e-08
6.590269399768540933e-08
6.576285879046228260e-08
6.561376844151245615e-08
6.545545960238301510e-08
6.528812596947732904e-08
6.511220475812046109e-08
6.492818735907796654e-08
6.473601518599851528e-08
6.453597798229821834e-08
6.432856125032310646e-08
6.411421269155297143e-08
6.389277705735025845e-08
6.366448716471683263e-08
6.343004510237164496e-08
6.318974426301674978e-08
6.294330288494661201e-08
6.269098504021364408e-08
6.243358358700157271e-08
6.217115365264056052e-08
6.190402379968155593e-08
6.163197834057337146e-08
6.135533324123633277e-08
6.107480851015555724e-08
6.079051630734963328e-08
6.050240573341298809e-08
6.021053057951373548e-08
5.991536109023593205e-08
5.961730080390995736e-08
5.931649062027112709e-08
5.901287333239104422e-08
5.870659637234197338e-08
5.839805738337596559e-08
5.808761455824610311e-08
5.777524522564008926e-08
5.746102691868897247e-08
5.714513422098934369e-08
5.682779243682934100e-08
5.650949494674557179e-08
5.619010829371876962e-08
5.586971793532816042e-08
5.554852532117572362e-08
5.522668277230963296e-08
5.490455538780614167e-08
5.458223020468496826e-08
5.425961168057244020e-08
5.393682027225328097e-08
5.361418111305595675e-08
5.329182906462917646e-08
5.297004132167170732e-08
5.264881469158038263e-08
5.232797222134639977e-08
5.200771850808000891e-08
5.168840376663602637e-08
5.137014285959158218e-08
5.105311482015027605e-08
5.073732277559480693e-08
5.042250614318032086e-08
5.010876413502889680e-08
4.979663667874354356e-08
4.948617253318327766e-08
4.917753744816628384e-08
4.887068314513133609e-08
4.856553434234243094e-08
4.826177136039548784e-08
4.795999453272388100e-08
4.766031829758392305e-08
4.736293000054001942e-08
4.706776633724449359e-08
4.677486788776504206e-08
4.648403980561581916e-08
4.619514159977310423e-08
4.590877852239788862e-08
4.562487250616853131e-08
4.534366303279491280e-08
4.506492839907204616e-08
4.478875436882689066e-08
4.451504112344920397e-08
4.424357344194843519e-08
4.397494342637450844e-08
4.370902315464759808e-08
4.344599718700455235e-08
4.318571872830780309e-08
4.292806543196701350e-08
4.267331267019692054e-08
4.242104632196521837e-08
4.217157878924254271e-08
4.192508966713231289e-08
4.168144705480239114e-08
4.144091137429595988e-08
4.120303812274768092e-08
4.096800020790211268e-08
4.073587121019317489e-08
4.050636932899351341e-08
4.027992555998635893e-08
4.005642579204383100e-08
3.983581507249594597e-08
3.961829947761500930e-08
3.940339593950080346e-08
3.919128076737010730e-08
3.898212516794796702e-08
3.877563196866368301e-08
3.857210008458328903e-08
3.837151375997414128e-08
3.817368783668445892e-08
3.797890355736493527e-08
3.778669971702271332e-08
3.759698086619701740e-08
3.741024323777183972e-08
3.722613692936513434e-08
3.704465640229694971e-08
3.686616672368657417e-08
3.669029709984267693e-08
3.651707385453457755e-08
3.634663854627349600e-08
3.617848267556341193e-08
3.601266649772819891e-08
3.584962488040081692e-08
3.568902214531133756e-08
3.553089517929870205e-08
3.537551411323868579e-08
3.522250691362128948e-08
3.507187445555132341e-08
3.492379159229386828e-08
3.477772029727008293e-08
3.463363851562865442e-08
3.449202154748500517e-08
3.435261611418048464e-08
3.421537012210258312e-08
3.408053702976118475e-08
3.394786465563261493e-08
3.381724000014867553e-08
3.368881763346922928e-08
3.356233646266228750e-08
3.343756184658329889e-08
3.331459553866658351e-08
3.319369862522437566e-08
3.307462760793244083e-08
3.295737791993191107e-08
3.284216179901789094e-08
3.272864561386755158e-08
3.261678494424738594e-08
3.250672608564842453e-08
3.239823843341132699e-08
3.229114291169662701e-08
3.218548552342617276e-08
3.208150542254415926e-08
3.197896584740966858e-08
3.187785413235690752e-08
3.177830467226582976e-08
3.168010628607713640e-08
3.158315717879232271e-08
3.148748210204421390e-08
3.139315195520993412e-08
3.129986899904282328e-08
3.120762315521830404e-08
3.111654733055017183e-08
3.102660119333501778e-08
3.093768319034831145e-08
3.084979038140038830e-08
3.076300333389085195e-08
3.067707598534244069e-08
3.059197985372868000e-08
3.050774918493374927e-08
3.042438872570182990e-08
3.034171172234370715e-08
3.025971222725442184e-08
3.017845248414320669e-08
3.009789794458176083e-08
3.001796749666428409e-08
2.993865313159218608e-08
2.985998664367374972e-08
2.978180575847276309e-08
2.970405858886498559e-08
2.962673939256343206e-08
2.954989833443414808e-08
2.947340887971137874e-08
2.939724737017380395e-08
2.932141195079296488e-08
2.924592427469809022e-08
2.917070247887641749e-08
2.909573481346689687e-08
2.902101810938542259e-08
2.894651276680839649e-08
2.887210384143324401e-08
2.879778147879610414e-08
2.872354389173951452e-08
2.864937934879759865e-08
2.857523132775311928e-08
2.850109427573187098e-08
2.842696809743172841e-08
2.835281473730763366e-08
2.827860129962987797e-08
2.820432738830749179e-08
2.812999237584787988e-08
2.805554683927236928e-08
2.798091025577549041e-08
2.790608171125616437e-08
2.783106204554490477e-08
2.775582852283993615e-08
2.768034002877328526e-08
2.760461740809621073e-08
2.752866326311329481e-08
2.745246831680867927e-08
2.737594128489840765e-08
2.729912374403903281e-08
2.722201936369226035e-08
2.714463000913051925e-08
2.706686430103374898e-08
2.698870111577799705e-08
2.691016027430116653e-08
2.683124423892423005e-08
2.675192645259903869e-08
2.667215665342977208e-08
2.659200494976966816e-08
2.651147450264377744e-08
2.643056782968266964e-08
2.634918139061714951e-08
2.626736263075169262e-08
2.618513890979990864e-08
2.610251206528016634e-08
2.601945624529064267e-08
2.593587211734786212e-08
2.585183406265912546e-08
2.576734606477075278e-08
2.568241058203556589e-08
2.559696681638125342e-08
2.551104905863089766e-08
2.542471514786185596e-08
2.533796866398790779e-08
2.525080968985962875e-08
2.516313622083388919e-08
2.507503320237908248e-08
2.498652518034055210e-08
2.489761479045470826e-08
2.480829001240122673e-08
2.471846239921697285e-08
2.462822068842964222e-08
2.453757297306350587e-08
2.444652253228518898e-08
2.435505123496932028e-08
2.426313587113283485e-08
2.417088211568955388e-08
2.407829274974973034e-08
2.398537132005803163e-08
2.389209221771050543e-08
2.379843093251428526e-08
2.370447315400277279e-08
2.361022069369638100e-08
2.351567590168669855e-08
2.342081999369827069e-08
2.332563721845976957e-08
2.323019505869898241e-08
2.313449511903347012e-08
2.303854035041418613e-08
2.294232538410460856e-08
2.284586787017941842e-08
2.274924894008374545e-08
2.265247216589614894e-08
2.255553897712220479e-08
2.245844757223863949e-08
2.236118929007085478e-08
2.226382720857381098e-08
2.216636649707857753e-08
2.206880762699240770e-08
2.197115160865653182e-08
2.187341206160254800e-08
2.177563050591513440e-08
2.167781504719766303e-08
2.157996607478287240e-08
2.148208485300441740e-08
2.138419556119747785e-08
2.128637069763728120e-08
2.118862807601930041e-08
2.109096714923337432e-08
2.099338803706617439e-08
2.089589717594504280e-08
2.079854599869951395e-08
2.070133676778006713e-08
2.060426816424142536e-08
2.050733948796420474e-08
2.041054959140140653e-08
2.031396219801293381e-08
2.021761650946578307e-08
2.012149267455931766e-08
2.002559006126881976e-08
1.992990786496410925e-08
1.983445843660846090e-08
1.973936517684348528e-08
1.964461112900975182e-08
1.955019139591083710e-08
1.945610329490439255e-08
1.936234519459801342e-08
1.926896619524023187e-08
1.917602823188114373e-08
1.908346590512260794e-08
1.899127682081259876e-08
1.889945890596734883e-08
1.880800964828664028e-08
1.871705530811293868e-08
1.862661259970502828e-08
1.853663039043276994e-08
1.844710752412646547e-08
1.835804045128594673e-08
1.826943049553717490e-08
1.818144169759413129e-08
1.809403581990158297e-08
1.800717772368880412e-08
1.792086515734948783e-08
1.783509392377284560e-08
1.774986961888584852e-08
1.766535278344612706e-08
1.758142915601120163e-08
1.749806145722739414e-08
1.741524574589391070e-08
1.733297888208592019e-08
1.725126777125060932e-08
1.717032720630131232e-08
1.709006198584375615e-08
1.701042847878350622e-08
1.693142454959036035e-08
1.685304805903943142e-08
1.677529846991479644e-08
1.669836690914984961e-08
1.662217573862297488e-08
1.654666730739077674e-08
1.647184014742587815e-08
1.639768841417612763e-08
1.632420673228954364e-08
1.625153759527582301e-08
1.617964296846711932e-08
1.610839914477208459e-08
1.603780650363070807e-08
1.596785877446718022e-08
1.589855110286305388e-08
1.582996943531803497e-08
1.576228029165421164e-08
1.569530651563410005e-08
1.562904547925228543e-08
1.556348894724599279e-08
1.549863753060043563e-08
1.543449818257483267e-08
1.537127458648391245e-08
1.530881769001257307e-08
1.524707665211035241e-08
1.518605289475283582e-08
1.512573637108503606e-08
1.506612545705891963e-08
1.500731944258967608e-08
1.494935509816262284e-08
1.489203969660275899e-08
1.483537459909881365e-08
1.477935084724719887e-08
1.472396712288184180e-08
1.466922992811393278e-08
1.461536396308949615e-08
1.456224623694516579e-08
1.450981862304946451e-08
1.445807169376885591e-08
1.440700583198382158e-08
1.435661674478199601e-08
1.430694269007800852e-08
1.425813120176434960e-08
1.420998800543667667e-08
1.416249888849805349e-08
1.411565562882480735e-08
1.406945697339075961e-08
1.402389715637514039e-08
1.397905484690367843e-08
1.393498071383926684e-08
1.389147431593086077e-08
1.384852877822942434e-08
1.380614253750463411e-08
1.376431309488703839e-08
1.372303633977463054e-08
1.368241910187292645e-08
1.364250791473153459e-08
1.360316100937925818e-08
1.356437481810108111e-08
1.352614960550761455e-08
1.348847935990981847e-08
1.345136435596234464e-08
1.341488231173686924e-08
1.337904077874222091e-08
1.334369975139240436e-08
1.330885630640516135e-08
1.327450983407136991e-08
1.324065578234200379e-08
1.320729044153742238e-08
1.317447180884418787e-08
1.314223034821335701e-08
1.311040496016120623e-08
1.307898947441741874e-08
1.304798127413855493e-08
1.301737788564066210e-08
1.298717918779687075e-08
1.295741006000466911e-08
1.292816452795509276e-08
1.289930962486945940e-08
1.287082944365389447e-08
1.284272243636536487e-08
1.281498714096817634e-08
1.278762171114548809e-08
1.276062674745648104e-08
1.273407604170297843e-08
1.270787188016509489e-08
1.268196633406005493e-08
1.265635785955665756e-08
1.263104479922864263e-08
1.260602462564516995e-08
1.258129756632450040e-08
1.255689244679019760e-08
1.253281218130204728e-08
1.250895215334367763e-08
1.248530966568855324e-08
1.246188460564415173e-08
1.243867460980896934e-08
1.241567846967668062e-08
1.239289796932118409e-08
1.237037356386528916e-08
1.234804253537678709e-08
1.232587597264265478e-08
1.230387276419188367e-08
1.228203196246873344e-08
1.226035235546699475e-08
1.223883327640547480e-08
1.221747805721731181e-08
1.219628642375441941e-08
1.217519236660645558e-08
1.215418869410577708e-08
1.213327475423562060e-08
1.211244966705084579e-08
1.209171272790879867e-08
1.207106322208522571e-08
1.205050098126442490e-08
1.203000602327577167e-08
1.200953807600677567e-08
1.198909596743862730e-08
1.196867942854646604e-08
1.194828820019346570e-08
1.192792202018860111e-08
1.190758062705437309e-08
1.188725251094247314e-08
1.186691281857132474e-08
1.184654853851727825e-08
1.182615953680461954e-08
1.180574562937631520e-08
1.178530690016969068e-08
1.176484318482205577e-08
1.174435426815643618e-08
1.172381993501562086e-08
1.170320978525015175e-08
1.168252396642532782e-08
1.166176218254854621e-08
1.164092510273522069e-08
1.162001199386518324e-08
1.159902387377325881e-08
1.157796075996523616e-08
1.155680380679200236e-08
1.153551540316471948e-08
1.151411193173398416e-08
1.149259365771871619e-08
1.147096237125770234e-08
1.144921815087842416e-08
1.142736124591338419e-08
1.140539162975267844e-08
1.138330113040226087e-08
1.136103599473390337e-08
1.133862234753275619e-08
1.131606713460472714e-08
1.129337176804307480e-08
1.127053680105122088e-08
1.124756270652633635e-08
1.122444952507794347e-08
1.120119810726542590e-08
1.117776099138561784e-08
1.115413717449782572e-08
1.113035514728943596e-08
1.110641753490456287e-08
1.108232453106336380e-08
1.105807621160539689e-08
1.103367296094754900e-08
1.100911662363541905e-08
1.098439372987653856e-08
1.095945235673975530e-08
1.093434123190169278e-08
1.090906883072538302e-08
1.088363740153198509e-08
1.085804754152331922e-08
1.083229901423971573e-08
1.080639287472671941e-08
1.078033014333031015e-08
1.075408043531272816e-08
1.072762645330910565e-08
1.070101919141750864e-08
1.067425921923566500e-08
1.064734891822392017e-08
1.062028785493607631e-08
1.059307646577657728e-08
1.056571654458683570e-08
1.053820749618252485e-08
1.051051244268389673e-08
1.048264474394416810e-08
1.045464339665547267e-08
1.042650957700155713e-08
1.039824185592104158e-08
1.036984306670447570e-08
1.034131281484866313e-08
1.031265132299480786e-08
1.028385886487641333e-08
1.025490699144057488e-08
1.022582052548552805e-08
1.019662933738405344e-08
1.016733521282214351e-08
1.013793668244827050e-08
1.010843616978838817e-08
1.007883337537424615e-08
1.004912876480513175e-08
1.001932258966587761e-08
9.989399979840792311e-09
9.959378611037808717e-09
9.929289598687327670e-09
9.899132481245066677e-09
9.868908434329063621e-09
9.838617214570953606e-09
9.808259489596315392e-09
9.777835401341649315e-09
9.747345480922834928e-09
9.716786663532553301e-09
9.686167073943342693e-09
9.655513588496309261e-09
9.624828226373573522e-09
9.594110517043122040e-09
9.563361337712540916e-09
9.532580469717710556e-09
9.501768376823231653e-09
9.470925262795618250e-09
9.440055515116065587e-09
9.409179889930064873e-09
9.378317034817917757e-09
9.347471315347647001e-09
9.316643323791986283e-09
9.285832652113906371e-09
9.255039418192186663e-09
9.224264029395246304e-09
9.193506143261874455e-09
9.162766809454159071e-09
9.132067467498810123e-09
9.101425478759659421e-09
9.070843603820231489e-09
9.040321660360324026e-09
9.009860358687042785e-09
8.979458574724470159e-09
8.949116615819751832e-09
8.918834210304937072e-09
8.888611304678562887e-09
8.858454201342212880e-09
8.828402191653577751e-09
8.798446527174557823e-09
8.768580864935985274e-09
8.738804416773868119e-09
8.709117159112566284e-09
8.679519226812711708e-09
8.650009770629393459e-09
8.620588498918083580e-09
8.591255962464023972e-09
8.562032613819471218e-09
8.532975961305508380e-09
8.504062410697049675e-09
8.475286541072320028e-09
8.446648781376744863e-09
8.418148592476169357e-09
8.389784766024492950e-09
8.361557207675399142e-09
8.333467179647190532e-09
8.305512621365299530e-09
8.277718534155373754e-09
8.250134495722949436e-09
8.222722338323859518e-09
8.195474804313211615e-09
8.168393489347801787e-09
8.141476407490642794e-09
8.114721890078060432e-09
8.088131667763305755e-09
8.061703551202370176e-09
8.035437349657744197e-09
8.009355144953446194e-09
7.983517320007365430e-09
7.957869245029130603e-09
7.932394576511324280e-09
7.907093325200511542e-09
7.881965316174710768e-09
7.857011440583802721e-09
7.832228534563356728e-09
7.807617950851459334e-09
7.783177389885097743e-09
7.758919474427846368e-09
7.734926738573428021e-09
7.711162346059950144e-09
7.687598203901681961e-09
7.664237326855890516e-09
7.641076197536206018e-09
7.618114207334897487e-09
7.595351242172426077e-09
7.572786786800552489e-09
7.550419619628442910e-09
7.528250787875355511e-09
7.506332885852759518e-09
7.484680997778482135e-09
7.463233010578932183e-09
7.441989220331705321e-09
7.420945428959617940e-09
7.400101171177959534e-09
7.379455298485244346e-09
7.359009397092403506e-09
7.338759889569929076e-09
7.318707809631618645e-09
7.298865697174713249e-09
7.279303257531362101e-09
7.259964646624406258e-09
7.240814383665277837e-09
7.221851743762766988e-09
7.203078568759618628e-09
7.184491998340506625e-09
7.166091750645002100e-09
7.147876032849496825e-09
7.129846497890273225e-09
7.112001119370334683e-09
7.094370138653342085e-09
7.077005529078586030e-09
7.059844583165284809e-09
7.042870423448900105e-09
7.026082399348033755e-09
7.009480845902597579e-09
6.993064395118647559e-09
6.976833129270049788e-09
6.960786576361878901e-09
6.944922586100868909e-09
6.929241677841383671e-09
6.913775077180384986e-09
6.898550612590475686e-09
6.883498968178951359e-09
6.868610486423480551e-09
6.853885222460655530e-09
6.839322248586243496e-09
6.824920464004332567e-09
6.810680256397932233e-09
6.796600822099204290e-09
6.782680501083466132e-09
6.768919329344241343e-09
6.755342278203103338e-09
6.741978375147372376e-09
6.728762810095090762e-09
6.715682560206565139e-09
6.702737134314810433e-09
6.689926035895689049e-09
6.677249271024387636e-09
6.664705956656981844e-09
6.652295464471751950e-09
6.640017441529011268e-09
6.627872462522499255e-09
6.615870297865758543e-09
6.604044789521452351e-09
6.592352537494354565e-09
6.580773368872815591e-09
6.569306857478039641e-09
6.557952572208844539e-09
6.546710077126034139e-09
6.535579197480879802e-09
6.524559883632908119e-09
6.513651057268190437e-09
6.502852262087637886e-09
6.492164119281391181e-09
6.481608722102705940e-09
6.471172333641979806e-09
6.460816309064027695e-09
6.450539312885502486e-09
6.440341020401700523e-09
6.430221103123773643e-09
6.420179228843911008e-09
6.410215465119938479e-09
6.400329192498546472e-09
6.390519975131239200e-09
6.380787465090134589e-09
6.371136767898251387e-09
6.361580730046621567e-09
6.352088469563047777e-09
6.342646580392429659e-09
6.333254876641268741e-09
6.323913301911646397e-09
6.314621536654013985e-09
6.305379371984297806e-09
6.296186612191440854e-09
6.287043059180244800e-09
6.277948512512067283e-09
6.268902769444485216e-09
6.259908227469845089e-09
6.250964124546311868e-09
6.242048948008858438e-09
6.233158884293430496e-09
6.224293836488912324e-09
6.215453577129114071e-09
6.206637972066433487e-09
6.197846885664467295e-09
6.189080193946047031e-09
6.180337772675220774e-09
6.171619451377798417e-09
6.162925073571391272e-09
6.154249444191010154e-09
6.145585717695211804e-09
6.136919825636516604e-09
6.128249850558193639e-09
6.119575558974452943e-09
6.110897066224546718e-09
6.102214347723012798e-09
6.093527341176161380e-09
6.084835919740312305e-09
6.076140129192012903e-09
6.067439919691811471e-09
6.058735241355299037e-09
6.050017269116556836e-09
6.041276281906341968e-09
6.032508712766592132e-09
6.023713947712695569e-09
6.014892267210413288e-09
6.006043479292383657e-09
5.997167736865010857e-09
5.988265139192656733e-09
5.979335458482767322e-09
5.970378787194613645e-09
5.961395402099685377e-09
5.952385333874719996e-09
5.943342707379502312e-09
5.934250937646348873e-09
5.925113790801870698e-09
5.915935262078795583e-09
5.906714617580274269e-09
5.897452244934763689e-09
5.888148739737782041e-09
5.878803736151208556e-09
5.869417732692520667e-09
5.859990635802958884e-09
5.850521960101294285e-09
5.841012561827614726e-09
5.831461977102010539e-09
5.821853103686226451e-09
5.812182031076182479e-09
5.802461490752628125e-09
5.792692313406068718e-09
5.782874586007762785e-09
5.773009276351210159e-09
5.763096038990484194e-09
5.753135275551509429e-09
5.743126458538314107e-09
5.733070287544484763e-09
5.722967007744824673e-09
5.712816434142416434e-09
5.702615325580742063e-09
5.692346315099389802e-09
5.682016946405055324e-09
5.671639688431485786e-09
5.661215136879334043e-09
5.650743461840550044e-09
5.640224693572573415e-09
5.629658488545972273e-09
5.619045415186359548e-09
5.608385771991123701e-09
5.597679837521442382e-09
5.586926765746001337e-09
5.576127816102414769e-09
5.565278673466242979e-09
5.554367660973719007e-09
5.543406140425854251e-09
5.532404533543109619e-09
5.521363997262310603e-09
5.510283976692173457e-09
5.499165275067796848e-09
5.488007205821083271e-09
5.476810107908479307e-09
5.465574500589429843e-09
5.454300469717589681e-09
5.442987584837721985e-09
5.431636731226435655e-09
5.420245926106490674e-09
5.408807566519540989e-09
5.397331096848827283e-09
5.385828256125040890e-09
5.374299133112850623e-09
5.362744273512860522e-09
5.351162781821076514e-09
5.339555513220863225e-09
5.327922605746744603e-09
5.316263751878073834e-09
5.304579472469596331e-09
5.292869416983178881e-09
5.281134051598872285e-09
5.269373223370609049e-09
5.257588239000731342e-09
5.245782572119036683e-09
5.233967617333718971e-09
5.222144092037140855e-09
5.210312382889420281e-09
5.198472380178201167e-09
5.186624347913272053e-09
5.174767900140306852e-09
5.162903532869557204e-09
5.151031132032609841e-09
5.139150888020137430e-09
5.127262679500501900e-09
5.115366585906452096e-09
5.103466308977478886e-09
5.091567410577215180e-09
5.079675098109992873e-09
5.067792630461995119e-09
5.055920065403350462e-09
5.044057331557057435e-09
5.032204473230052933e-09
5.020361483670971514e-09
5.008528280282892524e-09
4.996705045786332322e-09
4.984891604194603761e-09
4.973088003059094253e-09
4.961294341482575908e-09
4.949510869891580352e-09
4.937748319594132868e-09
4.926010842574142278e-09
4.914298035712829832e-09
4.902609096572085385e-09
4.890943927374156090e-09
4.879303322853412254e-09
4.867686414596190303e-09
4.856093435696031155e-09
4.844524497600012715e-09
4.832979179732619306e-09
4.821458064450095270e-09
4.809960401704476301e-09
4.798486462791068263e-09
4.787037966747893408e-09
4.775634832534046908e-09
4.764279974527725370e-09
4.752968626443515320e-09
4.741699069805877323e-09
4.730470614455178370e-09
4.719285549839294496e-09
4.708141465133092585e-09
4.697039081571520101e-09
4.685978686286090303e-09
4.674959166551747461e-09
4.663982201263355985e-09
4.653046121882518171e-09
4.642151379452541355e-09
4.631298925536442334e-09
4.620506898102733513e-09
4.609780760825689054e-09
4.599110331731443989e-09
4.588491483558905004e-09
4.577925986360845627e-09
4.567412292310699795e-09
4.556950212347735831e-09
4.546541230434510321e-09
4.536183186978219771e-09
4.525877490315647443e-09
4.515623562844149180e-09
4.505420821133469331e-09
4.495269293956547837e-09
4.485168836358460948e-09
4.475133050175469589e-09
4.465177309745145542e-09
4.455285620921664240e-09
4.445450153266841297e-09
4.435668501905536463e-09
4.425942614504274678e-09
4.416270676541921220e-09
4.406652877251674926e-09
4.397090421287432975e-09
4.387581367178625445e-09
4.378126623451137201e-09
4.368725717638303428e-09
4.359379421380025323e-09
4.350085986179607965e-09
4.340849488238560204e-09
4.331694178117110246e-09
4.322620466243252888e-09
4.313612026724464555e-09
4.304664222013255539e-09
4.295778412130003702e-09
4.286953399718902331e-09
4.278189094520980834e-09
4.269486515174339268e-09
4.260844066412693538e-09
4.252262758965676661e-09
4.243741333178746319e-09
4.235280631426706224e-09
4.226880047259650102e-09
4.218540320213152007e-09
4.210265208899011172e-09
4.202075869283693888e-09
4.193964599782827535e-09
4.185911927090881667e-09
4.177919037265077279e-09
4.169983053571381088e-09
4.162107432540857450e-09
4.154288410199963761e-09
4.146528531182704926e-09
4.138825478169023299e-09
4.131180609960735623e-09
4.123593171646427821e-09
4.116063473227420006e-09
4.108590505002264666e-09
4.101175040024059714e-09
4.093821046411462364e-09
4.086547749673782531e-09
4.079346139398161740e-09
4.072194785790373032e-09
4.065093998453283618e-09
4.058042151560463034e-09
4.051040796137184774e-09
4.044087953740635230e-09
4.037185749193287644e-09
4.030331939658728065e-09
4.023527778529741569e-09
4.016772275215813363e-09
4.010065631149236520e-09
4.003407881829542361e-09
3.996798480395509734e-09
3.990240446524393245e-09
3.983748218710860472e-09
3.977320373900310306e-09
3.970940016336842265e-09
3.964602342935100912e-09
3.958309553786776611e-09
3.952059025603286601e-09
3.945853010334093643e-09
3.939689337284555087e-09
3.933569630073149546e-09
3.927492335475088920e-09
3.921458282696130698e-09
3.915466891967079260e-09
3.909518027463554537e-09
3.903612056913826359e-09
3.897747958958329096e-09
3.891933106990661738e-09
3.886172291439902759e-09
3.880453063586862095e-09
3.874765226074927801e-09
3.869109198399855340e-09
3.863484120965933265e-09
3.857890885106759151e-09
3.852328270855792397e-09
3.846797496109388685e-09
3.841297228007273335e-09
3.835828186928510034e-09
3.830389784207327520e-09
3.824982078492816458e-09
3.819605143497109183e-09
3.814258368785604972e-09
3.808942800125363714e-09
3.803662801465905222e-09
3.798419498170736445e-09
3.793198231611749291e-09
3.787995885785059253e-09
3.782811443631778142e-09
3.777646182173229311e-09
3.772498698884772713e-09
3.767370011469422078e-09
3.762259154308128612e-09
3.757166773423491327e-09
3.752092306054554206e-09
3.747036085182976230e-09
3.741997816385130054e-09
3.736977694532380968e-09
3.731975234179600346e-09
3.726991077557860107e-09
3.722025823699345063e-09
3.717079393958100716e-09
3.712143224970844529e-09
3.707215671427857966e-09
3.702296279782805841e-09
3.697385647079516887e-09
3.692483102208141489e-09
3.687589071569966339e-09
3.682703170070436878e-09
3.677825597519393445e-09
3.672956222129448911e-09
3.668095060605474388e-09
3.663241991639241016e-09
3.658397084428336144e-09
3.653560175875531801e-09
3.648731303206602530e-09
3.643908422091027881e-09
3.639090833478968493e-09
3.634274339795132593e-09
3.629456746593813127e-09
3.624638208906730785e-09
3.619818682391090392e-09
3.614998062702627848e-09
3.610176416341639279e-09
3.605353784784490883e-09
3.600530036128072963e-09
3.595705304676717816e-09
3.590879375042561460e-09
3.586052423191859681e-09
3.581224396492226795e-09
3.576395210503907819e-09
3.571564956462959766e-09
3.566731760979147887e-09
3.561893164767397150e-09
3.557048266242405697e-09
3.552196426214334531e-09
3.547337694406395799e-09
3.542471557402534580e-09
3.537598550021669876e-09
3.532718569746986354e-09
3.527831387815233604e-09
3.522937312456448535e-09
3.518036174051146086e-09
3.513128045038365591e-09
3.508212890532157628e-09
3.503290733126981307e-09
3.498361618933502888e-09
3.493425687447047281e-09
3.488482427275960449e-09
3.483529025332192802e-09
3.478563588153558852e-09
3.473587649710666978e-09
3.468602467319454469e-09
3.463607489200553080e-09
3.458603305751560762e-09
3.453589919507889489e-09
3.448566819068992621e-09
3.443534580904731825e-09
3.438493021294384624e-09
3.433441980586509327e-09
3.428381795306117146e-09
3.423312381771274616e-09
3.418233660923470910e-09
3.413145594550973553e-09
3.408048483910542135e-09
3.402941907094527960e-09
3.397823176015252467e-09
3.392691257205376530e-09
3.387548691827951805e-09
3.382397349384761058e-09
3.377236703358924864e-09
3.372067322979579398e-09
3.366889246043894891e-09
3.361701899664652985e-09
3.356505900502622195e-09
3.351301102821461925e-09
3.346087345277587786e-09
3.340865007509698490e-09
3.335633711966216766e-09
3.330393691016424867e-09
3.325144980618856635e-09
3.319887605883075875e-09
3.314621548339008047e-09
3.309345778269109856e-09
3.304059927377272661e-09
3.298765725768864437e-09
3.293465970582092621e-09
3.288160833416402467e-09
3.282849914234097573e-09
3.277533649410174189e-09
3.272212029382838023e-09
3.266884739472545609e-09
3.261552130302092097e-09
3.256214124213672948e-09
3.250870700783413018e-09
3.245521894066338124e-09
3.240167694027982295e-09
3.234808233356697782e-09
3.229443469631043859e-09
3.224073259209990463e-09
3.218698285813610892e-09
3.213319504541263822e-09
3.207937427543314439e-09
3.202554833762974555e-09
3.197172286423097840e-09
3.191789834291275359e-09
3.186407478791767372e-09
3.181025212439499234e-09
3.175643075956200268e-09
3.170261098076966903e-09
3.164879122494896816e-09
3.159497422905918768e-09
3.154115859749339899e-09
3.148734354158162373e-09
3.143353076055777408e-09
3.137972002021310423e-09
3.132591057867703331e-09
3.127210285634053302e-09
3.121831793591756022e-09
3.116457665116924513e-09
3.111088392748257458e-09
3.105724963893568170e-09
3.100367320252918920e-09
3.095015434962461264e-09
3.089669507928774313e-09
3.084329429352358508e-09
3.078995147249503200e-09
3.073666604093084831e-09
3.068344020574787432e-09
3.063027229060380091e-09
3.057716233463130210e-09
3.052410932821259968e-09
3.047111658440870619e-09
3.041818049278490414e-09
3.036530284369856276e-09
3.031248209672720965e-09
3.025976038593827770e-09
3.020717514783428483e-09
3.015472660385520749e-09
3.010240449574301297e-09
3.005020379154069340e-09
2.999812649805562327e-09
2.994616989684578017e-09
2.989434194533013384e-09
2.984263316363153710e-09
2.979104708991062860e-09
2.973958267399523944e-09
2.968824450239651866e-09
2.963702547282116529e-09
2.958593021408358566e-09
2.953495361941924563e-09
2.948410330862114702e-09
2.943337245727945742e-09
2.938276383921842281e-09
2.933229843616958405e-09
2.928204934496718543e-09
2.923201048039004908e-09
2.918215134122469958e-09
2.913246932931130857e-09
2.908296308694581069e-09
2.903362752262474053e-09
2.898446380818157787e-09
2.893547243115078549e-09
2.888665882177828376e-09
2.883801418719061632e-09
2.878953991049477192e-09
2.874123924100157368e-09
2.869311020377822484e-09
2.864515160595811058e-09
2.859736423736057673e-09
2.854974572910537147e-09
2.850229723324581140e-09
2.845502299989192529e-09
2.840797839857831482e-09
2.836119892784223819e-09
2.831465887749639879e-09
2.826831095060406793e-09
2.822214835712745601e-09
2.817617189015720139e-09
2.813037909121367546e-09
2.808478169376639296e-09
2.803936537302824203e-09
2.799413422769921699e-09
2.794908763367423401e-09
2.790422626947610789e-09
2.785955331881382851e-09
2.781505996267978842e-09
2.777075388891913843e-09
2.772662830812253942e-09
2.768268698312012223e-09
2.763892853109730645e-09
2.759535955961232302e-09
2.755205453115041252e-09
2.750903502049397831e-09
2.746626406991532107e-09
2.742368879482614540e-09
2.738131073909723288e-09
2.733912489436318030e-09
2.729714023108257499e-09
2.725535331702083921e-09
2.721375846864976261e-09
2.717235867990118227e-09
2.713115308868229389e-09
2.709014160172538148e-09
2.704932876725243750e-09
2.700870593058831128e-09
2.696827695106781419e-09
2.692804189601000641e-09
2.688799554074464969e-09
2.684814596143021593e-09
2.680849123254595587e-09
2.676908038453653227e-09
2.672994001345728478e-09
2.669103759397633445e-09
2.665232253917944902e-09
2.661378248050603743e-09
2.657542242035442875e-09
2.653723741879207864e-09
2.649922947482915034e-09
2.646140627086877338e-09
2.642375605408933584e-09
2.638628163585874370e-09
2.634898156861816284e-09
2.631186193178796028e-09
2.627491307950313687e-09
2.623814448595045757e-09
2.620154606088509337e-09
2.616512438064065467e-09
2.612887641293555685e-09
2.609279959509539941e-09
2.605691599712796706e-09
2.602126669718747261e-09
2.598583994344471407e-09
2.595056825207857824e-09
2.591542872736167564e-09
2.588042557022173698e-09
2.584555927419090487e-09
2.581082355780105547e-09
2.577622122401635333e-09
2.574175126022297210e-09
2.570741304607619100e-09
2.567320876531545637e-09
2.563913724566143809e-09
2.560519811253098336e-09
2.557138733675937341e-09
2.553771019993308064e-09
2.550416401129395659e-09
2.547074615672399773e-09
2.543745984033315617e-09
2.540430407848725791e-09
2.537130872920522715e-09
2.533848545361384378e-09
2.530582560757541095e-09
2.527327493694200180e-09
2.524082921526281421e-09
2.520848630410908104e-09
2.517624431388657498e-09
2.514410622983842794e-09
2.511206929273248037e-09
2.508013336414439944e-09
2.504830139830155963e-09
2.501657177803525771e-09
2.498494346250557646e-09
2.495341540751176386e-09
2.492198652684904316e-09
2.489066265361662985e-09
2.485943715202482549e-09
2.482831107552598366e-09
2.479728632661069783e-09
2.476636129961200439e-09
2.473554948142358653e-09
2.470485331614908739e-09
2.467426740884355319e-09
2.464374945360167513e-09
2.461329517428639325e-09
2.458290628029704906e-09
2.455257948245974498e-09
2.452231466970190912e-09
2.449211354381116702e-09
2.446197419251344651e-09
2.443189646741047776e-09
2.440188313622294778e-09
2.437193085140385711e-09
2.434204073718388886e-09
2.431221253349559728e-09
2.428244463071623429e-09
2.425273855479984940e-09
2.422309495882745651e-09
2.419351105053157713e-09
2.416398808085703805e-09
2.413452700521957384e-09
2.410513237082891468e-09
2.407580423751172553e-09
2.404651213018682091e-09
2.401724378969672437e-09
2.398799911730295414e-09
2.395877772435821492e-09
2.392957959015776240e-09
2.390040603964724171e-09
2.387125563541670446e-09
2.384212820130335674e-09
2.381302414388177247e-09
2.378394308136384478e-09
2.375488483238257296e-09
2.372585006146611661e-09
2.369683848192236080e-09
2.366784939558956864e-09
2.363888305773195486e-09
2.360993967515066966e-09
2.358101862931127702e-09
2.355212051753165064e-09
2.352324533905884934e-09
2.349439231911146406e-09
2.346555971242835819e-09
2.343673433510673025e-09
2.340791447378173486e-09
2.337910021357542694e-09
2.335029166126420905e-09
2.332148855217985690e-09
2.329269086332013200e-09
2.326389865282176935e-09
2.323511191388410354e-09
2.320633053125192392e-09
2.317755447841057634e-09
2.314878402610868300e-09
2.312001892494446497e-09
2.309125908172196419e-09
2.306250453624800685e-09
2.303375533978318232e-09
2.300501133184907508e-09
2.297627249646765762e-09
2.294753906790268328e-09
2.291880890844730680e-09
2.289008114863730387e-09
2.286135503447479867e-09
2.283262656904623242e-09
2.280389530233371221e-09
2.277516116981983862e-09
2.274642423421420785e-09
2.271768450538053512e-09
2.268894198340277925e-09
2.266019666827514999e-09
2.263144855686015128e-09
2.260269765019134528e-09
2.257394395043842674e-09
2.254518741220138096e-09
2.251642806740627764e-09
2.248766592313068090e-09
2.245890098502816344e-09
2.243013325322735183e-09
2.240136272437051319e-09
2.237258939129633135e-09
2.234381315185296374e-09
2.231503595523010570e-09
2.228625971539879039e-09
2.225748430723740361e-09
2.222870967073585308e-09
2.219993584996135875e-09
2.217116281090480333e-09
2.214239062795515969e-09
2.211361931482770277e-09
2.208484888524680649e-09
2.205607935294573699e-09
2.202731058701034101e-09
2.199854273133592396e-09
2.196977581719632362e-09
2.194100996802363781e-09
2.191224507861227992e-09
2.188348109750086252e-09
2.185471811247434169e-09
2.182595613736545203e-09
2.179719518601540672e-09
2.176843515716799301e-09
2.173967612180812875e-09
2.171091925762242374e-09
2.168217716480458123e-09
2.165345256998323014e-09
2.162474555598355161e-09
2.159605803102767356e-09
2.156739018283885934e-09
2.153874217780138723e-09
2.151011397242706370e-09
2.148150553054638250e-09
2.145291675676473949e-09
2.142434764424590049e-09
2.139579818601445819e-09
2.136726837496058844e-09
2.133875822930521897e-09
2.131026776834812783e-09
2.128179693291219361e-09
2.125334571533400153e-09
2.122491410781944228e-09
2.119650210244640032e-09
2.116810984719273095e-09
2.113973722063018141e-09
2.111138437816613646e-09
2.108305286828725230e-09
2.105476067735104334e-09
2.102651001144634211e-09
2.099829942575559101e-09
2.097012654457677972e-09
2.094199112271765558e-09
2.091389310896270232e-09
2.088583255536309128e-09
2.085780985852711079e-09
2.082982450153594756e-09
2.080187637353933450e-09
2.077396542129310316e-09
2.074609159122324680e-09
2.071825482943460581e-09
2.069045508171045412e-09
2.066269247385710469e-09
2.063496691363957652e-09
2.060727820582566746e-09
2.057962629483752574e-09
2.055201112478917481e-09
2.052443263949354440e-09
2.049689099633394694e-09
2.046938756553920304e-09
2.044194155176283511e-09
2.041456234025625058e-09
2.038724865520895305e-09
2.035998951414849917e-09
2.033278196126201603e-09
2.030562595906085109e-09
2.027852130043655655e-09
2.025146791965598427e-09
2.022446575049464082e-09
2.019751472624185735e-09
2.017061477970554592e-09
2.014376584321302664e-09
2.011696784861950628e-09
2.009022072730869868e-09
2.006352464127792973e-09
2.003687976034903357e-09
2.001028555430233946e-09
1.998374195237585473e-09
1.995724888335904801e-09
1.993080627559719195e-09
1.990441405699198357e-09
1.987807215500919574e-09
1.985178751363961251e-09
1.982558806086003956e-09
1.979947589774666271e-09
1.977344476565761390e-09
1.974748154677003529e-09
1.972158532114720952e-09
1.969575551458268925e-09
1.966999203882622928e-09
1.964429480492820321e-09
1.961866372324994319e-09
1.959309874140672141e-09
1.956760031731497164e-09
1.954216779236025526e-09
1.951680107373538911e-09
1.949150006797144548e-09
1.946626468094726481e-09
1.944109481788966237e-09
1.941599038338500888e-09
1.939095128137840327e-09
1.936597741518463283e-09
1.934106868748838006e-09
1.931622500035456234e-09
1.929144652980411211e-09
1.926674051626225478e-09
1.924213004421527330e-09
1.921761681922046206e-09
1.919319199519142228e-09
1.916883783758571792e-09
1.914455262186846340e-09
1.912033580555476066e-09
1.909618727881156798e-09
1.907210693099479304e-09
1.904809465065777150e-09
1.902415032555602337e-09
1.900027384265469755e-09
1.897646508813580970e-09
1.895272394740506648e-09
1.892905030509517427e-09
1.890544416779297229e-09
1.888190576397339715e-09
1.885843453382087619e-09
1.883503035838042668e-09
1.881169311796190911e-09
1.878842269214643787e-09
1.876521895979320544e-09
1.874208188828854823e-09
1.871901343991746463e-09
1.869603700372173142e-09
1.867315729490360297e-09
1.865037195851534070e-09
1.862765561906677617e-09
1.860500183154604549e-09
1.858241050819031963e-09
1.855988190226658572e-09
1.853741581725213647e-09
1.851501190952053238e-09
1.849267008831465402e-09
1.847039026212061509e-09
1.844817233866952019e-09
1.842601622494770116e-09
1.840392182720002584e-09
1.838188905093723927e-09
1.835991780094113357e-09
1.833800798127219937e-09
1.831615958428749461e-09
1.829437326136000861e-09
1.827264805356283189e-09
1.825098386205956517e-09
1.822938058732094203e-09
1.820783812913103271e-09
1.818636287833874180e-09
1.816497121319784943e-09
1.814366412602606487e-09
1.812243429868009806e-09
1.810126113375689001e-09
1.808014211766290531e-09
1.805907716837046832e-09
1.803806620310733744e-09
1.801710913836011726e-09
1.799620588988263375e-09
1.797535638124505267e-09
1.795456106309123583e-09
1.793381928884946037e-09
1.791313097147892256e-09
1.789249602323240640e-09
1.787191435566486568e-09
1.785138587963724963e-09
1.783091050532208643e-09
1.781048814221092781e-09
1.779011869911786459e-09
1.776980281606190161e-09
1.774953976875862804e-09
1.772932933487037383e-09
1.770917142071614287e-09
1.768906965446302683e-09
1.766903423744569398e-09
1.764906590613230520e-09
1.762915924021024189e-09
1.760929299756319025e-09
1.758946492160862824e-09
1.756967494943212904e-09
1.754992301753806807e-09
1.753020920073686671e-09
1.751053384863878900e-09
1.749089631830291800e-09
1.747129654423112823e-09
1.745173446036539844e-09
1.743221000009173239e-09
1.741272309624410038e-09
1.739327401733008553e-09
1.737386280569761290e-09
1.735448892649097462e-09
1.733515231048621697e-09
1.731585288792906005e-09
1.729659058853944727e-09
1.727736534151733565e-09
1.725817707554497053e-09
1.723902591926899629e-09
1.721991241071828903e-09
1.720084447127641887e-09
1.718182429202385330e-09
1.716285161556514674e-09
1.714391203132049577e-09
1.712499796421273151e-09
1.710610938099363945e-09
1.708724624801527003e-09
1.706840854730908898e-09
1.704959741129383350e-09
1.703081169510355934e-09
1.701205125494749606e-09
1.699331605560429318e-09
1.697460606146858163e-09
1.695592132798214194e-09
1.693726201844252457e-09
1.691862779728344131e-09
1.690001862744192743e-09
1.688143447148609568e-09
1.686287529161999590e-09
1.684434110035411447e-09
1.682583244287440435e-09
1.680734865334203824e-09
1.678888976640978336e-09
1.677045563810509633e-09
1.675204708734112628e-09
1.673367126594171527e-09
1.671532784628481770e-09
1.669701609342883451e-09
1.667872560201241442e-09
1.666045401480283580e-09
1.664220123870919253e-09
1.662396709440141614e-09
1.660575155795506517e-09
1.658755460513643600e-09
1.656937697706730425e-09
1.655121825051440223e-09
1.653307800493672839e-09
1.651495621517754895e-09
1.649685286338465192e-09
1.647876823378567100e-09
1.646070197700071193e-09
1.644265406672098514e-09
1.642462447634818784e-09
1.640661317899657198e-09
1.638862068638136439e-09
1.637064664269775221e-09
1.635269079131843048e-09
1.633475310439532988e-09
1.631683355380265525e-09
1.629893267557908610e-09
1.628105574810866095e-09
1.626320313624141266e-09
1.624537468409360382e-09
1.622756374507379794e-09
1.620976668790852996e-09
1.619198349900732581e-09
1.617421463095967951e-09
1.615646024594065740e-09
1.613871966375933158e-09
1.612099287009544790e-09
1.610327985039279891e-09
1.608558086138405173e-09
1.606789567451992689e-09
1.605022438720435363e-09
1.603256680228937951e-09
1.601492317048393561e-09
1.599729354583455560e-09
1.597967756647650145e-09
1.596207521619289726e-09
1.594448647854683707e-09
1.592691160129111525e-09
1.590935062105783883e-09
1.589180318702471737e-09
1.587426928207138694e-09
1.585674888886386421e-09
1.583924631831326171e-09
1.582176599824502013e-09
1.580430806729295578e-09
1.578687188285043606e-09
1.576945123736785102e-09
1.575204568448933976e-09
1.573465537613644452e-09
1.571728028679116042e-09
1.569992010576806827e-09
1.568257482797018456e-09
1.566524523438939040e-09
1.564793119502587732e-09
1.563063201639189248e-09
1.561334769265498539e-09
1.559607863952873155e-09
1.557882450847654735e-09
1.556158520625139633e-09
1.554436089709412500e-09
1.552715218819190573e-09
1.550995845207664850e-09
1.549277949735375221e-09
1.547561531653661194e-09
1.545846619235711201e-09
1.544133204590821906e-09
1.542421288345727379e-09
1.540710844627086598e-09
1.539002440146428828e-09
1.537296619468618444e-09
1.535593315720786833e-09
1.533892499570644184e-09
1.532193658221249245e-09
1.530496751627930361e-09
1.528801805601741853e-09
1.527108799076358075e-09
1.525417697557427243e-09
1.523728521456096262e-09
1.522041430147942090e-09
1.520356248687501515e-09
1.518672965511378940e-09
1.516991625016260356e-09
1.515312204654825608e-09
1.513634701564430069e-09
1.511959107893527271e-09
1.510285532638434327e-09
1.508613846642405456e-09
1.506944048890965677e-09
1.505276172352111746e-09
1.503610267998832658e-09
1.501946246220233152e-09
1.500284105900456923e-09
1.498623909414019657e-09
1.496965650770655133e-09
1.495309498248513011e-09
1.493656465767568869e-09
1.492006560052821768e-09
1.490359676377260797e-09
1.488715267256746101e-09
1.487073084921122854e-09
1.485433142191473416e-09
1.483795565812991753e-09
1.482160252633298311e-09
1.480527128178127556e-09
1.478896240477370204e-09
1.477267629662737988e-09
1.475641203128910811e-09
1.474017006454481343e-09
1.472395120929342152e-09
1.470775471774897617e-09
1.469158033386826533e-09
1.467542854086683500e-09
1.465929849902215337e-09
1.464319018267259631e-09
1.462710497457825371e-09
1.461104211711613071e-09
1.459500092175907662e-09
1.457898151223780144e-09
1.456298440044734036e-09
1.454700957267458981e-09
1.453105642116327717e-09
1.451513296579464137e-09
1.449924616969773750e-09
1.448339671791356359e-09
1.446758375789342864e-09
1.445179878254371441e-09
1.443604089554226246e-09
1.442030965016067043e-09
1.440460485784849435e-09
1.438892933045630010e-09
1.437328048120533397e-09
1.435765775073362848e-09
1.434206242848992375e-09
1.432649380160583198e-09
1.431095125755710809e-09
1.429543699454562427e-09
1.427994936918984067e-09
1.426448863232493682e-09
1.424905494028153445e-09
1.423364741246548730e-09
1.421826591067993723e-09
1.420291268995789021e-09
1.418758596044490282e-09
1.417228515938849766e-09
1.415701096789746289e-09
1.414176383214547291e-09
1.412654289171042148e-09
1.411134863643977516e-09
1.409618602016136841e-09
1.408106190174785947e-09
1.406597869639665138e-09
1.405093420686746943e-09
1.403592009602563465e-09
1.402093370704570508e-09
1.400597578985417356e-09
1.399104789712343697e-09
1.397614732123947392e-09
1.396127424950730458e-09
1.394642995672981591e-09
1.393161268305099322e-09
1.391682354721358981e-09
1.390206379220888408e-09
1.388733165133811309e-09
1.387262723787859524e-09
1.385795010123434180e-09
1.384330063874011243e-09
1.382868006064334439e-09
1.381408664746612077e-09
1.379952025860696938e-09
1.378498313889489955e-09
1.377047278466957424e-09
1.375598925596073126e-09
1.374153468925202256e-09
1.372710738854443253e-09
1.371270679534918622e-09
1.369833449586482773e-09
1.368399714844499167e-09
1.366969991200360708e-09
1.365544242587596824e-09
1.364121910976217951e-09
1.362702149543484109e-09
1.361284832318897333e-09
1.359869995173610174e-09
1.358457508581778319e-09
1.357047631308999642e-09
1.355640266877725143e-09
1.354235246442886590e-09
1.352832726926260674e-09
1.351432598493771682e-09
1.350034893733244163e-09
1.348639709619590140e-09
1.347246998393706810e-09
1.345856704225266203e-09
1.344468771396519631e-09
1.343083252387972077e-09
1.341700283254952438e-09
1.340319639781242811e-09
1.338941411810755235e-09
1.337565680384504312e-09
1.336192268036162895e-09
1.334821312209637636e-09
1.333452801655913269e-09
1.332086624311558936e-09
1.330722926527861976e-09
1.329362432003889203e-09
1.328005642707670956e-09
1.326652492771270007e-09
1.325302561811273037e-09
1.323955059767407527e-09
1.322609885867454434e-09
1.321267026690335942e-09
1.319926424135227036e-09
1.318588413150512002e-09
1.317252640015976528e-09
1.315919164105021642e-09
1.314588027944233066e-09
1.313259115852857084e-09
1.311932693764270073e-09
1.310608605751100857e-09
1.309286798812837362e-09
1.307967252809596225e-09
1.306650012715683659e-09
1.305335190413977675e-09
1.304022564757410634e-09
1.302712367402317820e-09
1.301404413672241935e-09
1.300098672929343670e-09
1.298795405609805205e-09
1.297494346331421284e-09
1.296195536697809501e-09
1.294899038012876018e-09
1.293604805540046329e-09
1.292313307293757979e-09
1.291024782527834740e-09
1.289739440399454329e-09
1.288457082820346057e-09
1.287176988651701523e-09
1.285898883082842017e-09
1.284622878204092108e-09
1.283348785577297605e-09
1.282076686133116878e-09
1.280806509612958686e-09
1.279538246471913769e-09
1.278272177497309185e-09
1.277007957520334342e-09
1.275745703646551221e-09
1.274485375545910857e-09
1.273227013965216489e-09
1.271970646678990716e-09
1.270716261572739198e-09
1.269463783513253986e-09
1.268213191008935200e-09
1.266964656382773316e-09
1.265717969296573158e-09
1.264473264623519130e-09
1.263230513326428445e-09
1.261989618158856704e-09
1.260750752210166880e-09
1.259513752561781338e-09
1.258278641105159065e-09
1.257045465006593538e-09
1.255814610073762063e-09
1.254586314865956551e-09
1.253360552741364512e-09
1.252137307947623650e-09
1.250915681783604108e-09
1.249695457375432613e-09
1.248476774473660654e-09
1.247259508850132489e-09
1.246043655660568257e-09
1.244829211444675001e-09
1.243616144072927593e-09
1.242404677273548733e-09
1.241194539543382748e-09
1.239985840982795468e-09
1.238778506895847295e-09
1.237572640699563882e-09
1.236368233418735731e-09
1.235165231111415831e-09
1.233963584589857064e-09
1.232763390776135293e-09
1.231564609607236133e-09
1.230367208548677847e-09
1.229171277828422094e-09
1.227976663294909716e-09
1.226783545515474918e-09
1.225591784410317308e-09
1.224401385526882305e-09
1.223212422774005795e-09
1.222024850826729365e-09
1.220838902282192505e-09
1.219655068879334325e-09
1.218473341972514763e-09
1.217293684801837736e-09
1.216115726345551765e-09
1.214939190148460365e-09
1.213763973190956807e-09
1.212590104620507733e-09
1.211417504537576767e-09
1.210246364638665249e-09
1.209076563955401816e-09
1.207908070864971500e-09
1.206740894590220998e-09
1.205575043318532314e-09
1.204410641069611676e-09
1.203247518160777424e-09
1.202085708123667184e-09
1.200925221021770627e-09
1.199766100991149815e-09
1.198608330019822830e-09
1.197451880701734677e-09
1.196296684551066244e-09
1.195142939228859775e-09
1.193990418387211568e-09
1.192839290635743235e-09
1.191689428565655160e-09
1.190540933947428629e-09
1.189393763690733652e-09
1.188247867294363695e-09
1.187103289722223175e-09
1.185960380423679164e-09
1.184819330360541520e-09
1.183680208275251801e-09
1.182542897883638371e-09
1.181406986219761222e-09
1.180272377430168784e-09
1.179139093142687246e-09
1.178007011019258224e-09
1.176876175329636845e-09
1.175746565747555275e-09
1.174618344133554771e-09
1.173491280951198522e-09
1.172365499057559388e-09
1.171240900186455048e-09
1.170117668052703979e-09
1.168995644903988457e-09
1.167874841841124000e-09
1.166755272095505572e-09
1.165636958533228058e-09
1.164519937773401398e-09
1.163404120698791723e-09
1.162289512358892061e-09
1.161176196718231793e-09
1.160064040219081504e-09
1.158953208477516846e-09
1.157843526951428555e-09
1.156735158689737252e-09
1.155627948428212118e-09
1.154521960154412394e-09
1.153417214610667422e-09
1.152313981677245871e-09
1.151212542042823585e-09
1.150112952812734389e-09
