-5.641727646776271797e-10
-6.911318290214679329e-10
-8.293660905085358089e-10
-9.774694935534971248e-10
-1.133941441216657900e-09
-1.297263306110047084e-09
-1.465971857191381920e-09
-1.638701554562489633e-09
-1.814211308543237673e-09
-1.991409382440184028e-09
-2.169364757969505844e-09
-2.347288061720227663e-09
-2.524538748189081677e-09
-2.700601237078727814e-09
-2.875065162061322534e-09
-3.047614990349026877e-09
-3.218013588919122889e-09
-3.386063878583195643e-09
-3.551633310364280548e-09
-3.714603268920383574e-09
-3.874870509413709144e-09
-4.032359310609072470e-09
-4.186987146566951223e-09
-4.338679382184591321e-09
-4.487363880731782304e-09
-4.632969175196318625e-09
-4.775432303819285031e-09
-4.914684433820218180e-09
-5.050682672859675336e-09
-5.183381009936927162e-09
-5.312744318978444569e-09
-5.438751417465726824e-09
-5.561396391618351668e-09
-5.680663389752249595e-09
-5.796584484159128594e-09
-5.909148800744035354e-09
-6.018408023812212785e-09
-6.124360901269783464e-09
-6.227066950448761968e-09
-6.326551741156241882e-09
-6.422817461249821321e-09
-6.515939302039696618e-09
-6.605937723276853887e-09
-6.692811886659301760e-09
-6.776606457252418038e-09
-6.857357572348611553e-09
-6.935069606209275518e-09
-7.009772946683004078e-09
-7.081470459583607136e-09
-7.150161648366524834e-09
-7.215888138482753034e-09
-7.278672232020661057e-09
-7.338531680099049427e-09
-7.395489775386888501e-09
-7.449576652229655830e-09
-7.500831150879270236e-09
-7.549291623965444582e-09
-7.595007556276902358e-09
-7.638039365362501343e-09
-7.678442164817743403e-09
-7.716285689692361260e-09
-7.751647919061160391e-09
-7.784605975852253722e-09
-7.815230673380168102e-09
-7.843616635751941353e-09
-7.869849488697467304e-09
-7.894029441288459403e-09
-7.916241114991373393e-09
-7.936578937079891283e-09
-7.955133376524637645e-09
-7.971996220295793469e-09
-7.987250024748690647e-09
-8.000987110227715217e-09
-8.013289900478677957e-09
-8.024235592003459974e-09
-8.033904078847326005e-09
-8.042354821102408843e-09
-8.049670321105329767e-09
-8.055908152326899572e-09
-8.061133782937245710e-09
-8.065381145125101711e-09
-8.068724649580394500e-09
-8.071213291688022783e-09
-8.072866735570339060e-09
-8.073742709898611390e-09
-8.073878982717471786e-09
-8.073311577708996856e-09
-8.072049463917743409e-09
-8.070142396140477366e-09
-8.067622621581208670e-09
-8.064478998289139798e-09
-8.060763274878863118e-09
-8.056488613144898887e-09
-8.051653556292385563e-09
-8.046306176485106135e-09
-8.040419414025729937e-09
-8.034030450307127153e-09
-8.027166694637435946e-09
-8.019787410993015348e-09
-8.011943763845215400e-09
-8.003629418281453592e-09
-7.994847240642896418e-09
-7.985622513311486670e-09
-7.975930720757196669e-09
-7.965804550315385500e-09
-7.955232138650282426e-09
-7.944230840933508059e-09
-7.932804510936923674e-09
-7.920954016409134670e-09
-7.908693688813680738e-09
-7.896021067177781144e-09
-7.882950703144675343e-09
-7.869490696057657305e-09
-7.855644544191305486e-09
-7.841425708210423280e-09
-7.826841329816294521e-09
-7.811906740317480313e-09
-7.796625677766076724e-09
-7.781017088120626770e-09
-7.765087546285023672e-09
-7.748853651111912000e-09
-7.732326208324802702e-09
-7.715519462672242456e-09
-7.698447039868289759e-09
-7.681122524250666204e-09
-7.663561115573129931e-09
-7.645775451078583792e-09
-7.627782215465235681e-09
-7.609590917872117523e-09
-7.591220883835427601e-09
-7.572678558329092008e-09
-7.553987202038441269e-09
-7.535144471677367966e-09
-7.516182349359110715e-09
-7.497091820764596179e-09
-7.477903934245882854e-09
-7.458617200760792309e-09
-7.439244692830439230e-09
-7.419802299994750990e-09
-7.400288869788029202e-09
-7.380726072614660921e-09
-7.361103358755642655e-09
-7.341448640983484927e-09
-7.321752089595876648e-09
-7.302031919118050657e-09
-7.282289163053388821e-09
-7.262527094600879697e-09
-7.242755222999319807e-09
-7.222970281021711504e-09
-7.203183974202201218e-09
-7.183394453981989275e-09
-7.163606498088083641e-09
-7.143820485435378489e-09
-7.124042177981787182e-09
-7.104268845680055000e-09
-7.084504733595632390e-09
-7.064749754878120184e-09
-7.045001335407624910e-09
-7.025269558161527171e-09
-7.005545349357408706e-09
-6.985833391241709420e-09
-6.966133474238931886e-09
-6.946439704665322809e-09
-6.926765375164688177e-09
-6.907098191491568218e-09
-6.887439832480534970e-09
-6.867797827071493863e-09
-6.848162231716630000e-09
-6.828540052336419711e-09
-6.808927858735539413e-09
-6.789323097054678711e-09
-6.769735455884734549e-09
-6.750155287341257145e-09
-6.730585270730971897e-09
-6.711030550944215404e-09
-6.691486140528827928e-09
-6.671955293720234975e-09
-6.652439574844742855e-09
-6.632937613736969107e-09
-6.613452349114604558e-09
-6.593984187357994495e-09
-6.574533645001472842e-09
-6.555104952615231765e-09
-6.535695440734215889e-09
-6.516308732895126910e-09
-6.496948681971890943e-09
-6.477612559335422994e-09
-6.458303430298187132e-09
-6.439027327182462093e-09
-6.419779794641776977e-09
-6.400564595407222637e-09
-6.381387251573677591e-09
-6.362243447466534388e-09
-6.343137664044832128e-09
-6.324072845720316547e-09
-6.305049011941149492e-09
-6.286067312115768979e-09
-6.267129395867309565e-09
-6.248240652738138769e-09
-6.229396563628302434e-09
-6.210598522334588303e-09
-6.191856665664233984e-09
-6.173160444058583293e-09
-6.154513094218362207e-09
-6.135926120436634328e-09
-6.117387916379843579e-09
-6.098900926038373871e-09
-6.080475553558638430e-09
-6.062102210904359981e-09
-6.043783871862631719e-09
-6.025521298852696451e-09
-6.007320119348680064e-09
-5.989172104775715020e-09
-5.971077420699727493e-09
-5.953048801618678580e-09
-5.935072467597936468e-09
-5.917151354664945034e-09
-5.899291217348262712e-09
-5.881488388532768730e-09
-5.863740731814044310e-09
-5.846046599902877253e-09
-5.828417444374203242e-09
-5.810839400769785838e-09
-5.793315277991370628e-09
-5.775850511686081184e-09
-5.758441216672098412e-09
-5.741085140885811107e-09
-5.723780717289289180e-09
-5.706538590120026956e-09
-5.689345446951112973e-09
-5.672205376450289123e-09
-5.655118191073566089e-09
-5.638089291705103232e-09
-5.621109025575250286e-09
-5.604178837117990435e-09
-5.587306026413478980e-09
-5.570483892971445490e-09
-5.553711954243735616e-09
-5.536988361664423525e-09
-5.520323978503340104e-09
-5.503705720779989310e-09
-5.487138788212276088e-09
-5.470619264304632075e-09
-5.454159622601168362e-09
-5.437744681745133176e-09
-5.421380330976920331e-09
-5.405063283001366203e-09
-5.388806487689319766e-09
-5.372594260686443180e-09
-5.356431573456643069e-09
-5.340317205544046076e-09
-5.324262523426302073e-09
-5.308252410152213981e-09
-5.292292009617976345e-09
-5.276379858953403659e-09
-5.260527802459443658e-09
-5.244720573104811589e-09
-5.228963076401413791e-09
-5.213253604071627690e-09
-5.197605337351011709e-09
-5.182001072245508852e-09
-5.166447583499739603e-09
-5.150941950550718447e-09
-5.135497079730072063e-09
-5.120095735541142234e-09
-5.104746297440611611e-09
-5.089443848916855938e-09
-5.074201142512080751e-09
-5.059004256813226676e-09
-5.043857819363880118e-09
-5.028758091295966080e-09
-5.013715496496243813e-09
-4.998723273525230947e-09
-4.983778207514171317e-09
-4.968881540059636562e-09
-4.954035237307331767e-09
-4.939245752697439461e-09
-4.924500068539971010e-09
-4.909804216622718260e-09
-4.895153925380417062e-09
-4.880561960232820729e-09
-4.866014085318105675e-09
-4.851514713017200037e-09
-4.837060318160195244e-09
-4.822658540496619472e-09
-4.808308291528051518e-09
-4.794001745183165506e-09
-4.779742344435061576e-09
-4.765527410743111791e-09
-4.751368980580900311e-09
-4.737252402798159996e-09
-4.723182466748747020e-09
-4.709156127088592072e-09
-4.695178153028559420e-09
-4.681252114068823504e-09
-4.667366959081998147e-09
-4.653527973122015804e-09
-4.639730529022991488e-09
-4.625986208537474303e-09
-4.612285803609490603e-09
-4.598627905435669354e-09
-4.585013842511087710e-09
-4.571441804188034714e-09
-4.557923863147951361e-09
-4.544444671575569784e-09
-4.531009033480350921e-09
-4.517615351075388692e-09
-4.504264367985618900e-09
-4.490967052512702293e-09
-4.477705758954499924e-09
-4.464488624137804969e-09
-4.451311507015253086e-09
-4.438178682464142078e-09
-4.425096243533258303e-09
-4.412050016142008081e-09
-4.399047396002550864e-09
-4.386083381094420311e-09
-4.373164512616826248e-09
-4.360293872429918031e-09
-4.347459093494815008e-09
-4.334667282762305720e-09
-4.321913347021497409e-09
-4.309203514116748135e-09
-4.296541903288396057e-09
-4.283915153731424082e-09
-4.271330634389155665e-09
-4.258784085465707183e-09
-4.246278744780659862e-09
-4.233823494761559526e-09
-4.221401715349140333e-09
-4.209021005174929508e-09
-4.196678485426419672e-09
-4.184374880184177885e-09
-4.172121240967544068e-09
-4.159901824039012418e-09
-4.147721203978176050e-09
-4.135579486657789872e-09
-4.123474392611150227e-09
-4.111417061346453156e-09
-4.099396948448578909e-09
-4.087412983196107694e-09
-4.075468490250115309e-09
-4.063558808205548965e-09
-4.051692932262922674e-09
-4.039869415648986479e-09
-4.028079074806818302e-09
-4.016327855977955356e-09
-4.004611790431519240e-09
-3.992932803751075322e-09
-3.981301270791429003e-09
-3.969702098795779193e-09
-3.958139105271117738e-09
-3.946613074183596755e-09
-3.935120643917784542e-09
-3.923671373323462043e-09
-3.912261600639276181e-09
-3.900883923176243235e-09
-3.889543694650138801e-09
-3.878237347506317242e-09
-3.866966169136105426e-09
-3.855740016315309332e-09
-3.844546161941472081e-09
-3.833385963596394287e-09
-3.822262378321726479e-09
-3.811170487615774404e-09
-3.800116650026086869e-09
-3.789106562041394833e-09
-3.778125199445593135e-09
-3.767178410432336248e-09
-3.756266232438800437e-09
-3.745385309807290929e-09
-3.734544990005527953e-09
-3.723743041684795374e-09
-3.712970148530773683e-09
-3.702231907808444083e-09
-3.691527046962027269e-09
-3.680853259312357526e-09
-3.670220585893922289e-09
-3.659622419920742294e-09
-3.649054149609440064e-09
-3.638520174436672237e-09
-3.628018061891032168e-09
-3.617546776144123952e-09
-3.607116477527694341e-09
-3.596719046439650522e-09
-3.586351033400417039e-09
-3.576016759335033914e-09
-3.565713641008843296e-09
-3.555440617631173669e-09
-3.545207521015556644e-09
-3.535007235616668487e-09
-3.524835591266571923e-09
-3.514696495764748816e-09
-3.504588640367159349e-09
-3.494509606330754480e-09
-3.484468613504049442e-09
-3.474462615454403171e-09
-3.464483029012946124e-09
-3.454535229046842256e-09
-3.444618306270804026e-09
-3.434729027260505413e-09
-3.424875292275701430e-09
-3.415059648843827618e-09
-3.405268911683267540e-09
-3.395507937059282675e-09
-3.385778441918856305e-09
-3.376076607909616761e-09
-3.366405751369803701e-09
-3.356774406006067786e-09
-3.347169195705716547e-09
-3.337591448614629532e-09
-3.328045685778289699e-09
-3.318527504870339094e-09
-3.309037134172392704e-09
-3.299583215532750063e-09
-3.290161380672698517e-09
-3.280764284968025036e-09
-3.271396756106810481e-09
-3.262058142583660376e-09
-3.252745814170131496e-09
-3.243464353707188200e-09
-3.234221129160934759e-09
-3.225001718275595333e-09
-3.212709138077823809e-09
-3.203560522391504354e-09
-3.194438577506091673e-09
-3.185342597549173948e-09
-3.176280738237167380e-09
-3.167251959233287781e-09
-3.145708391002676441e-09
-3.136784540349699245e-09
-3.127889595765909272e-09
-3.119019834593298494e-09
-3.110177759611248331e-09
-3.101370838632289150e-09
-3.086252801746024243e-09
-3.077523446554186220e-09
-3.068820960418341107e-09
-3.060145224563243004e-09
-3.051494250062505372e-09
-3.030001216149672500e-09
-3.021468915582167374e-09
-3.012959721156056766e-09
-3.004473073413332150e-09
-2.996013431465918785e-09
-2.987579907834664442e-09
-2.972665771746943218e-09
-2.964311216654908620e-09
-2.955990327186547254e-09
-2.947690851476679567e-09
-2.939413563539330503e-09
-2.917962325429740635e-09
-2.909792287371368704e-09
-2.901644428928368912e-09
-2.893523639320623571e-09
-2.885435754706055296e-09
-2.877369136071746833e-09
-2.862655448100533077e-09
-2.854663728249597330e-09
-2.846694960760434984e-09
-2.838748601658205043e-09
-2.830827602367110390e-09
-2.822938251512358751e-09
-2.801597821459726176e-09
-2.793806819393939853e-09
-2.786039363364833906e-09
-2.778295194217103752e-09
-2.770572922591977954e-09
-2.756042223348018794e-09
-2.748400634587441784e-09
-2.740784096352369022e-09
-2.733185605552427106e-09
-2.725608364640264648e-09
-2.718056307120573454e-09
-2.696725838523707321e-09
-2.689270973596571520e-09
-2.681842288063084198e-09
-2.674443753699802769e-09
-2.667061483060249871e-09
-2.652704415675107253e-09
-2.645393857358988837e-09
-2.638103869681872429e-09
-2.630833343601479135e-09
-2.623586093603173302e-09
-2.616367793442217833e-09
-2.595047009351886378e-09
-2.587922844788512303e-09
-2.580818466111403462e-09
-2.573737737420471287e-09
-2.566675535962003748e-09
-2.552476987300710198e-09
-2.545486720109179915e-09
-2.538525702989111230e-09
-2.531578478324007082e-09
-2.524650055175296426e-09
-2.517743700573998798e-09
-2.496412675545205588e-09
-2.489599901404800560e-09
-2.482807989715792292e-09
-2.476041283597749672e-09
-2.469298589284355458e-09
-2.455254526158810524e-09
-2.448572197933966113e-09
-2.441912526479685367e-09
-2.435270012561943225e-09
-2.428645336244608919e-09
-2.422041598702371308e-09
-2.400700323403883346e-09
-2.394198113353376473e-09
-2.387710945683479684e-09
-2.381240707687187703e-09
-2.374792959922767985e-09
-2.360886865755527845e-09
-2.354500326727020963e-09
-2.348134958186626130e-09
-2.341794332062864465e-09
-2.335471624425047955e-09
-2.329163928232686622e-09
-2.307792315217711480e-09
-2.301578438289213380e-09
-2.295380563251364920e-09
-2.289198548142029785e-09
-2.283036973909201346e-09
-2.269266471135794827e-09
-2.263174901053004707e-09
-2.257097523299940385e-09
-2.251035376518175748e-09
-2.244993639941442438e-09
-2.238967744743887882e-09
-2.217562538123210410e-09
-2.211626544008092942e-09
-2.205712833248949365e-09
-2.199819367750696404e-09
-2.193938775990670790e-09
-2.180283769032548048e-09
-2.174464626557393098e-09
-2.168661867851953078e-09
-2.162873530291003593e-09
-2.157101230987572407e-09
-2.151349428197516126e-09
-2.129914634904397162e-09
-2.124252895757556979e-09
-2.118607640489201045e-09
-2.112976118140313068e-09
-2.107363868274552655e-09
-2.093820836454603115e-09
-2.088263337791747442e-09
-2.082725970204434318e-09
-2.077210733527907787e-09
-2.071709301697957219e-09
-2.066221209531430864e-09
-2.044730186052252453e-09
-2.039329292909263872e-09
-2.033943525500412006e-09
-2.028570656233525104e-09
-2.023213085081841743e-09
-2.009775675774619828e-09
-2.004487130832523587e-09
-1.999207982892078879e-09
-1.993944521915599458e-09
-1.988691746464763057e-09
-1.983457724331714365e-09
-1.961913257009798691e-09
-1.956759996441680528e-09
-1.951624060499757938e-09
-1.946507951367906408e-09
-1.941408536361708454e-09
-1.928067540783893986e-09
-1.923020396076391566e-09
-1.917986038059401662e-09
-1.912968778961878618e-09
-1.907962795966222888e-09
-1.902967910095810770e-09
-1.881362609819899257e-09
-1.876461301610564443e-09
-1.871573793285103661e-09
-1.866697687187274508e-09
-1.861833575052244596e-09
-1.848579213659468368e-09
-1.843772260516993539e-09
-1.838976354721751319e-09
-1.834191477008641757e-09
-1.829423643697433395e-09
-1.824674722095356027e-09
-1.803006820879512671e-09
-1.798337262478396702e-09
-1.793679511125894601e-09
-1.789034781093876637e-09
-1.784404964952940507e-09
-1.771230950398751292e-09
-1.766649969812267188e-09
-1.762085496207868107e-09
-1.757538902269700648e-09
-1.753005003718040562e-09
-1.731193439658108175e-09
-1.726736811254255029e-09
-1.722291127201749238e-09
-1.717861271834826984e-09
-1.713441832669203387e-09
-1.709031924158338386e-09
-1.695932131993344939e-09
-1.691580848108958544e-09
-1.687245950790093857e-09
-1.682918381189651608e-09
-1.678602655309794558e-09
-1.656709893720789592e-09
-1.652473838903564784e-09
-1.648249068830399663e-09
-1.644033286074971469e-09
-1.639829683483434921e-09
-1.635640568346049889e-09
-1.622617483807805667e-09
-1.618482227339272216e-09
-1.614357462173546982e-09
-1.610242034819164340e-09
-1.606138261537731138e-09
-1.584166485252637582e-09
-1.580140187890751170e-09
-1.576123062770717682e-09
-1.572120020189873138e-09
-1.568132386762794281e-09
-1.555131024779620164e-09
-1.551191895997843442e-09
-1.547264174723973736e-09
-1.543343678773047570e-09
-1.539437323599342912e-09
-1.535540263853582364e-09
-1.513477664169997119e-09
-1.509654895847635799e-09
-1.505845953739706997e-09
-1.502053663461778333e-09
-1.498269748021460654e-09
-1.485321268779694426e-09
-1.481583253365906240e-09
-1.477853627050481825e-09
-1.474137591202442942e-09
-1.470429856612677044e-09
-1.466728720006351761e-09
-1.444574468255946304e-09
-1.440953169468301465e-09
-1.437348734219644277e-09
-1.433750504244450553e-09
-1.430161258415487953e-09
-1.417262171491481787e-09
-1.413717749704279065e-09
-1.410186168383777557e-09
-1.406662419365594663e-09
-1.403144934026380230e-09
-1.380829479861058304e-09
-1.377389727512199480e-09
-1.373966545823634259e-09
-1.370549149888295799e-09
-1.367140576016328770e-09
-1.363739687226538630e-09
-1.350885082211828513e-09
-1.347532377325894292e-09
-1.344187388835218073e-09
-1.340848668174907091e-09
-1.337518937656423392e-09
-1.315106332416077326e-09
-1.311858065444992171e-09
-1.308616616893599738e-09
-1.305383369616201031e-09
-1.302158056227298938e-09
-1.289307178850670607e-09
-1.286127773536988085e-09
-1.282956536924390050e-09
-1.279791651783638483e-09
-1.276634262237996827e-09
-1.273487184354217910e-09
-1.250975099245104473e-09
-1.247905557982662571e-09
-1.244841538862089455e-09
-1.241786845558326458e-09
-1.238737475542276476e-09
-1.225925705965858601e-09
-1.222923034693411221e-09
-1.219927201988771613e-09
-1.216937281680460448e-09
-1.213956807874101437e-09
-1.191272569303174196e-09
-1.188369522914658605e-09
-1.185470882140480002e-09
-1.182580619040473732e-09
-1.179697474593603468e-09
-1.176820444099043451e-09
-1.164041220577542364e-09
-1.161209178517471932e-09
-1.158382995439655066e-09
-1.155564194189612459e-09
-1.152755090385563674e-09
-1.129963591767732078e-09
-1.127227403373087899e-09
-1.124496194972076762e-09
-1.121773509430992865e-09
-1.119056610539958539e-09
-1.106282072285411263e-09
-1.103608539922613518e-09
-1.100941645751519552e-09
-1.098280098010265930e-09
-1.095627009103760340e-09
-1.092982728113674631e-09
-1.070156749534745184e-09
-1.067581751457596348e-09
-1.065012706072338521e-09
-1.062452120556727211e-09
-1.059896246476946444e-09
-1.047197779030091749e-09
-1.044684322976690877e-09
-1.042177202332275183e-09
-1.039675249118360512e-09
-1.037181745506617466e-09
-1.014283616600379430e-09
-1.011859840859109339e-09
-1.009441241685377523e-09
-1.007028870083416943e-09
-1.004624527844730153e-09
-1.002224732589460015e-09
-9.895987472072945186e-10
-9.872399072886074249e-10
-9.848872545802089115e-10
-9.825395510365175488e-10
-9.802000697638770424e-10
-9.572923108517442186e-10
-9.550198034174880307e-10
-9.527529852570705738e-10
-9.504913330241353266e-10
-9.482378717273448682e-10
-9.356477399872407736e-10
-9.334325312501412741e-10
-9.312229011327030909e-10
-9.290194029425596593e-10
-9.268208900877908963e-10
-9.038414382751082453e-10
-9.017118363625787309e-10
-8.995852030938295223e-10
-8.974654329128761139e-10
-8.953497484656699586e-10
-8.932412501603591921e-10
-8.807199091184142160e-10
-8.786483802690467819e-10
-8.765831056209872992e-10
-8.745236911401813029e-10
-8.724699345693566490e-10
-8.494805345070529345e-10
-8.474924519411210571e-10
-8.455082017045896526e-10
-8.435295820240516835e-10
-8.415546830049950854e-10
-8.290655620604948944e-10
-8.271306776436925277e-10
-8.251987992208818216e-10
-8.232730449818896149e-10
-8.213524790964071788e-10
-7.982961230061266586e-10
-7.964391449827289946e-10
-7.945871937982069261e-10
-7.927408957994786961e-10
-7.908972619522368466e-10
-7.890603532817234514e-10
-7.766336453942137441e-10
-7.748331464234370593e-10
-7.730377592678956301e-10
-7.712451399297260034e-10
-7.694590667755150813e-10
-7.463948749853669136e-10
-7.446718347213515752e-10
-7.429513287835252718e-10
-7.412363344702207270e-10
-7.395264390210005103e-10
-7.271300449047852502e-10
-7.254554096227068133e-10
-7.237839113871190238e-10
-7.221183286929752119e-10
-7.204576347709705657e-10
-6.973267560999189450e-10
-6.957277277024317701e-10
-6.941328696616229785e-10
-6.925418417106071248e-10
-6.909533172732231826e-10
-6.893701263514973231e-10
-6.770352124097651364e-10
-6.754858331597715673e-10
-6.739414865516120020e-10
-6.724002121356424910e-10
-6.708646961876153879e-10
-6.477290418967670824e-10
-6.462532580540149696e-10
-6.447818379950603454e-10
-6.433144794064185277e-10
-6.418507950492444777e-10
-6.295419102463631396e-10
-6.281119012196838113e-10
-6.266860218667291840e-10
-6.252621255007969855e-10
-6.238438008800348274e-10
-6.006440000612463542e-10
-5.992859247280453993e-10
-5.979316372571308044e-10
-5.965789075193040843e-10
-5.952306181306074797e-10
-5.829503987177863620e-10
-5.816354200181364907e-10
-5.803226556578572131e-10
-5.790134629490574501e-10
-5.777091432658845845e-10
-5.764068206706981800e-10
-5.532042792943228640e-10
-5.519609557546141657e-10
-5.507207801220391227e-10
-5.494858492584095774e-10
-5.482522177158332879e-10
-5.360271614170780798e-10
-5.348266494552074438e-10
-5.336289492958944773e-10
-5.324346543972449089e-10
-5.312420447051309237e-10
-5.079807084718474041e-10
-5.068480174724891837e-10
-5.057166065461766099e-10
-5.045891208674728082e-10
-5.034633363179189575e-10
-4.912642666201720846e-10
-4.901720927318225769e-10
-4.890811400583708706e-10
-4.879936727802234172e-10
-4.869094538760852780e-10
-4.635918938879997643e-10
-4.625641499111418625e-10
-4.615389871914559740e-10
-4.605170594899223443e-10
-4.594975180051849151e-10
-4.473223643634970827e-10
-4.463333895632305973e-10
-4.453464645660733424e-10
-4.443635220463835922e-10
-4.433832506321762730e-10
-4.200109100577107378e-10
-4.190864333511907990e-10
-4.181650904069682712e-10
-4.172455286917951188e-10
-4.163269973768119855e-10
-4.154114556292303820e-10
-4.032894335299258017e-10
-4.024044188098517269e-10
-4.015214706798652340e-10
-4.006405187016238762e-10
-3.997616369979155106e-10
-3.763922382579726542e-10
-3.755704290641001230e-10
-3.747497775954341173e-10
-3.739309522668332679e-10
-3.731151114301889018e-10
-3.610167750848044858e-10
-3.602290343544827240e-10
-3.594439812964246629e-10
-3.586612170786179889e-10
-3.578805169597489945e-10
-3.344602361614706784e-10
-3.337338348477589765e-10
-3.330091877558007658e-10
-3.322872395295222665e-10
-3.315672685462128184e-10
-3.194920305259782461e-10
-3.187999769504525598e-10
-3.181105222360055677e-10
-3.174228466308144774e-10
-3.167359909691930045e-10
-2.932681338869258912e-10
-2.926355904144905735e-10
-2.920054258178542001e-10
-2.913757970391355206e-10
-2.907479367591248463e-10
-2.786952391471889601e-10
-2.780962220734431482e-10
-2.774991339181227701e-10
-2.769030591208526739e-10
-2.763077920163727141e-10
-2.527956909352720534e-10
-2.522550222104160316e-10
-2.517149625874009709e-10
-2.511756807689453327e-10
-2.506380089045792436e-10
-2.501018648586243692e-10
-2.380997858885306945e-10
-2.375910719379312123e-10
-2.370835296385136252e-10
-2.365772769723690371e-10
-2.360731741854499406e-10
-2.125705528809741367e-10
-2.121184220141685896e-10
-2.116673984634473654e-10
-2.112179806680946965e-10
-2.107695203094776518e-10
-1.987897271770986680e-10
-1.983676501130296388e-10
-1.979468796346520117e-10
-1.975278241016630816e-10
-1.971091862363047830e-10
-1.735653420325338027e-10
-1.731980298599993910e-10
-1.728321700505760569e-10
-1.724682980603178679e-10
-1.721044864944183345e-10
-1.601474840897823961e-10
-1.598099744559754413e-10
-1.594739747193777043e-10
-1.591386915419601615e-10
-1.588034083645147789e-10
-1.352218026515420888e-10
-1.349375799978563359e-10
-1.346550802517572599e-10
-1.343728502742662345e-10
-1.340906202967473434e-10
-1.221559368648083101e-10
-1.218999673361749129e-10
-1.216459198164000364e-10
-1.213919192679589134e-10
-1.211379187195456560e-10
-9.752165064815510061e-11
-9.731851846314187956e-11
-9.711616997187396789e-11
-9.691382148060605622e-11
-9.671147298932422465e-11
-8.479998414484365281e-11
-8.462381825924770455e-11
-8.444813398502214881e-11
-8.427244971081051296e-11
-8.409676543658494429e-11
-6.044800025556266306e-11
-6.032322956880996089e-11
-6.019877119626761674e-11
-6.007431282373223902e-11
-5.994985445120381477e-11
-4.806212467212607027e-11
-4.796299548416655676e-11
-4.786396331832086173e-11
-4.776493115247516670e-11
-4.766589898662251173e-11
-2.545647982233023387e-11
-2.540398108755096893e-11
-2.535148235277866394e-11
-2.529898361800287898e-11
-2.524648488322709078e-11
-7.482229331262401584e-12
-7.466808821892954418e-12
-7.451388312521765648e-12
-7.435967803151447680e-12
-7.420547293779389725e-12
-0.000000000000000000e+00
-0.000000000000000000e+00
-0.000000000000000000e+00
-0.000000000000000000e+00
-0.000000000000000000e+00
-0.000000000000000000e+00
-0.000000000000000000e+00
-0.000000000000000000e+00
-0.000000000000000000e+00
-0.000000000000000000e+00
-0.000000000000000000e+00
-0.000000000000000000e+00
-0.000000000000000000e+00
-0.000000000000000000e+00
-0.000000000000000000e+00
-0.000000000000000000e+00
-0.000000000000000000e+00
-0.000000000000000000e+00
-0.000000000000000000e+00
-0.000000000000000000e+00
-0.000000000000000000e+00
-0.000000000000000000e+00
-0.000000000000000000e+00
-0.000000000000000000e+00
-0.000000000000000000e+00
-0.000000000000000000e+00
-0.000000000000000000e+00
-0.000000000000000000e+00
-0.000000000000000000e+00
-0.000000000000000000e+00
-0.000000000000000000e+00
-0.000000000000000000e+00
-0.000000000000000000e+00
-0.000000000000000000e+00
-0.000000000000000000e+00
-0.000000000000000000e+00
-0.000000000000000000e+00
-0.000000000000000000e+00
-0.000000000000000000e+00
-0.000000000000000000e+00
-0.000000000000000000e+00
-0.000000000000000000e+00
-0.000000000000000000e+00
-0.000000000000000000e+00
-0.000000000000000000e+00
-0.000000000000000000e+00
-0.000000000000000000e+00
-0.000000000000000000e+00
-0.000000000000000000e+00
-0.000000000000000000e+00
-0.000000000000000000e+00
-0.000000000000000000e+00
-0.000000000000000000e+00
-0.000000000000000000e+00
-0.000000000000000000e+00
-0.000000000000000000e+00
-0.000000000000000000e+00
-0.000000000000000000e+00
-0.000000000000000000e+00
-0.000000000000000000e+00
-0.000000000000000000e+00
-0.000000000000000000e+00
-0.000000000000000000e+00
-0.000000000000000000e+00
-0.000000000000000000e+00
-0.000000000000000000e+00
-0.000000000000000000e+00
-0.000000000000000000e+00
-0.000000000000000000e+00
-0.000000000000000000e+00
-0.000000000000000000e+00
-0.000000000000000000e+00
-0.000000000000000000e+00
-0.000000000000000000e+00
-0.000000000000000000e+00
-0.000000000000000000e+00
-0.000000000000000000e+00
-0.000000000000000000e+00
-0.000000000000000000e+00
-0.000000000000000000e+00
-0.000000000000000000e+00
-0.000000000000000000e+00
-0.000000000000000000e+00
-0.000000000000000000e+00
-0.000000000000000000e+00
-0.000000000000000000e+00
-0.000000000000000000e+00
-0.000000000000000000e+00
-0.000000000000000000e+00
-0.000000000000000000e+00
-0.000000000000000000e+00
-0.000000000000000000e+00
-0.000000000000000000e+00
-0.000000000000000000e+00
-0.000000000000000000e+00
-0.000000000000000000e+00
-0.000000000000000000e+00
-0.000000000000000000e+00
-0.000000000000000000e+00
-0.000000000000000000e+00
-0.000000000000000000e+00
-0.000000000000000000e+00
-0.000000000000000000e+00
-0.000000000000000000e+00
-0.000000000000000000e+00
-0.000000000000000000e+00
-0.000000000000000000e+00
-0.000000000000000000e+00
-0.000000000000000000e+00
-0.000000000000000000e+00
-0.000000000000000000e+00
-0.000000000000000000e+00
-0.000000000000000000e+00
-0.000000000000000000e+00
-0.000000000000000000e+00
-0.000000000000000000e+00
-0.000000000000000000e+00
-0.000000000000000000e+00
-0.000000000000000000e+00
-0.000000000000000000e+00
-0.000000000000000000e+00
-0.000000000000000000e+00
-0.000000000000000000e+00
-0.000000000000000000e+00
-0.000000000000000000e+00
-0.000000000000000000e+00
-0.000000000000000000e+00
-0.000000000000000000e+00
-0.000000000000000000e+00
-0.000000000000000000e+00
-0.000000000000000000e+00
-0.000000000000000000e+00
-0.000000000000000000e+00
-0.000000000000000000e+00
-0.000000000000000000e+00
-0.000000000000000000e+00
-0.000000000000000000e+00
-0.000000000000000000e+00
-0.000000000000000000e+00
-0.000000000000000000e+00
-0.000000000000000000e+00
-0.000000000000000000e+00
-0.000000000000000000e+00
-0.000000000000000000e+00
-0.000000000000000000e+00
-0.000000000000000000e+00
-0.000000000000000000e+00
-0.000000000000000000e+00
-0.000000000000000000e+00
-0.000000000000000000e+00
-0.000000000000000000e+00
-0.000000000000000000e+00
-0.000000000000000000e+00
-0.000000000000000000e+00
-0.000000000000000000e+00
-0.000000000000000000e+00
-0.000000000000000000e+00
-0.000000000000000000e+00
-0.000000000000000000e+00
-0.000000000000000000e+00
-0.000000000000000000e+00
-0.000000000000000000e+00
-0.000000000000000000e+00
-0.000000000000000000e+00
-0.000000000000000000e+00
-0.000000000000000000e+00
-0.000000000000000000e+00
-0.000000000000000000e+00
-0.000000000000000000e+00
-0.000000000000000000e+00
-0.000000000000000000e+00
-0.000000000000000000e+00
-0.000000000000000000e+00
-0.000000000000000000e+00
-0.000000000000000000e+00
-0.000000000000000000e+00
-0.000000000000000000e+00
-0.000000000000000000e+00
-0.000000000000000000e+00
-0.000000000000000000e+00
-0.000000000000000000e+00
-0.000000000000000000e+00
-0.000000000000000000e+00
-0.000000000000000000e+00
-0.000000000000000000e+00
-0.000000000000000000e+00
-0.000000000000000000e+00
-0.000000000000000000e+00
-0.000000000000000000e+00
-0.000000000000000000e+00
-0.000000000000000000e+00
-0.000000000000000000e+00
-0.000000000000000000e+00
-0.000000000000000000e+00
-0.000000000000000000e+00
-0.000000000000000000e+00
-0.000000000000000000e+00
-0.000000000000000000e+00
-0.000000000000000000e+00
-0.000000000000000000e+00
-0.000000000000000000e+00
-0.000000000000000000e+00
-0.000000000000000000e+00
-0.000000000000000000e+00
-0.000000000000000000e+00
-0.000000000000000000e+00
-0.000000000000000000e+00
-0.000000000000000000e+00
-0.000000000000000000e+00
-0.000000000000000000e+00
-0.000000000000000000e+00
-0.000000000000000000e+00
-0.000000000000000000e+00
-0.000000000000000000e+00
-0.000000000000000000e+00
-0.000000000000000000e+00
-0.000000000000000000e+00
-0.000000000000000000e+00
-0.000000000000000000e+00
-0.000000000000000000e+00
-0.000000000000000000e+00
-0.000000000000000000e+00
-0.000000000000000000e+00
-0.000000000000000000e+00
-0.000000000000000000e+00
-0.000000000000000000e+00
-0.000000000000000000e+00
-0.000000000000000000e+00
-0.000000000000000000e+00
-0.000000000000000000e+00
-0.000000000000000000e+00
-0.000000000000000000e+00
-0.000000000000000000e+00
-0.000000000000000000e+00
-0.000000000000000000e+00
-0.000000000000000000e+00
-0.000000000000000000e+00
-0.000000000000000000e+00
-0.000000000000000000e+00
-0.000000000000000000e+00
-0.000000000000000000e+00
-0.000000000000000000e+00
-0.000000000000000000e+00
-0.000000000000000000e+00
-0.000000000000000000e+00
-0.000000000000000000e+00
-0.000000000000000000e+00
-0.000000000000000000e+00
-0.000000000000000000e+00
-0.000000000000000000e+00
-0.000000000000000000e+00
-0.000000000000000000e+00
-0.000000000000000000e+00
-0.000000000000000000e+00
-0.000000000000000000e+00
-0.000000000000000000e+00
-0.000000000000000000e+00
-0.000000000000000000e+00
-0.000000000000000000e+00
-0.000000000000000000e+00
-0.000000000000000000e+00
-0.000000000000000000e+00
-0.000000000000000000e+00
-0.000000000000000000e+00
-0.000000000000000000e+00
-0.000000000000000000e+00
-0.000000000000000000e+00
-0.000000000000000000e+00
-0.000000000000000000e+00
-0.000000000000000000e+00
-0.000000000000000000e+00
-0.000000000000000000e+00
-0.000000000000000000e+00
-0.000000000000000000e+00
-0.000000000000000000e+00
-0.000000000000000000e+00
-0.000000000000000000e+00
-0.000000000000000000e+00
-0.000000000000000000e+00
-0.000000000000000000e+00
-0.000000000000000000e+00
-0.000000000000000000e+00
-0.000000000000000000e+00
-0.000000000000000000e+00
-0.000000000000000000e+00
-0.000000000000000000e+00
-0.000000000000000000e+00
-0.000000000000000000e+00
-0.000000000000000000e+00
-0.000000000000000000e+00
-0.000000000000000000e+00
-0.000000000000000000e+00
-0.000000000000000000e+00
-0.000000000000000000e+00
-0.000000000000000000e+00
-0.000000000000000000e+00
-0.000000000000000000e+00
-0.000000000000000000e+00
-0.000000000000000000e+00
-0.000000000000000000e+00
-0.000000000000000000e+00
-0.000000000000000000e+00
-0.000000000000000000e+00
-0.000000000000000000e+00
-0.000000000000000000e+00
-0.000000000000000000e+00
-0.000000000000000000e+00
-0.000000000000000000e+00
-0.000000000000000000e+00
-0.000000000000000000e+00
-0.000000000000000000e+00
-0.000000000000000000e+00
-0.000000000000000000e+00
-0.000000000000000000e+00
-0.000000000000000000e+00
-0.000000000000000000e+00
-0.000000000000000000e+00
-0.000000000000000000e+00
-0.000000000000000000e+00
-0.000000000000000000e+00
-0.000000000000000000e+00
-0.000000000000000000e+00
-0.000000000000000000e+00
-0.000000000000000000e+00
-0.000000000000000000e+00
-0.000000000000000000e+00
-0.000000000000000000e+00
-0.000000000000000000e+00
-0.000000000000000000e+00
-0.000000000000000000e+00
-0.000000000000000000e+00
-0.000000000000000000e+00
-0.000000000000000000e+00
-0.000000000000000000e+00
-0.000000000000000000e+00
-0.000000000000000000e+00
-0.000000000000000000e+00
-0.000000000000000000e+00
-0.000000000000000000e+00
-0.000000000000000000e+00
-0.000000000000000000e+00
-0.000000000000000000e+00
-0.000000000000000000e+00
-0.000000000000000000e+00
-0.000000000000000000e+00
-0.000000000000000000e+00
-0.000000000000000000e+00
-0.000000000000000000e+00
-0.000000000000000000e+00
-0.000000000000000000e+00
-0.000000000000000000e+00
-0.000000000000000000e+00
-0.000000000000000000e+00
-0.000000000000000000e+00
-0.000000000000000000e+00
-0.000000000000000000e+00
-0.000000000000000000e+00
-0.000000000000000000e+00
-0.000000000000000000e+00
-0.000000000000000000e+00
-0.000000000000000000e+00
-0.000000000000000000e+00
-0.000000000000000000e+00
-0.000000000000000000e+00
-0.000000000000000000e+00
-0.000000000000000000e+00
-0.000000000000000000e+00
-0.000000000000000000e+00
-0.000000000000000000e+00
-0.000000000000000000e+00
-0.000000000000000000e+00
-0.000000000000000000e+00
-0.000000000000000000e+00
-0.000000000000000000e+00
-0.000000000000000000e+00
-0.000000000000000000e+00
-0.000000000000000000e+00
-0.000000000000000000e+00
-0.000000000000000000e+00
-0.000000000000000000e+00
-0.000000000000000000e+00
-0.000000000000000000e+00
-0.000000000000000000e+00
-0.000000000000000000e+00
-0.000000000000000000e+00
-0.000000000000000000e+00
-0.000000000000000000e+00
-0.000000000000000000e+00
-0.000000000000000000e+00
-0.000000000000000000e+00
-0.000000000000000000e+00
-0.000000000000000000e+00
-0.000000000000000000e+00
-0.000000000000000000e+00
-0.000000000000000000e+00
-0.000000000000000000e+00
-0.000000000000000000e+00
-0.000000000000000000e+00
-0.000000000000000000e+00
-0.000000000000000000e+00
-0.000000000000000000e+00
-0.000000000000000000e+00
-0.000000000000000000e+00
-0.000000000000000000e+00
-0.000000000000000000e+00
-0.000000000000000000e+00
-0.000000000000000000e+00
-0.000000000000000000e+00
-0.000000000000000000e+00
-0.000000000000000000e+00
-0.000000000000000000e+00
-0.000000000000000000e+00
-0.000000000000000000e+00
-0.000000000000000000e+00
-0.000000000000000000e+00
-0.000000000000000000e+00
-0.000000000000000000e+00
-0.000000000000000000e+00
-0.000000000000000000e+00
-0.000000000000000000e+00
-0.000000000000000000e+00
-0.000000000000000000e+00
-0.000000000000000000e+00
-0.000000000000000000e+00
-0.000000000000000000e+00
-0.000000000000000000e+00
-0.000000000000000000e+00
-0.000000000000000000e+00
-0.000000000000000000e+00
-0.000000000000000000e+00
-0.000000000000000000e+00
-0.000000000000000000e+00
-0.000000000000000000e+00
-0.000000000000000000e+00
-0.000000000000000000e+00
-0.000000000000000000e+00
-0.000000000000000000e+00
-0.000000000000000000e+00
-0.000000000000000000e+00
-0.000000000000000000e+00
-0.000000000000000000e+00
-0.000000000000000000e+00
-0.000000000000000000e+00
-0.000000000000000000e+00
-0.000000000000000000e+00
-0.000000000000000000e+00
-0.000000000000000000e+00
-0.000000000000000000e+00
-0.000000000000000000e+00
-0.000000000000000000e+00
-0.000000000000000000e+00
-0.000000000000000000e+00
-0.000000000000000000e+00
-0.000000000000000000e+00
-0.000000000000000000e+00
-0.000000000000000000e+00
-0.000000000000000000e+00
-0.000000000000000000e+00
-0.000000000000000000e+00
-0.000000000000000000e+00
-0.000000000000000000e+00
-0.000000000000000000e+00
-0.000000000000000000e+00
-0.000000000000000000e+00
-0.000000000000000000e+00
-0.000000000000000000e+00
-0.000000000000000000e+00
-0.000000000000000000e+00
-0.000000000000000000e+00
-0.000000000000000000e+00
-0.000000000000000000e+00
-0.000000000000000000e+00
-0.000000000000000000e+00
-0.000000000000000000e+00
-0.000000000000000000e+00
-0.000000000000000000e+00
-0.000000000000000000e+00
-0.000000000000000000e+00
-0.000000000000000000e+00
-0.000000000000000000e+00
-0.000000000000000000e+00
-0.000000000000000000e+00
-0.000000000000000000e+00
-0.000000000000000000e+00
-0.000000000000000000e+00
-0.000000000000000000e+00
-0.000000000000000000e+00
-0.000000000000000000e+00
-0.000000000000000000e+00
-0.000000000000000000e+00
-0.000000000000000000e+00
-0.000000000000000000e+00
-0.000000000000000000e+00
-0.000000000000000000e+00
-0.000000000000000000e+00
-0.000000000000000000e+00
-0.000000000000000000e+00
-0.000000000000000000e+00
-0.000000000000000000e+00
-0.000000000000000000e+00
-0.000000000000000000e+00
-0.000000000000000000e+00
-0.000000000000000000e+00
-0.000000000000000000e+00
-0.000000000000000000e+00
-0.000000000000000000e+00
-0.000000000000000000e+00
-0.000000000000000000e+00
-0.000000000000000000e+00
-0.000000000000000000e+00
-0.000000000000000000e+00
-0.000000000000000000e+00
-0.000000000000000000e+00
-0.000000000000000000e+00
-0.000000000000000000e+00
-0.000000000000000000e+00
-0.000000000000000000e+00
-0.000000000000000000e+00
-0.000000000000000000e+00
-0.000000000000000000e+00
-0.000000000000000000e+00
-0.000000000000000000e+00
-0.000000000000000000e+00
-0.000000000000000000e+00
-0.000000000000000000e+00
-0.000000000000000000e+00
-0.000000000000000000e+00
-0.000000000000000000e+00
-0.000000000000000000e+00
-0.000000000000000000e+00
-0.000000000000000000e+00
-0.000000000000000000e+00
-0.000000000000000000e+00
-0.000000000000000000e+00
-0.000000000000000000e+00
-0.000000000000000000e+00
-0.000000000000000000e+00
-0.000000000000000000e+00
-0.000000000000000000e+00
-0.000000000000000000e+00
-0.000000000000000000e+00
-0.000000000000000000e+00
-0.000000000000000000e+00
-0.000000000000000000e+00
-0.000000000000000000e+00
-0.000000000000000000e+00
-0.000000000000000000e+00
-0.000000000000000000e+00
-0.000000000000000000e+00
-0.000000000000000000e+00
-0.000000000000000000e+00
-0.000000000000000000e+00
-0.000000000000000000e+00
-0.000000000000000000e+00
-0.000000000000000000e+00
-0.000000000000000000e+00
-0.000000000000000000e+00
-0.000000000000000000e+00
-0.000000000000000000e+00
-0.000000000000000000e+00
-0.000000000000000000e+00
-0.000000000000000000e+00
-0.000000000000000000e+00
-0.000000000000000000e+00
-0.000000000000000000e+00
-0.000000000000000000e+00
-0.000000000000000000e+00
-0.000000000000000000e+00
-0.000000000000000000e+00
-0.000000000000000000e+00
-0.000000000000000000e+00
-0.000000000000000000e+00
-0.000000000000000000e+00
-0.000000000000000000e+00
-0.000000000000000000e+00
-0.000000000000000000e+00
-0.000000000000000000e+00
-0.000000000000000000e+00
-0.000000000000000000e+00
-0.000000000000000000e+00
-0.000000000000000000e+00
-0.000000000000000000e+00
-0.000000000000000000e+00
-0.000000000000000000e+00
-0.000000000000000000e+00
-0.000000000000000000e+00
-0.000000000000000000e+00
-0.000000000000000000e+00
-0.000000000000000000e+00
-0.000000000000000000e+00
-0.000000000000000000e+00
-0.000000000000000000e+00
-0.000000000000000000e+00
-0.000000000000000000e+00
-0.000000000000000000e+00
-0.000000000000000000e+00
-0.000000000000000000e+00
-0.000000000000000000e+00
-0.000000000000000000e+00
-0.000000000000000000e+00
-0.000000000000000000e+00
-0.000000000000000000e+00
-0.000000000000000000e+00
-0.000000000000000000e+00
-0.000000000000000000e+00
-0.000000000000000000e+00
-0.000000000000000000e+00
-0.000000000000000000e+00
-0.000000000000000000e+00
-0.000000000000000000e+00
-0.000000000000000000e+00
-0.000000000000000000e+00
-0.000000000000000000e+00
-0.000000000000000000e+00
-0.000000000000000000e+00
-0.000000000000000000e+00
-0.000000000000000000e+00
-0.000000000000000000e+00
-0.000000000000000000e+00
-0.000000000000000000e+00
-0.000000000000000000e+00
-0.000000000000000000e+00
-0.000000000000000000e+00
-0.000000000000000000e+00
-0.000000000000000000e+00
-0.000000000000000000e+00
-0.000000000000000000e+00
-0.000000000000000000e+00
-0.000000000000000000e+00
-0.000000000000000000e+00
-0.000000000000000000e+00
-0.000000000000000000e+00
-0.000000000000000000e+00
-0.000000000000000000e+00
-0.000000000000000000e+00
-0.000000000000000000e+00
-0.000000000000000000e+00
-0.000000000000000000e+00
-0.000000000000000000e+00
-0.000000000000000000e+00
-0.000000000000000000e+00
-0.000000000000000000e+00
-0.000000000000000000e+00
-0.000000000000000000e+00
-0.000000000000000000e+00
-0.000000000000000000e+00
-0.000000000000000000e+00
-0.000000000000000000e+00
-0.000000000000000000e+00
-0.000000000000000000e+00
-0.000000000000000000e+00
-0.000000000000000000e+00
-0.000000000000000000e+00
-0.000000000000000000e+00
-0.000000000000000000e+00
-0.000000000000000000e+00
-0.000000000000000000e+00
-0.000000000000000000e+00
-0.000000000000000000e+00
-0.000000000000000000e+00
-0.000000000000000000e+00
-0.000000000000000000e+00
-0.000000000000000000e+00
-0.000000000000000000e+00
-0.000000000000000000e+00
-0.000000000000000000e+00
-0.000000000000000000e+00
-0.000000000000000000e+00
-0.000000000000000000e+00
-0.000000000000000000e+00
-0.000000000000000000e+00
-0.000000000000000000e+00
-0.000000000000000000e+00
-0.000000000000000000e+00
-0.000000000000000000e+00
-0.000000000000000000e+00
-0.000000000000000000e+00
-0.000000000000000000e+00
-0.000000000000000000e+00
-0.000000000000000000e+00
-0.000000000000000000e+00
-0.000000000000000000e+00
-0.000000000000000000e+00
-0.000000000000000000e+00
-0.000000000000000000e+00
-0.000000000000000000e+00
-0.000000000000000000e+00
-0.000000000000000000e+00
-0.000000000000000000e+00
-0.000000000000000000e+00
-0.000000000000000000e+00
-0.000000000000000000e+00
-0.000000000000000000e+00
-0.000000000000000000e+00
-0.000000000000000000e+00
-0.000000000000000000e+00
-0.000000000000000000e+00
-0.000000000000000000e+00
-0.000000000000000000e+00
-0.000000000000000000e+00
-0.000000000000000000e+00
-0.000000000000000000e+00
-0.000000000000000000e+00
-0.000000000000000000e+00
-0.000000000000000000e+00
-0.000000000000000000e+00
-0.000000000000000000e+00
-0.000000000000000000e+00
-0.000000000000000000e+00
-0.000000000000000000e+00
-0.000000000000000000e+00
-0.000000000000000000e+00
-0.000000000000000000e+00
-0.000000000000000000e+00
-0.000000000000000000e+00
-0.000000000000000000e+00
-0.000000000000000000e+00
-0.000000000000000000e+00
-0.000000000000000000e+00
-0.000000000000000000e+00
-0.000000000000000000e+00
-0.000000000000000000e+00
-0.000000000000000000e+00
-0.000000000000000000e+00
-0.000000000000000000e+00
-0.000000000000000000e+00
-0.000000000000000000e+00
-0.000000000000000000e+00
-0.000000000000000000e+00
-0.000000000000000000e+00
-0.000000000000000000e+00
-0.000000000000000000e+00
-0.000000000000000000e+00
-0.000000000000000000e+00
-0.000000000000000000e+00
-0.000000000000000000e+00
-0.000000000000000000e+00
-0.000000000000000000e+00
-0.000000000000000000e+00
-0.000000000000000000e+00
-0.000000000000000000e+00
-0.000000000000000000e+00
-0.000000000000000000e+00
-0.000000000000000000e+00
-0.000000000000000000e+00
-0.000000000000000000e+00
-0.000000000000000000e+00
-0.000000000000000000e+00
-0.000000000000000000e+00
-0.000000000000000000e+00
-0.000000000000000000e+00
-0.000000000000000000e+00
-0.000000000000000000e+00
-0.000000000000000000e+00
-0.000000000000000000e+00
-0.000000000000000000e+00
-0.000000000000000000e+00
-0.000000000000000000e+00
-0.000000000000000000e+00
-0.000000000000000000e+00
-0.000000000000000000e+00
-0.000000000000000000e+00
-0.000000000000000000e+00
-0.000000000000000000e+00
-0.000000000000000000e+00
-0.000000000000000000e+00
-0.000000000000000000e+00
-0.000000000000000000e+00
-0.000000000000000000e+00
-0.000000000000000000e+00
-0.000000000000000000e+00
-0.000000000000000000e+00
-0.000000000000000000e+00
-0.000000000000000000e+00
-0.000000000000000000e+00
-0.000000000000000000e+00
-0.000000000000000000e+00
-0.000000000000000000e+00
-0.000000000000000000e+00
-0.000000000000000000e+00
-0.000000000000000000e+00
-0.000000000000000000e+00
-0.000000000000000000e+00
-0.000000000000000000e+00
-0.000000000000000000e+00
-0.000000000000000000e+00
-0.000000000000000000e+00
-0.000000000000000000e+00
-0.000000000000000000e+00
-0.000000000000000000e+00
-0.000000000000000000e+00
-0.000000000000000000e+00
-0.000000000000000000e+00
-0.000000000000000000e+00
-0.000000000000000000e+00
-0.000000000000000000e+00
-0.000000000000000000e+00
-0.000000000000000000e+00
-0.000000000000000000e+00
-0.000000000000000000e+00
-0.000000000000000000e+00
-0.000000000000000000e+00
-0.000000000000000000e+00
-0.000000000000000000e+00
-0.000000000000000000e+00
-0.000000000000000000e+00
-0.000000000000000000e+00
-0.000000000000000000e+00
-0.000000000000000000e+00
-0.000000000000000000e+00
-0.000000000000000000e+00
-0.000000000000000000e+00
-0.000000000000000000e+00
-0.000000000000000000e+00
-0.000000000000000000e+00
-0.000000000000000000e+00
-0.000000000000000000e+00
-0.000000000000000000e+00
-0.000000000000000000e+00
-0.000000000000000000e+00
-0.000000000000000000e+00
-0.000000000000000000e+00
-0.000000000000000000e+00
-0.000000000000000000e+00
-0.000000000000000000e+00
-0.000000000000000000e+00
-0.000000000000000000e+00
-0.000000000000000000e+00
-0.000000000000000000e+00
-0.000000000000000000e+00
-0.000000000000000000e+00
-0.000000000000000000e+00
-0.000000000000000000e+00
-0.000000000000000000e+00
-0.000000000000000000e+00
-0.000000000000000000e+00
-0.000000000000000000e+00
-0.000000000000000000e+00
-0.000000000000000000e+00
-0.000000000000000000e+00
-0.000000000000000000e+00
-0.000000000000000000e+00
-0.000000000000000000e+00
-0.000000000000000000e+00
-0.000000000000000000e+00
-0.000000000000000000e+00
-0.000000000000000000e+00
-0.000000000000000000e+00
-0.000000000000000000e+00
-0.000000000000000000e+00
-0.000000000000000000e+00
-0.000000000000000000e+00
-0.000000000000000000e+00
-0.000000000000000000e+00
-0.000000000000000000e+00
-0.000000000000000000e+00
-0.000000000000000000e+00
-0.000000000000000000e+00
-0.000000000000000000e+00
-0.000000000000000000e+00
-0.000000000000000000e+00
-0.000000000000000000e+00
-0.000000000000000000e+00
-0.000000000000000000e+00
-0.000000000000000000e+00
-0.000000000000000000e+00
-0.000000000000000000e+00
-0.000000000000000000e+00
-0.000000000000000000e+00
-0.000000000000000000e+00
-0.000000000000000000e+00
-0.000000000000000000e+00
-0.000000000000000000e+00
-0.000000000000000000e+00
-0.000000000000000000e+00
-0.000000000000000000e+00
-0.000000000000000000e+00
-0.000000000000000000e+00
-0.000000000000000000e+00
-0.000000000000000000e+00
-0.000000000000000000e+00
-0.000000000000000000e+00
-0.000000000000000000e+00
-0.000000000000000000e+00
-0.000000000000000000e+00
-0.000000000000000000e+00
-0.000000000000000000e+00
-0.000000000000000000e+00
-0.000000000000000000e+00
-0.000000000000000000e+00
-0.000000000000000000e+00
-0.000000000000000000e+00
-0.000000000000000000e+00
-0.000000000000000000e+00
-0.000000000000000000e+00
-0.000000000000000000e+00
-0.000000000000000000e+00
-0.000000000000000000e+00
-0.000000000000000000e+00
-0.000000000000000000e+00
-0.000000000000000000e+00
-0.000000000000000000e+00
-0.000000000000000000e+00
-0.000000000000000000e+00
-0.000000000000000000e+00
-0.000000000000000000e+00
-0.000000000000000000e+00
-0.000000000000000000e+00
-0.000000000000000000e+00
-0.000000000000000000e+00
-0.000000000000000000e+00
-0.000000000000000000e+00
-0.000000000000000000e+00
-0.000000000000000000e+00
-0.000000000000000000e+00
-0.000000000000000000e+00
-0.000000000000000000e+00
-0.000000000000000000e+00
-0.000000000000000000e+00
-0.000000000000000000e+00
-0.000000000000000000e+00
-0.000000000000000000e+00
-0.000000000000000000e+00
-0.000000000000000000e+00
-0.000000000000000000e+00
-0.000000000000000000e+00
-0.000000000000000000e+00
-0.000000000000000000e+00
-0.000000000000000000e+00
-0.000000000000000000e+00
-0.000000000000000000e+00
-0.000000000000000000e+00
-0.000000000000000000e+00
-0.000000000000000000e+00
-0.000000000000000000e+00
-0.000000000000000000e+00
-0.000000000000000000e+00
-0.000000000000000000e+00
-0.000000000000000000e+00
-0.000000000000000000e+00
-0.000000000000000000e+00
-0.000000000000000000e+00
-0.000000000000000000e+00
-0.000000000000000000e+00
-0.000000000000000000e+00
-0.000000000000000000e+00
-0.000000000000000000e+00
-0.000000000000000000e+00
-0.000000000000000000e+00
-0.000000000000000000e+00
-0.000000000000000000e+00
-0.000000000000000000e+00
-0.000000000000000000e+00
-0.000000000000000000e+00
-0.000000000000000000e+00
-0.000000000000000000e+00
-0.000000000000000000e+00
-0.000000000000000000e+00
-0.000000000000000000e+00
-0.000000000000000000e+00
-0.000000000000000000e+00
-0.000000000000000000e+00
-0.000000000000000000e+00
-0.000000000000000000e+00
-0.000000000000000000e+00
-0.000000000000000000e+00
-0.000000000000000000e+00
-0.000000000000000000e+00
-0.000000000000000000e+00
-0.000000000000000000e+00
-0.000000000000000000e+00
-0.000000000000000000e+00
-0.000000000000000000e+00
-0.000000000000000000e+00
-0.000000000000000000e+00
-0.000000000000000000e+00
-0.000000000000000000e+00
-0.000000000000000000e+00
-0.000000000000000000e+00
-0.000000000000000000e+00
-0.000000000000000000e+00
-0.000000000000000000e+00
-0.000000000000000000e+00
-0.000000000000000000e+00
-0.000000000000000000e+00
-0.000000000000000000e+00
-0.000000000000000000e+00
-0.000000000000000000e+00
-0.000000000000000000e+00
-0.000000000000000000e+00
-0.000000000000000000e+00
-0.000000000000000000e+00
-0.000000000000000000e+00
-0.000000000000000000e+00
-0.000000000000000000e+00
-0.000000000000000000e+00
-0.000000000000000000e+00
-0.000000000000000000e+00
-0.000000000000000000e+00
-0.000000000000000000e+00
-0.000000000000000000e+00
-0.000000000000000000e+00
-0.000000000000000000e+00
-0.000000000000000000e+00
-0.000000000000000000e+00
-0.000000000000000000e+00
-0.000000000000000000e+00
-0.000000000000000000e+00
-0.000000000000000000e+00
-0.000000000000000000e+00
-0.000000000000000000e+00
-0.000000000000000000e+00
-0.000000000000000000e+00
-0.000000000000000000e+00
-0.000000000000000000e+00
-0.000000000000000000e+00
-0.000000000000000000e+00
-0.000000000000000000e+00
-0.000000000000000000e+00
-0.000000000000000000e+00
-0.000000000000000000e+00
-0.000000000000000000e+00
-0.000000000000000000e+00
-0.000000000000000000e+00
-0.000000000000000000e+00
-0.000000000000000000e+00
-0.000000000000000000e+00
-0.000000000000000000e+00
-0.000000000000000000e+00
-0.000000000000000000e+00
-0.000000000000000000e+00
-0.000000000000000000e+00
-0.000000000000000000e+00
-0.000000000000000000e+00
-0.000000000000000000e+00
-0.000000000000000000e+00
-0.000000000000000000e+00
-0.000000000000000000e+00
-0.000000000000000000e+00
-0.000000000000000000e+00
-0.000000000000000000e+00
