1.168271096456480346e-07
1.250195609792744929e-07
1.327785673391304638e-07
1.401216903783294127e-07
1.470657858049950883e-07
1.536268130689401040e-07
1.598200503386798577e-07
1.656601202394329482e-07
1.711608152728137452e-07
1.763352168188468801e-07
1.811959877481951699e-07
1.857551356104427730e-07
1.900241359443015470e-07
1.940139640853181426e-07
1.977351495209180641e-07
2.011976916887617608e-07
2.044109871493624504e-07
2.073843262827421826e-07
2.101262006028902810e-07
2.126451388214905962e-07
2.149493401512473583e-07
2.170465004072528428e-07
2.189440132455822733e-07
2.206494014955521572e-07
2.221698648074791488e-07
2.235121834990152718e-07
2.246831597978151933e-07
2.256894352038312457e-07
2.265370310355699497e-07
2.272322771893507264e-07
2.277810194936536697e-07
2.281891642617994002e-07
2.284622772174522539e-07
2.286058154179212582e-07
2.286253125992538313e-07
2.285257260417673035e-07
2.283124186221809517e-07
2.279900397138735458e-07
2.275637839850280270e-07
2.270379817071502025e-07
2.264176686605357704e-07
2.257070446881331380e-07
2.249106260223899276e-07
2.240329331461452650e-07
2.230777950398793749e-07
2.220498839899115026e-07
2.209525579306179081e-07
2.197905885024436921e-07
2.185674732184179502e-07
2.172866567948834332e-07
2.159528765805754949e-07
2.145687226787520824e-07
2.131381877770738781e-07
2.116650325241703451e-07
2.101517093738920339e-07
2.086023046280515527e-07
2.070198321154211394e-07
2.054066917568040050e-07
2.037666557577140310e-07
2.021023642144098890e-07
2.004160036271745315e-07
1.987109719907268845e-07
1.969898737244158837e-07
1.952544498802977279e-07
1.935078453266918280e-07
1.917524501071292066e-07
1.899897271491129356e-07
1.882224906071865224e-07
1.864530122698402382e-07
1.846827456954012796e-07
1.829133852369667696e-07
1.811476791245599292e-07
1.793869315208722218e-07
1.776322019053240341e-07
1.758855907150021225e-07
1.741491211150053380e-07
1.724234513998982334e-07
1.707095705075201720e-07
1.690095396079972035e-07
1.673247381352562066e-07
1.656554905398590040e-07
1.640027736335465912e-07
1.623681613000857640e-07
1.607529360232121865e-07
1.591569344910130873e-07
1.575810770036673100e-07
1.560262164698165251e-07
1.544936805649187881e-07
1.529834687197282804e-07
1.514955798817194265e-07
1.500308473830219752e-07
1.485903332363465968e-07
1.471740770901938214e-07
1.457816725778569172e-07
1.444139066415622510e-07
1.430710342790665076e-07
1.417535273890575501e-07
1.404612256975978050e-07
1.391935734031828208e-07
1.379513622061296286e-07
1.367345264146546438e-07
1.355431124601393666e-07
1.343768523696665710e-07
1.332350700004070034e-07
1.321184333412823606e-07
1.310267159818846930e-07
1.299596635703519400e-07
1.289168184472697032e-07
1.278975788191083383e-07
1.269021449719500311e-07
1.259303865519295675e-07
1.249821403916668755e-07
1.240563612368437745e-07
1.231528728585012737e-07
1.222709470624499291e-07
1.214110167788437836e-07
1.205725141340894326e-07
1.197548059551692596e-07
1.189571363799176775e-07
1.181790817790237240e-07
1.174202144351042126e-07
1.166805256726436817e-07
1.159594620402879124e-07
1.152560772891107129e-07
1.145697867698734380e-07
1.139001476733157523e-07
1.132466512971969012e-07
1.126091793341024318e-07
1.119871214612669828e-07
1.113796189914379293e-07
1.107858956706245186e-07
1.102056648386663923e-07
1.096382377058287349e-07
1.090834757286630978e-07
1.085406541599133167e-07
1.080093645425662874e-07
1.074884961392101580e-07
1.069777840352173179e-07
1.064766577786150332e-07
1.059847812736571865e-07
1.055015559644200814e-07
1.050264998642442470e-07
1.045589910023256850e-07
1.040982553156346603e-07
1.036440487627779185e-07
1.031957919100229520e-07
1.027532081024640342e-07
1.023156333357470585e-07
1.018826958825567201e-07
1.014538588947786634e-07
1.010284429829206944e-07
1.006062505874241927e-07
1.001867405203369772e-07
9.976972388818659927e-08
9.935464077691075199e-08
9.894104368316622740e-08
9.852869001307345937e-08
9.811690378794122553e-08
9.770554853241926446e-08
9.729424546866262785e-08
9.688270600050905387e-08
9.647078245267929595e-08
9.605785946258841306e-08
9.564383672328456372e-08
9.522837258786438074e-08
9.481107646438995470e-08
9.439193258172598296e-08
9.397059132047056149e-08
9.354696917443522938e-08
9.312095155022938459e-08
9.269209641169111078e-08
9.226040807899779128e-08
9.182569188531863325e-08
9.138770740669436626e-08
9.094650525444870206e-08
9.050192335533653909e-08
9.005391315411840805e-08
8.960255762659624193e-08
8.914756188488618226e-08
8.868895849084606459e-08
8.822675897931818093e-08
8.776082547586448749e-08
8.729126273276172558e-08
8.681810634744962374e-08
8.634136452751751047e-08
8.586118681627212861e-08
8.537756846960326484e-08
8.489050921419940687e-08
8.440013296887032895e-08
8.390645793410688916e-08
8.340962505735673678e-08
8.290978732794505884e-08
8.240701126735675638e-08
8.190151262933322866e-08
8.139349217832951674e-08
8.088299862524666396e-08
8.037018352513328233e-08
7.985523434547466739e-08
7.933822282018418997e-08
7.881937222494367977e-08
7.829899213565041006e-08
7.777712331497528128e-08
7.725400198600827841e-08
7.673002109277923401e-08
7.620523430024779687e-08
7.567975711171318225e-08
7.515397053805176206e-08
7.462794199723300773e-08
7.410175487661151487e-08
7.357591115420293497e-08
7.305059259047243706e-08
7.252581885738028713e-08
7.200198870241356728e-08
7.147944107046260555e-08
7.095818932939751091e-08
7.043837307731929984e-08
6.992043250922588350e-08
6.940439499913377066e-08
6.889029152323084679e-08
6.837868872840276644e-08
6.786979236561564207e-08
6.736359522641118566e-08
6.686031346327211224e-08
6.636042267862277510e-08
6.586390928725135929e-08
6.537076262408329466e-08
6.488142410175286351e-08
6.439600782094163452e-08
6.391447633004538731e-08
6.343695313509752235e-08
6.296405546395210090e-08
6.249572454847336534e-08
6.203198938094033176e-08
6.157309834017916808e-08
6.111932790182516727e-08
6.067056118705772058e-08
6.022679782908840080e-08
5.978842841574789428e-08
5.935546161270600973e-08
5.892779284306541502e-08
5.850552556454863597e-08
5.808915610555201313e-08
5.767862282856053689e-08
5.727389894402643969e-08
5.687497883377429190e-08
5.648219667095140606e-08
5.609541783284393203e-08
5.571451481115857096e-08
5.533960868668590325e-08
5.497089452415488238e-08
5.460819974733741645e-08
5.425145974090635422e-08
5.390083654517232320e-08
5.355657105276187416e-08
5.321850664690091558e-08
5.288657961090412713e-08
5.256085301824062895e-08
5.224133363887584588e-08
5.192786128580778162e-08
5.162030952145785196e-08
5.131872896846614206e-08
5.102318506667193769e-08
5.073353620420634305e-08
5.044964446227238419e-08
5.017149325765185970e-08
4.989934115628839351e-08
4.963288304166752688e-08
4.937206978871168396e-08
4.911684512811283586e-08
4.886729675521197362e-08
4.862299987164845366e-08
4.838395889539998258e-08
4.815001199668387417e-08
4.792132113712355906e-08
4.769760954817742180e-08
4.747871967938379659e-08
4.726465925249356718e-08
4.705538600153128083e-08
4.685079801807129134e-08
4.665072911865988765e-08
4.645504125587460245e-08
4.626375224048622965e-08
4.607676159531160617e-08
4.589367398522381714e-08
4.571441293234789959e-08
4.553892283846000433e-08
4.536720376590971045e-08
4.519898276651139546e-08
4.503415405907904682e-08
4.487258745334311584e-08
4.471430811975726172e-08
4.455918429470036600e-08
4.440692441112564302e-08
4.425742096813307440e-08
4.411070294940395433e-08
4.396665542921022093e-08
4.382500186311169128e-08
4.368548830151221742e-08
4.354812506130204821e-08
4.341283483023686597e-08
4.327957272672967532e-08
4.314798541809973316e-08
4.301802723725004456e-08
4.288963068513889494e-08
4.276279743774118295e-08
4.263733112725902031e-08
4.251296096669455439e-08
4.238964423875129426e-08
4.226736033075453342e-08
4.214606107632709370e-08
4.202550198268908375e-08
4.190547075096201506e-08
4.178593399960280762e-08
4.166688538332607538e-08
4.154827345286201632e-08
4.142986539668315912e-08
4.131151934174136698e-08
4.119322846878668904e-08
4.107497143061105903e-08
4.095671671706524700e-08
4.083822177674046140e-08
4.071937484028067420e-08
4.060017767650299998e-08
4.048060378804493703e-08
4.036065052675311476e-08
4.024008597841647815e-08
4.011883889237244850e-08
3.999689659968956991e-08
3.987425989029693852e-08
3.975092418957197428e-08
3.962672177063127866e-08
3.950159075820360974e-08
3.937554415264575451e-08
3.924858191567001721e-08
3.912068931947006999e-08
3.899178245906567153e-08
3.886179974378011369e-08
3.873072344364215404e-08
3.859859628130400665e-08
3.846540388456456695e-08
3.833110030804866403e-08
3.819564673095336148e-08
3.805906625152579649e-08
3.792134891620651921e-08
3.778250877797909270e-08
3.764256783581557670e-08
3.750148428897256405e-08
3.735929640009768580e-08
3.721603002335571938e-08
3.707169083780340806e-08
3.692629167912326953e-08
3.677982788956521470e-08
3.663237298470004041e-08
3.648396049255733322e-08
3.633457312533831102e-08
3.618425104002216669e-08
3.603300119941852794e-08
3.588089016284451949e-08
3.572798402672918566e-08
3.557430796478777864e-08
3.541986967679104117e-08
3.526469178312441319e-08
3.510879971808047174e-08
3.495236935909537893e-08
3.479543027796398598e-08
3.463799639430242730e-08
3.448007271095914725e-08
3.432167286555585966e-08
3.416291073519770229e-08
3.400391267121011270e-08
3.384470264979483439e-08
3.368528996289860034e-08
3.352567119024097572e-08
3.336587831927785616e-08
3.320606859930987830e-08
3.304634943827300417e-08
3.288672536383129983e-08
3.272719472403201219e-08
3.256777113155928528e-08
3.240848773981510103e-08
3.224957504341472114e-08
3.209109979777552076e-08
3.193307420132861680e-08
3.177548748704502137e-08
3.161835034137641114e-08
3.146169638450884265e-08
3.130572944765126019e-08
3.115049079823562570e-08
3.099599309103232110e-08
3.084222061671409749e-08
3.068917575029900924e-08
3.053688814225287188e-08
3.038555969123152007e-08
3.023523847251197166e-08
3.008591915726574811e-08
2.993760351747723196e-08
2.979027425427608335e-08
2.964393881148628058e-08
2.949882179725906202e-08
2.935496169006756247e-08
2.921235344682319446e-08
2.907099901839228058e-08
2.893089545607611479e-08
2.879203631716867028e-08
2.865454005608488017e-08
2.851845890227586507e-08
2.838378015540902649e-08
2.825049776552699126e-08
2.811860447801618946e-08
2.798807999688634782e-08
2.785899178705330213e-08
2.773145891906270908e-08
2.760544944884071285e-08
2.748095198353746895e-08
2.735795874121479442e-08
2.723645119745073000e-08
2.711641683431261311e-08
2.699802051950043175e-08
2.688122427005974244e-08
2.676600467792788917e-08
2.665234790913888274e-08
2.654025996925558417e-08
2.642969972910513831e-08
2.632072184415297069e-08
2.621335620189100330e-08
2.610752117788008613e-08
2.600321279724909141e-08
2.590042027763366518e-08
2.579913413947284674e-08
2.569932821030221964e-08
2.560108148998495367e-08
2.550433027100614726e-08
2.540904510868668905e-08
2.531522009378834779e-08
2.522283282703423764e-08
2.513186478896934758e-08
2.504231122162390753e-08
2.495423367356783365e-08
2.486751535928442898e-08
2.478213197372105978e-08
2.469807328878214950e-08
2.461533018748619507e-08
2.453389413997195215e-08
2.445375285140371220e-08
2.437489346852757667e-08
2.429719212850178763e-08
2.422062941204371327e-08
2.414519646270989753e-08
2.407088884966961356e-08
2.399769144088012460e-08
2.392560055894651041e-08
2.385458408157954700e-08
2.378453991363907156e-08
2.371545064089875323e-08
2.364730818778052955e-08
2.358010570038537252e-08
2.351383547231515510e-08
2.344848188086373804e-08
2.338400042963139587e-08
2.332027711237603515e-08
2.325729700585433086e-08
2.319505446698279410e-08
2.313354346018845783e-08
2.307274885693913318e-08
2.301265639633818259e-08
2.295322831329301953e-08
2.289433299080855432e-08
2.283595371814510367e-08
2.277808420226835515e-08
2.272071628443701962e-08
2.266384237470676872e-08
2.260745003263287708e-08
2.255150928920243406e-08
2.249591655092279684e-08
2.244063899958183007e-08
2.238567120619603326e-08
2.233100282895109726e-08
2.227663300282814081e-08
2.222255394321387557e-08
2.216874819235324529e-08
2.211513135165012393e-08
2.206163537198699804e-08
2.200826012490381698e-08
2.195500091459564725e-08
2.190185027150891865e-08
2.184880910016977021e-08
2.179586989826387228e-08
2.174298764026116101e-08
2.169008670804773002e-08
2.163715185505906646e-08
2.158418033751763974e-08
2.153116064546565243e-08
2.147809932028170997e-08
2.142499735760314302e-08
2.137183740239101405e-08
2.131857189408020721e-08
2.126516886009883689e-08
2.121161882912026071e-08
2.115792230253351854e-08
2.110408537482725185e-08
2.105009969271666171e-08
2.099596321691326576e-08
2.094166956103707379e-08
2.088718331105359886e-08
2.083248112235927465e-08
2.077757226975614945e-08
2.072244907236779119e-08
2.066711414063049363e-08
2.061157516665296778e-08
2.055582646524382431e-08
2.049985931817969088e-08
2.044366731868823262e-08
2.038724160630629936e-08
2.033058993680077759e-08
2.027371161321244423e-08
2.021660376667930649e-08
2.015927562329033280e-08
2.010172773812576144e-08
2.004396234555001093e-08
1.998599498334659060e-08
1.992783162917493889e-08
1.986948001608383376e-08
1.981093541702834714e-08
1.975220181439673967e-08
1.969328377825106012e-08
1.963418220174536515e-08
1.957490502514392596e-08
1.951548463984802510e-08
1.945594353827907573e-08
1.939627476749309764e-08
1.933648561410577650e-08
1.927657333235007006e-08
1.921654136707795885e-08
1.915638668202801107e-08
1.909612801225780637e-08
1.903581342432807592e-08
1.897545605442005959e-08
1.891506536459143072e-08
1.885463699640259071e-08
1.879417665641859429e-08
1.873368634506504640e-08
1.867316613116475041e-08
1.861262187428856590e-08
1.855210767569476599e-08
1.849166686321136637e-08
1.843129350625212951e-08
1.837100874902892123e-08
1.831079402907913226e-08
1.825066623639495623e-08
1.819060869682277932e-08
1.813064227214812285e-08
1.807077773412537630e-08
1.801107505860568257e-08
1.795154878885674819e-08
1.789220315413337859e-08
1.783302503323857834e-08
1.777403390507966991e-08
1.771522127506997033e-08
1.765658692004359827e-08
1.759813057082150343e-08
1.753990652557616501e-08
1.748194393279207087e-08
1.742425092688119934e-08
1.736682478505531100e-08
1.730967009299927257e-08
1.725276875228886561e-08
1.719614383885635939e-08
1.713978217994190248e-08
1.708369722584333131e-08
1.702794607863385831e-08
1.697254278399372992e-08
1.691747792882760865e-08
1.686277891844988390e-08
1.680841218103022374e-08
1.675439770960689720e-08
1.670071109644051677e-08
1.664738547782283671e-08
1.659440186828803635e-08
1.654181967707956697e-08
1.648962489349051735e-08
1.643780874247131219e-08
1.638639785840718967e-08
1.633536066897469972e-08
1.628471897944902161e-08
1.623443807918181018e-08
1.618455976494491709e-08
1.613505969208319934e-08
1.608599061294669633e-08
1.603732871596053313e-08
1.598906547872435660e-08
1.594123116070190428e-08
1.589378965735988569e-08
1.584674881143067874e-08
1.580010572532430797e-08
1.575387397077492432e-08
1.570803795161937028e-08
1.566263254078876207e-08
1.561763379498660755e-08
1.557305125530769424e-08
1.552887157883656588e-08
1.548509542409557272e-08
1.544170598067817509e-08
1.539874378914239635e-08
1.535616071906915540e-08
1.531396939791906258e-08
1.527218134215775880e-08
1.523079034361263476e-08
1.518976694951226124e-08
1.514910745144975731e-08
1.510880217159903456e-08
1.506887768125846615e-08
1.502931009668581124e-08
1.499009258322322899e-08
1.495122468888117370e-08
1.491273107308994979e-08
1.487458309788068582e-08
1.483675928107135984e-08
1.479924889584224676e-08
1.476207449865715568e-08
1.472520777436009223e-08
1.468864276898290119e-08
1.465241320984656988e-08
1.461647977617607909e-08
1.458085542118169028e-08
1.454553114268285488e-08
1.451050091062913663e-08
1.447572261487696009e-08
1.444120760902713791e-08
1.440694838702882662e-08
1.437295031766291477e-08
1.433920673964227510e-08
1.430570103592059256e-08
1.427246317089635401e-08
1.423946051447098437e-08
1.420669933671033633e-08
1.417413349540085886e-08
1.414176624606488108e-08
1.410957826833072671e-08
1.407757731395386326e-08
1.404576531670485801e-08
1.401413898087280848e-08
1.398268256417875327e-08
1.395141435210498363e-08
1.392031718749305571e-08
1.388939002465956406e-08
1.385858963854844471e-08
1.382792649490288614e-08
1.379738278568566497e-08
1.376696690793267481e-08
1.373667717082911391e-08
1.370651365491439043e-08
1.367646361319450359e-08
1.364654031886861057e-08
1.361672979293177508e-08
1.358703195461601086e-08
1.355740957201833618e-08
1.352786605780223216e-08
1.349839175155018061e-08
1.346899382134660278e-08
1.343966583221009633e-08
1.341041001334278126e-08
1.338121953116945555e-08
1.335210372659368731e-08
1.332305012540951505e-08
1.329406083591709804e-08
1.326511309673627418e-08
1.323619452527119919e-08
1.320730913487757555e-08
1.317845287207716621e-08
1.314962965413706660e-08
1.312083244633036130e-08
1.309206781560188778e-08
1.306332958273558762e-08
1.303462019801331925e-08
1.300593921710660587e-08
1.297727824502034742e-08
1.294863046059559751e-08
1.291999104800792460e-08
1.289136333006018626e-08
1.286274388912870785e-08
1.283413572123616441e-08
1.280553625484367277e-08
1.277694508610284118e-08
1.274836347188641678e-08
1.271979069424326319e-08
1.269123509016112977e-08
1.266268444349614036e-08
1.263413818504153403e-08
1.260559755509356524e-08
1.257705952869822717e-08
1.254852649252829260e-08
1.251999763087744939e-08
1.249147378471720751e-08
1.246295311207522603e-08
1.243443671985641198e-08
1.240592941324992733e-08
1.237743879111738204e-08
1.234896139117438442e-08
1.232049264570980411e-08
1.229203763267720321e-08
1.226359316320301689e-08
1.223516281189842632e-08
1.220674437543007656e-08
1.217833760975776497e-08
1.214994259358758952e-08
1.212155947060433814e-08
1.209320360086156639e-08
1.206488011256405360e-08
1.203658976330418729e-08
1.200832944016675053e-08
1.198010522637796837e-08
1.195191305189124226e-08
1.192375721133959911e-08
1.189563345956685753e-08
1.186754162418699297e-08
1.183948459870956346e-08
1.181145908178174715e-08
1.178348519254032097e-08
1.175556683724529309e-08
1.172770529673455851e-08
1.169990006030060152e-08
1.167215468460237030e-08
1.164446328433872843e-08
1.161683593206517804e-08
1.158926560036646322e-08
1.156175103937446844e-08
1.153429503065592130e-08
1.150689411734907712e-08
1.147956346556630981e-08
1.145231495101442706e-08
1.142514607934697099e-08
1.139805967836654996e-08
1.137105447083502166e-08
1.134412625063526834e-08
1.131728432799748226e-08
1.129051774460406855e-08
1.126384121674961644e-08
1.123724250365563655e-08
1.121072054630719412e-08
1.118428735556089459e-08
1.115795592113179011e-08
1.113172589191631658e-08
1.110560439183606313e-08
1.107958154596366011e-08
1.105366863733762044e-08
1.102785615917033853e-08
1.100214611776805307e-08
1.097654155455986611e-08
1.095103128142864875e-08
1.092563267569702836e-08
1.090033119098427530e-08
1.087514597120693144e-08
1.085007816914699165e-08
1.082512149820367639e-08
1.080028734214259205e-08
1.077556498826639700e-08
1.075095409466611612e-08
1.072646415722684486e-08
1.070207901390757542e-08
1.067781917754307869e-08
1.065367048621486287e-08
1.062963230972635044e-08
1.060570991418215154e-08
1.058190557524884338e-08
1.055822950318840871e-08
1.053466881810284275e-08
1.051122240638597698e-08
1.048790031344359309e-08
1.046468812326903027e-08
1.044160185352436324e-08
1.041862677597795603e-08
1.039577279432659114e-08
1.037303304411910592e-08
1.035039988873874672e-08
1.032789137505294247e-08
1.030550254331259301e-08
1.028323650280924378e-08
1.026108333731494804e-08
1.023903939701416011e-08
1.021712052011198021e-08
1.019530555616214675e-08
1.017361367797551871e-08
1.015202821179310860e-08
1.013056157225677658e-08
1.010920474197046480e-08
1.008795176430311688e-08
1.006681705765642395e-08
1.004579214025956134e-08
1.002488004668650248e-08
1.000406526155096504e-08
9.983350131075272988e-09
9.962738430903481515e-09
9.942223476363241929e-09
9.921814523441065930e-09
9.901496284834832790e-09
9.881285545743298928e-09
9.861170685249968013e-09
9.841151765568405825e-09
9.821230664468220032e-09
9.801404070379257162e-09
9.781675221505645609e-09
9.762026973206599551e-09
9.742469435688882455e-09
9.722991241781578591e-09
9.703596788955151196e-09
9.684288193256995813e-09
9.665059343845738935e-09
9.645917129857889085e-09
9.626848429984435707e-09
9.607869448484371505e-09
9.588966159987147766e-09
9.570148992058265589e-09
9.551409403858687148e-09
9.532738160107950356e-09
9.514137161107035409e-09
9.495603241521732457e-09
9.477140726036333266e-09
9.458740065015964722e-09
9.440412372191606849e-09
9.422145628022012167e-09
9.403950581234585755e-09
9.385819522985781721e-09
9.367752004947981276e-09
9.349749677008326904e-09
9.331811749531316980e-09
9.313934884009653109e-09
9.296108076889715898e-09
9.278334744215190571e-09
9.260609591090894858e-09
9.242937745926957328e-09
9.225313120466445601e-09
9.207740025398581009e-09
9.190217739111747812e-09
9.172743094606414789e-09
9.155318452885043541e-09
9.137937897457859465e-09
9.120610136050343482e-09
9.103332094154861050e-09
9.086098897260096100e-09
9.068904601598340625e-09
9.051750966887368441e-09
9.034635428126674399e-09
9.017559319577960769e-09
9.000521525015512042e-09
8.983523845030026737e-09
8.966565350893856076e-09
8.949643193728660195e-09
8.932760246016582877e-09
8.915911585401911762e-09
8.899104478113151092e-09
8.882339579672116304e-09
8.865611349150056173e-09
8.848917017818640398e-09
8.832256898091992220e-09
8.815629378261695469e-09
8.799035956449172165e-09
8.782474523091912666e-09
8.765947292790441305e-09
8.749453011996860095e-09
8.732991736441637282e-09
8.716562384979102225e-09
8.700164112050409697e-09
8.683799357753582370e-09
8.667471685773572705e-09
8.651177877570742561e-09
8.634914034532092257e-09
8.618680749232650282e-09
8.602476802310791563e-09
8.586303539361760742e-09
8.570158536336495045e-09
8.554045182844885761e-09
8.537959210492491911e-09
8.521905226495135698e-09
8.505878263546316950e-09
8.489882305385848199e-09
8.473914085223407061e-09
8.457979117831536093e-09
8.442080131379418621e-09
8.426211323419020045e-09
8.410377021230664040e-09
8.394571800061256912e-09
8.378800227754684865e-09
8.363058033312888111e-09
8.347349392167406040e-09
8.331670409207109748e-09
8.316024257404735661e-09
8.300407567779863379e-09
8.284822899061170716e-09
8.269267300694588825e-09
8.253745180448011766e-09
8.238260127779890667e-09
8.222812672364096009e-09
8.207399966114450677e-09
8.192024308037188889e-09
8.176682970512515867e-09
8.161379892488136042e-09
8.146108759451921256e-09
8.130877992042675672e-09
8.115677941092257841e-09
8.100517923536955541e-09
8.085388409333390534e-09
8.070297721071199632e-09
8.055237556334855637e-09
8.040217797819505061e-09
8.025237404582800921e-09
8.010298062964009798e-09
7.995395939885721302e-09
7.980534523616626184e-09
7.965709518041184736e-09
7.950926138649444155e-09
7.936178215531478638e-09
7.921473607489992084e-09
7.906802764350994759e-09
7.892175603525647443e-09
7.877581263291128973e-09
7.863029974730658289e-09
7.848511440766960649e-09
7.834037062947130477e-09
7.819603903165750244e-09
7.805215932451210700e-09
7.790867482720346755e-09
7.776563996300949950e-09
7.762299687084553986e-09
7.748081652729288734e-09
7.733900825957415438e-09
7.719768089132740501e-09
7.705671704745802405e-09
7.691621712566038673e-09
7.677608729025561231e-09
7.663640257203017941e-09
7.649709451971282113e-09
7.635822986058771915e-09
7.621980389823695612e-09
7.608184374670700880e-09
7.594430618843440696e-09
7.580723412937815852e-09
7.567057295246576101e-09
7.553436871593329193e-09
7.539857800535175287e-09
7.526322467116924594e-09
7.512829960565502259e-09
7.499379653290293797e-09
7.485973193986474429e-09
7.472607206886813623e-09
7.459286876533431588e-09
7.446005677899629403e-09
7.432770992087378936e-09
7.419579984981445480e-09
7.406434188031183465e-09
7.393326780964868831e-09
7.380264828816279851e-09
7.367240230276173147e-09
7.354260987114392698e-09
7.341318915197409820e-09
7.328423627492975261e-09
7.315564290666828547e-09
7.302750772827133506e-09
7.289973351150763780e-09
7.277239478718880190e-09
7.264542652574306666e-09
7.251888216843259371e-09
7.239275544942904430e-09
7.226706982132248639e-09
7.214176793232269838e-09
7.201686751662159029e-09
7.189235861753230448e-09
7.176821936362602292e-09
7.164449418547488534e-09
7.152111708536046647e-09
7.139817725607751888e-09
7.127557358360012248e-09
7.115341161419471457e-09
7.103157542832053735e-09
7.091016269443711436e-09
7.078908101063358591e-09
7.066840678526851403e-09
7.054811626277073459e-09
7.042822471277372757e-09
7.030868017878315653e-09
7.018950124435515491e-09
7.007067161008669874e-09
6.995217535681038523e-09
6.983405043016364366e-09
6.971623853376906482e-09
6.959882306987243095e-09
6.948170998440746672e-09
6.936499115778419216e-09
6.924856834773614806e-09
6.913251604402885924e-09
6.901676942335150009e-09
6.890137613518407621e-09
6.878633809663759012e-09
6.867165130476724448e-09
6.855727624819919400e-09
6.844319948115187272e-09
6.832943985213702577e-09
6.821596247748134932e-09
6.810281436562330001e-09
6.798993809568586148e-09
6.787740268932332068e-09
6.776513364944479015e-09
6.765318155316992271e-09
6.754150786680825183e-09
6.743012750140357155e-09
6.731904482823869695e-09
6.720824430424456198e-09
6.709776358861217021e-09
6.698759622134562006e-09
6.687772525743292850e-09
6.676810890856430813e-09
6.665877878568604697e-09
6.654970300168658319e-09
6.644092553089002128e-09
6.633239954293542308e-09
6.622413516462761927e-09
6.611614713484859988e-09
6.600839833186247188e-09
6.590096354598325041e-09
6.579374880287520145e-09
6.568683200733004335e-09
6.558013962293548543e-09
6.547372425142533820e-09
6.536758830510366753e-09
6.526173411352614533e-09
6.515612624323043257e-09
6.505075433714528728e-09
6.494563780889261182e-09
6.484074244295008972e-09
6.473610867473228227e-09
6.463170127467686318e-09
6.452754795213803475e-09
6.442361909379277155e-09
6.431992063776043008e-09
6.421647370261725857e-09
6.411324430973203457e-09
6.401027989024562681e-09
6.390751155570531240e-09
6.380500771896907495e-09
6.370274562343317281e-09
6.360073961021016121e-09
6.349895150433437127e-09
6.339739225868281594e-09
6.329605292740539875e-09
6.319492152199152224e-09
6.309403006572805967e-09
6.299334162218790732e-09
6.289289669634011746e-09
6.279264968438542013e-09
6.269261755321851407e-09
6.259281444212747029e-09
6.249321334738035556e-09
6.239385588891884345e-09
6.229468028708348073e-09
6.219574356673757289e-09
6.209703437269961310e-09
6.199857753803485891e-09
6.190033593051634346e-09
6.180230805524050802e-09
6.170451076504350634e-09
6.160690810971706686e-09
6.150955078564684502e-09
6.141239489082669713e-09
6.131546241433879736e-09
6.121874035134569836e-09
6.112221021483771981e-09
6.102594435876040644e-09
6.092985514929355927e-09
6.083399936444321997e-09
6.073832939781653446e-09
6.064287431077306672e-09
6.054765778183966726e-09
6.045267553704030200e-09
6.035792300108388999e-09
6.026336591043238125e-09
6.016903926154342730e-09
6.007491930154454078e-09
5.998101464939852399e-09
5.988731653304833426e-09
5.979381062392871231e-09
5.970055599854625699e-09
5.960748613323320874e-09
5.951463903847588892e-09
5.942198335527307107e-09
5.932952668903420283e-09
5.923731141361367531e-09
5.914526718648796038e-09
5.905346757114193618e-09
5.896187288338959922e-09
5.887051651888078587e-09
5.877936648888270330e-09
5.868841649194894646e-09
5.859769293384707532e-09
5.850715079717785247e-09
5.841685412327174159e-09
5.832674653026225087e-09
5.823683754302176965e-09
5.814714430338819547e-09
5.805764283356690300e-09
5.796838677286433923e-09
5.787929987795309357e-09
5.779041562256642857e-09
5.770174146898222236e-09
5.761325489889610232e-09
5.752501179860066292e-09
5.743697862996042706e-09
5.734917215640642683e-09
5.726157046470756880e-09
5.717417884123419623e-09
5.708700537508546751e-09
5.700001558295935233e-09
5.691326586278103667e-09
5.682671103430975321e-09
5.674035570256578497e-09
5.665421443648963621e-09
5.656826472718713119e-09
5.648256115332170770e-09
5.639702658719267712e-09
5.631168874630475008e-09
5.622657246023796616e-09
5.614163512969296020e-09
5.605694316150719690e-09
5.597244898349829178e-09
5.588817612106370807e-09
5.580410398888435819e-09
5.572021991228851174e-09
5.563655143299877882e-09
5.555306205545326129e-09
5.546980647327832331e-09
5.538672917981142096e-09
5.530382613428079576e-09
5.522116181011225709e-09
5.513866936961375721e-09
5.505638510761077513e-09
5.497427759405005737e-09
5.489236060960997120e-09
5.481067390641735540e-09
5.472914708655548988e-09
5.464782607937436379e-09
5.456670819735003044e-09
5.448579356144008508e-09
5.440508792199665620e-09
5.432454751831881274e-09
5.424422418876329521e-09
5.416407644506284500e-09
5.408409757936861115e-09
5.400433118833920983e-09
5.392472926803362296e-09
5.384533465375859956e-09
5.376611372262127019e-09
5.368705639926121789e-09
5.360823193709739658e-09
5.352955708930091310e-09
5.345106874967116880e-09
5.337275590520096013e-09
5.329461506667289130e-09
5.321669429268257452e-09
5.313895563980355982e-09
5.306141568165235445e-09
5.298405314332109996e-09
5.290686235939876874e-09
5.282986082142901627e-09
5.275303266985659198e-09
5.267639366158674260e-09
5.259992302137384719e-09
5.252361181408392587e-09
5.244751645426296934e-09
5.237156848262127826e-09
5.229578745401079346e-09
5.222021449378672974e-09
5.214479049265682897e-09
5.206955588618658813e-09
5.199447086872130182e-09
5.191955603365988341e-09
5.184484688115473572e-09
5.177031234628147655e-09
5.169595781569815750e-09
5.162176609784747802e-09
5.154772864967804289e-09
5.147386226488498259e-09
5.140015716835413523e-09
5.132662345718730140e-09
5.125324064547286586e-09
5.118000563647305590e-09
5.110696548999527818e-09
5.103405937232214759e-09
5.096130323340974675e-09
5.088874304689119545e-09
5.081631643945538015e-09
5.074405283769690478e-09
5.067193571089478897e-09
5.059996925687897204e-09
5.052819382254429122e-09
5.045656935921795415e-09
5.038511956440028314e-09
5.031382097719218100e-09
5.024266413232307086e-09
5.017167408111874842e-09
5.010083104251095291e-09
5.003012458661553808e-09
4.995958489390916182e-09
4.988917962121008742e-09
4.981893838252620446e-09
4.974883672847274473e-09
4.967887352005131174e-09
4.960909157355074653e-09
4.953942512047540613e-09
4.946989681892112699e-09
4.940054862735324008e-09
4.933132158988668313e-09
4.926224440204625771e-09
4.919332542213324753e-09
4.912457262969123870e-09
4.905597553383115912e-09
4.898751138742185827e-09
4.891920113854660902e-09
4.885103144832592980e-09
4.878298657737390355e-09
4.871511942676515568e-09
4.864737745852255021e-09
4.857975881833531502e-09
4.851231893038469671e-09
4.844499551787503215e-09
4.837780247438383247e-09
4.831078728622524413e-09
4.824388803988581115e-09
4.817712577730038781e-09
4.811050442147779158e-09
4.804401054733770182e-09
4.797768439628184121e-09
4.791149249373634968e-09
4.784544862601269450e-09
4.777955331319415933e-09
4.771377572839376293e-09
4.764815066120474385e-09
4.758264593633820604e-09
4.751726250496601741e-09
4.745203397632673566e-09
4.738692962098320489e-09
4.732193449451074918e-09
4.725710763897666655e-09
4.719238940141699517e-09
4.712779298823690148e-09
4.706335120893394642e-09
4.699902337974570882e-09
4.693482638952378632e-09
4.687075220892039551e-09
4.680679924117780432e-09
4.674300367342672845e-09
4.667932965340018281e-09
4.661579808236716177e-09
4.655240716477464231e-09
4.648912659301517200e-09
4.642599464803694396e-09
4.636297803704522508e-09
4.630007152119293537e-09
4.623732471384607865e-09
4.617468690682098857e-09
4.611215768634365859e-09
4.604978952001643524e-09
4.598752164707304305e-09
4.592536792186057945e-09
4.586337942616192810e-09
4.580148577795466092e-09
4.573970330851823250e-09
4.567807379510268628e-09
4.561654761860759712e-09
4.555514725038036221e-09
4.549388058965461943e-09
4.543275656834972628e-09
4.537176282635968821e-09
4.531088933819828153e-09
4.525013391220083417e-09
4.518950859763263905e-09
4.512900747970425750e-09
4.506862258777086280e-09
4.500836691660482651e-09
4.494822541311993380e-09
4.488821258852567772e-09
4.482831893603907497e-09
4.476854436104858021e-09
4.470889722092319496e-09
4.464936002481306150e-09
4.458994388625435552e-09
4.453066587800057034e-09
4.447148159024730861e-09
4.441241369651319758e-09
4.435349651062371515e-09
4.429468987740896393e-09
4.423601085203692482e-09
4.417746265895549757e-09
4.411901501504593659e-09
4.406069744242633294e-09
4.400248863929893181e-09
4.394437890860506360e-09
4.388641579509678623e-09
4.382854740797064247e-09
4.377078459100921790e-09
4.371315973706577501e-09
4.365563360867354752e-09
4.359821334626926858e-09
4.354093461252633011e-09
4.348373820392282967e-09
4.342665672009028357e-09
4.336971610785022632e-09
4.331285347604306283e-09
4.325610484711130649e-09
4.319949502722579376e-09
4.314299027017858694e-09
4.308661168489859295e-09
4.303035075352066828e-09
4.297418649665827943e-09
4.291815243934020189e-09
4.286221939360587804e-09
4.280637923298031611e-09
4.275068386364976994e-09
4.269507828232523610e-09
4.263957352392969623e-09
4.258419963524505429e-09
4.252892150199073056e-09
4.247374890137435700e-09
4.241870310659670634e-09
4.236374365569692345e-09
4.230889613068923800e-09
4.225417580443519405e-09
4.219953674399070267e-09
4.214500233924932163e-09
4.209060515927514994e-09
4.203630610604994438e-09
4.198212247318992259e-09
4.192806200991848438e-09
4.187409727092058090e-09
4.182023767735600974e-09
4.176648993318138138e-09
4.171284928701508349e-09
4.165930393661932073e-09
4.160587555156428920e-09
4.155254529586350358e-09
4.149931408810067843e-09
4.144620446028278891e-09
4.139318628723087936e-09
4.134026053176491864e-09
4.128746843351820030e-09
4.123476081022438896e-09
4.118214083424760140e-09
4.112965419517816964e-09
4.107725059919544440e-09
4.102494668169530663e-09
4.097275957291510754e-09
4.092068347347813910e-09
4.086871433281673988e-09
4.081684467045745711e-09
4.076506377223655978e-09
4.071340034956656538e-09
4.066182364665600453e-09
4.061033045072641972e-09
4.055896537099476621e-09
4.050767915758058484e-09
4.045648481826504371e-09
4.040540334960145333e-09
4.035440831339989218e-09
4.030351103467904864e-09
4.025271265169045781e-09
4.020200924375758761e-09
4.015139945349015537e-09
4.010088473036501201e-09
4.005046521183063228e-09
4.000013541231229158e-09
3.994990539526450681e-09
3.989977564292151479e-09
3.984975527629683108e-09
3.979983703552573312e-09
3.975000751932863276e-09
3.970026359551754246e-09
3.965063274377757691e-09
3.960108311995780029e-09
3.955161299007638677e-09
3.950226450749963325e-09
3.945299119782723458e-09
3.940380319395895288e-09
3.935472488660383878e-09
3.930572870576968164e-09
3.925682448291476217e-09
3.920801114440069087e-09
3.915929523816024537e-09
3.911066453623885630e-09
3.906211723252005682e-09
3.901367295844030475e-09
3.896530936794145354e-09
3.891703442726289829e-09
3.886886075518964840e-09
3.882078856511396152e-09
3.877280995777601952e-09
3.872492168339616986e-09
3.867711448074035802e-09
3.862940974628888108e-09
3.858178429187064104e-09
3.853424112875395639e-09
3.848679752000104433e-09
3.843943680991222231e-09
3.839216043214657170e-09
3.834496874085044544e-09
3.829787863125265626e-09
3.825086277218941072e-09
3.820392046413957505e-09
3.815710197633790622e-09
3.811034097538333953e-09
3.806365745270237762e-09
3.801709248420274315e-09
3.797058143660422796e-09
3.792415700795906045e-09
3.787784297159520971e-09
3.783160547542355165e-09
3.778546069175770782e-09
3.773940919779018970e-09
3.769343785354740066e-09
3.764754172910079315e-09
3.760173819109285207e-09
3.755601507556693803e-09
3.751035841262399192e-09
3.746480669260919043e-09
3.741932366909468080e-09
3.737391346120450622e-09
3.732860384362705139e-09
3.728336382231318435e-09
3.723820698684568054e-09
3.719312603983994293e-09
3.714813758566221908e-09
3.710322103325520329e-09
3.705837063498059780e-09
3.701362741945863738e-09
3.696894384855230191e-09
3.692433446386825144e-09
3.687982809983007873e-09
3.683539774430962408e-09
3.679105356410349783e-09
3.674679967037240508e-09
3.670261741961270871e-09
3.665851241392475692e-09
3.661449222549736930e-09
3.657055213841568365e-09
3.652667395773335331e-09
3.648289574351894779e-09
3.643918553451724110e-09
3.639554133706854719e-09
3.635199683785206029e-09
3.630851834950306437e-09
3.626511894803891178e-09
3.622179032472124818e-09
3.617855521398226872e-09
3.613538543008307433e-09
3.609227751481382933e-09
3.604927806719650511e-09
3.600632957871738478e-09
3.596345347394989524e-09
3.592067906652989820e-09
3.587797323745226498e-09
3.583535033753686271e-09
3.579281272691195046e-09
3.575034731418702832e-09
3.570794900772179866e-09
3.566563852956210047e-09
3.562339526155012326e-09
3.558121415960741650e-09
3.553913246768065125e-09
3.549710881591244376e-09
3.545515958781767446e-09
3.541328486142326484e-09
3.537149315533501593e-09
3.532976436850155161e-09
3.528809733358354294e-09
3.524653878397362523e-09
3.520502146774180750e-09
3.516357932231674280e-09
3.512223076531214550e-09
3.508093257162169217e-09
3.503970966324839669e-09
3.499856380225619254e-09
3.495749421928335801e-09
3.491650625555470213e-09
3.487559260971860201e-09
3.483475193496647057e-09
3.479397438429283661e-09
3.475327165996382390e-09
3.471264072419241075e-09
3.467208296529716292e-09
3.463158086009305012e-09
3.459116390679989810e-09
3.455081152991484188e-09
3.451051440480247201e-09
3.447030811996462784e-09
3.443015932133488878e-09
3.439008189268523460e-09
3.435006431655478054e-09
3.431013578149622972e-09
3.427025949177590829e-09
3.423044108201613506e-09
3.419072055030589155e-09
3.415104030673137545e-09
3.411142883144883900e-09
3.407190405949482722e-09
3.403243909870926087e-09
3.399305678668272413e-09
3.395374629874050356e-09
3.391450108243858525e-09
3.387531721260988863e-09
3.383621050461202274e-09
3.379716547855460772e-09
3.375819340960560579e-09
3.371927585371736883e-09
3.368043842718351268e-09
3.364166462356734680e-09
3.360294215853367128e-09
3.356430751771719119e-09
3.352572894867545954e-09
3.348721791760449934e-09
3.344876152201600081e-09
3.341039712014231552e-09
3.337207687799702202e-09
3.333381578234194725e-09
3.329564615345178965e-09
3.325751701568920646e-09
3.321945671013760749e-09
3.318146782242021238e-09
3.314354675650510216e-09
3.310570014912737656e-09
3.306791884810499885e-09
3.303020583029832027e-09
3.299255031213694844e-09
3.295496007650364367e-09
3.291743717859894822e-09
3.287997888699458384e-09
3.284256812508464960e-09
3.280524161407815993e-09
3.276796468576237589e-09
3.273075036219318343e-09
3.269359908206943521e-09
3.265652139314473869e-09
3.261949374557171029e-09
3.258252098700252179e-09
3.254563612909097984e-09
3.250878963538007989e-09
3.247201477627226717e-09
3.243529362917679339e-09
3.239864577007869503e-09
3.236204835301562529e-09
3.232550510495271462e-09
3.228904573195357115e-09
3.225263942676643408e-09
3.221630131237237751e-09
3.218003150521637903e-09
3.214381705073083335e-09
3.210765562461594521e-09
3.207156745720382696e-09
3.203552884526696865e-09
3.199955453317536451e-09
3.196363055030565538e-09
3.192777705510520802e-09
3.189197916761343829e-09
3.185622736558235693e-09
3.182055219197900204e-09
3.178492894933767260e-09
3.174936221633587735e-09
3.171384199630773414e-09
3.167841058526891272e-09
3.164300856985505722e-09
3.160767215083640095e-09
3.157240001954945577e-09
3.153717982023128517e-09
3.150201537463433667e-09
3.146690190475573676e-09
3.143186434340492331e-09
3.139688058296871497e-09
3.136196011488918274e-09
3.132710551822052035e-09
3.129230352350539658e-09
3.125755249903716078e-09
3.122287180047974232e-09
3.118823820197983454e-09
3.115366662175993910e-09
3.111914254529064045e-09
3.108468735594730008e-09
3.105028363723997841e-09
3.101592702830660313e-09
3.098163915177246760e-09
3.094740650368297832e-09
3.091322376821121213e-09
3.087908741377865054e-09
3.084503559913184899e-09
3.081101341971028104e-09
3.077705750150190361e-09
3.074314797179286179e-09
3.070930836206040459e-09
3.067551034064235367e-09
3.064176096576627895e-09
3.060808863640117669e-09
3.057446116732129630e-09
3.054089998761338130e-09
3.050739659912005238e-09
3.047394567293200802e-09
3.044054463045551695e-09
3.040719906019724386e-09
3.037391057949139426e-09
3.034067663709324745e-09
3.030748078402896456e-09
3.027435852040649155e-09
3.024127726099759039e-09
3.020825150884455327e-09
3.017526819280453288e-09
3.014236008037173131e-09
3.010948726674006182e-09
3.007667009437957589e-09
3.004390281288110268e-09
3.001120067625750699e-09
2.997853781925982759e-09
2.994591966416968311e-09
2.991337590887607344e-09
2.988086444111184042e-09
2.984840926493027183e-09
2.981600333462007852e-09
2.978365883677559156e-09
2.975136647987000448e-09
2.971912859689454322e-09
2.968694940532400011e-09
2.965481688775435060e-09
2.962272791194265344e-09
2.959070157325253677e-09
2.955871704315192158e-09
2.952678986387854912e-09
2.949489905213399991e-09
2.946307531226513522e-09
2.943129063656663050e-09
2.939955406755567138e-09
2.936786703349985457e-09
2.933624390360400072e-09
2.930465591250669494e-09
2.927311536044929922e-09
2.924163181283072173e-09
2.921020008578433201e-09
2.917881055642510994e-09
2.914746019285107236e-09
2.911618243085994495e-09
2.908493250190928128e-09
2.905373712701289865e-09
2.902258805757554149e-09
2.899149728220413245e-09
2.896045635418107371e-09
2.892946760946613979e-09
2.889853557956082657e-09
2.886764722993036830e-09
2.883680248513469368e-09
2.880601485667331327e-09
2.877527228899953136e-09
2.874458263778851918e-09
2.871392595014178731e-09
2.868333643950281088e-09
2.865278368198410378e-09
2.862228074424743195e-09
2.859181641033718420e-09
2.856142031194963899e-09
2.853105627643645803e-09
2.850074467592901233e-09
2.847047106668783775e-09
2.844026742842306431e-09
2.841008841597187842e-09
2.837996112017366710e-09
2.834988687450630701e-09
2.831985807239610208e-09
2.828987122773740660e-09
2.825992311420961287e-09
2.823004215682446889e-09
2.820019804538424334e-09
2.817041206492666353e-09
2.814067222052513038e-09
2.811098031423793784e-09
2.808133123605345016e-09
2.805172456207675856e-09
2.802217178729597112e-09
2.799265792567217539e-09
2.796318630292431109e-09
2.793376023000873721e-09
2.790438668998401120e-09
2.787505457205485344e-09
2.784575958070335809e-09
2.781651661566214126e-09
2.778732223884597262e-09
2.775816404060506507e-09
2.772904590921821018e-09
2.769998435949815832e-09
2.767096428590718026e-09
2.764198437678808062e-09
2.761303877283542057e-09
2.758415893053865380e-09
2.755530528263910828e-09
2.752649941758899218e-09
2.749773176058798925e-09
2.746902295794475632e-09
2.744035166833452277e-09
2.741172998615407272e-09
2.738315832775580500e-09
2.735462687086452925e-09
2.732613417388142548e-09
2.729768717999890369e-09
2.726928750651015778e-09
2.724092648461390156e-09
2.721260053784137668e-09
2.718432433109810286e-09
2.715609400727000054e-09
2.712790435423154656e-09
2.709974692261677961e-09
2.707164185526605840e-09
2.704358122530826765e-09
2.701555458501731030e-09
2.698756593308731760e-09
2.695962941848333973e-09
2.693173549378679011e-09
2.690387600304646806e-09
2.687605080735461575e-09
2.684828598070128995e-09
2.682054929789326298e-09
2.679285550720052024e-09
2.676519478801912363e-09
2.673759482864757491e-09
2.671002567093897013e-09
2.668251101318876314e-09
2.665503695920072548e-09
2.662760694228845891e-09
2.660021575040828568e-09
2.657286129954879737e-09
2.654555834015338818e-09
2.651828778917445857e-09
2.649106206708063564e-09
2.646386909001428067e-09
2.643673019539793561e-09
2.640962273323282822e-09
2.638255667045631686e-09
2.635552480677722256e-09
2.632855139802486027e-09
2.630160416146870443e-09
2.627470238142818286e-09
2.624782773122740239e-09
2.622102056867120791e-09
2.619422884855030773e-09
2.616748835579609143e-09
2.614077458574297543e-09
2.611412336774797834e-09
2.608749084196445806e-09
2.606090174782994643e-09
2.603435568595131100e-09
2.600785364409577506e-09
2.598139305267966390e-09
2.595497325728024774e-09
2.592859849814907618e-09
2.590225892706298960e-09
2.587595544553702088e-09
2.584969205981901120e-09
2.582347110346818663e-09
2.579728506539610597e-09
2.577113189032364481e-09
2.574501974213191965e-09
2.571895203769603397e-09
2.569291755377394937e-09
2.566691699437977178e-09
2.564095440979527657e-09
2.561504192229098874e-09
2.558915361494071096e-09
2.556330678527477197e-09
2.553749093492863686e-09
2.551173169934376710e-09
2.548598819885121761e-09
2.546029260535515651e-09
2.543462561426489564e-09
2.540901245653523398e-09
2.538341794460257183e-09
2.535786377795949953e-09
2.533235214064477459e-09
2.530687950447406942e-09
2.528144560959324333e-09
2.525605085727209893e-09
2.523069907892799852e-09
2.520537998863016102e-09
2.518009440944019110e-09
2.515484784901525180e-09
2.512964229753295036e-09
2.510446793946340275e-09
2.507932714628017540e-09
2.505422229752271428e-09
2.502916216433419288e-09
2.500413065755970244e-09
2.497913356859952277e-09
2.495416939913625871e-09
2.492925613273282807e-09
2.490436585224829264e-09
2.487951513920492597e-09
2.485468878097458199e-09
2.482992195937505290e-09
2.480517140261239881e-09
2.478046290716412397e-09
2.475577679628977081e-09
2.473114904650660726e-09
2.470653728978478900e-09
2.468196642852572606e-09
2.465742280204012548e-09
2.463293146899692582e-09
2.460846527103518607e-09
2.458404612958902569e-09
2.455965987230279885e-09
2.453531310901996358e-09
2.451099904793765918e-09
2.448671379045957104e-09
2.446247300293155159e-09
2.443826130185905280e-09
2.441408971060178688e-09
2.438993784855424419e-09
2.436583796542470082e-09
2.434176541432645241e-09
2.431773044403348822e-09
2.429371927688335803e-09
2.426975145028828497e-09
2.424582207055366512e-09
2.422191793090040504e-09
2.419804872536794855e-09
2.417421012886065690e-09
2.415042280429801174e-09
2.412664900192291917e-09
2.410291974315643045e-09
2.407921313024833173e-09
2.405556056377842623e-09
2.403192214130169018e-09
2.400832261485879018e-09
2.398475474721321175e-09
2.396123016191933021e-09
2.393773466623115020e-09
2.391427848622379927e-09
2.389085724298181453e-09
2.386747011516569036e-09
2.384411440881463765e-09
2.382078475702884771e-09
2.379749826274132068e-09
2.377423678153628338e-09
2.375101404665297238e-09
2.372780928558977295e-09
2.370465289227042206e-09
2.368152189122728195e-09
2.365842568487917400e-09
2.363535236097483239e-09
2.361231811804484705e-09
2.358932133562775277e-09
2.356634630232754672e-09
2.354340626728669498e-09
2.352049090727788492e-09
2.349762732093357476e-09
2.347477478098353738e-09
2.345196448860861695e-09
2.342917240409267171e-09
2.340643365140875364e-09
2.338370737532352366e-09
2.336101825393855008e-09
2.333835333549020442e-09
2.331573527523002954e-09
2.329313941740135996e-09
2.327058428725857991e-09
2.324805888491547284e-09
2.322557014976528265e-09
2.320310933812239728e-09
2.318067428837552298e-09
2.315827601513038570e-09
2.313591029338484544e-09
2.311357327477554149e-09
2.309126115814268767e-09
2.306898297392973872e-09
2.304674183658784533e-09
2.302452430107129314e-09
2.300233769559181047e-09
2.298017611971533492e-09
2.295805823017247315e-09
2.293596363308250893e-09
2.291389784536806628e-09
2.289185739486080625e-09
2.286985882077444286e-09
2.284788786144488121e-09
2.282594016825163963e-09
2.280402169152206929e-09
2.278213716750434779e-09
2.276028815687477502e-09
2.273845643050842666e-09
2.271665776856844463e-09
2.269489129892230194e-09
2.267315974834158086e-09
2.265145548241349092e-09
2.262978657003899092e-09
2.260814891304669215e-09
2.258654244745003006e-09
2.256496423985425251e-09
2.254341007210403740e-09
2.252189322624071804e-09
2.250040292015182027e-09
2.247894443361228265e-09
2.245750519530141834e-09
2.243610361828361790e-09
2.241473453011975106e-09
2.239338991631925287e-09
2.237207227811309709e-09
2.235078020924168334e-09
2.232953010530311069e-09
2.230830085024146751e-09
2.228710109087743576e-09
2.226592318954620160e-09
2.224478672580810361e-09
2.222367649602369031e-09
2.220258813131361502e-09
2.218152828815760909e-09
2.216049838067106926e-09
2.213950640403696966e-09
2.211852862673081185e-09
2.209758346339638025e-09
2.207666576960460478e-09
2.205578512996635403e-09
2.203492703834343866e-09
2.201410526915145126e-09
2.199330970127311443e-09
2.197254647012451795e-09
2.195180922832006089e-09
2.193109439148073531e-09
2.191041199136659481e-09
2.188975935391072599e-09
2.186913146137710934e-09
2.184852819926792145e-09
2.182795071413459461e-09
2.180740974245973545e-09
2.178688792262632870e-09
2.176639704177354272e-09
2.174592331531713783e-09
2.172549054606149468e-09
2.170508166768394047e-09
2.168469502989952586e-09
2.166433531131297020e-09
2.164399945462629869e-09
2.162370642025861900e-09
2.160342229575540762e-09
2.158317456029942829e-09
2.156294117604054353e-09
2.154275348175764720e-09
2.152257849947387081e-09
2.150243208455945212e-09
2.148230529260823772e-09
2.146221842605388958e-09
2.144215577551526798e-09
2.142212163231475666e-09
2.140211528396687386e-09
2.138213986566898942e-09
2.136218918707436448e-09
2.134226393899944239e-09
2.132235968436314839e-09
2.130249151245773189e-09
2.128264363421096419e-09
2.126282587804812355e-09
2.124302362959495856e-09
2.122325657972498586e-09
2.120351850026416627e-09
2.118380069488211341e-09
2.116410889620017390e-09
2.114443739519232809e-09
2.112480429887682709e-09
2.110519160531544864e-09
2.108560196187027077e-09
2.106603563658814528e-09
2.104649696464372885e-09
2.102699483877403276e-09
2.100750167105582066e-09
2.098804417037645445e-09
2.096859946571466352e-09
2.094920002003312784e-09
2.092981104338137435e-09
2.091045013525926878e-09
2.089110710412371967e-09
2.087180260722819933e-09
2.085252136151753163e-09
2.083326737810338805e-09
2.081403961799504260e-09
2.079484075421027896e-09
2.077566647823463290e-09
2.075651660282732727e-09
2.073738655157888742e-09
2.071828819065024090e-09
2.069921394791822559e-09
2.068016457986673003e-09
2.066113519138255209e-09
2.064213191129138545e-09
2.062316043671111628e-09
2.060420641812865328e-09
