1.223769718733949198e-10
1.482113304926490787e-10
1.768727788874276598e-10
2.084650974931919503e-10
2.430949331578363055e-10
2.808619017734577444e-10
3.218795481066356802e-10
3.662521947468572022e-10
4.140909966101806822e-10
4.654901914059439782e-10
5.205702711061413346e-10
5.794234115301587556e-10
6.421514638900411934e-10
7.088514989556372757e-10
7.796186026868419762e-10
8.545604510236412117e-10
9.337354972862085278e-10
1.017260900477769532e-09
1.105182922679167159e-09
1.197613395109328555e-09
1.294617117218086770e-09
1.396243924188893512e-09
1.502562230449382243e-09
1.613641986839073008e-09
1.729534885131759189e-09
1.850271329680961185e-09
1.975908630206494836e-09
2.106490304296574960e-09
2.242063763561632725e-09
2.382645253352442640e-09
2.528202717283599392e-09
2.678880646999805948e-09
2.834552961117467914e-09
2.995347323383604273e-09
3.161173812568776272e-09
3.332114378792993410e-09
3.508067573661316867e-09
3.689151589715986786e-09
3.875204345508480162e-09
4.066312596800233154e-09
4.262440555496310960e-09
4.463509322065865275e-09
4.669464890111694809e-09
4.880432599863564283e-09
5.096194784818096440e-09
5.316757823345141516e-09
5.542093485636511710e-09
5.772103233067201912e-09
6.006841255840561311e-09
6.246170509425558372e-09
6.490026111733709781e-09
6.738360658566121624e-09
6.991065240332260073e-09
7.248116957602275228e-09
7.509419173551885147e-09
7.774895747965943842e-09
8.044496043732559273e-09
8.318094073594670001e-09
8.595640041649978902e-09
8.877064965005867648e-09
9.162215486335529291e-09
9.451046965943855653e-09
9.743497874722280162e-09
1.003941589295936287e-08
1.033872803330834323e-08
1.064144868082388865e-08
1.094740692395075592e-08
1.125639671895991343e-08
1.156846780023788886e-08
1.188349623574719477e-08
1.220130673667807479e-08
1.252186744675666071e-08
1.284518014845790760e-08
1.317106310493375471e-08
1.349932289875179207e-08
1.382991901770258435e-08
1.416290251616762841e-08
1.449809794302448596e-08
1.483532059606862044e-08
1.517449381479490214e-08
1.551566596319642920e-08
1.585868505730444449e-08
1.620338064544966222e-08
1.654972680281229652e-08
1.689766400065797149e-08
1.724705184925784992e-08
1.759782015393280497e-08
1.794998813873084268e-08
1.830334222683541501e-08
1.865779393263205301e-08
1.901339400811148805e-08
1.937000732758995561e-08
1.972753669615434063e-08
2.008596688642865584e-08
2.044511239835626460e-08
2.080499868686542199e-08
2.116562756296551211e-08
2.152682197538297027e-08
2.188858396673775209e-08
2.225074764345661588e-08
2.261332812618940418e-08
2.297636687248725771e-08
2.333971678666149915e-08
2.370335946919775045e-08
2.406713988998501956e-08
2.443107799087879576e-08
2.479519676395316086e-08
2.515943174179520045e-08
2.552374760879554023e-08
2.588804619987070648e-08
2.625229143120538795e-08
2.661648325647747363e-08
2.698060511386349748e-08
2.734465735911730066e-08
2.770859091451464785e-08
2.807234736119901192e-08
2.843589649937533215e-08
2.879919818963454579e-08
2.916229789101732545e-08
2.952520712438935702e-08
2.988790273202868787e-08
3.025032123559217824e-08
3.061243722091504026e-08
3.097417188407526790e-08
3.133563113373154197e-08
3.169684699402907623e-08
3.205780823908140867e-08
3.241847080581109340e-08
3.277879939417299977e-08
3.313875043729218357e-08
3.349834348050684224e-08
3.385770594705957731e-08
3.421678111496555941e-08
3.457561603637561293e-08
3.493412638206594439e-08
3.529235531053572509e-08
3.565021512105239412e-08
3.600785158671562452e-08
3.636523688831645051e-08
3.672241228255333179e-08
3.707937598583957924e-08
3.743610214895311077e-08
3.779262289498316305e-08
3.814888646915787427e-08
3.850500298321928866e-08
3.886093683436092985e-08
3.921674442846551922e-08
3.957243463973842646e-08
3.992799928472965697e-08
4.028347546004121591e-08
4.063883642780758040e-08
4.099412880067535430e-08
4.134934777633830360e-08
4.170451641987415895e-08
4.205967461277045064e-08
4.241482754199225648e-08
4.277000179309798089e-08
4.312521377968032416e-08
4.348047040966354806e-08
4.383577395542529184e-08
4.419114865121345115e-08
4.454658463152941020e-08
4.490209998423236864e-08
4.525772997898014351e-08
4.561348933916412839e-08
4.596943236060209392e-08
4.632553314812041399e-08
4.668178099241683867e-08
4.703822800253476656e-08
4.739480003566862126e-08
4.775151510815625791e-08
4.810842716821428819e-08
4.846553700368923876e-08
4.882291824228477500e-08
4.918056264644666619e-08
4.953839624346413963e-08
4.989649325804026982e-08
5.025478405469649710e-08
5.061321066519781566e-08
5.097184027736227865e-08
5.133068142038814843e-08
5.168977698818269265e-08
5.204920247059857164e-08
5.240883843699607419e-08
5.276867890885784650e-08
5.312878055702909051e-08
5.348900143795197345e-08
5.384932245209232593e-08
5.420978988747137477e-08
5.457041479728674650e-08
5.493124009916263128e-08
5.529231168423238722e-08
5.565351359823832406e-08
5.601482464603382795e-08
5.637627121565982118e-08
5.673775816001121780e-08
5.709924093907809629e-08
5.746071917820719618e-08
5.782220963673947889e-08
5.818372787223495254e-08
5.854527186727290160e-08
5.890680193195406057e-08
5.926826829075786095e-08
5.962964065420963201e-08
5.999087573336710212e-08
6.035194785280876204e-08
6.071280257070953686e-08
6.107337027901355197e-08
6.143373523727614755e-08
6.179387138504639368e-08
6.215367925318065146e-08
6.251317294064820706e-08
6.287235064199833341e-08
6.323109884655752720e-08
6.358933699238690036e-08
6.394717434260736308e-08
6.430449736060504127e-08
6.466112811350387099e-08
6.501723280393825377e-08
6.537279902944001768e-08
6.572764116321522798e-08
6.608168976285589079e-08
6.643514874386782152e-08
6.678784802145287633e-08
6.713953306708084477e-08
6.749044240851192631e-08
6.784058388233613027e-08
6.818970992279289129e-08
6.853765752087966956e-08
6.888480253979057309e-08
6.923096722489707348e-08
6.957581244792398616e-08
6.991946873903077641e-08
7.026216650849033326e-08
7.060362375282943395e-08
7.094347089309728526e-08
7.128218278062279918e-08
7.161977692331229764e-08
7.195592149584987510e-08
7.229031716769752108e-08
7.262355872184384709e-08
7.295548620988104955e-08
7.328569584935028776e-08
7.361402564700034434e-08
7.394108504065448860e-08
7.426659623955786095e-08
7.459009376760692066e-08
7.491159761631444367e-08
7.523181208081765142e-08
7.555041171454106631e-08
7.586688839464866868e-08
7.618134644298879178e-08
7.649439930072711144e-08
7.680568287048655260e-08
7.711465133175332199e-08
7.742141929877897409e-08
7.772662523185898512e-08
7.802987441099295662e-08
7.833060901638660629e-08
7.862891157514819937e-08
7.892570908320570541e-08
7.922064769296892541e-08
7.951318699397645299e-08
7.980317305598954836e-08
8.009155790703618669e-08
8.037802314780207202e-08
8.066205747997760496e-08
8.094325485947303609e-08
8.122263349453574356e-08
8.150001457772817184e-08
8.177489976870368821e-08
8.204668813234103637e-08
8.231647742844852535e-08
8.258452005270093466e-08
8.285039416368522990e-08
8.311347081974455872e-08
8.337410524571822260e-08
8.363304601438489581e-08
8.388988476684613298e-08
8.414407684768195979e-08
8.439530020424556942e-08
8.464469445597238362e-08
8.489206057952769629e-08
8.513692939952391847e-08
8.537865569448977027e-08
8.561814059352872908e-08
8.585595587402927052e-08
8.609172041041981331e-08
8.632490822046581247e-08
8.655526230944769206e-08
8.678394519826888351e-08
8.701075885007045341e-08
8.723528486035496018e-08
8.745692496215493135e-08
8.767622770658015413e-08
8.789387940893181423e-08
8.810950914117386148e-08
8.832266071719540960e-08
8.853285927881187371e-08
8.874132696774942768e-08
8.894821938165761131e-08
8.915319424736028224e-08
8.935578003315652791e-08
8.955582470745845603e-08
8.975439986771480747e-08
8.995134170892380377e-08
9.014629936997461249e-08
9.033879858690273103e-08
9.052901062071742957e-08
9.071787470398168040e-08
9.090513243674824805e-08
9.109045578007085010e-08
9.127337816056768898e-08
9.145434535002662491e-08
9.163414277287701013e-08
9.181252753670374706e-08
9.198920313569135543e-08
9.216376025411179683e-08
9.233662195350259639e-08
9.250835373145583790e-08
9.267872092143748172e-08
9.284744491390297584e-08
9.301415824218993927e-08
9.317926471710634664e-08
9.334337350187797369e-08
9.350628783405989568e-08
9.366777770341700270e-08
9.382751395686351913e-08
9.398574119925046406e-08
9.414316111870645272e-08
9.429962160915763302e-08
9.445493636157797075e-08
9.460884910702277685e-08
9.476136011119569897e-08
9.491308865388700136e-08
9.506394001396973473e-08
9.521375327175401604e-08
9.536232209686956704e-08
9.550950825041596185e-08
9.565596338726500320e-08
9.580175906674530862e-08
9.594677338331924389e-08
9.609085643473386700e-08
9.623381851636687689e-08
9.637602157550809112e-08
9.651775744629511829e-08
9.665893521157306214e-08
9.679945303013545455e-08
9.693917062713230179e-08
9.707808450505868552e-08
9.721655090357878737e-08
9.735452851374280268e-08
9.749193149103792828e-08
9.762865949231487262e-08
9.776460026408231457e-08
9.790006595828363829e-08
9.803524181538634525e-08
9.817007697482066152e-08
9.830451466142397053e-08
9.843847335327788740e-08
9.857193954248330447e-08
9.870518975353376474e-08
9.883823228586984365e-08
9.897102968380049273e-08
9.910353694057416676e-08
9.923569910074618744e-08
9.936755444898816080e-08
9.949921343630529622e-08
9.963064319159884201e-08
9.976180725565907261e-08
9.989266493006164987e-08
1.000231723010716509e-07
1.001534849872761847e-07
1.002837149457050541e-07
1.004138487536918417e-07
1.005438717371318902e-07
1.006737588794894376e-07
1.008034844968196990e-07
1.009331228056730568e-07
1.010626988109121002e-07
1.011921995527209779e-07
1.013216102854736882e-07
1.014509116980366434e-07
1.015800852061628738e-07
1.017091424963659525e-07
1.018380765117496983e-07
1.019668682602472467e-07
1.020954950086324942e-07
1.022239312423143057e-07
1.023521552143570352e-07
1.024802850945124425e-07
1.026083638098544292e-07
1.027363822078743627e-07
1.028643303547021867e-07
1.029921842708616341e-07
1.031199123198309436e-07
1.032475335144292867e-07
1.033750509578677447e-07
1.035024439122916096e-07
1.036296901384538046e-07
1.037567585592184206e-07
1.038836058741553149e-07
1.040102350480650915e-07
1.041366628808668771e-07
1.042628576304244900e-07
1.043887823170529282e-07
1.045143956071590223e-07
1.046396285486080362e-07
1.047644838768134637e-07
1.048891466814180022e-07
1.050136100659852741e-07
1.051378406109627077e-07
1.052618026018148605e-07
1.053854226120613449e-07
1.055086318476184788e-07
1.056315210477642395e-07
1.057541120926566739e-07
1.058763565054620100e-07
1.059981977967324322e-07
1.061195656824797742e-07
1.062403566702068370e-07
1.063605624467616993e-07
1.064803680554649443e-07
1.065997265132783421e-07
1.067185695729044477e-07
1.068368229038404777e-07
1.069543731871864819e-07
1.070710905707534731e-07
1.071872087182943608e-07
1.073029081363418529e-07
1.074181230893688305e-07
1.075327739813451332e-07
1.076467799207037074e-07
1.077599916001528472e-07
1.078723102111022637e-07
1.079840332677072213e-07
1.080951915343367132e-07
1.082056931434913461e-07
1.083154462654705720e-07
1.084243256712176996e-07
1.085321642764958612e-07
1.086389148357130831e-07
1.087450018098906078e-07
1.088504071107986652e-07
1.089550225057054559e-07
1.090587450511234797e-07
1.091614348255478307e-07
1.092628898856830323e-07
1.093631245139339431e-07
1.094626911441299712e-07
1.095615560987969992e-07
1.096596191120510222e-07
1.097567686598813751e-07
1.098528590534946329e-07
1.099476776656775875e-07
1.100412113053743930e-07
1.101339772014222988e-07
1.102259412277638325e-07
1.103169866704586558e-07
1.104069829415372915e-07
1.104957817099929279e-07
1.105831627504885922e-07
1.106690487562330124e-07
1.107540638328543078e-07
1.108382516548800161e-07
1.109214953347545015e-07
1.110036685237229257e-07
1.110846277757233497e-07
1.111641476862358448e-07
1.112420567543025884e-07
1.113189501557237215e-07
1.113950747034328077e-07
1.114703173679504671e-07
1.115445575248234587e-07
1.116176670139169866e-07
1.116894516123497206e-07
1.117597022022718323e-07
1.118286246765875522e-07
1.118967550544218642e-07
1.119639900450566994e-07
1.120302105172784933e-07
1.120952861050933670e-07
1.121590590729935615e-07
1.122213130363012447e-07
1.122819452581255465e-07
1.123416631992569664e-07
1.124005811939762001e-07
1.124585947030915540e-07
1.125155872965245930e-07
1.125714317861637677e-07
1.126259465589337036e-07
1.126789346989706333e-07
1.127305935284759108e-07
1.127815658546122186e-07
1.128317773439121576e-07
1.128811263063646410e-07
1.129295073139492458e-07
1.129767959360172431e-07
1.130228078735517823e-07
1.130673875837487072e-07
1.131109718835900292e-07
1.131538608212359537e-07
1.131959673116674564e-07
1.132371905661165063e-07
1.132774233475914727e-07
1.133165442465719213e-07
1.133543837380161377e-07
1.133908226523558467e-07
1.134264821884138508e-07
1.134615441343631166e-07
1.134959372121429047e-07
1.135295679392796287e-07
1.135623572757937880e-07
1.135941934334533777e-07
1.136249309904656395e-07
1.136544946387458896e-07
1.136834328445418019e-07
1.137118767437207949e-07
1.137397628321846400e-07
1.137670153278807798e-07
1.137935662421744558e-07
1.138193242493497235e-07
1.138441789487998339e-07
1.138680396790679617e-07
1.138913254829702836e-07
1.139141546141942305e-07
1.139364657411487347e-07
1.139582033195424008e-07
1.139793017750490676e-07
1.139996872427958446e-07
1.140192619560694378e-07
1.140379492715965407e-07
1.140560825312790810e-07
1.140739060216425085e-07
1.140913817602206908e-07
1.141084683689512286e-07
1.141251237486290475e-07
1.141413026414367426e-07
1.141569316107030479e-07
1.141719519246192387e-07
1.141864563461838220e-07
1.142007377425175554e-07
1.142147830398521865e-07
1.142285619188815962e-07
1.142420431614653598e-07
1.142551962013078447e-07
1.142679764935816297e-07
1.142803442288763942e-07
1.142922766359819008e-07
1.143039683352232204e-07
1.143154668812534733e-07
1.143267470724337287e-07
1.143377885092460015e-07
1.143485639483578508e-07
1.143590490851117673e-07
1.143692146752452608e-07
1.143790293273731989e-07
1.143885641542790172e-07
1.143980226041710420e-07
1.144074053805895454e-07
1.144167028887423475e-07
1.144259082086614369e-07
1.144350103106808211e-07
1.144440000543356173e-07
1.144528601525833448e-07
1.144615801662723240e-07
1.144702225544738850e-07
1.144788370413836938e-07
1.144874195745579025e-07
1.144959660139112232e-07
1.145044718674955878e-07
1.145129324454748558e-07
1.145213444878839109e-07
1.145297060588289523e-07
1.145380132014749761e-07
1.145462821191122771e-07
1.145545167867341279e-07
1.145627158267208490e-07
1.145708751806993623e-07
1.145789926467016421e-07
1.145870647426017121e-07
1.145950902104762362e-07
1.146030681477851395e-07
1.146109994259400361e-07
1.146189402766524977e-07
1.146269152802892579e-07
1.146349279627043691e-07
1.146429825790472511e-07
1.146510831815764631e-07
1.146592346674659293e-07
1.146674396681823190e-07
1.146756988815219620e-07
1.146840170875564775e-07
1.146923627981801584e-07
1.147007200954469342e-07
1.147090897503420752e-07
1.147174715851739511e-07
1.147258666005002308e-07
1.147342748824800468e-07
1.147426961843091742e-07
1.147511310863110609e-07
1.147595789144062997e-07
1.147680207369320633e-07
1.147764305516179973e-07
1.147848049977020650e-07
1.147931406686559804e-07
1.148014337649546399e-07
1.148096806684703396e-07
1.148178765859759798e-07
1.148260108270687333e-07
1.148340758290149304e-07
1.148420733648398184e-07
1.148500446573340691e-07
1.148579926364640565e-07
1.148659140796929328e-07
1.148738052723577077e-07
1.148816626193064461e-07
1.148894813875307968e-07
1.148972501241659311e-07
1.149049498955108489e-07
1.149125717958611428e-07
1.149201095089185947e-07
1.149275584524996580e-07
1.149349071650309463e-07
1.149421450719149181e-07
1.149492577504833525e-07
1.149562342978075618e-07
1.149630595873084762e-07
1.149697043608269710e-07
1.149761476581621897e-07
1.149823735713736383e-07
1.149884389669711427e-07
1.149943478508911479e-07
1.150000854965923632e-07
1.150056340861808776e-07
1.150109751265716423e-07
1.150160884496719550e-07
1.150209504602938091e-07
1.150255187132985803e-07
1.150297627839510175e-07
1.150336795117859059e-07
1.150374197121577049e-07
1.150409934119512764e-07
1.150443802653822877e-07
1.150475626896878803e-07
1.150505188610376982e-07
1.150532256999015114e-07
1.150556572143851188e-07
1.150577601260896686e-07
1.150595012355852627e-07
1.150608691103888029e-07
1.150619986236358897e-07
1.150628873778791753e-07
1.150635073512041217e-07
1.150638328216818102e-07
1.150638362941727868e-07
1.150634834028563155e-07
1.150627416863064234e-07
1.150615547777362538e-07
1.150598747044819267e-07
1.150576886655197988e-07
1.150551983964369863e-07
1.150524320054924484e-07
1.150493622875231664e-07
1.150459617097761294e-07
1.150421997102173394e-07
1.150380411383294443e-07
1.150334541278329957e-07
1.150283768568636680e-07
1.150227502823281285e-07
1.150165339863287630e-07
1.150099361895486904e-07
1.150030859437307627e-07
1.149959566727662734e-07
1.149885189220903334e-07
1.149807447694735948e-07
1.149726033373358169e-07
1.149640622374399676e-07
1.149550721565601792e-07
1.149455697662516804e-07
1.149355132205987176e-07
1.149249374813097052e-07
1.149140659921821179e-07
1.149028885163992717e-07
1.148913737203860329e-07
1.148794904586350518e-07
1.148672055911940253e-07
1.148544840992856942e-07
1.148412885283307409e-07
1.148275603744252428e-07
1.148132437938516579e-07
1.147982935306454660e-07
1.147829170802707642e-07
1.147672690905884608e-07
1.147513232528610930e-07
1.147350518861048841e-07
1.147184259259724360e-07
1.147014149134501329e-07
1.146839869831849689e-07
1.146661042027386951e-07
1.146477077150475897e-07
1.146287509113561065e-07
1.146092138763049989e-07
1.145893686880207022e-07
1.145692972458541887e-07
1.145489773049997277e-07
1.145283854340643088e-07
1.145074967664105317e-07
1.144862848610049755e-07
1.144647233555618135e-07
1.144427785785361587e-07
1.144204023113863486e-07
1.143975580422807359e-07
1.143742328627283720e-07
1.143506354440339034e-07
1.143268087495877693e-07
1.143027313709763349e-07
1.142783808110309911e-07
1.142537329453798971e-07
1.142287627656399833e-07
1.142034450681341456e-07
1.141777502698925943e-07
1.141516398433305558e-07
1.141250809338399511e-07
1.140980553181157250e-07
1.140707833715785009e-07
1.140433427152687740e-07
1.140157176641480643e-07
1.139878929528562475e-07
1.139598520093789991e-07
1.139315775099867236e-07
1.139030508654296628e-07
1.138742524432840442e-07
1.138451520450518231e-07
1.138157241359454226e-07
1.137859419134336417e-07
1.137559306962527849e-07
1.137258149823112912e-07
1.136955848238424698e-07
1.136652300751915577e-07
1.136347396110837184e-07
1.136041009641998201e-07
1.135733027046508026e-07
1.135423328552055034e-07
1.135111745045864328e-07
1.134798104298609159e-07
1.134482257279077623e-07
1.134164286803798555e-07
1.133845253037737585e-07
1.133525225250984441e-07
1.133204124905320766e-07
1.132881865789733186e-07
1.132558346818250986e-07
1.132233472830428312e-07
1.131907152655079791e-07
1.131579279664256952e-07
1.131249754437732310e-07
1.130918465042748861e-07
1.130585255151435257e-07
1.130250839743772880e-07
1.129916048005989482e-07
1.129580857592297125e-07
1.129245239347557065e-07
1.128909165261713226e-07
1.128572604026574994e-07
1.128235510596665534e-07
1.127897859969160431e-07
1.127559613957961539e-07
1.127220717923355710e-07
1.126881122484116212e-07
1.126540802061171527e-07
1.126200199699604580e-07
1.125859588824033024e-07
1.125518965033856000e-07
1.125178325783210106e-07
1.124837665452296436e-07
1.124496981828770809e-07
1.124156270048811224e-07
1.123815527158919674e-07
1.123474754244886517e-07
1.123133961067707679e-07
1.122793149424681196e-07
1.122452314648390829e-07
1.122111415176782743e-07
1.121770418221211548e-07
1.121429321048672501e-07
1.121088119456823392e-07
1.120746808457698953e-07
1.120405383302356026e-07
1.120063836390262096e-07
1.119722160967652898e-07
1.119380366964136853e-07
1.119038469808683794e-07
1.118696475059947437e-07
1.118354382458523941e-07
1.118012340570551184e-07
1.117670491818001802e-07
1.117328857171823383e-07
1.116987453641496297e-07
1.116646304493692117e-07
1.116305426832388329e-07
1.115964846877754513e-07
1.115624582684297938e-07
1.115284655143292157e-07
1.114945076680181109e-07
1.114605859007048174e-07
1.114267020002376590e-07
1.113928526605146936e-07
1.113590204017934447e-07
1.113252047356535391e-07
1.112914063763819794e-07
1.112576260241838454e-07
1.112238652516022734e-07
1.111901250256577217e-07
1.111564056352148950e-07
1.111227085069949138e-07
1.110890345287147767e-07
1.110553841652632227e-07
1.110217578735615875e-07
1.109881565074190817e-07
1.109545547432769699e-07
1.109209352505499836e-07
1.108872970325715114e-07
1.108536387439620656e-07
1.108199582813270799e-07
1.107862547923396511e-07
1.107525263033071330e-07
1.107187717651262808e-07
1.106849882146640869e-07
1.106511727276981194e-07
1.106173217817095184e-07
1.105834332668186216e-07
1.105495061363309342e-07
1.105155631143934255e-07
1.104816081565440802e-07
1.104476401955213846e-07
1.104136582948774761e-07
1.103796609096771984e-07
1.103456468153491378e-07
1.103116146731841909e-07
1.102775629712285469e-07
1.102434898152783077e-07
1.102093854363701305e-07
1.101752456493936587e-07
1.101410671458381871e-07
1.101068464546950468e-07
1.100725893758635254e-07
1.100382934085053159e-07
1.100039548614890621e-07
1.099695706827432970e-07
1.099351360442066909e-07
1.099006470040526052e-07
1.098660992669240246e-07
1.098314885302376844e-07
1.097968102814784975e-07
1.097620517338900318e-07
1.097272077837017333e-07
1.096922715220628981e-07
1.096572366387898273e-07
1.096221266721869713e-07
1.095869431495870828e-07
1.095516809425762432e-07
1.095163337454176766e-07
1.094808947433872152e-07
1.094453586592843093e-07
1.094097193971187164e-07
1.093739673343049883e-07
1.093380969551763306e-07
1.093020979267513500e-07
1.092659516560745191e-07
1.092296536519389236e-07
1.091931938465109524e-07
1.091566213869980155e-07
1.091199897709952100e-07
1.090832927909686424e-07
1.090465256737023663e-07
1.090096823480347928e-07
1.089727572425273020e-07
1.089357449586154045e-07
1.088986407495794035e-07
1.088614346715436659e-07
1.088241210248499592e-07
1.087866843440266255e-07
1.087491096990856479e-07
1.087113930674146204e-07
1.086735317943858165e-07
1.086355858411968746e-07
1.085975591074286650e-07
1.085594443499701071e-07
1.085212357609545093e-07
1.084829256983447426e-07
1.084445072873831790e-07
1.084059741161627565e-07
1.083673151720640210e-07
1.083285247824808548e-07
1.082895907906375802e-07
1.082504985090887710e-07
1.082112423426788848e-07
1.081718016741759991e-07
1.081322080467164927e-07
1.080925252089793579e-07
1.080527521392840417e-07
1.080128818185332078e-07
1.079729065592940550e-07
1.079328218774006305e-07
1.078926151519296710e-07
1.078522839116890230e-07
1.078118183960533372e-07
1.077712099357462777e-07
1.077304498151693942e-07
1.076895185101073734e-07
1.076484124330051066e-07
1.076071149056779834e-07
1.075656715769020531e-07
1.075241683558557906e-07
1.074826055152838049e-07
1.074409782128575552e-07
1.073992815506619635e-07
1.073575116722883699e-07
1.073156617583803952e-07
1.072737283664637928e-07
1.072317042273018094e-07
1.071895855474838605e-07
1.071473629356644924e-07
1.071050251276025256e-07
1.070625671386678844e-07
1.070199782069363969e-07
1.069772711862389169e-07
1.069345029516085393e-07
1.068916765695692310e-07
1.068487851381259609e-07
1.068058265553664703e-07
1.067627939370834201e-07
1.067196842426932273e-07
1.066764910182283503e-07
1.066332100003866773e-07
1.065898353670343056e-07
1.065463611789350277e-07
1.065027817586652264e-07
1.064590892529589310e-07
1.064152799856931505e-07
1.063713474298966912e-07
1.063273511735962386e-07
1.062833105811031674e-07
1.062392240691276107e-07
1.061950874112398596e-07
1.061508990037683169e-07
1.061066541398303040e-07
1.060623513752875854e-07
1.060179853430747095e-07
1.059735549712979514e-07
1.059290539790491884e-07
1.058844811089609500e-07
1.058398279543106440e-07
1.057950949255122031e-07
1.057502733931263095e-07
1.057053800010592093e-07
1.056604742004094181e-07
1.056155594449537783e-07
1.055706348903327904e-07
1.055256999069362768e-07
1.054807537154409864e-07
1.054357956502907809e-07
1.053908247478003945e-07
1.053458404339461866e-07
1.053008415043531854e-07
1.052558274372490953e-07
1.052107962335567515e-07
1.051657472017796318e-07
1.051206788983353658e-07
1.050755903215545408e-07
1.050304847916210480e-07
1.049853685444179016e-07
1.049402414457962586e-07
1.048951023458559535e-07
1.048499510305888182e-07
1.048047859337515240e-07
1.047596070458943595e-07
1.047144129047208204e-07
1.046692032495300475e-07
1.046239766326633244e-07
1.045787327832289268e-07
1.045334729932432668e-07
1.044881976366184510e-07
1.044429060859677634e-07
1.043975980090690002e-07
1.043522789818077042e-07
1.043069610118023450e-07
1.042616452204186658e-07
1.042163315305766682e-07
1.041710211833384388e-07
1.041257139233764834e-07
1.040804103712218452e-07
1.040351113830924851e-07
1.039898169938226331e-07
1.039445284292807219e-07
1.038992454339539691e-07
1.038539692822563835e-07
1.038087012146941860e-07
1.037634415618219843e-07
1.037181914468584061e-07
1.036729525694544693e-07
1.036277327628649911e-07
1.035825352763083570e-07
1.035373605865317676e-07
1.034922109329315166e-07
1.034470868687789374e-07
1.034019900225742802e-07
1.033569224008062484e-07
1.033118844364939663e-07
1.032668798889549424e-07
1.032219080603928468e-07
1.031769721088641443e-07
1.031320733178619778e-07
1.030872132738261182e-07
1.030423950052963984e-07
1.029976192245216481e-07
1.029528677850915217e-07
1.029081199678654453e-07
1.028633759540555301e-07
1.028186360847778259e-07
1.027739005481001166e-07
1.027291696803209521e-07
1.026844436317092713e-07
1.026397226879798751e-07
1.025950072932691955e-07
1.025502975496711724e-07
1.025055939437532944e-07
1.024608976908225525e-07
1.024162103417433334e-07
1.023715328049849428e-07
1.023268654009111234e-07
1.022822088760490691e-07
1.022375595489024237e-07
1.021929158133908401e-07
1.021482782652167081e-07
1.021036476942647209e-07
1.020590242495067980e-07
1.020144085492505213e-07
1.019698015419875031e-07
1.019252034724837954e-07
1.018806149227304423e-07
1.018360369175579008e-07
1.017914699148139484e-07
1.017469134842587877e-07
1.017023680074013520e-07
1.016578335578011587e-07
1.016133105278991604e-07
1.015688002791949405e-07
1.015242999102565476e-07
1.014798090002938954e-07
1.014353289923334886e-07
1.013908590925995766e-07
1.013463998584398386e-07
1.013019529609708702e-07
1.012575175654681717e-07
1.012130942127887496e-07
1.011686843302095900e-07
1.011242876229367573e-07
1.010799044498739933e-07
1.010355352425581146e-07
1.009911793139395220e-07
1.009468368039110008e-07
1.009025081291862910e-07
1.008581935903032705e-07
1.008138801748241660e-07
1.007695544078312153e-07
1.007252157171536625e-07
1.006808625830555816e-07
1.006364947359422674e-07
1.005921111813705699e-07
1.005477105289359062e-07
1.005032925070053982e-07
1.004588557777963847e-07
1.004143989959293779e-07
1.003699217085593883e-07
1.003254229077172088e-07
1.002809002417217405e-07
1.002363537003821180e-07
1.001917824287774000e-07
1.001471831454490091e-07
1.001025590506991784e-07
1.000579237396978788e-07
1.000132786682565186e-07
9.996862377319172077e-08
9.992395836430400858e-08
9.987928183810886368e-08
9.983459359297466550e-08
9.978989310842613773e-08
9.974517994329146375e-08
9.970045291450384427e-08
9.965571195758289616e-08
9.961095649424334449e-08
9.956618404143457414e-08
9.952139294304835456e-08
9.947658237047470509e-08
9.943174952456090265e-08
9.938689491503549301e-08
9.934202237644309818e-08
9.929714344743710257e-08
9.925225815284615944e-08
9.920736601166143388e-08
9.916246660327812801e-08
9.911755931253856389e-08
9.907264344998439224e-08
9.902771831541053324e-08
9.898278343985190170e-08
9.893783821426533877e-08
9.889288176668336479e-08
9.884791320086571225e-08
9.880293175064461056e-08
9.875793598707547771e-08
9.871292472560920675e-08
9.866789678429072912e-08
9.862285170045476715e-08
9.857778915503459754e-08
9.853270873224292230e-08
9.848761009040782633e-08
9.844249199291414620e-08
9.839735412662438922e-08
9.835219353377891291e-08
9.830701098184250706e-08
9.826180429923445313e-08
9.821657295065639824e-08
9.817131449493291862e-08
9.812602900395593568e-08
9.808071502043173343e-08
9.803537011004056104e-08
9.798999463761539075e-08
9.794458678621761114e-08
9.789914597570906268e-08
9.785366893296914872e-08
9.780815996780738402e-08
9.776264209397659657e-08
9.771711937411149920e-08
9.767159121788306723e-08
9.762605789785062123e-08
9.758051899804157474e-08
9.753497433483506668e-08
9.748942333142812975e-08
9.744386617032989429e-08
9.739830259528642399e-08
9.735273224109416967e-08
9.730715458097804749e-08
9.726156975909247716e-08
9.721597688568228714e-08
9.717037517586557269e-08
9.712476419736436313e-08
9.707914383381750733e-08
9.703351350786617262e-08
9.698787877575532541e-08
9.694224595118914519e-08
9.689661501804753620e-08
9.685098615216924432e-08
9.680535933817532760e-08
9.675973484232529906e-08
9.671411245135214445e-08
9.666849218285826719e-08
9.662287401812953313e-08
9.657725851266073697e-08
9.653164511985092993e-08
9.648603422750885297e-08
9.644042556993085845e-08
9.639482095367940417e-08
9.634922024664382015e-08
9.630362377641409874e-08
9.625803165027225665e-08
9.621244414244521058e-08
9.616685667649335583e-08
9.612126687627751713e-08
9.607567454594779520e-08
9.603007987931591629e-08
9.598448230328468223e-08
9.593888226717860177e-08
9.589327972967834896e-08
9.584767477416372952e-08
9.580206710176446199e-08
9.575645661122040450e-08
9.571084366060150060e-08
9.566522785663299987e-08
9.561961027880545402e-08
9.557399161935653920e-08
9.552837281593849313e-08
9.548275422411986518e-08
9.543713607430685192e-08
9.539151849045743122e-08
9.534590832231528927e-08
9.530031022238094245e-08
9.525472501166754466e-08
9.520915320305354546e-08
9.516359570704642359e-08
9.511805395574066484e-08
9.507252793857482716e-08
9.502701892875854427e-08
9.498152797826703199e-08
9.493605555541686592e-08
9.489060346602935006e-08
9.484517196867451321e-08
9.479976219222230740e-08
9.475437528870370211e-08
9.470901346184696318e-08
9.466367778864124817e-08
9.461836835357809357e-08
9.457308753270403042e-08
9.452783082879026951e-08
9.448258810479796101e-08
9.443736033803107249e-08
9.439214720951552484e-08
9.434694959992735520e-08
9.430176865434922915e-08
9.425660457984099760e-08
9.421145868472445694e-08
9.416633227472736514e-08
9.412122519105751437e-08
9.407613878298545004e-08
9.403107379009004912e-08
9.398603078880370199e-08
9.394101301861715032e-08
9.389602140096989182e-08
9.385105750090088032e-08
9.380612294672507782e-08
9.376121818934194493e-08
9.371634625979270895e-08
9.367149088641563446e-08
9.362664293513829050e-08
9.358180286714364708e-08
9.353697115139678940e-08
9.349214822573434185e-08
9.344733476553273097e-08
9.340253159097131260e-08
9.335773891994931244e-08
9.331295736956993721e-08
9.326818779873783034e-08
9.322343100067287713e-08
9.317868730630026218e-08
9.313395771052635649e-08
9.308924336695709464e-08
9.304454639946141744e-08
9.299986764267118039e-08
9.295520785524997155e-08
9.291056853877544817e-08
9.286595095191210008e-08
9.282135093752810128e-08
9.277676739297184290e-08
9.273220147777849018e-08
9.268765389521038245e-08
9.264312544163730882e-08
9.259861732041515465e-08
9.255413142528459688e-08
9.250966771752034794e-08
9.246522723297752788e-08
9.242081155642831123e-08
9.237642169676834751e-08
9.233205859628208588e-08
9.228772384928405641e-08
9.224341922120267941e-08
9.219914512967813745e-08
9.215490322053515170e-08
9.211069531710478536e-08
9.206652191651596914e-08
9.202238519433312337e-08
9.197827299850542606e-08
9.193417221042481814e-08
9.189008310654167777e-08
9.184600625439454939e-08
9.180194242691423227e-08
9.175789221832080868e-08
9.171385601809061567e-08
9.166983443230219680e-08
9.162582860640879453e-08
9.158183921041347017e-08
9.153786642265636375e-08
9.149391089637193120e-08
9.144997373448971406e-08
9.140605552437412169e-08
9.136215816578770589e-08
9.131828298641490681e-08
9.127443230606720874e-08
9.123060570988375599e-08
9.118680389408592652e-08
9.114302624101464823e-08
9.109925628982867086e-08
9.105549163974545432e-08
9.101173264290571155e-08
9.096797967016428965e-08
9.092423320799603303e-08
9.088049364865660561e-08
9.083676129852047140e-08
9.079303657226319762e-08
9.074931989762318775e-08
9.070561177784389159e-08
9.066191263278895317e-08
9.061822319249489390e-08
9.057454369070310257e-08
9.053087494611062736e-08
9.048721835810854136e-08
9.044357449803380239e-08
9.039994402412365470e-08
9.035632777091730955e-08
9.031272648290378804e-08
9.026913970816454302e-08
9.022556535099447920e-08
9.018200384079959616e-08
9.013845579486838911e-08
9.009492231381429389e-08
9.005140385214989603e-08
9.000790094118984659e-08
8.996441429475792699e-08
8.992094464520676434e-08
8.987749285774080960e-08
8.983405988557653091e-08
8.979064629838328994e-08
8.974725294172496120e-08
8.970388055805237949e-08
8.966053028531463126e-08
8.961720389051507546e-08
8.957390154745428497e-08
8.953062419498887246e-08
8.948737279133809443e-08
8.944414837004096519e-08
8.940094879722296726e-08
8.935775791749087212e-08
8.931457439472961480e-08
8.927139857839322560e-08
8.922823082710751347e-08
8.918507150792891214e-08
8.914192111928337151e-08
8.909878019239289840e-08
8.905564888734671984e-08
8.901252760835160525e-08
8.896941676897139112e-08
8.892631679166375989e-08
8.888322810833610533e-08
8.884015140344398837e-08
8.879708702051220869e-08
8.875403690469899009e-08
8.871100214911358590e-08
8.866798345136703752e-08
8.862498167444033442e-08
8.858199794674018101e-08
8.853903237202811333e-08
8.849607670737653541e-08
8.845312696676751146e-08
8.841018353217319603e-08
8.836724679936973373e-08
8.832431717719610539e-08
8.828139511238278135e-08
8.823848109927936545e-08
8.819557553699719453e-08
8.815267887300789275e-08
8.810979158452188166e-08
8.806691416246092865e-08
8.802404711118021425e-08
8.798119094939477442e-08
8.793834620851190444e-08
8.789551388427177337e-08
8.785269542424045318e-08
8.780989156669980163e-08
8.776710304159369591e-08
8.772433060017418578e-08
8.768157494811236053e-08
8.763883659550734286e-08
8.759611272338054477e-08
8.755340337277335951e-08
8.751070937748384454e-08
8.746803133923626466e-08
8.742537000502103511e-08
8.738272614100592648e-08
8.734010053207284350e-08
8.729749398255897893e-08
8.725490731551565971e-08
8.721234137419065462e-08
8.716979702026793391e-08
8.712727513562790968e-08
8.708477662142099359e-08
8.704230292280450765e-08
8.699985490776222968e-08
8.695743420405325629e-08
8.691504194434592641e-08
8.687267924472526205e-08
8.683034724693873655e-08
8.678804678385796509e-08
8.674577777923674752e-08
8.670352234189958815e-08
8.666127667528599870e-08
8.661904126179447753e-08
8.657681659633049385e-08
8.653460318741821847e-08
8.649240161538109939e-08
8.645021238429638445e-08
8.640803602297733053e-08
8.636587309377440527e-08
8.632372417135975872e-08
8.628158984458010789e-08
8.623947071590087141e-08
8.619736740779862127e-08
8.615528054488074675e-08
8.611321097382285307e-08
8.607116151147271099e-08
8.602913327928870780e-08
8.598712722539187903e-08
8.594514432245398084e-08
8.590318557140325907e-08
8.586125282623601658e-08
8.581933703950217619e-08
8.577743209705322680e-08
8.573553860459713506e-08
8.569365718729715558e-08
8.565178848912332141e-08
8.560993317183335748e-08
8.556809191747407480e-08
8.552626542708435121e-08
8.548445442004662184e-08
8.544265964446303270e-08
8.540088190550457458e-08
8.535912192968728823e-08
8.531738051440004924e-08
8.527565847611644434e-08
8.523395665187707896e-08
8.519227650509018817e-08
8.515061981786015343e-08
8.510898765828228635e-08
8.506738109463718697e-08
8.502580122216492587e-08
8.498424899917740377e-08
8.494272511374330650e-08
8.490122096097403693e-08
8.485973463795713948e-08
8.481826692577610554e-08
8.477681865304091575e-08
8.473539068829121330e-08
8.469398392156010241e-08
8.465259926372563872e-08
8.461123764808578121e-08
8.456990002924664821e-08
8.452858738377107992e-08
8.448730070962269364e-08
8.444604102755560016e-08
8.440480937972472707e-08
8.436360683024168413e-08
8.432243452900663681e-08
8.428129418317478561e-08
8.424018768528243251e-08
8.419911632929151844e-08
8.415808142917513772e-08
8.411708432827460514e-08
8.407612601732730141e-08
8.403520704126657919e-08
8.399430599436548640e-08
8.395341617853893904e-08
8.391253808767331982e-08
8.387167227124154860e-08
8.383081929344697760e-08
8.378997973257488176e-08
8.374915418173361263e-08
8.370834324839137717e-08
8.366754755511739161e-08
8.362676779433462057e-08
8.358600459528266472e-08
8.354525859887429756e-08
8.350453048706368587e-08
8.346382095625749607e-08
8.342313071851926922e-08
8.338246118046632826e-08
8.334181483913856680e-08
8.330119282349855463e-08
8.326059629595342807e-08
8.322002616775181968e-08
8.317948370459918069e-08
8.313897045597023452e-08
8.309847786218676758e-08
8.305799779316185435e-08
8.301753078271154003e-08
8.297707748212475173e-08
8.293663850368719631e-08
8.289621453861746340e-08
8.285580629647769989e-08
8.281541450582211954e-08
8.277503991410435873e-08
8.273468343553766536e-08
8.269434597970307587e-08
8.265402812164331723e-08
8.261373080373548281e-08
8.257345475342205563e-08
8.253320083377666937e-08
8.249296994891435101e-08
8.245276368101323668e-08
8.241258371073227752e-08
8.237243110144192946e-08
8.233230679588986280e-08
8.229221190154518630e-08
8.225214737190230077e-08
8.221211434129714125e-08
8.217210230554177996e-08
8.213210719431203308e-08
8.209212974866908525e-08
8.205217097574834562e-08
8.201223180838455204e-08
8.197231276251341362e-08
8.193241459179573006e-08
8.189253811390946303e-08
8.185268417997714074e-08
8.181285366094715632e-08
8.177304744481444096e-08
8.173326663071012282e-08
8.169351204993086520e-08
8.165378457842784957e-08
8.161408539973109636e-08
8.157441547215250627e-08
8.153477648737569366e-08
8.149517018739008899e-08
8.145559782687648028e-08
8.141606046003354483e-08
8.137655930985774447e-08
8.133709535633972940e-08
8.129767031339772882e-08
8.125826464523590083e-08
8.121886877049547878e-08
8.117948351333952033e-08
8.114010899800393606e-08
8.110074580805472195e-08
8.106139433074475358e-08
8.102205507015127879e-08
8.098272854295116050e-08
8.094341527814294408e-08
8.090411619512795419e-08
8.086483170191137363e-08
8.082556218065064538e-08
8.078630821139128476e-08
8.074707038659313369e-08
8.070784943416189634e-08
8.066864594794707806e-08
8.062946128379696451e-08
8.059029747914343119e-08
8.055115561495933747e-08
8.051203706849378581e-08
8.047294259229584517e-08
8.043387271712430123e-08
8.039482859232345409e-08
8.035580585166345377e-08
8.031679595770070156e-08
8.027779869253597176e-08
8.023881491257251361e-08
8.019984520258069807e-08
8.016089027341969124e-08
8.012195050196621509e-08
8.008302654256645625e-08
8.004411906429703373e-08
8.000522936695647486e-08
7.996635795888366200e-08
7.992750521056286534e-08
7.988867185814512540e-08
7.984985883585484343e-08
7.981106730535800193e-08
7.977229754699603665e-08
7.973355062265709587e-08
7.969482805754311514e-08
7.965613129338358002e-08
7.961746133712861124e-08
7.957881892316900893e-08
7.954020507855869145e-08
7.950162096579743932e-08
7.946306881788908141e-08
7.942453983418779199e-08
7.938602591239990087e-08
7.934752775893765116e-08
7.930904592030934742e-08
7.927058112553242454e-08
7.923213458657868114e-08
7.919370667291330092e-08
7.915529786980675329e-08
7.911690889580767534e-08
7.907854053505681798e-08
7.904019444505207521e-08
7.900187102444156271e-08
7.896357056199734104e-08
7.892529390096717898e-08
7.888704225499047128e-08
7.884881605477023670e-08
7.881061677455408507e-08
7.877244584764087714e-08
7.873430504335009084e-08
7.869619513961531376e-08
7.865811714338666662e-08
7.862007235890959974e-08
7.858206303892117590e-08
7.854409090919808557e-08
7.850614323023245314e-08
7.846820651441425703e-08
7.843028023913740367e-08
7.839236517964879803e-08
7.835446187198794682e-08
7.831657062697623702e-08
7.827869179527207390e-08
7.824082603854053816e-08
7.820297467483107019e-08
7.816513735015007247e-08
7.812731460396488819e-08
7.808950723032920072e-08
7.805171613548885428e-08
7.801394171151422434e-08
7.797618424004376586e-08
7.793844455191092097e-08
7.790072321113375343e-08
7.786302150639348315e-08
7.782534215948490234e-08
7.778768626518486044e-08
7.775005401767566060e-08
7.771244607009911450e-08
7.767486353835495570e-08
7.763730771149498101e-08
7.759977850873342310e-08
7.756226555576956268e-08
7.752476611339149254e-08
7.748728149696197044e-08
7.744981198515483602e-08
7.741235790148373558e-08
7.737491972899567707e-08
7.733749868846366082e-08
7.730009572874987622e-08
7.726271075267052747e-08
7.722534443810343526e-08
7.718799836565178386e-08
7.715067339069973597e-08
7.711336933555566113e-08
7.707608748862284656e-08
7.703882863367146627e-08
7.700159378209856395e-08
7.696438313327451956e-08
7.692719865635241212e-08
7.689004130408548862e-08
7.685291271729568188e-08
7.681581514714510281e-08
7.677874842233457272e-08
7.674171297894047566e-08
7.670470952263390091e-08
7.666773900968857614e-08
7.663078530574151272e-08
7.659384664378933845e-08
7.655692375859343040e-08
7.652001815571514764e-08
7.648312938119777001e-08
7.644625788853479653e-08
7.640940489822129486e-08
7.637257138635685758e-08
7.633575719099937310e-08
7.629896302439767094e-08
7.626219118218309173e-08
7.622544146794987081e-08
7.618871399287108252e-08
7.615201016291554018e-08
7.611533093213350998e-08
7.607867651406993884e-08
7.604204777142788356e-08
7.600544585623832684e-08
7.596887438570253038e-08
7.593233419815811883e-08
7.589582515834451842e-08
7.585934800861993298e-08
7.582290487239008215e-08
7.578649604574592056e-08
7.575012267942141172e-08
7.571376791939319919e-08
7.567742476333255223e-08
7.564109292608053520e-08
7.560477269659449713e-08
7.556846487170744825e-08
7.553217046893095134e-08
7.549588913251116855e-08
7.545962172987601233e-08
7.542336975463573625e-08
7.538713245405598290e-08
7.535091061496418582e-08
7.531470577803386673e-08
7.527851751293258376e-08
7.524234641517743838e-08
7.520619352377345441e-08
7.517006005143358430e-08
7.513394595442975216e-08
7.509785213984160025e-08
7.506178042646062458e-08
7.502573235653529875e-08
7.498970833140042107e-08
7.495370889654520958e-08
7.491773749147929550e-08
7.488179340979043572e-08
7.484587666657963949e-08
7.480998628296798736e-08
7.477411116916338252e-08
7.473825032729483866e-08
7.470240426597917082e-08
7.466657432939149184e-08
7.463076003031580348e-08
7.459496192230137167e-08
7.455918196217959303e-08
7.452341946188178168e-08
7.448767505787378816e-08
7.445195164148934303e-08
7.441624755810252339e-08
7.438056404377262730e-08
7.434490276813392945e-08
7.430926316012743120e-08
7.427364624022929740e-08
7.423805369382333485e-08
7.420248600627265722e-08
7.416694433998440082e-08
7.413142934495047356e-08
7.409594304896775116e-08
7.406048573895540961e-08
7.402505773740800870e-08
7.398966341972717702e-08
7.395430172735995852e-08
7.391897219986453703e-08
7.388367468521173341e-08
7.384839305997057800e-08
7.381312505537655645e-08
7.377787253570948102e-08
7.374263510213594755e-08
7.370741262977153589e-08
7.367220691952740589e-08
7.363701775183673578e-08
7.360184519979582190e-08
7.356669260563785547e-08
7.353155795916836417e-08
7.349644214402800047e-08
7.346134716929950589e-08
7.342627195428795376e-08
7.339121758126322266e-08
7.335618704022514660e-08
7.332117862031275593e-08
7.328619329994174894e-08
7.325123265461987732e-08
7.321629730163563627e-08
7.318138840775044084e-08
7.314651011480981932e-08
7.311166144819648679e-08
7.307684193764833883e-08
7.304205431200112903e-08
7.300729794303434322e-08
7.297257545304287208e-08
7.293787413346201238e-08
7.290318318234528556e-08
7.286850289476455975e-08
7.283383430731610881e-08
7.279917750467675768e-08
7.276453330823023720e-08
7.272990248229143335e-08
7.269528431127632439e-08
7.266068076053957596e-08
7.262609132202023839e-08
7.259151637120537021e-08
7.255695815777477467e-08
7.252241514689151645e-08
7.248788947335655532e-08
7.245338082116042750e-08
7.241888943942346371e-08
7.238441678349385112e-08
7.234996346973364266e-08
7.231553021687676384e-08
7.228111823819203248e-08
7.224672908509970083e-08
7.221236245761775666e-08
7.217802172632852510e-08
7.214370690077436171e-08
7.210941701967875047e-08
7.207515439071678172e-08
7.204091903102763776e-08
7.200670180301840695e-08
7.197249896664158048e-08
7.193830975924986845e-08
7.190413540439559807e-08
7.186997649796644773e-08
7.183583321367034607e-08
7.180170767482036850e-08
7.176759827061131226e-08
7.173350724219971155e-08
7.169943423586990155e-08
7.166537977987927378e-08
7.163134656674704420e-08
7.159733271255282412e-08
7.156334065013405673e-08
7.152936968660455629e-08
7.149542047751488441e-08
7.146149614164035288e-08
7.142759552065017143e-08
7.139371930150129520e-08
7.135986929548103764e-08
7.132604581461516071e-08
7.129225143080009472e-08
7.125848811689468786e-08
7.122475333352063402e-08
7.119105051611121838e-08
7.115737827565152144e-08
7.112374074611231206e-08
7.109012706134466128e-08
7.105652549796259284e-08
7.102293724709295393e-08
7.098936207147387509e-08
7.095580147314623471e-08
7.092225566630348932e-08
7.088872409813752684e-08
7.085520877476647350e-08
7.082170841390156116e-08
7.078822628523555001e-08
7.075476072876915189e-08
7.072131298065430909e-08
7.068788353524062545e-08
7.065447195756344766e-08
7.062108196182254478e-08
7.058771132983715127e-08
7.055436162609035562e-08
7.052103289106768573e-08
7.048772521676486059e-08
7.045444262616486320e-08
7.042118511491341481e-08
7.038795285115979033e-08
7.035474738688010739e-08
7.032156784751284792e-08
7.028842054722541259e-08
7.025530133777982131e-08
7.022221144328426667e-08
7.018915259044188142e-08
7.015610968315354691e-08
7.012307798600216218e-08
7.009005670335909196e-08
7.005704716161175719e-08
7.002404925820299682e-08
6.999106435629999054e-08
6.995809214545192831e-08
6.992513298863889780e-08
6.989218797072481599e-08
6.985925665831998145e-08
6.982634127785049604e-08
6.979344029633230903e-08
6.976055613066805628e-08
6.972768726992301346e-08
6.969483608995842317e-08
6.966200229255251353e-08
6.962918698452588369e-08
6.959638988794584783e-08
6.956361130807513922e-08
6.953085380245033274e-08
6.949811919569951079e-08
6.946540639832654496e-08
6.943271715315466379e-08
6.940005100020527226e-08
6.936741297617450274e-08
6.933479929923229932e-08
6.930221227195831977e-08
6.926965229994899693e-08
6.923711145434066979e-08
6.920458403491922744e-08
6.917207002751012938e-08
6.913957053207828861e-08
6.910708588835009142e-08
6.907461768044920277e-08
6.904216438076493715e-08
6.900972851857737974e-08
6.897730845797474181e-08
6.894490832996317692e-08
6.891252491719391402e-08
6.888016162786283507e-08
6.884781632587196111e-08
6.881549270920832117e-08
6.878318939441564948e-08
6.875090797562318765e-08
6.871864781534599867e-08
6.868641030815765572e-08
6.865419757051556131e-08
6.862200852552320213e-08
6.858984528713658650e-08
6.855770730365933308e-08
6.852559938017700274e-08
6.849351994090391113e-08
6.846146927868846487e-08
6.842944797422468886e-08
6.839745802408835378e-08
6.836550271770544052e-08
6.833357349817706236e-08
6.830165788975346252e-08
6.826975403741925163e-08
6.823786347230559586e-08
6.820598478056892245e-08
6.817411962591428872e-08
6.814226745747911137e-08
6.811043090237578098e-08
6.807860765005723611e-08
6.804680038785461595e-08
6.801500731448618369e-08
6.798323236835074162e-08
6.795147262087157927e-08
6.791973090492391895e-08
6.788800524524016255e-08
6.785629972604112817e-08
6.782461216175681876e-08
6.779294418774315768e-08
6.776129489627199305e-08
6.772966712577720088e-08
6.769806095658132740e-08
6.766647725815045805e-08
6.763491710339740434e-08
6.760338152493473829e-08
6.757187377781743198e-08
6.754039075846382711e-08
6.750893475388935104e-08
6.747750570109592833e-08
6.744610886088608037e-08
6.741473462512685842e-08
6.738337248073648875e-08
6.735202108706033920e-08
6.732068142547872338e-08
6.728935248190791499e-08
6.725803588114239532e-08
6.722673139249803512e-08
6.719544039035196578e-08
6.716416201459516891e-08
6.713289756715698912e-08
6.710164731392636250e-08
6.707041187052418814e-08
6.703919178040151104e-08
6.700798669836593542e-08
6.697679830729987390e-08
6.694562645471092620e-08
6.691447240556338970e-08
6.688333510908642356e-08
6.685221637221306250e-08
6.682111714334227476e-08
6.679003709025185657e-08
6.675897725379971631e-08
6.672793898890769735e-08
6.669692567746072070e-08
6.666593439273496049e-08
6.663496695352191271e-08
6.660402424874295082e-08
6.657310916667454586e-08
6.654221863412234649e-08
6.651135520102610088e-08
6.648050920366632313e-08
6.644967616074903135e-08
6.641885585242947106e-08
6.638804899225349098e-08
6.635725757197936191e-08
6.632647990131313293e-08
6.629571793912437368e-08
6.626497036282407660e-08
6.623424119984214763e-08
6.620352721170693163e-08
6.617283107982033714e-08
6.614215198659704671e-08
6.611149233513570614e-08
6.608085126662431628e-08
6.605022890622522995e-08
6.601962716407715256e-08
6.598904637147584561e-08
6.595848686981529150e-08
6.592794794647608379e-08
6.589743242997916607e-08
6.586694071869472132e-08
6.583647311501351173e-08
6.580602978384226421e-08
6.577561498940953303e-08
6.574522699278314726e-08
6.571486683954587095e-08
6.568453286145307959e-08
6.565423275334911274e-08
6.562395991618556678e-08
6.559371843770374051e-08
6.556349105133552748e-08
6.553327526337622632e-08
6.550306979839274180e-08
6.547287574041519285e-08
6.544269418718504421e-08
6.541252459589976049e-08
6.538236789133403162e-08
6.535222325562460748e-08
6.532209406565362075e-08
6.529197759128829864e-08
6.526187575702720198e-08
6.523178868330782797e-08
6.520171709849910190e-08
6.517166167130706584e-08
6.514162110869622115e-08
6.511159877948865263e-08
6.508159302220276445e-08
6.505160520065424592e-08
6.502163436403537886e-08
6.499168410295853135e-08
6.496175247949172941e-08
6.493184110314315662e-08
6.490195112900105523e-08
