3.349333822863444140e-06
3.613695320139821194e-06
3.869385688276742952e-06
4.116589919302415394e-06
4.355527180762040788e-06
4.586403950531392865e-06
4.809417088523349690e-06
5.024786847519514088e-06
5.232704067621616656e-06
5.433348238221823528e-06
5.626944265172541696e-06
5.813669426814499868e-06
5.993698625829689403e-06
6.167204682706431247e-06
6.334364448678407818e-06
6.495354965189192117e-06
6.650292926584721721e-06
6.799396232030707864e-06
6.942744286252505987e-06
7.080520721114679266e-06
7.212867483508140891e-06
7.339928483561525144e-06
7.461821971421071559e-06
7.578656495004071065e-06
7.690586924844069290e-06
7.797733628180936736e-06
7.900177404565954340e-06
7.998089167440873776e-06
8.091572403573562969e-06
8.180649929671956566e-06
8.265537055032291596e-06
8.346279834216404573e-06
8.422968987146172391e-06
8.495737173649474253e-06
8.564629951299018761e-06
8.629797503900862624e-06
8.691258581036838846e-06
8.749158288924196284e-06
8.803566696457164198e-06
8.854514862434192910e-06
8.902207687075100177e-06
8.946574229283294863e-06
8.987798073812384056e-06
9.025896827852555477e-06
9.061028274577373245e-06
9.093192825585049200e-06
9.122426387337611455e-06
9.148913884386588959e-06
9.172616278481844043e-06
9.193703008642500394e-06
9.212189442645257100e-06
9.228111275111912671e-06
9.241621885727552426e-06
9.252687529828483264e-06
9.261410189346380118e-06
9.267896711610993936e-06
9.272111321572037358e-06
9.274183651286789431e-06
9.274191477437541191e-06
9.272103785756566642e-06
9.268047275414836609e-06
9.262104827585385794e-06
9.254238699837878361e-06
9.244565176134008513e-06
9.233182403282348029e-06
9.220044870535694292e-06
9.205248821755350461e-06
9.188885955421214450e-06
9.170921859268378506e-06
9.151401368408214871e-06
9.130470768463769940e-06
9.108176407246632237e-06
9.084480218155945581e-06
9.059429904137429490e-06
9.033137684842888280e-06
9.005634664587951164e-06
8.976913800942488961e-06
8.947077901498619125e-06
8.916147979769706189e-06
8.884169744600919837e-06
8.851160943152101224e-06
8.817204178309539465e-06
8.782337764408527326e-06
8.746580349312740667e-06
8.709948666970018281e-06
8.672484051675931693e-06
8.634336533040967522e-06
8.595466397483920179e-06
8.555816896660296681e-06
8.515515321030878615e-06
8.474680560736963704e-06
8.433234209706735385e-06
8.391213987200451445e-06
8.348671597527145439e-06
8.305629526465586377e-06
8.262210727782218743e-06
8.218355572747543995e-06
8.174064373680566887e-06
8.129438749485821990e-06
8.084488680861794054e-06
8.039283934537260932e-06
7.993779963911114240e-06
7.947989316135595326e-06
7.902017867143250654e-06
7.855866837440286365e-06
7.809583266581977508e-06
7.763136031503789990e-06
7.716550731356920255e-06
7.669897029790979860e-06
7.623196790709749790e-06
7.576463023197430274e-06
7.529694216643265906e-06
7.482904741968159621e-06
7.436147369574600083e-06
7.389457803695838062e-06
7.342852247240537586e-06
7.296316473177348225e-06
7.249867431709582316e-06
7.203510489426404831e-06
7.157324207422077679e-06
7.111319866152913863e-06
7.065495598949894793e-06
7.019828389451797706e-06
6.974343871331663249e-06
6.929044542516588525e-06
6.884025770998878595e-06
6.839278450866877517e-06
6.794810390552763047e-06
6.750552954371021206e-06
6.706584836787011270e-06
6.662853371261763385e-06
6.619491056482253612e-06
6.576429114773310365e-06
6.533760213260195400e-06
6.491363606894325892e-06
6.449324681341186018e-06
6.407598118376538775e-06
6.366235141255351236e-06
6.325274045279238813e-06
6.284684838827747277e-06
6.244523387827792084e-06
6.204663427715417227e-06
6.165249477642382669e-06
6.126172686309943881e-06
6.087537945218961886e-06
6.049318865691206810e-06
6.011500151923385531e-06
5.974151971553948390e-06
5.937137559682343336e-06
5.900612839571254666e-06
5.864462164328392027e-06
5.828745936476989207e-06
5.793499558501077562e-06
5.758626319911444387e-06
5.724277817149618926e-06
5.690293993981519849e-06
5.656749504987997428e-06
5.623673243635853733e-06
5.590965159958845377e-06
5.558789686536192291e-06
5.526997409572213959e-06
5.495626382355288541e-06
5.464747316763371999e-06
5.434217577414470285e-06
5.404183317404854866e-06
5.374571442158479573e-06
5.345335695551853698e-06
5.316629625114892659e-06
5.288281053949816615e-06
5.260339807261690340e-06
5.232877458940009723e-06
5.205749143366722967e-06
5.179075122039971761e-06
5.152837086498116452e-06
5.126945855598624435e-06
5.101548874863169173e-06
5.076521013923715165e-06
5.051821258807479360e-06
5.027601055848030815e-06
5.003711733985267186e-06
4.980153227324768561e-06
4.957079575747056446e-06
4.934338325286981887e-06
4.911949115170500010e-06
4.890020596394237450e-06
4.868381829805773859e-06
4.847060238441857817e-06
4.826160479873008856e-06
4.805534013450180664e-06
4.785211273709727283e-06
4.765316976962027510e-06
4.745712077051476541e-06
4.726415318776539533e-06
4.707529820627695033e-06
4.688897584335324075e-06
4.670522727377744052e-06
4.652521926714525706e-06
4.634767129925893149e-06
4.617246458631249813e-06
4.600085764027565668e-06
4.583190670987790178e-06
4.566529819523803574e-06
4.550191377782807126e-06
4.534114740823901354e-06
4.518236775381448892e-06
4.502608135645053138e-06
4.487256503221652940e-06
4.472089985849863219e-06
4.457126604088721207e-06
4.442454220747838382e-06
4.427968694470421709e-06
4.413662874928066459e-06
4.399614182253523073e-06
4.385754108689510627e-06
4.372043947719907797e-06
4.358516782417738823e-06
4.345203849073311771e-06
4.332026500284450793e-06
4.318988598971847488e-06
4.306160087697816353e-06
4.293474539053400900e-06
4.280913094655390284e-06
4.268503000849628001e-06
4.256255916483220417e-06
4.244107302572099782e-06
4.232058769610671302e-06
4.220159401267820233e-06
4.208365234338244085e-06
4.196657631579382529e-06
4.185048249833583505e-06
4.173563588309930835e-06
4.162150631091742029e-06
4.150807091170069524e-06
4.139552879294902985e-06
4.128376834493583644e-06
4.117249676239472666e-06
4.106172224003573423e-06
4.095167294935463538e-06
4.084212591266517478e-06
4.073297536733291657e-06
4.062424091853343019e-06
4.051603111298325268e-06
4.040808871745738836e-06
4.030037350540741304e-06
4.019289303943655319e-06
4.008562305058719705e-06
3.997840485541901480e-06
3.987122800284478586e-06
3.976408987061652399e-06
3.965696857880763416e-06
3.954983554053895532e-06
3.944268973678580621e-06
3.933548971359481194e-06
3.922812182124354058e-06
3.912058665355968640e-06
3.901288376884944872e-06
3.890494125924857520e-06
3.879659448626854101e-06
3.868794041242541959e-06
3.857898224345600731e-06
3.846966044231229658e-06
3.835981318540461639e-06
3.824963339554217795e-06
3.813913527165686070e-06
3.802826970610044603e-06
3.791675013689835852e-06
3.780475249545342634e-06
3.769230984705369234e-06
3.757940376309639650e-06
3.746569618397396897e-06
3.735136367458517917e-06
3.723651091750936379e-06
3.712113555464406715e-06
3.700499863646004509e-06
3.688812473179337183e-06
3.677076137354608713e-06
3.665290653187318961e-06
3.653443674588317179e-06
3.641504496770135902e-06
3.629505028895722694e-06
3.617447688710850022e-06
3.605330466902595133e-06
3.593115070989962332e-06
3.580825229623492927e-06
3.568476827906444811e-06
3.556069671479314686e-06
3.543588058609111906e-06
3.531014989176364334e-06
3.518389031933044247e-06
3.505711513588042776e-06
3.492980710510627422e-06
3.480160028275222179e-06
3.467268144868027389e-06
3.454320743758479120e-06
3.441317702235897864e-06
3.428248977439575535e-06
3.415088109339767877e-06
3.401873144410642398e-06
3.388608476850251127e-06
3.375294035896784026e-06
3.361911805828778430e-06
3.348460240936805289e-06
3.334968829114721452e-06
3.321437740413030817e-06
3.307866033231962139e-06
3.294228681938534857e-06
3.280537861376571144e-06
3.266808610824758418e-06
3.253040751714829463e-06
3.239232263263510764e-06
3.225364243453874197e-06
3.211458665612635598e-06
3.197525223338664526e-06
3.183563823667892736e-06
3.169572629929313972e-06
3.155541937153996609e-06
3.141490224626917056e-06
3.127422954930128948e-06
3.113340073419503977e-06
3.099240198509089070e-06
3.085116492555740448e-06
3.070979208236665108e-06
3.056831287635255010e-06
3.042672698525633456e-06
3.028503713042376333e-06
3.014327046232197299e-06
3.000150822177998255e-06
2.985977555136316274e-06
2.971807255518710935e-06
2.957640734616388439e-06
2.943488896504368542e-06
2.929353237537672744e-06
2.915232785192034522e-06
2.901127603158571687e-06
2.887037898415205910e-06
2.872977261880522782e-06
2.858947501852465924e-06
2.844940214720823389e-06
2.830955468558075609e-06
2.816993308719279372e-06
2.803066501693994243e-06
2.789193459302547044e-06
2.775358273053575972e-06
2.761559561695705544e-06
2.747797475949300768e-06
2.734077126095930755e-06
2.720431811281642392e-06
2.706842590497023458e-06
2.693299477267671535e-06
2.679802712421485969e-06
2.666352320182253798e-06
2.652976518775325254e-06
2.639686699550565948e-06
2.626452143671789356e-06
2.613271869159639404e-06
2.600146027481224498e-06
2.587082662372781500e-06
2.574129537033041005e-06
2.561258188625396074e-06
2.548452887449352378e-06
2.535713804395331685e-06
2.523041156948360564e-06
2.510462009239201340e-06
2.498008189152738683e-06
2.485631097745872238e-06
2.473325682581251676e-06
2.461092122017757667e-06
2.448931664398995347e-06
2.436893787375978792e-06
2.424977684496092814e-06
2.413139641100098478e-06
2.401379366680258834e-06
2.389697069629718201e-06
2.378098877834760918e-06
2.366648088825954406e-06
2.355317425349560042e-06
2.344073089841966665e-06
2.332915328042678868e-06
2.321844334895821240e-06
2.310870836837341469e-06
2.300058450399224051e-06
2.289362681015796838e-06
2.278753531619844937e-06
2.268231274031186792e-06
2.257796003951839948e-06
2.247460050337850319e-06
2.237288513696837380e-06
2.227235156159548061e-06
2.217270658796055546e-06
2.207395089324272276e-06
2.197608685108241060e-06
2.187921674404869789e-06
2.178403783692100069e-06
2.169016686977771714e-06
2.159723465696112152e-06
2.150524664923156745e-06
2.141420259594692787e-06
2.132414745382810322e-06
2.123571092213515877e-06
2.114871191516136208e-06
2.106260404676210541e-06
2.097738531850545124e-06
2.089306003547531751e-06
2.080962928054742311e-06
2.072757135554950493e-06
2.064708604719007500e-06
2.056752052511147614e-06
2.048881998052897322e-06
2.041098867161610550e-06
2.033402634537260196e-06
2.025815717226973800e-06
2.018396961433266149e-06
2.011089364159996120e-06
2.003870063257605510e-06
1.996739418937697161e-06
1.989697536551179736e-06
1.982747514552028178e-06
1.975943762755688211e-06
1.969278140631741569e-06
1.962692525996703413e-06
1.956185565251944075e-06
1.949757421508057110e-06
1.943408210759258974e-06
1.937157469031382194e-06
1.931053834605261853e-06
1.925045938759372427e-06
1.919111481436744173e-06
1.913250621721176013e-06
1.907463640040204608e-06
1.901750779081813654e-06
1.896152171841671211e-06
1.890684674965081865e-06
1.885293316969899604e-06
1.879971788983632620e-06
1.874720253473129429e-06
1.869538867986010001e-06
1.864431113907139240e-06
1.859439697189460775e-06
1.854554381768286415e-06
1.849729427621027160e-06
1.844963792706575472e-06
1.840257532645349833e-06
1.835610791645895360e-06
1.831029771346840955e-06
1.826552648766902550e-06
1.822159849198455201e-06
1.817818176226487778e-06
1.813527743215010029e-06
1.809288596625473176e-06
1.805100858697945222e-06
1.800971017505749393e-06
1.796931935817110677e-06
1.792964265575682444e-06
1.789040667182713022e-06
1.785161202622887858e-06
1.781325918990391360e-06
1.777535038206839484e-06
1.773792260594276988e-06
1.770122913757334702e-06
1.766514290682565518e-06
1.762939600631457517e-06
1.759398639058598247e-06
1.755891435842736107e-06
1.752418115418770875e-06
1.748979854403388305e-06
1.745594385825209488e-06
1.742259577992499672e-06
1.738951272615381558e-06
1.735667811193518842e-06
1.732409302113078047e-06
1.729175760745166067e-06
1.725967243701738151e-06
1.722792485009208729e-06
1.719657478976427544e-06
1.716543670853203598e-06
1.713446414680592451e-06
1.710365725116329850e-06
1.707301642261496616e-06
1.704254204290343023e-06
1.701224915144256459e-06
1.698219129220887279e-06
1.695229428651561576e-06
1.692247036685692465e-06
1.689271954509295480e-06
1.686304192344703041e-06
1.683343754365754699e-06
1.680390686956313460e-06
1.677445001776465468e-06
1.674506035483538916e-06
1.671568259129940535e-06
1.668630533859882763e-06
1.665692859675906699e-06
1.662755236703373219e-06
1.659817665028340872e-06
1.656879285861383907e-06
1.653935234828658548e-06
1.650984734272604052e-06
1.648027729232471198e-06
1.645064212934198693e-06
1.642094170143729574e-06
1.639117571801226894e-06
1.636134428578797567e-06
1.633140734783603349e-06
1.630127674712553211e-06
1.627098415244637646e-06
1.624055999704184008e-06
1.621000405917563802e-06
1.617931612319826413e-06
1.614849543938730426e-06
1.611754224822388245e-06
1.608638620974577746e-06
1.605493513288701012e-06
1.602327221259516131e-06
1.599144471664430356e-06
1.595945234422932037e-06
1.592729480242927794e-06
1.589497180609900489e-06
1.586248307778438902e-06
1.582974080250844701e-06
1.579664120929072285e-06
1.576328809752285167e-06
1.572974072238907532e-06
1.569599886252410931e-06
1.566206222236766514e-06
1.562793043462762217e-06
1.559360310551666915e-06
1.555900160453432566e-06
1.552399208681059002e-06
1.548867522255683495e-06
1.545314345794503031e-06
1.541739632904845674e-06
1.538143338298739646e-06
1.534525393397687032e-06
1.530885779537655652e-06
1.527220460528216589e-06
1.523514666867457400e-06
1.519773617917341924e-06
1.516011835056896705e-06
1.512229864412816772e-06
1.508427688073404609e-06
1.504605222948116221e-06
1.500762466132475634e-06
1.496898626114512405e-06
1.493000572921992291e-06
1.489065087151242336e-06
1.485107340218259136e-06
1.481130834731842750e-06
1.477135628989035771e-06
1.473121650823647534e-06
1.469088905394108687e-06
1.465037252866968694e-06
1.460961504571147306e-06
1.456851128377683244e-06
1.452713304234368151e-06
1.448559277397704806e-06
1.444389088316565758e-06
1.440202717431096785e-06
1.436000131126287153e-06
1.431781335393370305e-06
1.427545982044545493e-06
1.423286920001953237e-06
1.419001075138913055e-06
1.414699814803087338e-06
1.410387514621838968e-06
1.406064193024063778e-06
1.401729834205482225e-06
1.397384367011769201e-06
1.393027822543602837e-06
1.388659469403618586e-06
1.384274343409708803e-06
1.379872854976949706e-06
1.375463367255838673e-06
1.371047257449441916e-06
1.366624551748356980e-06
1.362195210431312615e-06
1.357759240751790762e-06
1.353316629791861349e-06
1.348867105861471379e-06
1.344409623280490370e-06
1.339945213943418180e-06
1.335478831125119193e-06
1.331011032499210981e-06
1.326541809521502797e-06
1.322071164202003825e-06
1.317599090347378562e-06
1.313125589386402183e-06
1.308651550879174744e-06
1.304180965896543111e-06
1.299714478183886221e-06
1.295253183986829819e-06
1.290797248466803630e-06
1.286346663392680285e-06
1.281901458745699172e-06
1.277461620312647437e-06
1.273027168881746484e-06
1.268599040602957574e-06
1.264184430088753764e-06
1.259784502885100190e-06
1.255395354459795278e-06
1.251015891419512031e-06
1.246646135659374510e-06
1.242286139030165767e-06
1.237935880995063777e-06
1.233595361921680838e-06
1.229264833851954890e-06
1.224953351629925485e-06
1.220666159770369240e-06
1.216397873086326978e-06
1.212144121152065145e-06
1.207905006290349617e-06
1.203680462039417814e-06
1.199470527890656242e-06
1.195275278937940246e-06
1.191094689318643441e-06
1.186933974852268475e-06
1.182807229939714017e-06
1.178712602460601072e-06
1.174639214155610642e-06
1.170586009547490363e-06
1.166552897185989272e-06
1.162539929788066312e-06
1.158547133469780127e-06
1.154574564935073744e-06
1.150622502800527383e-06
1.146704707600872037e-06
1.142829229946185915e-06
1.138986190040953520e-06
1.135165229269557566e-06
1.131366418801739159e-06
1.127589735139787904e-06
1.123835205356740268e-06
1.120102971276574212e-06
1.116392989759901735e-06
1.112707459643606348e-06
1.109064513374864826e-06
1.105467591550517531e-06
1.101901578759369901e-06
1.098359929635298378e-06
1.094842678193452057e-06
1.091349881161321482e-06
1.087881574434977111e-06
1.084437769090221762e-06
1.081018496186398360e-06
1.077627879022295897e-06
1.074285565557795626e-06
1.070992793809477204e-06
1.067731886496361947e-06
1.064497331465487263e-06
1.061289168641581713e-06
1.058107437127243682e-06
1.054952175212766956e-06
1.051823420384272242e-06
1.048721209328281146e-06
1.045649191713251743e-06
1.042626419199559473e-06
1.039654882944653491e-06
1.036715812175464500e-06
1.033802265646555724e-06
1.030914285351448995e-06
1.028051912459164277e-06
1.025215187324384054e-06
1.022404149491180283e-06
1.019618837704872851e-06
1.016860821215630476e-06
1.014147899823003854e-06
1.011485020268014619e-06
1.008857854981414294e-06
1.006255080162351340e-06
1.003676704121913035e-06
1.001122769591895129e-06
9.985933184938216534e-07
9.960884446238860230e-07
9.936081451324999965e-07
9.911524608258146210e-07
9.887332656181911398e-07
9.863613914592856322e-07
9.840309036932212908e-07
9.817244226443846877e-07
9.794406662376082214e-07
9.771797019902269307e-07
9.749415999996382119e-07
9.727263434210672494e-07
9.705339733096927769e-07
9.683645996466443582e-07
9.662210120419295576e-07
9.641178568144757386e-07
9.620569113397641237e-07
9.600236546477156755e-07
9.580099728538745825e-07
9.560159837649384018e-07
9.540416306618869192e-07
9.520871063741422695e-07
9.501523138251218403e-07
9.482372776639926164e-07
9.463420758926634579e-07
9.444729195548783005e-07
9.426394907310444693e-07
9.408397518215739388e-07
9.390587354503733040e-07
9.372937668500254618e-07
9.355449090650232698e-07
9.338121198411281540e-07
9.320955659686141979e-07
9.303951206359765825e-07
9.287108739261856877e-07
9.270428185523864749e-07
9.253980298307623031e-07
9.237816835959479183e-07
9.221907548430751428e-07
9.206132253438667183e-07
9.190480062156154996e-07
9.174951853261313029e-07
9.159547094399016131e-07
9.144265866635399551e-07
9.129109301321877752e-07
9.114076594146457207e-07
9.099168269536034680e-07
9.084433861352255289e-07
9.069907518329780983e-07
9.055567001215393918e-07
9.041319831505872416e-07
9.027157159729632348e-07
9.013078648835323343e-07
8.999084373024725646e-07
8.985175061979453867e-07
8.971350233536167176e-07
8.957610171496642684e-07
8.943955109003310990e-07
8.930406475237573430e-07
8.916991652043778395e-07
8.903703386482087513e-07
8.890478300013565762e-07
8.877302117424240541e-07
8.864175214293602860e-07
8.851097227200472634e-07
8.838068860320608365e-07
8.825089566167488332e-07
8.812159728806179611e-07
8.799279303399840171e-07
8.786450825475529049e-07
8.773685014047152434e-07
8.760982426074448528e-07
8.748315404342655670e-07
8.735662345059613705e-07
8.723023088032757582e-07
8.710397837358064073e-07
8.697786426496997288e-07
8.685189050351838388e-07
8.672605564898187222e-07
8.660036126164594871e-07
8.647480504954110202e-07
8.634924648510717620e-07
8.622359750405659243e-07
8.609783778688209770e-07
8.597186110558935491e-07
8.584565342131877100e-07
8.571921122066238404e-07
8.559253752517306415e-07
8.546562971223351873e-07
8.533848923137123039e-07
8.521111438196426963e-07
8.508350597103174727e-07
8.495561839791120284e-07
8.482710794108803383e-07
8.469791043513986164e-07
8.456810332798211736e-07
8.443783517123665092e-07
8.430711252259865864e-07
8.417593271459198304e-07
8.404429634786462766e-07
8.391220402555487293e-07
8.377965130124796554e-07
8.364664162995741601e-07
8.351317062386621032e-07
8.337913477526020280e-07
8.324409314357123688e-07
8.310799959377764700e-07
8.297104900410486065e-07
8.283350391680250999e-07
8.269536580743587044e-07
8.255662877181260515e-07
8.241729722626085714e-07
8.227736930356425683e-07
8.213684244991846825e-07
8.199571804580084817e-07
8.185399250968504507e-07
8.171156258842419522e-07
8.156794628769442378e-07
8.142307831946670581e-07
8.127717721744522196e-07
8.113061821454898175e-07
8.098340847547393219e-07
8.083554902701035258e-07
8.068703042230142616e-07
8.053786036622989169e-07
8.038803667949856050e-07
8.023755395227740507e-07
8.008641593836233774e-07
7.993458659390953202e-07
7.978165161425053468e-07
7.962749640695759514e-07
7.947223130232419866e-07
7.931634927528747577e-07
7.915990030661890116e-07
7.900288700484113919e-07
7.884530251891454324e-07
7.868715122903283082e-07
7.852843080585539697e-07
7.836914384819790849e-07
7.820928093585120511e-07
7.804884994454457108e-07
7.788765544300782695e-07
7.772545813579363732e-07
7.756226618608038741e-07
7.739843884210647718e-07
7.723417782161731151e-07
7.706948620720296528e-07
7.690436384876920022e-07
7.673880864360754676e-07
7.657282248629353867e-07
7.640640008366746659e-07
7.623954471455998803e-07
7.607225523749256260e-07
7.590451687209601455e-07
7.573615283517424330e-07
7.556711352698507515e-07
7.539745721273960673e-07
7.522750854491992755e-07
7.505731877721862544e-07
7.488688890725416501e-07
7.471621872584328960e-07
7.454530689868887873e-07
7.437415414875049353e-07
7.420276042791666260e-07
7.403112291724479682e-07
7.385924365844005291e-07
7.368712536871636302e-07
7.351478130195400669e-07
7.334221424318037382e-07
7.316947780400754882e-07
7.299674905077780589e-07
7.282403948125189633e-07
7.265134906048124073e-07
7.247867780671092878e-07
7.230602573789805897e-07
7.213339289966382582e-07
7.196077942019819558e-07
7.178818518659167638e-07
7.161561021554775794e-07
7.144309276417347660e-07
7.127079977693679347e-07
7.109875148950564042e-07
7.092694414918524794e-07
7.075536382235139634e-07
7.058400962295680081e-07
7.041288179074566673e-07
7.024198056159972927e-07
7.007130654622974339e-07
6.990085978713982238e-07
6.973064037225198617e-07
6.956064852184562302e-07
6.939088445249011690e-07
6.922138227691275914e-07
6.905245385573795118e-07
6.888417598386954375e-07
6.871652792353541450e-07
6.854934046931643755e-07
6.838257625421861951e-07
6.821623576753901267e-07
6.805031949115466074e-07
6.788482789938707352e-07
6.771976145934104010e-07
6.755512063066745964e-07
6.739090586583439190e-07
6.722711761011011660e-07
6.706375671252657874e-07
6.690114321098119318e-07
6.673958447108085751e-07
6.657908271127262321e-07
6.641942438494513385e-07
6.626039479584309501e-07
6.610199458583113347e-07
6.594422453621243976e-07
6.578708541678749702e-07
6.563057798605736885e-07
6.547470299108818466e-07
6.531946116779908850e-07
6.516485324106394657e-07
6.501087992449107626e-07
6.485760434448142113e-07
6.470554145388517214e-07
6.455481053542255935e-07
6.440537484056916615e-07
6.425676511727349707e-07
6.410885239602795261e-07
6.396163762166390414e-07
6.381512289319675758e-07
6.366931097188615834e-07
6.352419934802430568e-07
6.337978891733160068e-07
6.323608056255189963e-07
6.309307515360498003e-07
6.295077354785759109e-07
6.280932236650961462e-07
6.266927156838559781e-07
6.253068269280085092e-07
6.239346576076675854e-07
6.225708700013981089e-07
6.212146267822339616e-07
6.198659721444579794e-07
6.185248775388246754e-07
6.171913536913122604e-07
6.158654155803431541e-07
6.145471294799774352e-07
6.132364409182038922e-07
6.119333600755115181e-07
6.106378969922900566e-07
6.093515170904259924e-07
6.080799795725772848e-07
6.068240255102411788e-07
6.055827465334265777e-07
6.043504929838748983e-07
6.031261028258949453e-07
6.019095598367728996e-07
6.007009664941122584e-07
5.995002615714916822e-07
5.983074348352285088e-07
5.971225345080942716e-07
5.959455460334889587e-07
5.947764680202456577e-07
5.936153300182945796e-07
5.924627057427020641e-07
5.913237058590819613e-07
5.901996472436281369e-07
5.890905327650717765e-07
5.879911649450534529e-07
5.868988533011537924e-07
5.858135812455877758e-07
5.847353965344117825e-07
5.836643216444921007e-07
5.826002971281765802e-07
5.815433883335488819e-07
5.804935474972681430e-07
5.794508343209269914e-07
5.784152683293124878e-07
5.773867985405279764e-07
5.763680940036711335e-07
5.753626298814722408e-07
5.743703108330886015e-07
5.733895941423361949e-07
5.724152900788353687e-07
5.714471014500651505e-07
5.704849777740477300e-07
5.695289297061187705e-07
5.685790023543402517e-07
5.676351943597325130e-07
5.666974828967905050e-07
5.657658795891779563e-07
5.648403973587212904e-07
5.639210892757615977e-07
5.630080642392591486e-07
5.621047537675551779e-07
5.612124500326194249e-07
5.603312087641376212e-07
5.594580851575397604e-07
5.585898918200526213e-07
5.577265673361971105e-07
5.568680991709020484e-07
5.560145937347143126e-07
5.551659538151872063e-07
5.543222066107180722e-07
5.534833902889503269e-07
5.526494900320589977e-07
5.518205070409673972e-07
5.509964189880564423e-07
5.501775425830108696e-07
5.493661567838994863e-07
5.485629400808842952e-07
5.477678565113180484e-07
5.469783394196808983e-07
5.461920845958190010e-07
5.454090277340074407e-07
5.446291731475073913e-07
5.438525890499149742e-07
5.430792138189056503e-07
5.423090497809401127e-07
5.415421677518691032e-07
5.407785032391122378e-07
5.400180633904417450e-07
5.392609067668356862e-07
5.385070372541424100e-07
5.377576544981794426e-07
5.370132327664158854e-07
5.362737725743560960e-07
5.355381146959169531e-07
5.348041944112096322e-07
5.340719917260214131e-07
5.333414983187618090e-07
5.326127060572368999e-07
5.318856546481489672e-07
5.311603081418950704e-07
5.304366768273844196e-07
5.297147750123587467e-07
5.289945919996389609e-07
5.282761337377680441e-07
5.275594024070088025e-07
5.268445769330763549e-07
5.261319156552597897e-07
5.254214194612496357e-07
5.247129232014746283e-07
5.240051271577485013e-07
5.232977739829965606e-07
5.225908547310262237e-07
5.218843749941184152e-07
5.211783332752271040e-07
5.204727281535392244e-07
5.197675659435159916e-07
5.190628413483215732e-07
5.183585591198108034e-07
5.176547162820181252e-07
5.169513117271938502e-07
5.162483214678731320e-07
5.155452979394699378e-07
5.148420953837076713e-07
5.141387169776375110e-07
5.134350174185171795e-07
5.127307072645159848e-07
5.120257712043275592e-07
5.113202178521075696e-07
5.106140353034855689e-07
5.099072347765659103e-07
5.091998026446213517e-07
5.084917509585590402e-07
5.077830706522465283e-07
5.070737658974904876e-07
5.063638356941144141e-07
5.056532755575870719e-07
5.049419591961430583e-07
5.042290543700961361e-07
5.035144217926708326e-07
5.027980625475611004e-07
5.020802358581890185e-07
5.013613105899542373e-07
5.006412726968482057e-07
4.999201389624899603e-07
4.991978901282301927e-07
4.984745431313397162e-07
4.977500797987266473e-07
4.970245148565669939e-07
4.962978335690285726e-07
4.955700461127040249e-07
4.948411435112463955e-07
4.941111290848554311e-07
4.933798962605233345e-07
4.926465548738769575e-07
4.919108910873830076e-07
4.911729135146889319e-07
4.904329639906789683e-07
4.896917932613218721e-07
4.889494205435929309e-07
4.882058379778734271e-07
4.874610564880084682e-07
4.867150577868955363e-07
4.859678619280396576e-07
4.852194429051576590e-07
4.844698272098825924e-07
4.837189837908336444e-07
4.829669426085825988e-07
4.822136709779914936e-07
4.814591926939098831e-07
4.807028819377337431e-07
4.799443497587099580e-07
4.791835762330989491e-07
4.784206746571478292e-07
4.776565599819548818e-07
4.768914286105742463e-07
4.761252752417655190e-07
4.753581122777851134e-07
4.745899133149219979e-07
4.738207033181170400e-07
4.730504640006065349e-07
4.722792063804256539e-07
4.715069238600347707e-07
4.707336148868224931e-07
4.699592843149652352e-07
4.691839203557972503e-07
4.684074872645281643e-07
4.676297097495208889e-07
4.668505672151693115e-07
4.660700404621164301e-07
4.652884656392837139e-07
4.645065282429814859e-07
4.637242478999795737e-07
4.629416154816344980e-07
4.621586395690676408e-07
4.613753172674592017e-07
4.605916463270896728e-07
4.598076305030255157e-07
4.590232622222839623e-07
4.582385485465786938e-07
4.574534861884054354e-07
4.566680743215682503e-07
4.558823161375178772e-07
4.550963038833938762e-07
4.543103222439205011e-07
4.535243804520956900e-07
4.527384826036625561e-07
4.519527801409969918e-07
4.511674690190727069e-07
4.503825525157378010e-07
4.495980316304911516e-07
4.488139054841125597e-07
4.480301767738937423e-07
4.472468434639063075e-07
4.464639037360787902e-07
4.456813667017750916e-07
4.448992238860918142e-07
4.441174767352530121e-07
4.433361309457246621e-07
4.425551814336150149e-07
4.417748628570354263e-07
4.409960563067727068e-07
4.402188194916897728e-07
4.394431685641967086e-07
4.386689777393926271e-07
4.378959861521361911e-07
4.371241769158091576e-07
4.363535459250122378e-07
4.355841196525743521e-07
4.348158738179572541e-07
4.340488072192211918e-07
4.332829531129125534e-07
4.325182803597285056e-07
4.317547906079951638e-07
4.309925152314740811e-07
4.302314248975837006e-07
4.294715240571433470e-07
4.287129152282446924e-07
4.279569707123436928e-07
4.272041824726135640e-07
4.264545476255847468e-07
4.257080105203455737e-07
4.249636642324513757e-07
4.242212875157104839e-07
4.234808594141889701e-07
4.227424433950491324e-07
4.220059799501606681e-07
4.212714880112181680e-07
4.205389799987739577e-07
4.198084531386257281e-07
4.190799049940290967e-07
4.183533259313395411e-07
4.176287565767983106e-07
4.169061599650405539e-07
4.161855313250684924e-07
4.154674608652046081e-07
4.147536431700663865e-07
4.140441374379394783e-07
4.133390284824022987e-07
4.126377411801115298e-07
4.119389248545317656e-07
4.112424795400204172e-07
4.105483995668777490e-07
4.098566828446264471e-07
4.091673541582975810e-07
4.084804110911367458e-07
4.077958402405416169e-07
4.071136369939095769e-07
4.064338409100509547e-07
4.057564243204651218e-07
4.050813965855437715e-07
4.044087340564658298e-07
4.037385101228763522e-07
4.030714706362489117e-07
4.024092741172486051e-07
4.017520053667483534e-07
4.010996292518543835e-07
4.004514552348856771e-07
3.998058940008182465e-07
3.991628315950909724e-07
3.985222932089719260e-07
3.978842681825514661e-07
3.972487702365774919e-07
3.966158265730048850e-07
3.959853915816505343e-07
3.953574984267342371e-07
3.947321129135359125e-07
3.941093106629548059e-07
3.934890243805949500e-07
3.928712844593537452e-07
3.922560633289863847e-07
3.916439379002451115e-07
3.910366431468194350e-07
3.904343814038740374e-07
3.898370849904271142e-07
3.892444403348815920e-07
3.886544929959560751e-07
3.880669929366396106e-07
3.874819573225630946e-07
3.868994172198457666e-07
3.863193287628534682e-07
3.857417095219294902e-07
3.851665603009080997e-07
3.845938664178284088e-07
3.840236904103187593e-07
3.834559790789502396e-07
3.828907422462557193e-07
3.823279861843447661e-07
3.817676965726007476e-07
3.812099728147445952e-07
3.806561191345002283e-07
3.801067646320467153e-07
3.795618780310312920e-07
3.790214984213468479e-07
3.784842121329565028e-07
3.779489289116373630e-07
3.774156436709565803e-07
3.768843613718167202e-07
3.763551180925697314e-07
3.758278766760825036e-07
3.753026380969511458e-07
3.747794217735753804e-07
3.742582151009191062e-07
3.737390145327941862e-07
3.732218577284548620e-07
3.727067216862132310e-07
3.721935952967239702e-07
3.716825025425391351e-07
3.711736196281957979e-07
3.706680933449943894e-07
3.701661430483796335e-07
3.696677277934564863e-07
3.691727786674878318e-07
3.686798786632963841e-07
3.681885200303700436e-07
3.676986855653002447e-07
3.672103761217267919e-07
3.667235925431250939e-07
3.662383454421403535e-07
3.657546300308341331e-07
3.652724432922444811e-07
3.647917860266481261e-07
3.643126818413615278e-07
3.638351167459414964e-07
3.633590841267547798e-07
3.628845876943139067e-07
3.624116388401955782e-07
3.619403621421093248e-07
3.614715672339566808e-07
3.610054203313845781e-07
3.605418949332731959e-07
3.600809505033361841e-07
3.596215637222658333e-07
3.591632593171649338e-07
3.587060379654904367e-07
3.582499128052315737e-07
3.577948734741260813e-07
3.573409196933307133e-07
3.568880521060822898e-07
3.564362713478249278e-07
3.559855803648780311e-07
3.555359834669452352e-07
3.550874755077931659e-07
3.546400570908480948e-07
3.541937288122518101e-07
3.537485026831009105e-07
3.533043847388439585e-07
3.528617196451493013e-07
3.524206702840810039e-07
3.519812433163673502e-07
3.515434428380902665e-07
3.511068525101945076e-07
3.506708017112847439e-07
3.502352758197088332e-07
3.498002751908818001e-07
3.493658001747976586e-07
3.489318511190787301e-07
3.484984283669427649e-07
3.480655322572029419e-07
3.476331631261313411e-07
3.472013238085778304e-07
3.467700125389869346e-07
3.463392293573386088e-07
3.459089745834724938e-07
3.454792485329930658e-07
3.450500515177778560e-07
3.446214196666619768e-07
3.441934766190118598e-07
3.437662315151600388e-07
3.433396847818417127e-07
3.429138246483482333e-07
3.424883029499181480e-07
3.420629495139054083e-07
3.416377644656708906e-07
3.412127479293896248e-07
3.407879000265261356e-07
3.403632208788837609e-07
3.399387106055553330e-07
3.395143693259724974e-07
3.390901971566869877e-07
3.386661942139117243e-07
3.382423606126737815e-07
3.378186974737671549e-07
3.373952041647970463e-07
3.369718806180008197e-07
3.365487269428151321e-07
3.361257460486287506e-07
3.357029457076465926e-07
3.352803263433851318e-07
3.348578880690079700e-07
3.344356259015896849e-07
3.340134234061178747e-07
3.335912317318307787e-07
3.331690508863516937e-07
3.327468808796756083e-07
3.323247217187481927e-07
3.319025734130562160e-07
3.314804359709006010e-07
3.310583094002434574e-07
3.306361937095551147e-07
3.302140889067976826e-07
3.297919950001026773e-07
3.293699119967545824e-07
3.289478399060707600e-07
3.285257787344886608e-07
3.281037284904786140e-07
3.276816841694312072e-07
3.272596196251333185e-07
3.268375309371777079e-07
3.264154181729881980e-07
3.259932814055790287e-07
3.255711151431273834e-07
3.251489137738705798e-07
3.247266772471560477e-07
3.243044055313047548e-07
3.238820985973481745e-07
3.234597564154707468e-07
3.230373788044074212e-07
3.226149658454733605e-07
3.221925175696699707e-07
3.217700339490451644e-07
3.213475149558162610e-07
3.209249605608453271e-07
3.205023707361802754e-07
3.200797454555630846e-07
3.196570846898558214e-07
3.192343887136665671e-07
3.188117231197020979e-07
3.183891479497234733e-07
3.179666627017789687e-07
3.175442674707362743e-07
3.171219653167560219e-07
3.166997827133447581e-07
3.162777275043663877e-07
3.158557987250503838e-07
3.154339961002804452e-07
3.150123197455918657e-07
3.145907697760117197e-07
3.141693463063976748e-07
3.137480494494051130e-07
3.133268796326162661e-07
3.129058369446307803e-07
3.124849211657283091e-07
3.120641324043290698e-07
3.116434707685144664e-07
3.112229363660270899e-07
3.108025293015602125e-07
3.103822568352026318e-07
3.099623817206403440e-07
3.095430214430371995e-07
3.091241765141705047e-07
3.087058508309000369e-07
3.082880264894903901e-07
3.078706048842950753e-07
3.074535723541973129e-07
3.070369314677398119e-07
3.066206856050922518e-07
3.062048297401305300e-07
3.057893642558829455e-07
3.053742895330061045e-07
3.049596062813136170e-07
3.045453173151571535e-07
3.041314201105479378e-07
3.037179150347594558e-07
3.033048024516770616e-07
3.028920827221367907e-07
3.024797562029089207e-07
3.020678272348678994e-07
3.016562963734979338e-07
3.012454853419023686e-07
3.008356553503037637e-07
3.004268003371649420e-07
3.000189212952085177e-07
2.996120130305978647e-07
2.992057871397952780e-07
2.988001437022203215e-07
2.983950848437562861e-07
2.979906155417381767e-07
2.975867303858277457e-07
2.971834299955448910e-07
2.967807187946038828e-07
2.963786030434252342e-07
2.959770735037594028e-07
2.955761307761527481e-07
2.951757754559000255e-07
2.947760138886332627e-07
2.943768409098231735e-07
2.939782569048697491e-07
2.935802624494165804e-07
2.931828591624824428e-07
2.927861973475227277e-07
2.923908288602245049e-07
2.919968179649774828e-07
2.916041587618583705e-07
2.912128669391031973e-07
2.908227704377235413e-07
2.904334509569358513e-07
2.900449024565481805e-07
2.896571216114479911e-07
2.892701050509523728e-07
2.888838661497115629e-07
2.884984037450881378e-07
2.881137077023328837e-07
2.877297813513017228e-07
2.873466313876206966e-07
2.869642500714415462e-07
2.865826382372611314e-07
2.862018107472889511e-07
2.858217600820747195e-07
2.854424808536418590e-07
2.850639738720926805e-07
2.846862481335947100e-07
2.843095783792136203e-07
2.839345662933824824e-07
2.835612004852022218e-07
2.831895100168814785e-07
2.828194804085614257e-07
2.824507884705858739e-07
2.820830046320590955e-07
2.817160965093868577e-07
2.813500773056105225e-07
2.809849405473654938e-07
2.806206831333253386e-07
2.802573370281417939e-07
2.798948710689645105e-07
2.795332896725620887e-07
2.791726024734260835e-07
2.788127982454900319e-07
2.784538864248703730e-07
2.780958802139308422e-07
2.777387594243187683e-07
2.773825279640747633e-07
2.770271947229790151e-07
2.766727495983001553e-07
2.763193961820303530e-07
2.759677671845725044e-07
2.756178929029398800e-07
2.752697560346210598e-07
2.749234008309889004e-07
2.745785828608659008e-07
2.742346690033769985e-07
2.738916095803786502e-07
2.735494199213037287e-07
2.732081017549464794e-07
2.728676387178162074e-07
2.725280451705095005e-07
2.721893058940465822e-07
2.718514487459858349e-07
2.715144571227874266e-07
2.711783267935217858e-07
2.708430674479070159e-07
2.705086668339503479e-07
2.701751488701681465e-07
2.698425020231903953e-07
2.695107166807178023e-07
2.691798094600121332e-07
2.688497806431353595e-07
2.685211498681987759e-07
2.681941571470702377e-07
2.678687768614075557e-07
2.675450348507978719e-07
2.672229111283129496e-07
2.669018609487684980e-07
2.665815590289816950e-07
2.662620261304077042e-07
2.659432500630565685e-07
2.656252298574143764e-07
2.653079623769181242e-07
2.649914597536207156e-07
2.646757227525623083e-07
2.643607395422172887e-07
2.640465166474498560e-07
2.637330480028264814e-07
2.634203600579673826e-07
2.631084226520621869e-07
2.627972521045558758e-07
2.624868358420913804e-07
2.621771917096200201e-07
2.618683160964097475e-07
2.615602454729887659e-07
2.612534231687783716e-07
2.609479544354149641e-07
2.606438504418749860e-07
2.603410946862625587e-07
2.600396794222919731e-07
2.597390607314830948e-07
2.594390359710288754e-07
2.591395956878722169e-07
2.588407614967692740e-07
2.585425117113049046e-07
2.582448525144808107e-07
2.579477885512562683e-07
2.576513238255560191e-07
2.573554489221006345e-07
2.570601638232718294e-07
2.567654794413950632e-07
2.564713925911182344e-07
2.561778983262771508e-07
2.558849955967203645e-07
2.555926938858287528e-07
2.553009930572300113e-07
2.550098849741562421e-07
2.547193821215342745e-07
2.544297680409326965e-07
2.541411656598714508e-07
2.538535533973062941e-07
2.535669617574347559e-07
2.532813665842324331e-07
2.529964643744440832e-07
2.527119803177167383e-07
2.524278976300925488e-07
2.521442214984624704e-07
2.518609543060384034e-07
2.515780972203705625e-07
2.512956470510246484e-07
2.510135978440366683e-07
2.507319717672752915e-07
2.504507470882467835e-07
2.501699303863642655e-07
2.498895247414395338e-07
2.496095318244991866e-07
2.493299469358656195e-07
2.490507666992655046e-07
2.487720069847081417e-07
2.484936532335606400e-07
2.482157122679957633e-07
2.479382479202470100e-07
2.476614757390236328e-07
2.473853812082137947e-07
2.471099902138219902e-07
2.468352792362843729e-07
2.465612302478599132e-07
2.462875359543127096e-07
2.460141165903807126e-07
2.457409731476006904e-07
2.454681181190309884e-07
2.451955393534757586e-07
2.449232385038350943e-07
2.446512236118397967e-07
2.443794869684736062e-07
2.441080308786825790e-07
2.438368569631795562e-07
2.435659652270467356e-07
2.432953547151697659e-07
2.430250225850754826e-07
2.427549791138146348e-07
2.424852143365528177e-07
2.422157280315368060e-07
2.419465316023711683e-07
2.416776139490279441e-07
2.414090521963980798e-07
2.411409786886361993e-07
2.408733998132177580e-07
2.406063115658792008e-07
2.403397110128372118e-07
2.400735769259214734e-07
2.398076958241995639e-07
2.395420212050544593e-07
2.392765518916185827e-07
2.390112991914429668e-07
2.387462520739563526e-07
2.384814104614011156e-07
2.382167863072756139e-07
2.379523679265909338e-07
2.376881557913138333e-07
2.374241608449405844e-07
2.371603724060469090e-07
2.368967904331281928e-07
2.366334263863708055e-07
2.363702690613923273e-07
2.361073185124028670e-07
2.358445864204949870e-07
2.355820613530955914e-07
2.353197446551235941e-07
2.350576775040692862e-07
2.347959871002256096e-07
2.345346980211005619e-07
2.342738059817238695e-07
2.340133095750044004e-07
2.337532129607209585e-07
2.334933817909777800e-07
2.332337387220106047e-07
2.329742820531466814e-07
2.327150090347476565e-07
2.324559296065757595e-07
2.321970340950065130e-07
2.319383237812619531e-07
2.316798051585272467e-07
2.314214719938257483e-07
2.311633263845804417e-07
2.309053693141965789e-07
2.306475992602171403e-07
2.303900190327586318e-07
2.301326260710710472e-07
2.298754193204289607e-07
2.296184051284972789e-07
2.293615773913871774e-07
2.291049355149897469e-07
2.288484879918267232e-07
2.285923319367666079e-07
2.283365952461940189e-07
2.280812769695685827e-07
2.278263725522247355e-07
2.275718833240042044e-07
2.273177938185935923e-07
2.270639707763650658e-07
2.268103705168459746e-07
2.265569991227493195e-07
2.263038566709856921e-07
2.260509377629058998e-07
2.257982564555299220e-07
2.255457990397989140e-07
2.252935701240803286e-07
2.250415718005455457e-07
2.247897996285396358e-07
2.245382622200159803e-07
2.242869512972603989e-07
2.240358669802127569e-07
2.237850180222809379e-07
2.235343959968423693e-07
2.232840045336026631e-07
2.230338436098612836e-07
2.227839103133495779e-07
2.225342125614539105e-07
2.222848705672924415e-07
2.220360381950776660e-07
2.217877141912008219e-07
2.215398949044416870e-07
2.212925780938898960e-07
2.210457563303888749e-07
2.207992618715995079e-07
2.205530365277135711e-07
2.203070977150837130e-07
2.200614284794984611e-07
2.198160378626957144e-07
2.195709229845940455e-07
2.193260809007375232e-07
2.190815211665048254e-07
2.188372346720566045e-07
2.185932301155741959e-07
2.183494996421822663e-07
2.181060445796896640e-07
2.178628706848711117e-07
2.176199706473240547e-07
2.173773549350204686e-07
2.171350135048601041e-07
2.168929481952432701e-07
2.166511649137165539e-07
2.164096575216627802e-07
2.161684931222178765e-07
2.159278980522415249e-07
2.156879135070117083e-07
2.154485343662142608e-07
2.152097664284673325e-07
2.149715999676304034e-07
2.147339327964628706e-07
2.144965937753458731e-07
2.142595825439515951e-07
2.140229000946638377e-07
2.137865409214296306e-07
2.135505158152793151e-07
2.133148104156163035e-07
2.130794455648721092e-07
2.128444009920236450e-07
2.126096894982798428e-07
2.123753044174914076e-07
2.121412467066361634e-07
2.119075218460172789e-07
2.116741183337743632e-07
2.114410573597918446e-07
2.112083182796745130e-07
2.109759131209514061e-07
2.107438362948991379e-07
2.105120865196180461e-07
2.102806726335581222e-07
2.100497117878134217e-07
2.098194496078779014e-07
2.095898785292391228e-07
2.093610064518345715e-07
2.091328322526679661e-07
2.089053585568638169e-07
2.086784061845971208e-07
2.084518278697032287e-07
2.082256086901721155e-07
2.079997668727975533e-07
2.077742814660501852e-07
2.075491788917675481e-07
2.073244334257284405e-07
2.071000656803102272e-07
2.068760593547026514e-07
2.066524269809275745e-07
2.064291606971639931e-07
2.062062642261217105e-07
2.059837388727396851e-07
2.057615788251860527e-07
2.055397952768318047e-07
2.053183721631888767e-07
2.050973335240687511e-07
2.048766559681483699e-07
2.046563564452346340e-07
2.044364231317640392e-07
2.042169372830989958e-07
2.039981391103294553e-07
2.037800587790091748e-07
2.035626869402661089e-07
2.033460324391571059e-07
2.031300883447503717e-07
2.029147526885092104e-07
2.026997580975381509e-07
2.024851161602643513e-07
2.022708038273966575e-07
2.020568451343419807e-07
2.018432167428015253e-07
2.016299422951589149e-07
2.014169988556254106e-07
2.012044083200026987e-07
2.009921507464246954e-07
2.007802446754261768e-07
2.005686738697243569e-07
2.003574528062981507e-07
2.001465696573488891e-07
1.999360341332622795e-07
1.997258395168976436e-07
1.995159900540923328e-07
1.993064848332694892e-07
1.990973219433533774e-07
1.988885069688322184e-07
1.986800346072797625e-07
1.984720922457620518e-07
1.982648011180719476e-07
1.980581690072563890e-07
1.978521918079160874e-07
1.976468678720637405e-07
1.974422031821236482e-07
1.972379765161292839e-07
1.970340701630978138e-07
1.968304648618388303e-07
1.966271785564065081e-07
1.964241952028109799e-07
1.962215298668884654e-07
1.960191690320260055e-07
1.958171255763431236e-07
1.956153878236600484e-07
1.954139671453940969e-07
1.952128530264782617e-07
1.950120560116257034e-07
1.948115660699334472e-07
1.946113935916158440e-07
1.944115283599308907e-07
1.942119812789031237e-07
1.940127412808612411e-07
1.938138204460197301e-07
1.936152061966169767e-07
1.934169124448302735e-07
1.932189285337993244e-07
1.930214378410750122e-07
1.928245423065643192e-07
1.926282481859443741e-07
1.924325552532267866e-07
1.922374649746255883e-07
1.920429763059185619e-07
1.918489115746605374e-07
1.916551371056693175e-07
1.914616464575981516e-07
1.912684428352808989e-07
1.910755268562045779e-07
1.908828949960345018e-07
1.906905542624436496e-07
1.904984950671884651e-07
1.903067301460869366e-07
1.901152445075029307e-07
1.899240559562384053e-07
1.897331458628201249e-07
1.895425346385398328e-07
1.893522020222000241e-07
1.891621662490648005e-07
1.889724111574067150e-07
1.887829516877011113e-07
1.885937746467322094e-07
1.884048923218987554e-07
1.882162938511890469e-07
1.880279894996259651e-07
1.878400296031588400e-07
1.876525678408387646e-07
1.874656179710219010e-07
1.872791731027564102e-07
1.870932340951031073e-07
1.869078038489804301e-07
1.867228329552624993e-07
1.865381110534862708e-07
1.863536000537659529e-07
1.861693172050804833e-07
1.859852454002442396e-07
1.858013960149097033e-07
1.856177618154155050e-07
1.854343463882685499e-07
1.852511502657443421e-07
1.850681695265885555e-07
1.848854119458860195e-07
1.847028666158852527e-07
1.845205489681713012e-07
1.843384437004163466e-07
1.841565635692753877e-07
1.839748978125172033e-07
1.837934546302677556e-07
1.836122288253022871e-07
1.834312232832926423e-07
1.832504378626149125e-07
1.830698706427065931e-07
1.828895260328823944e-07
1.827094738484777409e-07
1.825298215279986955e-07
1.823505604232388667e-07
1.821716973570486445e-07
1.819932320006098389e-07
1.818151645631395879e-07
1.816374484988221870e-07
1.814599187119576672e-07
1.812825624137037777e-07
1.811053869432621932e-07
1.809283849434741406e-07
1.807515642294044042e-07
1.805749171099938231e-07
1.803984468927366498e-07
1.802221549959048510e-07
1.800460359103961378e-07
1.798701004551929390e-07
1.796943379298974385e-07
1.795187568324523828e-07
1.793433504023490068e-07
1.791681217968179180e-07
1.789930718564546134e-07
1.788181963511765543e-07
1.786435032881555977e-07
1.784689835114738036e-07
1.782946482859917441e-07
1.781204864549302511e-07
1.779465056317602678e-07
1.777727437074842499e-07
1.775993244605514392e-07
1.774262603953704226e-07
1.772535457455103020e-07
1.770811826102575338e-07
1.769091768007663559e-07
1.767375160469174944e-07
1.765660668007531007e-07
1.763947933903276341e-07
1.762236904329161214e-07
1.760527694246191293e-07
1.758820190079106813e-07
1.757114427786150450e-07
1.755410433972627078e-07
1.753708148197653712e-07
1.752007686165930948e-07
1.750308933492435523e-07
1.748611933985711467e-07
1.746916701152546159e-07
1.745223170755654945e-07
1.743531486121482828e-07
1.741841505187357962e-07
1.740153300101852729e-07
1.738466848150931613e-07
1.736782126307156912e-07
1.735099207462795934e-07
1.733418015532267159e-07
1.731738635500080251e-07
1.730060988050070029e-07
1.728385905441235082e-07
1.726714184797647345e-07
1.725045733936711169e-07
1.723380613211218112e-07
1.721718865531857281e-07
1.720060439526080427e-07
1.718405026629949258e-07
1.716751382277625584e-07
1.715099277726167933e-07
1.713448746785743428e-07
1.711799777030378731e-07
1.710152333675818832e-07
1.708506526790607095e-07
1.706862247625877486e-07
1.705219517572600056e-07
1.703578384430538085e-07
1.701938801695888703e-07
1.700300812685916831e-07
1.698664379060523146e-07
1.697029480839894487e-07
1.695396217540237762e-07
1.693764490888790430e-07
1.692134350162541231e-07
1.690505781504031147e-07
1.688878745129816713e-07
1.687253360092072729e-07
1.685629508536328982e-07
1.684007245601042206e-07
1.682386560611903200e-07
1.680768109794135321e-07
1.679152892653392593e-07
1.677540910976914535e-07
1.675932137019289927e-07
1.674326553711110816e-07
1.672724200742647043e-07
1.671124994049266727e-07
1.669527735533359161e-07
1.667932127466231518e-07
1.666338153661084176e-07
1.664745835319151804e-07
1.663155152784187829e-07
1.661566086072990958e-07
1.659978718562402322e-07
1.658392968386687569e-07
1.656808817383766244e-07
1.655226405574960791e-07
1.653645594416174226e-07
1.652066413324860807e-07
1.650488916206197297e-07
1.648913050600045140e-07
1.647338849566100269e-07
1.645766296141680881e-07
1.644195356204911730e-07
1.642626145199607262e-07
1.641058549072781130e-07
1.639492586742067178e-07
1.637928318888906011e-07
1.636365686185415409e-07
1.634804815202034878e-07
1.633247139758868082e-07
1.631692870045446815e-07
1.630142148957923345e-07
1.628594961566494944e-07
1.627051245515984166e-07
1.625511006118981658e-07
1.623973935089375935e-07
1.622438755550410001e-07
1.620905396219179147e-07
1.619373940338693297e-07
1.617844306558214131e-07
1.616316494128964523e-07
1.614790591310083511e-07
1.613266511695740146e-07
1.611744250052964881e-07
1.610223913023205773e-07
1.608705395789523733e-07
1.607188688697437227e-07
1.605673929965782588e-07
1.604160983161268937e-07
1.602649842261492018e-07
1.601140666115622628e-07
1.599633297624460038e-07
1.598127757377681132e-07
1.596624144950785123e-07
1.595122362480973416e-07
1.593622434808334223e-07
1.592124389500401844e-07
1.590628200534630075e-07
1.589133976919077030e-07
1.587643083130647111e-07
1.586155752183021909e-07
1.584672140216560856e-07
1.583192156946022104e-07
1.581715789772637596e-07
1.580243127370592513e-07
1.578773766469194735e-07
1.577306393240721971e-07
1.575840777537852125e-07
1.574376898260994479e-07
1.572914902964982512e-07
1.571454646077039842e-07
1.569996129381017856e-07
1.568539497924532508e-07
