1.147267843496071935e-10
1.385477931823740041e-10
1.648498101585156305e-10
1.937006410701411313e-10
2.251676554662158016e-10
2.593272312499177672e-10
2.962456346886226752e-10
3.359929343911944381e-10
3.786397463827149039e-10
4.242699289578413216e-10
4.729362499716108164e-10
5.247131993860530323e-10
5.796743502076810286e-10
6.378877688182899311e-10
6.994095909500304794e-10
7.642933539979601359e-10
8.326298054298062600e-10
9.044332376560041403e-10
9.798093980601615460e-10
1.058778381397809254e-09
1.141381838883590071e-09
1.227685562298198494e-09
1.317733986630058479e-09
1.411569768987789347e-09
1.509221773014332501e-09
1.610730890389886943e-09
1.716143594127675198e-09
1.825439129104104984e-09
1.938659787335419325e-09
2.055868301119307853e-09
2.177053865767022037e-09
2.302197808204306009e-09
2.431386961717286425e-09
2.564542936392485213e-09
2.701751531161745488e-09
2.842927295731985638e-09
2.988172448853434599e-09
3.137356897573283129e-09
3.290589849870596962e-09
3.447825107107301015e-09
3.608933967772785150e-09
3.774099964382610356e-09
3.943168795379993797e-09
4.116129531562346178e-09
4.292924139250790192e-09
4.473610883364197746e-09
4.658178128083915810e-09
4.846452637744529646e-09
5.038501454601472127e-09
5.234228199603764639e-09
5.433575994383118284e-09
5.636592532633112523e-09
5.843151082385322827e-09
6.053245781261192124e-09
6.266833175263505972e-09
6.483802604937538981e-09
6.704154087626292400e-09
6.927810462101104793e-09
7.154693002261122975e-09
7.384794205257907584e-09
7.618014652123933124e-09
7.854294468154211432e-09
8.093606081981620390e-09
8.335833380445100419e-09
8.580872994375448204e-09
8.828731626619664384e-09
9.079357043175813150e-09
9.332570612482140913e-09
9.588418301047346870e-09
9.846923420975729516e-09
1.010782091920448129e-08
1.037098411757294315e-08
1.063649588715887067e-08
1.090434658303103084e-08
1.117436703623506449e-08
1.144642873914620145e-08
1.172051437900392623e-08
1.199660666706110075e-08
1.227460942037605116e-08
1.255440972846164311e-08
1.283592064863744356e-08
1.311915678459849942e-08
1.340407374938315319e-08
1.369045310924558069e-08
1.397828014620482120e-08
1.426761228871353043e-08
1.455829022086458565e-08
1.485018423569809085e-08
1.514334270372930117e-08
1.543766216951870596e-08
1.573300592620496556e-08
1.602946675928060237e-08
1.632690201368010132e-08
1.662519873533648455e-08
1.692439647740613286e-08
1.722434182682748130e-08
1.752505204522143118e-08
1.782654159531556787e-08
1.812860596890335905e-08
1.843124475064219573e-08
1.873440112931233417e-08
1.903806496103777716e-08
1.934226791813801590e-08
1.964683749602176747e-08
1.995171695373067111e-08
2.025685557232944628e-08
2.056230936437047736e-08
2.086805921831290294e-08
2.117403935616148642e-08
2.148012553311182791e-08
2.178626312849843029e-08
2.209251331953001888e-08
2.239884861088185111e-08
2.270526919555038069e-08
2.301169786917180162e-08
2.331805676256731350e-08
2.362434095832949268e-08
2.393054061497310744e-08
2.423666290494021774e-08
2.454270225178942197e-08
2.484861293403747674e-08
2.515436459609878317e-08
2.545991315429182888e-08
2.576523566293877165e-08
2.607035807961838668e-08
2.637528691284713737e-08
2.668002768347989481e-08
2.698454685682582335e-08
2.728882232856490730e-08
2.759273951839043425e-08
2.789640322738080318e-08
2.819977482711726225e-08
2.850295453390062189e-08
2.880585103861679006e-08
2.910854997388268697e-08
2.941085469720913509e-08
2.971287549095179004e-08
3.001457204330920850e-08
3.031601620143709743e-08
3.061722417436968709e-08
3.091816862220220605e-08
3.121890150278266522e-08
3.151927455214160357e-08
3.181941759374829733e-08
3.211924623167510181e-08
3.241885244229690778e-08
3.271823925863752903e-08
3.301739881475726462e-08
3.331639359014623254e-08
3.361511321929131096e-08
3.391365778553032997e-08
3.421196582215987206e-08
3.451007011456424862e-08
3.480802831420930574e-08
3.510580323792625785e-08
3.540347100525205826e-08
3.570099146358510611e-08
3.599838770046009306e-08
3.629568369457507457e-08
3.659282098201137074e-08
3.688985994509023868e-08
3.718680680794741106e-08
3.748367752792128449e-08
3.778050654176101639e-08
3.807729511706200025e-08
3.837405893167352382e-08
3.867080496481884722e-08
3.896753079492606544e-08
3.926424515708596791e-08
3.956095385520008617e-08
3.985766013885737620e-08
4.015437207611018806e-08
4.045114808974315754e-08
4.074798125678660016e-08
4.104486888574038645e-08
4.134186237347320088e-08
4.163892842476101322e-08
4.193605135441711281e-08
4.223323897435107984e-08
4.253046431530917268e-08
4.282777878927960729e-08
4.312524177157792032e-08
4.342280056194230386e-08
4.372050739215123060e-08
4.401839181311958742e-08
4.431638476391125617e-08
4.461447157523907938e-08
4.491263752645393924e-08
4.521084627863536999e-08
4.550918305772920247e-08
4.580768903890696861e-08
4.610630513590312503e-08
4.640508328410872823e-08
4.670405440853786380e-08
4.700314573285026956e-08
4.730231151065993679e-08
4.760152468888861258e-08
4.790075969439400947e-08
4.820004566119197899e-08
4.849945977986088579e-08
4.879896630180928878e-08
4.909854808214801136e-08
4.939824356252504053e-08
4.969801872064443995e-08
4.999783637467150091e-08
5.029762355015554279e-08
5.059736796536235238e-08
5.089707873181474876e-08
5.119675335011968815e-08
5.149639572311911124e-08
5.179601934811362597e-08
5.209560677181994754e-08
5.239510134911089867e-08
5.269452668936758191e-08
5.299389226675939141e-08
5.329303303596364260e-08
5.359195931851090218e-08
5.389074087617234223e-08
5.418931595919791788e-08
5.448758553238955042e-08
5.478564679570020096e-08
5.508354597867405924e-08
5.538105643054103305e-08
5.567822847690606266e-08
5.597517539112519537e-08
5.627178551918938453e-08
5.656783583212495336e-08
5.686349086007855337e-08
5.715886992644495001e-08
5.745363196090360082e-08
5.774778742995476141e-08
5.804153140543441521e-08
5.833487812839103737e-08
5.862740231445559697e-08
5.891928414850004044e-08
5.921073790106090292e-08
5.950157206473331005e-08
5.979144143844997630e-08
6.008062734478610188e-08
6.036935716691999265e-08
6.065716996194137342e-08
6.094392794994638448e-08
6.122994830438087567e-08
6.151544005730614630e-08
6.179974367557046819e-08
6.208289347363261701e-08
6.236524050849039539e-08
6.264696124405295203e-08
6.292730453099444206e-08
6.320642119159911292e-08
6.348468873716484184e-08
6.376225587390757951e-08
6.403827716639479809e-08
6.431296622168212510e-08
6.458672542693220307e-08
6.485971323379267821e-08
6.513093848939200216e-08
6.540062578757604593e-08
6.566923099309139559e-08
6.593699854395534339e-08
6.620295872568964806e-08
6.646727120773181200e-08
6.673041934726266395e-08
6.699273841092355434e-08
6.725327278631840061e-08
6.751198619411549820e-08
6.776939357198620767e-08
6.802590879571867248e-08
6.828070982158458779e-08
6.853331321947358811e-08
6.878431308406472409e-08
6.903419422112398294e-08
6.928270315426312964e-08
6.952889636138023437e-08
6.977333958135000993e-08
7.001655018964699069e-08
7.025871376392661256e-08
7.049859714376578586e-08
7.073649403553080625e-08
7.097295497273266463e-08
7.120842008112346845e-08
7.144187589072638276e-08
7.167281781185980539e-08
7.190189224480018100e-08
7.212964210592413992e-08
7.235607385082976216e-08
7.257996778949068197e-08
7.280179691508903380e-08
7.302213640798406719e-08
7.324144098917376631e-08
7.345875838301067500e-08
7.367366750213166433e-08
7.388678293975192169e-08
7.409860943185681506e-08
7.430926753808568317e-08
7.451725659758856724e-08
7.472291085910616238e-08
7.492683264167921182e-08
7.512951962402632527e-08
7.533061122295130715e-08
7.552911786646372603e-08
7.572562922010735136e-08
7.592068906362890868e-08
7.611472957946434476e-08
7.630680457891436900e-08
7.649646770386432717e-08
7.668431129557154163e-08
7.687082914102998219e-08
7.705633399233234594e-08
7.723953015442358033e-08
7.742035292301800395e-08
7.759938034896361900e-08
7.777709432484717303e-08
7.795373586433292286e-08
7.812812320075361722e-08
7.830040354927193394e-08
7.847109870782730414e-08
7.864064379093432366e-08
7.880920450117091897e-08
7.897558798213331528e-08
7.913996650183649002e-08
7.930282425170402170e-08
7.946456739277973393e-08
7.962537328391602374e-08
7.978407102850415528e-08
7.994077087376909267e-08
8.009594224312556693e-08
8.024998845647831418e-08
8.040316906115481231e-08
8.055456948496637860e-08
8.070416081913380348e-08
8.085237079005386853e-08
8.099955348374595951e-08
8.114599976632666916e-08
8.129100003117987485e-08
8.143421482444154148e-08
8.157604327990546444e-08
8.171682387689250930e-08
8.185684257856434482e-08
8.199582839677241409e-08
8.213307587365738225e-08
8.226893334180969246e-08
8.240373204251603314e-08
8.253774510311725739e-08
8.267107238038045659e-08
8.280302271997403877e-08
8.293372158182411286e-08
8.306346113721916418e-08
8.319248296391562868e-08
8.332098558389467848e-08
8.344852475533230224e-08
8.357476902215543193e-08
8.369999976519395871e-08
8.382444692994320553e-08
8.394831425106745354e-08
8.407163559232983509e-08
8.419384835482794869e-08
8.431506580546980335e-08
8.443551260124756304e-08
8.455537457551476110e-08
8.467480973522673319e-08
8.479366068465769306e-08
8.491167451273448861e-08
8.502902539475736046e-08
8.514586596468697528e-08
8.526232819808098216e-08
8.537850025752195706e-08
8.549400641348288500e-08
8.560877517345016615e-08
8.572295438360484821e-08
8.583667780650057699e-08
8.595005618285959356e-08
8.606313413544164441e-08
8.617563761650399409e-08
8.628761087015089794e-08
8.639916956507346272e-08
8.651041072245834602e-08
8.662141772733642767e-08
8.673220947935268944e-08
8.684263977868814131e-08
8.695275799230230363e-08
8.706263481804364095e-08
8.717232924890348728e-08
8.728188930331197138e-08
8.739128722201947220e-08
8.750030770269215178e-08
8.760899662334493884e-08
8.771741909726925527e-08
8.782563210544613591e-08
8.793368436480613551e-08
8.804158917320536663e-08
8.814926305433985540e-08
8.825673944729159025e-08
8.836406235058350531e-08
8.847126947756877766e-08
8.857839158127674688e-08
8.868544595668023990e-08
8.879239889810423608e-08
8.889926071429439853e-08
8.900605148444202765e-08
8.911278836399774206e-08
8.921948558822901706e-08
8.932614988888784930e-08
8.943264856134356828e-08
8.953894155260564772e-08
8.964506271887745090e-08
8.975104312958688695e-08
8.985691072819736106e-08
8.996268984560322819e-08
9.006836773925788202e-08
9.017391420432639923e-08
9.027935564341340132e-08
9.038471543766165602e-08
9.049001376920873051e-08
9.059526698872335840e-08
9.070047617325028376e-08
9.080556661048132808e-08
9.091054087540723894e-08
9.101542016328580986e-08
9.112022239399371858e-08
9.122496380002272066e-08
9.132965809579443817e-08
9.143417686106613903e-08
9.153836484486298688e-08
9.164227380970190767e-08
9.174595053498911676e-08
9.184943678244529284e-08
9.195277071778685241e-08
9.205597409302634525e-08
9.215889398593132293e-08
9.226151930698762132e-08
9.236390246062549753e-08
9.246609206438677785e-08
9.256812960672872427e-08
9.267004886925756720e-08
9.277181515808082829e-08
9.287317307640658660e-08
9.297415198582198342e-08
9.307481599227921416e-08
9.317522284274179579e-08
9.327542115552976611e-08
9.337545686279934105e-08
9.347519566325215661e-08
9.357426900791889553e-08
9.367276371963541507e-08
9.377077451819456116e-08
9.386838802398602270e-08
9.396568284704596412e-08
9.406272308487742716e-08
9.415937014890360947e-08
9.425531111471354879e-08
9.435064795047336409e-08
9.444548785092891771e-08
9.453992293531250091e-08
9.463403711928407732e-08
9.472789873904249354e-08
9.482133827955161168e-08
9.491391209531979112e-08
9.500573879434305073e-08
9.509693520028956649e-08
9.518761893215968807e-08
9.527788398000620152e-08
9.536782073443126542e-08
9.545731015230744794e-08
9.554574008389256233e-08
9.563319234345312127e-08
9.571983468537728451e-08
9.580580351569205923e-08
9.589122518548691812e-08
9.597621093798638499e-08
9.606078875511977521e-08
9.614436055431867571e-08
9.622688164256195702e-08
9.630853221050256544e-08
9.638945942972333367e-08
9.646979607467162289e-08
9.654966223672578274e-08
9.662915709961111263e-08
9.670781961847162819e-08
9.678523742669366994e-08
9.686158604543871629e-08
9.693704895808382896e-08
9.701177862627140943e-08
9.708590588458984495e-08
9.715955762820963399e-08
9.723267763857468544e-08
9.730446198004938700e-08
9.737497527209436439e-08
9.744441297309438047e-08
9.751295045412726332e-08
9.758075032148961984e-08
9.764795452841134688e-08
9.771468685955149632e-08
9.778056754602057057e-08
9.784509225728140371e-08
9.790845691853449771e-08
9.797084817514149430e-08
9.803242598625692758e-08
9.809334865066546658e-08
9.815374204474755662e-08
9.821369751297033400e-08
9.827248677442051600e-08
9.832990327252767583e-08
9.838614633850179361e-08
9.844139974488109739e-08
9.849583272554502008e-08
9.854959141827797621e-08
9.860280571425364429e-08
9.865550835994575968e-08
9.870691874961070377e-08
9.875698683357510680e-08
9.880590995605259143e-08
9.885386925711415873e-08
9.890102673393914136e-08
9.894753235333497981e-08
9.899351253487376060e-08
9.903898205634756172e-08
9.908325632652723412e-08
9.912632684378543787e-08
9.916837113818110447e-08
9.920955402935557759e-08
9.925002007699148170e-08
9.928990119794708262e-08
9.932931201244022313e-08
9.936828682625817910e-08
9.940612327860112026e-08
9.944274509517917381e-08
9.947832580337590317e-08
9.951302425895307976e-08
9.954698387851177778e-08
9.958033339369051053e-08
9.961318644916339356e-08
9.964563347800069984e-08
9.967716466861035296e-08
9.970756875290703615e-08
9.973700549048961509e-08
9.976562073754110703e-08
9.979354796945510680e-08
9.982090622624620013e-08
9.984780028364532507e-08
9.987432072769690485e-08
9.990029388904936012e-08
9.992532140467181980e-08
9.994952354293016785e-08
9.997302220376632710e-08
9.999592835124924492e-08
1.000183417719958028e-07
1.000403505480992708e-07
1.000620327024908080e-07
1.000834052408709018e-07
1.001039861583679996e-07
1.001237350098841419e-07
1.001427657520450910e-07
1.001611827805922167e-07
1.001790789563933892e-07
1.001965426398080838e-07
1.002136508293075793e-07
1.002304698874351339e-07
1.002468933148324651e-07
1.002626323095334512e-07
1.002777644777925687e-07
1.002923804454542012e-07
1.003065598745853156e-07
1.003203719376286235e-07
1.003338834365945459e-07
1.003471507292278630e-07
1.003602202625272979e-07
1.003729379396056988e-07
1.003852049623971612e-07
1.003970854455253803e-07
1.004086325251617883e-07
1.004199020163042167e-07
1.004309400542220880e-07
1.004417876366547143e-07
1.004524813823451828e-07
1.004630439902782903e-07
1.004732692516329866e-07
1.004831012914891533e-07
1.004925901511821796e-07
1.005017839859962487e-07
1.005107233881112974e-07
1.005194497149115330e-07
1.005279981145426157e-07
1.005363996781112040e-07
1.005446780290062078e-07
1.005527572522491306e-07
1.005606271628299409e-07
1.005683176265056723e-07
1.005758573100317513e-07
1.005832703062809808e-07
1.005905802052903485e-07
1.005978065223813217e-07
1.006049657645319766e-07
1.006120717391046252e-07
1.006191141808222766e-07
1.006260892420960014e-07
1.006330071127162732e-07
1.006398775951465746e-07
1.006467094299251822e-07
1.006535099033353876e-07
1.006602857600252639e-07
1.006670423763246857e-07
1.006737842893179892e-07
1.006804846762775316e-07
1.006870977660257086e-07
1.006936324687509083e-07
1.007000968059239627e-07
1.007065004905140294e-07
1.007128511819012374e-07
1.007191560739840533e-07
1.007254220957355076e-07
1.007316553298791891e-07
1.007378663915537537e-07
1.007440965002887966e-07
1.007503536151870550e-07
1.007566368947795294e-07
1.007629451640779972e-07
1.007692779463723157e-07
1.007756330706746894e-07
1.007820092954042243e-07
1.007884047066052727e-07
1.007948171455190773e-07
1.008012615121169249e-07
1.008077575459563737e-07
1.008142991941082189e-07
1.008208810281024142e-07
1.008274971249710787e-07
1.008341430937112957e-07
1.008408140268100451e-07
1.008475061637269148e-07
1.008542157372511081e-07
1.008609388597713888e-07
1.008676307264265148e-07
1.008742753159535717e-07
1.008808749877787159e-07
1.008874344931056249e-07
1.008939563486703553e-07
1.009004449928355536e-07
1.009069031262175412e-07
1.009133346685565729e-07
1.009197425713865988e-07
1.009261292658404084e-07
1.009324871401199487e-07
1.009388172271342532e-07
1.009451238159405295e-07
1.009514104620760407e-07
1.009576806802775316e-07
1.009639374141856643e-07
1.009701833248391459e-07
1.009764206666055776e-07
1.009826512766200127e-07
1.009888687657658695e-07
1.009949924256152057e-07
1.010010081458590816e-07
1.010069266331315934e-07
1.010127584074072453e-07
1.010185119183955516e-07
1.010241974550533682e-07
1.010298217902667294e-07
1.010353943447307803e-07
1.010409213985013169e-07
1.010464062795443189e-07
1.010516857225291950e-07
1.010567134931313131e-07
1.010615130968961245e-07
1.010661089837843465e-07
1.010705261948639331e-07
1.010747824328905477e-07
1.010789018160844541e-07
1.010829012202959889e-07
1.010867981201536673e-07
1.010906083393658506e-07
1.010942462885619410e-07
1.010976034503700110e-07
1.011007022596276330e-07
1.011035790329094780e-07
1.011062591483602613e-07
1.011087660081344748e-07
1.011111248810937015e-07
1.011133560384251413e-07
1.011154789008419752e-07
1.011175112334679615e-07
1.011194292598288668e-07
1.011209896143940471e-07
1.011221746477709144e-07
1.011230246098375097e-07
1.011235762487423786e-07
1.011238637906728759e-07
1.011239195441919971e-07
1.011237733577137760e-07
1.011234523623599637e-07
1.011229818924730841e-07
1.011223849439812154e-07
1.011215259492135042e-07
1.011201588933849449e-07
1.011183312738574669e-07
1.011160834064347443e-07
1.011134710568649363e-07
1.011105347731922693e-07
1.011073147034602481e-07
1.011038480618549460e-07
1.011001694734527084e-07
1.010963104835022025e-07
1.010922955420753189e-07
1.010879373192066241e-07
1.010830938180863763e-07
1.010778119892161521e-07
1.010721468310275519e-07
1.010661416717810448e-07
1.010598370552962801e-07
1.010532717158287766e-07
1.010464828404383773e-07
1.010395033341316217e-07
1.010323582881155200e-07
1.010250736166113517e-07
1.010173996151109476e-07
1.010091792910020888e-07
1.010004696377171945e-07
1.009913258726988217e-07
1.009817942242682561e-07
1.009719214440384446e-07
1.009617438839370960e-07
1.009513075731745201e-07
1.009406442206461496e-07
1.009297890210791627e-07
1.009187658572292517e-07
1.009073792523680965e-07
1.008954260005705574e-07
1.008829647022758430e-07
1.008700395177637106e-07
1.008567106013394286e-07
1.008430244442486037e-07
1.008290228984844511e-07
1.008147494746312815e-07
1.008002356788048402e-07
1.007855199953435745e-07
1.007706315401421317e-07
1.007555136645157959e-07
1.007399309135651998e-07
1.007239158788999863e-07
1.007075179956287701e-07
1.006907781721077115e-07
1.006737367025729081e-07
1.006564316789218549e-07
1.006388961595799339e-07
1.006211610119735782e-07
1.006032570330454917e-07
1.005852082152791912e-07
1.005670306978922227e-07
1.005484790351945485e-07
1.005294764493934419e-07
1.005100713496923882e-07
1.004903045017013199e-07
1.004702138089905444e-07
1.004498358075903815e-07
1.004292054251902849e-07
1.004083545681290672e-07
1.003873089539628396e-07
1.003660976833555378e-07
1.003447448013755427e-07
1.003232173227493553e-07
1.003013132861344031e-07
1.002790435974981044e-07
1.002564448081014904e-07
1.002335507131139065e-07
1.002103957768554326e-07
1.001870116759813099e-07
1.001634270186587549e-07
1.001396678400653519e-07
1.001157569053338772e-07
1.000917165812639815e-07
1.000675661034656771e-07
1.000432712375248020e-07
1.000187277003183104e-07
9.999395837148724498e-08
9.996898788676253053e-08
9.994383881383356313e-08
9.991853196407751067e-08
9.989308726282213865e-08
9.986752263639216310e-08
9.984185378431562128e-08
9.981609631851616786e-08
9.979026341911762971e-08
9.976436661543485298e-08
9.973836443168430617e-08
9.971214570579779650e-08
9.968572708049572381e-08
9.965912827710326223e-08
9.963236749331860220e-08
9.960546185012870933e-08
9.957842729675634582e-08
9.955127889092739082e-08
9.952403048736388620e-08
9.949669479637224672e-08
9.946928337328181792e-08
9.944180674295871945e-08
9.941425941601006023e-08
9.938658867672097507e-08
9.935879996034306782e-08
9.933090583399183348e-08
9.930291808079024691e-08
9.927484769264251299e-08
9.924670486211843218e-08
9.921849884382057684e-08
9.919023841641958813e-08
9.916193132234188142e-08
9.913358446610241087e-08
9.910520392164209234e-08
9.907679514066614469e-08
9.904836685292905637e-08
9.901992403431528813e-08
9.899146939077746909e-08
9.896300538913494548e-08
9.893453425373858846e-08
9.890605793423060248e-08
9.887757818536679274e-08
9.884909652977358521e-08
9.882061419969333573e-08
9.879213217333792532e-08
9.876365117377702940e-08
9.873517167405207922e-08
9.870668824636006692e-08
9.867818237827182861e-08
9.864965402954271139e-08
9.862110477593987077e-08
9.859253612919477145e-08
9.856394952610822604e-08
9.853534649241950660e-08
9.850672841579092688e-08
9.847809663641389790e-08
9.844945244611954333e-08
9.842079708737814186e-08
9.839213175274326180e-08
9.836345758229478036e-08
9.833478765354377680e-08
9.830613898397508452e-08
9.827751079582187553e-08
9.824890238235691632e-08
9.822031229466152920e-08
9.819173943779210511e-08
9.816318274748880353e-08
9.813464115259905331e-08
9.810611357585576421e-08
9.807759901169847896e-08
9.804909627213172529e-08
9.802060426387949027e-08
9.799212189866854931e-08
9.796366930082647096e-08
9.793526821347195905e-08
9.790691466694804856e-08
9.787860532672954815e-08
9.785033571287508164e-08
9.782210204672302573e-08
9.779390087746115332e-08
9.776572908746294103e-08
9.773758357866832660e-08
9.770946136407914901e-08
9.768135978777066258e-08
9.765327639170619395e-08
9.762520902190742801e-08
9.759714581698554559e-08
9.756906463048592920e-08
9.754096614345483218e-08
9.751285076801084104e-08
9.748471869359287445e-08
9.745657076478277807e-08
9.742840760559501810e-08
9.740022965293977664e-08
9.737203760231580668e-08
9.734383249886117997e-08
9.731561515680749289e-08
9.728738637582266907e-08
9.725914714501355079e-08
9.723089710873747329e-08
9.720262843107146569e-08
9.717434098839106934e-08
9.714603644062145702e-08
9.711771691361415601e-08
9.708938394611568807e-08
9.706103904741171027e-08
9.703268369243539971e-08
9.700431907685317078e-08
9.697594642645934099e-08
9.694756692713709422e-08
9.691918151362963938e-08
9.689079102496016844e-08
9.686239625668320128e-08
9.683398012238659841e-08
9.680551853497855689e-08
9.677701453115160197e-08
9.674847201485941173e-08
9.671989339533367989e-08
9.669128217385920934e-08
9.666264039246302929e-08
9.663397106160081946e-08
9.660527704431276300e-08
9.657656032203656363e-08
9.654782355447685156e-08
9.651906861845746758e-08
9.649029738268661806e-08
9.646151037912746364e-08
9.643263210558713273e-08
9.640362181657801907e-08
9.637449190867612165e-08
9.634524677988826086e-08
9.631589936875917302e-08
9.628645698280620675e-08
9.625692847474127070e-08
9.622732020900052396e-08
9.619763968053911843e-08
9.616789504178976761e-08
9.613809192478041691e-08
9.610823739911803585e-08
9.607833559677227796e-08
9.604839158523421721e-08
9.601834747946337833e-08
9.598817730698379087e-08
9.595789378466108096e-08
9.592750193473889456e-08
9.589701609665385113e-08
9.586644349131948761e-08
9.583579347895279698e-08
9.580507179019224156e-08
9.577428837002518529e-08
9.574344889606053407e-08
9.571256084991267087e-08
9.568162808072694814e-08
9.565065792703800220e-08
9.561965438162679752e-08
9.558856155834473521e-08
9.555732180383602690e-08
9.552594554368923684e-08
9.549444519249040206e-08
9.546283194003179974e-08
9.543111095752898221e-08
9.539929591326674568e-08
9.536739436067727917e-08
9.533541476992594258e-08
9.530336381740054155e-08
9.527125040495148362e-08
9.523908109523651938e-08
9.520686130660894538e-08
9.517459744019203524e-08
9.514226759644656955e-08
9.510975930123973234e-08
9.507706912821737284e-08
9.504421270086514546e-08
9.501120285945078885e-08
9.497805324057477303e-08
9.494477330150818488e-08
9.491137702026400569e-08
9.487787608224407798e-08
9.484427613481823142e-08
9.481059138079140360e-08
9.477682974113396726e-08
9.474299817183400996e-08
9.470910579097356880e-08
9.467515928372312229e-08
9.464112139420669422e-08
9.460694172333394220e-08
9.457263649147875672e-08
9.453821603773705018e-08
9.450368683549459452e-08
9.446906237515926704e-08
9.443435186764262187e-08
9.439956123468963614e-08
9.436470110333448478e-08
9.432977901911606850e-08
9.429480021372809208e-08
9.425977296178247769e-08
9.422470268263307953e-08
9.418959413926792103e-08
9.415445182396858957e-08
9.411922164002829067e-08
9.408387084642076960e-08
9.404840547428530862e-08
9.401283753320443498e-08
9.397717451124057000e-08
9.394142366110273661e-08
9.390559395512507148e-08
9.386969111827621015e-08
9.383372316680185004e-08
9.379769680332664235e-08
9.376161614303310636e-08
9.372548873746348882e-08
9.368931961119605703e-08
9.365311187796627672e-08
9.361687150687885468e-08
9.358055493376405815e-08
9.354412171207867774e-08
9.350758329409461909e-08
9.347094845170096586e-08
9.343422084460415181e-08
9.339741223124672929e-08
9.336052820441254849e-08
9.332357541136206957e-08
9.328656138462694357e-08
9.324948991198498588e-08
9.321236879256087978e-08
9.317520306438483455e-08
9.313799611623450182e-08
9.310075396101677966e-08
9.306348022997779482e-08
9.302617477103278160e-08
9.298883103964520053e-08
9.295145174932744978e-08
9.291404079914159215e-08
9.287660184723763837e-08
9.283913710907261364e-08
9.280165052161859910e-08
9.276414449810951918e-08
9.272662144477539460e-08
9.268908407212695054e-08
9.265153413269653069e-08
9.261397369285806757e-08
9.257640441487136851e-08
9.253882781235784049e-08
9.250124516158437677e-08
9.246365697883873454e-08
9.242605178194345113e-08
9.238842394754208094e-08
9.235077462538655865e-08
9.231310606628694709e-08
9.227541862533004567e-08
9.223771478567764255e-08
9.219999528885414349e-08
9.216226168438985847e-08
9.212451517751208626e-08
9.208675675432599616e-08
9.204898783773576646e-08
9.201120885320075263e-08
9.197342135947862979e-08
9.193562596813247984e-08
9.189782360456697345e-08
9.186001453270698910e-08
9.182219244837217397e-08
9.178435727151791457e-08
9.174650967451896441e-08
9.170865097422038890e-08
9.167078206156320570e-08
9.163290378635439498e-08
9.159501719328733616e-08
9.155712293027870645e-08
9.151922199933142475e-08
9.148131487659976839e-08
9.144340242556500568e-08
9.140548512204789475e-08
9.136756368178068810e-08
9.132963851554789538e-08
9.129171011462333203e-08
9.125378121975679945e-08
9.121588790727795524e-08
9.117803526524489211e-08
9.114022341806028025e-08
9.110244797761170289e-08
9.106470862916818661e-08
9.102700161096641540e-08
9.098932618604007955e-08
9.095167923931963641e-08
9.091405961227047842e-08
9.087646484596654761e-08
9.083889338854289944e-08
9.080134337262540445e-08
9.076381292405837564e-08
9.072630068252807552e-08
9.068880456231645665e-08
9.065132369482828932e-08
9.061386064315880213e-08
9.057641845700777003e-08
9.053899413425749389e-08
9.050158680575687861e-08
9.046419414131828631e-08
9.042681511025614489e-08
9.038944786909853586e-08
9.035209132890519619e-08
9.031474404009040972e-08
9.027740496018425850e-08
9.024007293843425015e-08
9.020274706411055980e-08
9.016542634743930671e-08
9.012811014584013450e-08
9.009079765831101618e-08
9.005348841748036050e-08
9.001618264324850849e-08
8.997888376408189933e-08
8.994159178765147514e-08
8.990430620078232482e-08
8.986702648073865290e-08
8.982975221195550753e-08
8.979248287169709323e-08
8.975521812277547557e-08
8.971795746102076247e-08
8.968070061339188339e-08
8.964344710684740706e-08
8.960619672760151155e-08
8.956894903073955341e-08
8.953170386006336320e-08
8.949446081501635412e-08
8.945721978331372112e-08
8.941998041931837609e-08
8.938275174928339673e-08
8.934555138635894870e-08
8.930837978968982896e-08
8.927123382397299534e-08
8.923411346508389071e-08
8.919701565131604811e-08
8.915993990351351717e-08
8.912288415452415386e-08
8.908584731407361827e-08
8.904882800850740399e-08
8.901182475344262261e-08
8.897483667561477531e-08
8.893786207396465178e-08
8.890090041919724517e-08
8.886394993821319304e-08
8.882701033784909837e-08
8.879007993072003903e-08
8.875315218740901365e-08
8.871621212223029522e-08
8.867925827981716773e-08
8.864229216156199996e-08
8.860531358347335391e-08
8.856832298290610397e-08
8.853132097442500502e-08
8.849430737603973440e-08
8.845728334984243805e-08
8.842024828282478412e-08
8.838320360522837383e-08
8.834614918998238322e-08
8.830908581963408250e-08
8.827201387539594351e-08
8.823493379006474463e-08
8.819784629426993032e-08
8.816075161035764924e-08
8.812364850174979566e-08
8.808652145835725096e-08
8.804936998690508437e-08
8.801219445960074872e-08
8.797499761741639155e-08
8.793778058475648661e-08
8.790054459619802430e-08
8.786329160071617066e-08
8.782602197296418615e-08
8.778873795697057608e-08
8.775144032794518772e-08
8.771413030112089655e-08
8.767680917788971065e-08
8.763947746953659883e-08
8.760213664176737303e-08
8.756478724511109733e-08
8.752743037551193842e-08
8.749006672157591871e-08
8.745269530097775343e-08
8.741531474795622447e-08
8.737792538791492039e-08
8.734052834347954574e-08
8.730312403288320615e-08
8.726571336251997660e-08
8.722829691727140113e-08
8.719087512304152748e-08
8.715344874692456852e-08
8.711601818069443816e-08
8.707858398321818106e-08
8.704114658996072935e-08
8.700370630920501814e-08
8.696626363000140140e-08
8.692881885374008363e-08
8.689137225724201989e-08
8.685392414256445315e-08
8.681647434228073346e-08
8.677900384857447774e-08
8.674149587964777016e-08
8.670395450910440022e-08
8.666638166123911145e-08
8.662877686534510714e-08
8.659114416034017760e-08
8.655348470053435357e-08
8.651579956263885991e-08
8.647809094599062602e-08
8.644035997710641408e-08
8.640260851980281516e-08
8.636483838686797925e-08
8.632704958074771398e-08
8.628924484208064768e-08
8.625142511350327754e-08
8.621359129384990952e-08
8.617574493176146899e-08
8.613788680400422627e-08
8.610001129811669703e-08
8.606211215227546979e-08
8.602419018971715996e-08
8.598624783768349930e-08
8.594828637321959262e-08
8.591030725469382895e-08
8.587231212368782378e-08
8.583430198153745760e-08
8.579627842635567385e-08
8.575824262790556061e-08
8.572019553827332640e-08
8.568213849542692076e-08
8.564407248702793600e-08
8.560599808495066648e-08
8.556791654189331370e-08
8.552982865919139742e-08
8.549173474690662193e-08
8.545363583527986702e-08
8.541553364582618865e-08
8.537743335354102368e-08
8.533933568660800894e-08
8.530124087348781218e-08
8.526314878644257099e-08
8.522505954854087866e-08
8.518697308329566004e-08
8.514888949554312424e-08
8.511080874870732979e-08
8.507273081921958494e-08
8.503465568873633243e-08
8.499658328232692015e-08
8.495851358831817530e-08
8.492044652410850366e-08
8.488238197530081175e-08
8.484431989609179294e-08
8.480626014340170058e-08
8.476820258793624922e-08
8.473014715443126753e-08
8.469208905332836737e-08
8.465402276866429292e-08
8.461594768342848165e-08
8.457786496126950256e-08
8.453977471558389145e-08
8.450167708089106827e-08
8.446357256213913660e-08
8.442546136722174544e-08
8.438734397018088371e-08
8.434922042804833856e-08
8.431109126567220710e-08
8.427295685281410809e-08
8.423481711487692189e-08
8.419667272212311360e-08
8.415852398339148372e-08
8.412037077605813127e-08
8.408221380829553969e-08
8.404405330789733830e-08
8.400588929887691115e-08
8.396773111799373252e-08
8.392958742941017702e-08
8.389145912806949300e-08
8.385334422986582292e-08
8.381524258960713173e-08
8.377715374070002647e-08
8.373907721065894125e-08
8.370101222338464419e-08
8.366295783779706112e-08
8.362491472037877262e-08
8.358688119997612541e-08
8.354885697586595343e-08
8.351084182970433871e-08
8.347283503352999056e-08
8.343483608283949766e-08
8.339684434605862478e-08
8.335885972991316255e-08
8.332088133134422822e-08
8.328290865162941035e-08
8.324494975092777073e-08
8.320702324316949010e-08
8.316912795425573050e-08
8.313126395200206725e-08
8.309342791944865475e-08
8.305561869094580867e-08
8.301783384203112408e-08
8.298007385619630123e-08
8.294233519891578804e-08
8.290461722838742642e-08
8.286691815705935426e-08
8.282923756703198517e-08
8.279157313867912331e-08
8.275392387266600356e-08
8.271628902446654714e-08
8.267866715861401835e-08
8.264105723908653753e-08
8.260345793358598194e-08
8.256586924266821696e-08
8.252828957589124125e-08
8.249072396139086050e-08
8.245317528032846896e-08
8.241564156138311266e-08
8.237812196530925351e-08
8.234061507042561700e-08
8.230312079513116660e-08
8.226563737788853957e-08
8.222816408606717611e-08
8.219070007497405748e-08
8.215324473660364018e-08
8.211579704805246734e-08
8.207835635339940041e-08
8.204092186086980404e-08
8.200349324216958975e-08
8.196606960446779761e-08
8.192865056566257116e-08
8.189123544704229163e-08
8.185382414110259616e-08
8.181641594422909731e-08
8.177901210789709280e-08
8.174163574020829303e-08
8.170429073955772237e-08
8.166697522322936708e-08
8.162968784847483543e-08
8.159242703508004895e-08
8.155519263240549192e-08
8.151798138285774040e-08
8.148079297926559004e-08
8.144362517015193955e-08
8.140647824890253209e-08
8.136934962807523577e-08
8.133223848532281978e-08
8.129514334515624167e-08
8.125806377433403077e-08
8.122099836985198908e-08
8.118394591736662572e-08
8.114690541843256016e-08
8.110987618600019307e-08
8.107285739194129377e-08
8.103584858044625753e-08
8.099886461446573728e-08
8.096191346288570080e-08
8.092499197250424095e-08
8.088809814565238514e-08
8.085123063146610722e-08
8.081438732076984106e-08
8.077756832440314177e-08
8.074077039099827756e-08
8.070399248019761890e-08
8.066723321345504411e-08
8.063049120744398936e-08
8.059376588161866050e-08
8.055705494948243785e-08
8.052035795355812054e-08
8.048367320168034426e-08
8.044700036788965507e-08
8.041033809976560378e-08
8.037368539497175226e-08
8.033704145561894606e-08
8.030040543390132036e-08
8.026377860241705699e-08
8.022716318685110397e-08
8.019055884312279627e-08
8.015396441380925706e-08
8.011737992359090885e-08
8.008080399003057237e-08
8.004423601724056923e-08
8.000767536819918354e-08
7.997112145880308279e-08
7.993457375041872185e-08
7.989803162648023051e-08
7.986149441761452825e-08
7.982496182710067969e-08
7.978843322747785332e-08
7.975190829567709516e-08
7.971538662002451096e-08
7.967886776160880328e-08
7.964235146873413185e-08
7.960583735129417886e-08
7.956932525964998625e-08
7.953281491953757967e-08
7.949631832975569816e-08
7.945984576214054419e-08
7.942339614120379670e-08
7.938697002403373116e-08
7.935056455481641425e-08
7.931417880759130990e-08
7.927781237435323532e-08
7.924146358361501802e-08
7.920513179991136512e-08
7.916881676554309036e-08
7.913251653876127752e-08
7.909623046831405720e-08
7.905995784391665752e-08
7.902369748435516376e-08
7.898744922175823368e-08
7.895121198197162314e-08
7.891498468928466494e-08
7.887876701740438594e-08
7.884255793086477185e-08
7.880635695340037226e-08
7.877016372992438776e-08
7.873398353604388747e-08
7.869782379978783256e-08
7.866168313404977466e-08
7.862556048357489224e-08
7.858945588938604974e-08
7.855336701851628239e-08
7.851729300181449512e-08
7.848123317546627435e-08
7.844518633546719864e-08
7.840915169460074192e-08
7.837312862963064951e-08
7.833711618424613606e-08
7.830111329596613021e-08
7.826511941704089475e-08
7.822913384897000370e-08
7.819315573049565023e-08
7.815718473665893808e-08
7.812122021909849780e-08
7.808526141794636633e-08
7.804930793698170680e-08
7.801335927414691552e-08
7.797741553972568224e-08
7.794148070237441429e-08
7.790555445770123416e-08
7.786963618213636794e-08
7.783372561175493718e-08
7.779782204316490063e-08
7.776192499176282728e-08
7.772603420529701148e-08
7.769014922362209860e-08
7.765426944073366048e-08
7.761839447808737904e-08
7.758252399037968541e-08
7.754665765398576023e-08
7.751079503844345971e-08
7.747493584025029093e-08
7.743907989942819993e-08
7.740322674971731299e-08
7.736737615153965493e-08
7.733152791801328781e-08
7.729568176742564128e-08
7.725983749243893173e-08
7.722399496520412367e-08
7.718816274060045965e-08
7.715235747168743544e-08
7.711657953022781158e-08
7.708082707630720795e-08
7.704509884766653865e-08
7.700939373579907957e-08
7.697371146610733710e-08
7.693805051507550068e-08
7.690240933117214500e-08
7.686678690650217820e-08
7.683118251010263658e-08
7.679559513897004357e-08
7.676002359065642724e-08
7.672446693519902085e-08
7.668892480127975614e-08
7.665339615154267657e-08
7.661787975596888778e-08
7.658237483056586962e-08
7.654688087583299913e-08
7.651139693512597173e-08
7.647592221778188281e-08
7.644045609500582397e-08
7.640500315591113036e-08
7.636957401552528489e-08
7.633416815000076132e-08
7.629878476022550139e-08
7.626342228922059915e-08
7.622807938078572088e-08
7.619275492018845031e-08
7.615744803260786555e-08
7.612215796951565716e-08
7.608688311690113207e-08
7.605162248276694803e-08
7.601637506499901309e-08
7.598113999767025129e-08
7.594591662397013951e-08
7.591070386518633757e-08
7.587550087329063448e-08
7.584030692065525879e-08
7.580512165463921872e-08
7.576994411359542134e-08
7.573477357823407577e-08
7.569960947668088765e-08
7.566445134345419478e-08
7.562929935720912761e-08
7.559416340045378230e-08
7.555904620837930651e-08
7.552394754185241737e-08
7.548886584322717049e-08
7.545380005124539833e-08
7.541874929742304425e-08
7.538371278353743459e-08
7.534868969635753063e-08
7.531367941676048146e-08
7.527868093418304144e-08
7.524369359448284122e-08
7.520871662200534123e-08
7.517374931146855794e-08
7.513879124575111647e-08
7.510384174225034045e-08
7.506889999829663324e-08
7.503396545535646943e-08
7.499903759369572652e-08
7.496411596317462658e-08
7.492920008819475762e-08
7.489428943090078606e-08
7.485938357305960628e-08
7.482448728966593370e-08
7.478962732217989389e-08
7.475480435020249021e-08
7.472001661886674442e-08
7.468526251316140576e-08
7.465054045709697257e-08
7.461584898185478684e-08
7.458118700338620081e-08
7.454655256226577945e-08
7.451194420957484508e-08
7.447736061946331325e-08
7.444280042616996586e-08
7.440826229117098802e-08
7.437374505604294523e-08
7.433924811189090940e-08
7.430476951830004123e-08
7.427030812696365600e-08
7.423586284927500989e-08
7.420143264376474260e-08
7.416701650387183918e-08
7.413261371453108556e-08
7.409822308341125958e-08
7.406384370189482476e-08
7.402947624168949618e-08
7.399513656252371121e-08
7.396082545628327828e-08
7.392654149784055759e-08
7.389228287351801456e-08
7.385804818153435500e-08
7.382383606424399524e-08
7.378964520813706210e-08
7.375547444634096744e-08
7.372132245055981919e-08
7.368718804580539480e-08
7.365307026420490918e-08
7.361896781292668096e-08
7.358487975266940517e-08
7.355080497603808844e-08
7.351674251015715731e-08
7.348269145496940205e-08
7.344865095855555408e-08
7.341462023103092031e-08
7.338059878178872374e-08
7.334658556680262335e-08
7.331257991892300011e-08
7.327858122669794523e-08
7.324458889134928036e-08
7.321061203073669647e-08
7.317665885588111719e-08
7.314272831530760554e-08
7.310881922279945845e-08
7.307493048685943218e-08
7.304106106268297420e-08
7.300720993592695435e-08
7.297337612193145331e-08
7.293955871107837695e-08
7.290575679019209273e-08
7.287196938906518101e-08
7.283819564755156571e-08
7.280443473641128543e-08
7.277068609044043030e-08
7.273694873954275372e-08
7.270322190217154319e-08
7.266950485881467488e-08
7.263579693765323418e-08
7.260209749888619157e-08
7.256840593406331125e-08
7.253472167686895260e-08
7.250104416565674412e-08
7.246737288936406313e-08
7.243370853948743194e-08
7.240007240033427663e-08
7.236647460655322594e-08
7.233291348576772276e-08
7.229938740406709370e-08
7.226589476556185681e-08
7.223243401305075998e-08
7.219900362902133864e-08
7.216560216155324209e-08
7.213222820086071477e-08
7.209888027178823345e-08
7.206555701524496448e-08
7.203225711182886173e-08
7.199897928182666664e-08
7.196572238404677123e-08
7.193248534477962365e-08
7.189926677313889100e-08
7.186606553160167676e-08
7.183288054290089069e-08
7.179971077179286467e-08
7.176655522516852574e-08
7.173341295116401149e-08
7.170028304071709317e-08
7.166716462612192564e-08
7.163405690015081622e-08
7.160096780589757944e-08
7.156790443598201120e-08
7.153486546800039240e-08
7.150184965114446378e-08
7.146885575228248490e-08
7.143588249892744701e-08
7.140292871987101208e-08
7.136999328225955271e-08
7.133707509281705597e-08
7.130417309595518113e-08
7.127128627532968269e-08
7.123841365350689115e-08
7.120555429296427073e-08
7.117270729975913076e-08
7.113987186588556702e-08
7.110704709773440807e-08
7.107423221776117208e-08
7.104142648955541470e-08
7.100862921606195990e-08
7.097583974124849607e-08
7.094305744999440296e-08
7.091028176697902093e-08
7.087751215723751632e-08
7.084474811837876624e-08
7.081199070954864981e-08
7.077925529920178893e-08
7.074654292247067867e-08
7.071385254566807392e-08
7.068118316000949826e-08
7.064853378139089772e-08
7.061590345105567932e-08
7.058329124193157625e-08
7.055069627830828202e-08
7.051811763100124141e-08
7.048555444319957058e-08
7.045300588499626968e-08
7.042047115160945366e-08
7.038794946493877530e-08
7.035544007323190599e-08
7.032294225019515117e-08
7.029045529743925791e-08
7.025797854236712652e-08
7.022551133917436825e-08
7.019305306962751676e-08
7.016060314217464355e-08
7.012816099427999253e-08
7.009572608586476862e-08
7.006329790586634913e-08
7.003087596434499552e-08
6.999846321050002351e-08
6.996608383047844529e-08
6.993373915613369129e-08
6.990142719268728886e-08
6.986914651901382887e-08
6.983689574700630528e-08
6.980467352124259588e-08
6.977247851887428927e-08
6.974030945040489631e-08
6.970816506035688865e-08
6.967604414294710211e-08
6.964394549583873786e-08
6.961186795605026535e-08
6.957981040273474923e-08
6.954777175028711869e-08
6.951575094645422522e-08
6.948374697455830410e-08
6.945175885227407057e-08
6.941978563307396982e-08
6.938782640489410006e-08
6.935588029202415482e-08
6.932394645388451912e-08
6.929202408580448096e-08
6.926011241768815450e-08
6.922821071701615298e-08
6.919631896066447695e-08
6.916444771263216820e-08
6.913260113979722557e-08
6.910077805560942678e-08
6.906897730475818341e-08
6.903719776339488711e-08
6.900543850255732877e-08
6.897369831379419048e-08
6.894197613162272789e-08
6.891027096004336808e-08
6.887858183618611432e-08
6.884690782886529604e-08
6.881524803913543424e-08
6.878360160240352987e-08
6.875196768520504470e-08
6.872034548853909354e-08
6.868873424597850198e-08
6.865713322511505635e-08
6.862554172689246529e-08
6.859395908605105202e-08
6.856238467668640808e-08
6.853081801519566014e-08
6.849925840163313225e-08
6.846770530992783668e-08
6.843615824702718880e-08
6.840461673799981508e-08
6.837308254282665519e-08
6.834157472113074486e-08
6.831009307335641565e-08
6.827863647231986698e-08
6.824720384886964303e-08
6.821579415786767206e-08
6.818440637918982404e-08
6.815303951594714148e-08
6.812169259637578168e-08
6.809036467339232446e-08
6.805905508963038132e-08
6.802776267332574884e-08
6.799648653064690945e-08
6.796522581645615209e-08
6.793397971085205362e-08
6.790274742005886334e-08
6.787152817487007997e-08
6.784032123342777854e-08
6.780912587888797578e-08
6.777794142142174548e-08
6.774676725936040940e-08
6.771560288753351779e-08
6.768444746402737877e-08
6.765330040751798668e-08
6.762216116314052756e-08
6.759102919804245616e-08
6.755990637848617120e-08
6.752881584147838243e-08
6.749775959658358138e-08
6.746673624024170468e-08
6.743574439868707285e-08
6.740478272772604422e-08
6.737385007327093420e-08
6.734294541853280498e-08
6.731206703187985085e-08
6.728121370630600383e-08
6.725038422513313850e-08
6.721957743216128185e-08
6.718879220198540246e-08
6.715802744110714126e-08
6.712728257943097310e-08
6.709655631667662064e-08
6.706584734689397977e-08
6.703515470988120751e-08
6.700447747834369092e-08
6.697381475789404702e-08
6.694316568682977671e-08
6.691252943724499547e-08
6.688190523726504825e-08
6.685129248788942382e-08
6.682069024603690617e-08
6.679009782343500540e-08
6.675951452302854546e-08
6.672894837751683880e-08
6.669840801682095312e-08
6.666789246895469959e-08
6.663740061162589287e-08
6.660693134955740469e-08
6.657648438413835742e-08
6.654605821253113229e-08
6.651565138870755153e-08
6.648526293523394566e-08
6.645489190202522148e-08
6.642453736845715049e-08
6.639419864659074874e-08
6.636387479501242285e-08
6.633356481305333078e-08
6.630326789626510671e-08
6.627298326954907643e-08
6.624271018760094966e-08
6.621244793602255075e-08
6.618219630380738465e-08
6.615195410384936368e-08
6.612172070379604108e-08
6.609149551320721909e-08
6.606127797177060311e-08
6.603106755008001318e-08
6.600086374718957639e-08
6.597066622379906989e-08
6.594047458724519517e-08
6.591030153149192504e-08
6.588015755550205280e-08
6.585004110229667250e-08
6.581995108515898260e-08
6.578988643849506567e-08
6.575984698364979127e-08
6.572983158443433977e-08
6.569983831877742914e-08
6.566986621780571660e-08
6.563991433643689731e-08
6.560998193147896939e-08
6.558006832032925647e-08
6.555017216579802055e-08
6.552029261674420457e-08
6.549042885271052000e-08
6.546058007547429318e-08
6.543074619198366088e-08
6.540092582580478988e-08
6.537111806042685540e-08
6.534132219479245076e-08
6.531153755174638021e-08
6.528176348515073578e-08
6.525199965770640994e-08
6.522224513000092465e-08
6.519249932804769714e-08
6.516276170598693248e-08
6.513303170750856672e-08
6.510331612751090275e-08
6.507363267075071945e-08
6.504398269087136983e-08
6.501436387903044627e-08
6.498477420487409233e-08
6.495521247962862423e-08
6.492567775231956417e-08
6.489616944673686792e-08
6.486668563569529202e-08
6.483722515854794049e-08
6.480778695837239571e-08
6.477837095656929412e-08
6.474897568798868916e-08
6.471959952461208040e-08
6.469024155192975842e-08
6.466090086732753274e-08
6.463157701510697172e-08
6.460226866285877953e-08
6.457297487850790102e-08
6.454369485994060492e-08
6.451442783339229391e-08
6.448517385233721674e-08
6.445593139025788983e-08
6.442669965871487005e-08
6.439747800100880734e-08
6.436826579212467785e-08
6.433906267975500902e-08
6.430986786656651179e-08
6.428068998626013840e-08
6.425153638437442887e-08
6.422240604189698390e-08
6.419329822152797457e-08
6.416421353149529052e-08
6.413514903393926959e-08
6.410610383258258653e-08
6.407707706327693462e-08
6.404806853658339519e-08
6.401907676578444528e-08
6.399010086049493258e-08
6.396114000281454929e-08
6.393219443954752040e-08
6.390326243428159801e-08
6.387434314287962874e-08
6.384543596467349200e-08
6.381654043818375627e-08
6.378765571182467219e-08
6.375878100416070033e-08
6.372991572530750830e-08
6.370105952896096957e-08
6.367221211350853349e-08
6.364337241413449417e-08
6.361453993222761323e-08
6.358571420386265152e-08
6.355689500558172964e-08
6.352808172715584260e-08
6.349927387886759800e-08
6.347048025950996345e-08
6.344171447522198663e-08
6.341297758748418121e-08
6.338426873715102880e-08
6.335558512910909466e-08
6.332692582105540079e-08
6.329829088669769548e-08
6.326967863942926810e-08
6.324108783222174394e-08
6.321251783327854158e-08
6.318396932486881817e-08
6.315543956935561842e-08
6.312692775539784587e-08
6.309843331679103299e-08
6.306995565975978978e-08
6.304149345322889734e-08
6.301304598135493006e-08
6.298461331640038627e-08
6.295619449860811529e-08
6.292778817389007182e-08
6.289939370266755926e-08
6.287101082157156452e-08
6.284263874471962519e-08
6.281427664198239527e-08
6.278592395527104164e-08
6.275758070782073682e-08
6.272924605627253897e-08
6.270091916138091001e-08
6.267260078334733217e-08
6.264430653943176771e-08
6.261604290835629611e-08
6.258780825176332103e-08
6.255960082823780619e-08
6.253142068147076981e-08
6.250326784937223023e-08
6.247513890347574828e-08
6.244703289225098079e-08
6.241895008673788298e-08
6.239088842612117604e-08
6.236284681178853947e-08
6.233482566152838659e-08
6.230682352286450132e-08
6.227883878412082513e-08
6.225087073445672079e-08
6.222291907036969537e-08
6.219498222187359323e-08
6.216705945989539293e-08
6.213915112562525958e-08
6.211125582517518727e-08
6.208337236888210763e-08
6.205550019198680306e-08
6.202763915229891152e-08
6.199978806382407607e-08
6.197194632978523372e-08
6.194411389693048188e-08
6.191629018493637256e-08
6.188847415255589161e-08
6.186066611318593555e-08
6.183287694088725048e-08
6.180511191104455936e-08
6.177736903688385090e-08
6.174964731384522546e-08
6.172194845710687378e-08
6.169426922130441010e-08
6.166660845312836134e-08
6.163896625630320585e-08
6.161134133577380079e-08
6.158373254367815375e-08
6.155614044399727077e-08
6.152856357580578213e-08
6.150100079746738756e-08
6.147345166028755908e-08
6.144591539594918001e-08
6.141839104313867665e-08
6.139087856728122288e-08
6.136337757237832794e-08
6.133588659705992981e-08
6.130840520930746165e-08
6.128093334341763654e-08
6.125346987298486539e-08
6.122601433430625518e-08
6.119856710436970096e-08
6.117112694937642384e-08
6.114369331868618668e-08
6.111626604153714732e-08
6.108884467835096986e-08
6.106142865013828322e-08
6.103402453289762014e-08
6.100664938068972902e-08
6.097930412314387061e-08
6.095198498004199857e-08
6.092469228112345135e-08
6.089742477724756581e-08
6.087018066096249955e-08
6.084296155583983003e-08
6.081576520073039852e-08
6.078858946800390854e-08
6.076143483047944520e-08
6.073429950916547314e-08
6.070718244524963244e-08
6.068008530777328799e-08
6.065300488338989943e-08
6.062594047348786770e-08
6.059889231775634103e-08
6.057185854581951696e-08
6.054483865684269564e-08
6.051783375066110139e-08
6.049084115278408511e-08
6.046386033869708214e-08
6.043689151051274160e-08
6.040993321697775122e-08
6.038298494747418063e-08
6.035604752790679899e-08
6.032911893648207659e-08
6.030219869993623602e-08
6.027528692310548638e-08
6.024838254762216006e-08
6.022149284175951044e-08
6.019463112649764952e-08
6.016779953480318136e-08
6.014099320418818103e-08
6.011421246906125611e-08
6.008745619390062542e-08
6.006072244985344939e-08
6.003401353197667442e-08
6.000732598712343884e-08
5.998065847043306252e-08
5.995401118379584842e-08
5.992738216589641929e-08
5.990077181851426572e-08
5.987417931952450308e-08
5.984760281011332861e-08
5.982104218889089853e-08
5.979449606263624537e-08
5.976796361633956124e-08
5.974144615016995038e-08
5.971494080242130656e-08
