1.375444392882650515e-11
1.529547616899643780e-11
1.655003466662491442e-11
1.742243349779240571e-11
1.781413922556894700e-11
1.762590986996420187e-11
1.675538764029135249e-11
1.510144061429650126e-11
1.256259297434915890e-11
9.040554381975225946e-12
4.433869771851425694e-12
-1.352917022254830242e-12
-8.413736871996359638e-12
-1.684003185446871153e-11
-2.672110804143269724e-11
-3.814380790932203592e-11
-5.118410120790125533e-11
-6.592468291677784877e-11
-8.243057594366425980e-11
-1.007788247113768580e-10
-1.210293426131320056e-10
-1.432396313275870081e-10
-1.674649498019131043e-10
-1.937537635672862389e-10
-2.221516076326431971e-10
-2.526964542732511525e-10
-2.854213811844914920e-10
-3.203603806455705812e-10
-3.575396924666448859e-10
-3.969740670912161293e-10
-4.386720515052385807e-10
-4.826661393748765730e-10
-5.289345467067926201e-10
-5.775010600919697539e-10
-6.283483543185049384e-10
-6.814820577085742349e-10
-7.368727790659409698e-10
-7.945316727557294015e-10
-8.544074242514452369e-10
-9.165037511806941819e-10
-9.807939038194852652e-10
-1.047223751256774987e-09
-1.115782588266659369e-09
-1.186440749425984963e-09
-1.259146573348265780e-09
-1.333855688636076379e-09
-1.410528296811115304e-09
-1.489129333885739780e-09
-1.569610688600304001e-09
-1.651913385862338911e-09
-1.735996844535099794e-09
-1.821801352819211720e-09
-1.909269028082949358e-09
-1.998354932687361818e-09
-2.088993699829360685e-09
-2.181132427430950067e-09
-2.274719667557946273e-09
-2.369685228495835296e-09
-2.465977312485825815e-09
-2.563543404332221838e-09
-2.662305645825302518e-09
-2.762216238472337411e-09
-2.863225387112182392e-09
-2.965257588921984696e-09
-3.068263803235196725e-09
-3.172191451116893208e-09
-3.276976599155489273e-09
-3.382561357307722125e-09
-3.488889181465680916e-09
-3.595907335569827417e-09
-3.703556067798480769e-09
-3.811795280247192250e-09
-3.920570352843390699e-09
-4.029826352747590838e-09
-4.139501934657377304e-09
-4.249570700155675034e-09
-4.359978244104524473e-09
-4.470678076888855679e-09
-4.581617541011437520e-09
-4.692772495609757602e-09
-4.804090885003491338e-09
-4.915532412658965116e-09
-5.027057776670943635e-09
-5.138647351286037361e-09
-5.250250036912363399e-09
-5.361831752332256852e-09
-5.473368076527055542e-09
-5.584834020754266871e-09
-5.696198967949221977e-09
-5.807427640671973722e-09
-5.918495308101561948e-09
-6.029385495870679861e-09
-6.140090493014890476e-09
-6.250563626112977604e-09
-6.360797191612042551e-09
-6.470774649923241582e-09
-6.580471264296383910e-09
-6.689902730887255214e-09
-6.799024132809212844e-09
-6.907833464499996768e-09
-7.016328130438896708e-09
-7.124480344768869996e-09
-7.232317622084659595e-09
-7.339797516506485755e-09
-7.446934673234007328e-09
-7.553719777445904187e-09
-7.660141293823982494e-09
-7.766220394168517935e-09
-7.871925260745638086e-09
-7.977290106698390206e-09
-8.082279315138376853e-09
-8.186931191860084873e-09
-8.291215122763461545e-09
-8.395159652647071103e-09
-8.498752132979670435e-09
-8.602005785945566179e-09
-8.704927326398449351e-09
-8.807515106012201282e-09
-8.909782551529587030e-09
-9.011726496741449759e-09
-9.113366774924249426e-09
-9.214699551348075576e-09
-9.315749494576969223e-09
-9.416506366311935359e-09
-9.516988898474845931e-09
-9.617197344540310404e-09
-9.717147978764102611e-09
-9.816848094099898414e-09
-9.916310192330482811e-09
-1.001554399294716896e-08
-1.011454414185469397e-08
-1.021333664910552905e-08
-1.031191194047451316e-08
-1.041030421428161699e-08
-1.050849861187487979e-08
-1.060653394896262762e-08
-1.070438269019780783e-08
-1.080207357752590478e-08
-1.089960355739314362e-08
-1.099698819847685313e-08
-1.109423578094760917e-08
-1.119134872689612444e-08
-1.128834979567417683e-08
-1.138521882789761838e-08
-1.148197990810127297e-08
-1.157862821285602247e-08
-1.167517755875154425e-08
-1.177163110162084154e-08
-1.186798905343391105e-08
-1.196426986002724183e-08
-1.206045429438820756e-08
-1.215655640582878789e-08
-1.225257627884051929e-08
-1.234851850709483297e-08
-1.244439059551539984e-08
-1.254018027652404647e-08
-1.263590439654729924e-08
-1.273154706672937699e-08
-1.282710665060262562e-08
-1.292259065753763901e-08
-1.301799153221228590e-08
-1.311332155406320261e-08
-1.320856472750845663e-08
-1.330371483723203593e-08
-1.339878622752514568e-08
-1.349374823981850176e-08
-1.358860636013274532e-08
-1.368335983397327859e-08
-1.377799501818042013e-08
-1.387252949292299187e-08
-1.396693317773169289e-08
-1.406119302088759884e-08
-1.415533081379558550e-08
-1.424930298698667024e-08
-1.434311126142004364e-08
-1.443676499638625804e-08
-1.453022574971851547e-08
-1.462350970969874728e-08
-1.471661721725771472e-08
-1.480948839605989288e-08
-1.490214856095546151e-08
-1.499458743362311886e-08
-1.508675671899707121e-08
-1.517868647827661662e-08
-1.527035272772385359e-08
-1.536171695550352754e-08
-1.545282186097002603e-08
-1.554362585205278180e-08
-1.563407371427385337e-08
-1.572421059131295584e-08
-1.581400443271391452e-08
-1.590340174792259384e-08
-1.599244831801100171e-08
-1.608112062172122912e-08
-1.616935215532020698e-08
-1.625719325797599391e-08
-1.634464453743472958e-08
-1.643159023436219394e-08
-1.651807248187124932e-08
-1.660413128003403863e-08
-1.668964360620881911e-08
-1.677463899982259331e-08
-1.685919046452750272e-08
-1.694315942234524475e-08
-1.702655440692100473e-08
-1.710947861651391141e-08
-1.719180362250619442e-08
-1.727348558564887744e-08
-1.735460424816471714e-08
-1.743514045863876947e-08
-1.751498095097829796e-08
-1.759417988722280712e-08
-1.767281943168576299e-08
-1.775072553773122965e-08
-1.782791571882418277e-08
-1.790452139043232296e-08
-1.798041652675859298e-08
-1.805553440765301232e-08
-1.812994879496808938e-08
-1.820372316408234197e-08
-1.827667316187469023e-08
-1.834883441412737918e-08
-1.842034923052823968e-08
-1.849107590468865756e-08
-1.856095530513270588e-08
-1.863006617352547237e-08
-1.869851144798108522e-08
-1.876607590483918869e-08
-1.883278620340300645e-08
-1.889877919253895837e-08
-1.896398776225014998e-08
-1.902829155508400707e-08
-1.909174704918574931e-08
-1.915451560263776274e-08
-1.921640609039643332e-08
-1.927739028784165087e-08
-1.933755390644910629e-08
-1.939701860291403576e-08
-1.945556261437584832e-08
-1.951320933609630538e-08
-1.957007638548227590e-08
-1.962620020136175516e-08
-1.968139083564340931e-08
-1.973568976477780833e-08
-1.978925046319406081e-08
-1.984202732547361628e-08
-1.989388365616890072e-08
-1.994486679425726367e-08
-1.999514362756981152e-08
-2.004462400882518772e-08
-2.009320818316495235e-08
-2.014094099854844283e-08
-2.018799488886086348e-08
-2.023426401066507044e-08
-2.027965941364314072e-08
-2.032422433745060314e-08
-2.036812658302007790e-08
-2.041127702141556930e-08
-2.045358548163879825e-08
-2.049509150943461058e-08
-2.053594730444752926e-08
-2.057610837002513179e-08
-2.061546524589958948e-08
-2.065405152931511785e-08
-2.069199148360496911e-08
-2.072931423315000166e-08
-2.076587165835752031e-08
-2.080169512189294660e-08
-2.083686955553814345e-08
-2.087149732004841302e-08
-2.090541829210364810e-08
-2.093864831609040179e-08
-2.097123822182056413e-08
-2.100333273366114032e-08
-2.103479935850676263e-08
-2.106561959715786301e-08
-2.109582426530833729e-08
-2.112554401059051938e-08
-2.115474481330251468e-08
-2.118334691788079428e-08
-2.121137584002822722e-08
-2.123889831101210145e-08
-2.126600583664874179e-08
-2.129258048750551735e-08
-2.131863255153872636e-08
-2.134418874363812962e-08
-2.136936891430708241e-08
-2.139411731543688648e-08
-2.141839056803509321e-08
-2.144220904642045762e-08
-2.146562714757824798e-08
-2.148872490871044152e-08
-2.151140997537957938e-08
-2.153368708800555088e-08
-2.155557460200408125e-08
-2.157715751734318571e-08
-2.159843247363140424e-08
-2.161935148634639578e-08
-2.163992850696783456e-08
-2.166018888073320567e-08
-2.168021655072516438e-08
-2.169996034397759792e-08
-2.171940615707429714e-08
-2.173856556757922248e-08
-2.175747362169232482e-08
-2.177618959837914303e-08
-2.179466110102859292e-08
-2.181288844759566706e-08
-2.183088234182396166e-08
-2.184868016973606529e-08
-2.186631495269966840e-08
-2.188374975160794126e-08
-2.190098994575537362e-08
-2.191804273026333594e-08
-2.193494764865321255e-08
-2.195172356847802442e-08
-2.196834097699230685e-08
-2.198480543507323767e-08
-2.200112221899492446e-08
-2.201732460211735949e-08
-2.203342626688137711e-08
-2.204940551082056102e-08
-2.206526680235134533e-08
-2.208101411331709884e-08
-2.209667065591458722e-08
-2.211224916909582071e-08
-2.212773368988963359e-08
-2.214312681974596511e-08
-2.215843194203204396e-08
-2.217366440085558877e-08
-2.218884104783120604e-08
-2.220394779584807088e-08
-2.221898584112846304e-08
-2.223395756796424993e-08
-2.224887103788562792e-08
-2.226374264002721430e-08
-2.227856039141390429e-08
-2.229332221681497710e-08
-2.230803029522268955e-08
-2.232268802779196221e-08
-2.233730906435286098e-08
-2.235188551235826245e-08
-2.236641013962910473e-08
-2.238088485315418945e-08
-2.239531146876039728e-08
-2.240969886547059781e-08
-2.242404871977475190e-08
-2.243834957788159185e-08
-2.245260203790225092e-08
-2.246680783487784575e-08
-2.248097099030905167e-08
-2.249510053441411935e-08
-2.250917833634693370e-08
-2.252319780947341776e-08
-2.253716111944505940e-08
-2.255107009246489292e-08
-2.256493385584232057e-08
-2.257874889576703978e-08
-2.259249077046808283e-08
-2.260616014327812652e-08
-2.261975923914096506e-08
-2.263329169415728278e-08
-2.264676763989992003e-08
-2.266016698591203822e-08
-2.267347467861821964e-08
-2.268669363371762698e-08
-2.269982666611250220e-08
-2.271288223014457096e-08
-2.272586969992746053e-08
-2.273874908650633544e-08
-2.275151192590447024e-08
-2.276416183939947269e-08
-2.277670246828010393e-08
-2.278914849776832872e-08
-2.280150284208100210e-08
-2.281371654726657486e-08
-2.282578708599049064e-08
-2.283771889109379976e-08
-2.284951665259793119e-08
-2.286119969090089530e-08
-2.287276258149781878e-08
-2.288415251199031942e-08
-2.289537056520414119e-08
-2.290642203445992970e-08
-2.291731264961793577e-08
-2.292806964808136956e-08
-2.293868632389038765e-08
-2.294909964561761570e-08
-2.295931136312724363e-08
-2.296932754646912969e-08
-2.297915409152198236e-08
-2.298882192515277180e-08
-2.299833232511069894e-08
-2.300761452380472393e-08
-2.301666590792644625e-08
-2.302549442338606499e-08
-2.303410679911919223e-08
-2.304253175483669584e-08
-2.305078795056852469e-08
-2.305879700262689371e-08
-2.306654766029668099e-08
-2.307404841275384215e-08
-2.308130575695284087e-08
-2.308834322526889688e-08
-2.309520454281329688e-08
-2.310181673483889870e-08
-2.310814972161755858e-08
-2.311421015129912127e-08
-2.312000616175262751e-08
-2.312555030145355354e-08
-2.313089609875488020e-08
-2.313601748505298543e-08
-2.314084294345030843e-08
-2.314537731442250539e-08
-2.314962928132783510e-08
-2.315360734668302210e-08
-2.315735148239636378e-08
-2.316089493885208374e-08
-2.316414989228607886e-08
-2.316710004324334512e-08
-2.316975486070519989e-08
-2.317212254109183638e-08
-2.317421648149986484e-08
-2.317609924939436275e-08
-2.317774756439241219e-08
-2.317908956347761426e-08
-2.318013058518099816e-08
-2.318087966639119903e-08
-2.318134668001837094e-08
-2.318155972468647316e-08
-2.318157540898379923e-08
-2.318132552378232649e-08
-2.318077403418289637e-08
-2.317992835839418180e-08
-2.317879997021860719e-08
-2.317739360414683119e-08
-2.317576144556109681e-08
-2.317393312579148134e-08
-2.317182956001867764e-08
-2.316943857849681601e-08
-2.316676939450914287e-08
-2.316382785057129101e-08
-2.316062505880261635e-08
-2.315721516790185449e-08
-2.315361195740099136e-08
-2.314974965360348589e-08
-2.314562304175099830e-08
-2.314124102606562837e-08
-2.313660927044493616e-08
-2.313173836227136674e-08
-2.312668451065129993e-08
-2.312145464389072777e-08
-2.311598782358068860e-08
-2.311028054258126432e-08
-2.310434087798688170e-08
-2.309817365767358186e-08
-2.309178763392692966e-08
-2.308523327265228515e-08
-2.307852539914968677e-08
-2.307161191993996631e-08
-2.306448761804132253e-08
-2.305715902450129521e-08
-2.304962990956941171e-08
-2.304190777075780466e-08
-2.303402969169830042e-08
-2.302602009044494423e-08
-2.301784335307395229e-08
-2.300949039452169059e-08
-2.300096485533576643e-08
-2.299227233641566442e-08
-2.298341702602167136e-08
-2.297442042873213127e-08
-2.296532165152882330e-08
-2.295609749629690450e-08
-2.294672977141564582e-08
-2.293722062697230475e-08
-2.292757501683907331e-08
-2.291779527046243555e-08
-2.290789016088026355e-08
-2.289789621141208909e-08
-2.288781452267134800e-08
-2.287762571496772358e-08
-2.286732902491277212e-08
-2.285692760982180450e-08
-2.284642404594552980e-08
-2.283582052709928141e-08
-2.282513548726109043e-08
-2.281438795777897400e-08
-2.280356989935735060e-08
-2.279267598828826764e-08
-2.278170788920322470e-08
-2.277066793747793648e-08
-2.275955772140505820e-08
-2.274838074367758500e-08
-2.273715953018383703e-08
-2.272590017320828742e-08
-2.271459534792764568e-08
-2.270324555832651542e-08
-2.269185138621065228e-08
-2.268041411970541080e-08
-2.266893509140537525e-08
-2.265741894019236038e-08
-2.264588003481564607e-08
-2.263432075437902292e-08
-2.262274183855401210e-08
-2.261114351487483908e-08
-2.259952652153071740e-08
-2.258789139437586530e-08
-2.257623858551411839e-08
-2.256457145311347517e-08
-2.255289726789299664e-08
-2.254121874914608083e-08
-2.252954030673800940e-08
-2.251786224380069834e-08
-2.250618454402876341e-08
-2.249450714664759066e-08
-2.248283033551909652e-08
-2.247115594944593037e-08
-2.245948777275954230e-08
-2.244782969725868760e-08
-2.243618852525320742e-08
-2.242456424192002188e-08
-2.241295635809761056e-08
-2.240136450246790190e-08
-2.238978830297167381e-08
-2.237822759951969926e-08
-2.236668166207545685e-08
-2.235515320177965248e-08
-2.234365089606131432e-08
-2.233217437212006645e-08
-2.232072312226553610e-08
-2.230929664621888882e-08
-2.229789425915398673e-08
-2.228651496125431473e-08
-2.227515505416226687e-08
-2.226381500184014000e-08
-2.225250303554235731e-08
-2.224121974152159742e-08
-2.222996453723095085e-08
-2.221873672672697230e-08
-2.220753587569351809e-08
-2.219636100210176498e-08
-2.218520745447028314e-08
-2.217407267655951685e-08
-2.216296191425626671e-08
-2.215187855908045352e-08
-2.214082199068632254e-08
-2.212979162282119515e-08
-2.211878699745200512e-08
-2.210780732080300175e-08
-2.209685023081693251e-08
-2.208591016587546573e-08
-2.207498714154283181e-08
-2.206408355471051325e-08
-2.205319932681620418e-08
-2.204233395609876248e-08
-2.203148704529973588e-08
-2.202065825867643992e-08
-2.200984696995388922e-08
-2.199904868329295800e-08
-2.198826071497563199e-08
-2.197748142112271881e-08
-2.196670899035426075e-08
-2.195594323071141616e-08
-2.194518395690572781e-08
-2.193443104812912160e-08
-2.192368428351775654e-08
-2.191294299455087900e-08
-2.190220279359782221e-08
-2.189146248073053727e-08
-2.188071518397072309e-08
-2.186995831002113255e-08
-2.185919202267676181e-08
-2.184841648350914557e-08
-2.183763184890174172e-08
-2.182683831303685341e-08
-2.181603566320333175e-08
-2.180522239337659655e-08
-2.179439754079782411e-08
-2.178354975395497182e-08
-2.177267603265734049e-08
-2.176177669115415356e-08
-2.175085240389539529e-08
-2.173990366893643865e-08
-2.172893096876842622e-08
-2.171793508827326276e-08
-2.170691782697244471e-08
-2.169587866087021507e-08
-2.168480150989310316e-08
-2.167368135272391855e-08
-2.166251945080647793e-08
-2.165131663719768493e-08
-2.164007372271982831e-08
-2.162879149299596664e-08
-2.161747113906030288e-08
-2.160611789049425339e-08
-2.159473290053317584e-08
-2.158329890177516575e-08
-2.157180687882504902e-08
-2.156025761211780742e-08
-2.154865238384956486e-08
-2.153699235837298646e-08
-2.152527870300535265e-08
-2.151351210109049364e-08
-2.150170013907900150e-08
-2.148984699114924030e-08
-2.147794359002526792e-08
-2.146597270313940984e-08
-2.145393558378279063e-08
-2.144183388769306393e-08
-2.142966862506289847e-08
-2.141744111885187874e-08
-2.140515282172150927e-08
-2.139280816280707127e-08
-2.138041766204601139e-08
-2.136798052862719426e-08
-2.135547520164458486e-08
-2.134289603572946888e-08
-2.133024539145679118e-08
-2.131752474075805586e-08
-2.130473509604939313e-08
-2.129187801745961270e-08
-2.127895480793714570e-08
-2.126597775877708973e-08
-2.125295385535428168e-08
-2.123987410821393145e-08
-2.122671876264188495e-08
-2.121348984569386407e-08
-2.120018794584600892e-08
-2.118681476775212584e-08
-2.117337132160488357e-08
-2.115985945658308506e-08
-2.114628213878435006e-08
-2.113265330486528284e-08
-2.111897618403311237e-08
-2.110523856281389308e-08
-2.109143182307090313e-08
-2.107755760201295045e-08
-2.106361684461116680e-08
-2.104961147341858423e-08
-2.103554238300787415e-08
-2.102141044794055461e-08
-2.100722079107189059e-08
-2.099298838889730162e-08
-2.097871431386637805e-08
-2.096438573808865017e-08
-2.094999512328852478e-08
-2.093554407776981047e-08
-2.092103319593787800e-08
-2.090646459452806254e-08
-2.089183908288034519e-08
-2.087715723168317417e-08
-2.086242386214220613e-08
-2.084765348975517905e-08
-2.083284757904205873e-08
-2.081799717093536206e-08
-2.080309613609292448e-08
-2.078814592495278904e-08
-2.077314756253070103e-08
-2.075810190263587129e-08
-2.074300952707405546e-08
-2.072787156091676574e-08
-2.071269016388625938e-08
-2.069747664154304162e-08
-2.068223259477938278e-08
-2.066695617738109519e-08
-2.065164427057286707e-08
-2.063629778523275407e-08
-2.062091695260075079e-08
-2.060550244045645702e-08
-2.059005505221062324e-08
-2.057457579435014901e-08
-2.055906465575772690e-08
-2.054353122474044072e-08
-2.052798028841087099e-08
-2.051241179118248054e-08
-2.049682219552804430e-08
-2.048121205879524154e-08
-2.046558170042137251e-08
-2.044993146059604465e-08
-2.043426152016079219e-08
-2.041857243275752528e-08
-2.040286480168546061e-08
-2.038714069031685768e-08
-2.037140768065538561e-08
-2.035566637451795343e-08
-2.033991800444337849e-08
-2.032416396083624373e-08
-2.030840437413962302e-08
-2.029263927548197717e-08
-2.027686879456522623e-08
-2.026109306553821322e-08
-2.024531215139901359e-08
-2.022952630784569830e-08
-2.021373759380360388e-08
-2.019794787475691754e-08
-2.018215776956908638e-08
-2.016637405016264456e-08
-2.015059810397755970e-08
-2.013482975758383584e-08
-2.011906921702223740e-08
-2.010331607169354320e-08
-2.008757048465159559e-08
-2.007183206679063442e-08
-2.005610082033412118e-08
-2.004037877900816223e-08
-2.002466605250352423e-08
-2.000896425134747727e-08
-1.999328081227754001e-08
-1.997761678550868793e-08
-1.996197160109362663e-08
-1.994634521752774171e-08
-1.993073686697566648e-08
-1.991514674880778089e-08
-1.989957433161678967e-08
-1.988401898245732299e-08
-1.986848020623862316e-08
-1.985295660810918099e-08
-1.983745009728126620e-08
-1.982196967432697302e-08
-1.980651626420627985e-08
-1.979108931994766099e-08
-1.977568890232573042e-08
-1.976031376694320949e-08
-1.974496410650009371e-08
-1.972963917317216976e-08
-1.971433860601752301e-08
-1.969905867999700966e-08
-1.968379681293069001e-08
-1.966855445377429945e-08
-1.965334039112994047e-08
-1.963815661425448968e-08
-1.962300300604564212e-08
-1.960787859114495905e-08
-1.959278341846859315e-08
-1.957771652377541310e-08
-1.956267786778426597e-08
-1.954766679605632088e-08
-1.953268027060203340e-08
-1.951771471905994847e-08
-1.950276898152432395e-08
-1.948784971726231203e-08
-1.947296133762150202e-08
-1.945810326450190742e-08
-1.944327544972852934e-08
-1.942847680899331618e-08
-1.941370758539472382e-08
-1.939896643077393756e-08
-1.938425360008787455e-08
-1.936956770960233631e-08
-1.935490326514398960e-08
-1.934025797951211860e-08
-1.932563304374092627e-08
-1.931103440336642762e-08
-1.929646246750553617e-08
-1.928191743923440103e-08
-1.926739812455420393e-08
-1.925290473543493991e-08
-1.923843624834317134e-08
-1.922399274110005025e-08
-1.920957351627982369e-08
-1.919517647048792539e-08
-1.918079531503411758e-08
-1.916642999359070927e-08
-1.915208181207074688e-08
-1.913775419831068885e-08
-1.912344704854899912e-08
-1.910915971353492363e-08
-1.909489243488461058e-08
-1.908064424316885185e-08
-1.906641546004840914e-08
-1.905220515166945812e-08
-1.903801348923853324e-08
-1.902383694931033216e-08
-1.900967181129263408e-08
-1.899551741333506982e-08
-1.898137484196915249e-08
-1.896724457079217871e-08
-1.895312685327875795e-08
-1.893902104017813613e-08
-1.892492734049569300e-08
-1.891084516797874994e-08
-1.889677465677614996e-08
-1.888271535848982661e-08
-1.886866728942516414e-08
-1.885462804083221878e-08
-1.884059468441221275e-08
-1.882656693926784494e-08
-1.881254454303065991e-08
-1.879852691167144054e-08
-1.878451403184941792e-08
-1.877050576200421073e-08
-1.875650205173735860e-08
-1.874250278691117191e-08
-1.872850795270257406e-08
-1.871451737197579997e-08
-1.870053107660046428e-08
-1.868654818015658768e-08
-1.867256620126115120e-08
-1.865858503763492645e-08
-1.864460398888754517e-08
-1.863062095458905640e-08
-1.861663567237100474e-08
-1.860264821412531159e-08
-1.858865862209774518e-08
-1.857466679845599681e-08
-1.856067288401930056e-08
-1.854667692251572904e-08
-1.853267881240720769e-08
-1.851867873082950160e-08
-1.850467559495686684e-08
-1.849066943591776420e-08
-1.847666004915373694e-08
-1.846264431514831942e-08
-1.844862074344116184e-08
-1.843458943779380024e-08
-1.842055044045200286e-08
-1.840650391446961204e-08
-1.839245012888546767e-08
-1.837838882503688346e-08
-1.836432041648769592e-08
-1.835024492176675078e-08
-1.833616247131712189e-08
-1.832207367362610276e-08
-1.830797819369216274e-08
-1.829387605967914732e-08
-1.827976510445326097e-08
-1.826564527761604330e-08
-1.825151657990864816e-08
-1.823737910471645798e-08
-1.822323326041523246e-08
-1.820907885208151460e-08
-1.819491622435183482e-08
-1.818074547357619088e-08
-1.816656649895766204e-08
-1.815238057379852627e-08
-1.813818850225068786e-08
-1.812399050888375697e-08
-1.810978599781005519e-08
-1.809557304425308901e-08
-1.808135201582515753e-08
-1.806712281839972450e-08
-1.805288572546255276e-08
-1.803864077629479523e-08
-1.802438806205837286e-08
-1.801012783845135662e-08
-1.799586006100451676e-08
-1.798158491352400284e-08
-1.796730401394862323e-08
-1.795301871710757707e-08
-1.793872923719432090e-08
-1.792443543783655020e-08
-1.791013654749312915e-08
-1.789583289301289627e-08
-1.788152443956162160e-08
-1.786721120196238172e-08
-1.785289339218517168e-08
-1.783857094130268539e-08
-1.782424400643953458e-08
-1.780991261057148794e-08
-1.779557679668546753e-08
-1.778123732668760942e-08
-1.776689531453211836e-08
-1.775255061569399774e-08
-1.773820409880553494e-08
-1.772385864028473975e-08
-1.770951459588544999e-08
-1.769517197153689631e-08
-1.768083087248292239e-08
-1.766649112307007080e-08
-1.765215271959257241e-08
-1.763781589477272945e-08
-1.762348036104285635e-08
-1.760914617102487495e-08
-1.759481361006300936e-08
-1.758048365203339068e-08
-1.756615653188178266e-08
-1.755183225183164678e-08
-1.753751354007022703e-08
-1.752320233323247819e-08
-1.750889819329648741e-08
-1.749460136261955673e-08
-1.748031142541438816e-08
-1.746602857289866954e-08
-1.745175265165355830e-08
-1.743748340672213732e-08
-1.742322085440979083e-08
-1.740896508291382447e-08
-1.739471596475577968e-08
-1.738047357108642402e-08
-1.736623838884382304e-08
-1.735201061591604905e-08
-1.733779528251413844e-08
-1.732359323874153290e-08
-1.730940387240516979e-08
-1.729522740659234829e-08
-1.728106357597000429e-08
-1.726691217449737007e-08
-1.725277280121022421e-08
-1.723864571921817596e-08
-1.722453062168354017e-08
-1.721042719435709342e-08
-1.719633364142310840e-08
-1.718224977833428173e-08
-1.716817466827217376e-08
-1.715411086895864782e-08
-1.714006522717277482e-08
-1.712603815499608360e-08
-1.711202907506974147e-08
-1.709803837353489328e-08
-1.708406534036617099e-08
-1.707010982214473202e-08
-1.705617137862520203e-08
-1.704225048785180065e-08
-1.702834627970993279e-08
-1.701445871936536850e-08
-1.700058538028047215e-08
-1.698672631655947322e-08
-1.697288011926894308e-08
-1.695904900371767617e-08
-1.694523835883516202e-08
-1.693144958762559865e-08
-1.691768114107748376e-08
-1.690393356097426625e-08
-1.689020637223634182e-08
-1.687649943182102150e-08
-1.686281197411640010e-08
-1.684914413994170509e-08
-1.683549591595616756e-08
-1.682186659584018862e-08
-1.680825433263842677e-08
-1.679465635369440830e-08
-1.678107350540580575e-08
-1.676750509924071212e-08
-1.675395783300627871e-08
-1.674043220031095553e-08
-1.672692863695319395e-08
-1.671344646107147141e-08
-1.669998505602580233e-08
-1.668654500806886532e-08
-1.667312549600221801e-08
-1.665972637307740230e-08
-1.664634712271019948e-08
-1.663298753144830684e-08
-1.661964712940019689e-08
-1.660632075739406702e-08
-1.659300753864493771e-08
-1.657970724191281436e-08
-1.656642359742491755e-08
-1.655316150198459448e-08
-1.653992002618494378e-08
-1.652669957617826365e-08
-1.651349977027033225e-08
-1.650032020897923581e-08
-1.648716076630882344e-08
-1.647402070258757395e-08
-1.646090034244086436e-08
-1.644779941979447013e-08
-1.643471751737878562e-08
-1.642165219235079093e-08
-1.640860046897786326e-08
-1.639556178250078502e-08
-1.638253723946222267e-08
-1.636952904775943235e-08
-1.635653941825428552e-08
-1.634356788550217766e-08
-1.633061440725734053e-08
-1.631767886641746916e-08
-1.630476073157526828e-08
-1.629185958842574756e-08
-1.627897580161659078e-08
-1.626610878934204232e-08
-1.625325861830594675e-08
-1.624042456514216713e-08
-1.622760435895537187e-08
-1.621479506477639873e-08
-1.620199714137946777e-08
-1.618921038642958372e-08
-1.617643726945130428e-08
-1.616367924162382636e-08
-1.615093566333139564e-08
-1.613820674283823804e-08
-1.612549214662513058e-08
-1.611279164122861716e-08
-1.610010480122640004e-08
-1.608743187490501187e-08
-1.607477254875638305e-08
-1.606212674199474624e-08
-1.604949400325741967e-08
-1.603687210760060914e-08
-1.602425808744438394e-08
-1.601165161445759459e-08
-1.599905317187254411e-08
-1.598646485863687249e-08
-1.597388804884977841e-08
-1.596132280773279881e-08
-1.594876899001978324e-08
-1.593622652530111795e-08
-1.592369512897373268e-08
-1.591117473211032132e-08
-1.589866508420088975e-08
-1.588616609037774786e-08
-1.587367770765397357e-08
-1.586119965809688108e-08
-1.584873163857455439e-08
-1.583627062369706413e-08
-1.582381629699172539e-08
-1.581136876740815101e-08
-1.579892845221594663e-08
-1.578649699900007378e-08
-1.577407464344745004e-08
-1.576166102758077606e-08
-1.574925602910967010e-08
-1.573685951759105827e-08
-1.572447143817955723e-08
-1.571209190130708750e-08
-1.569972048970404341e-08
-1.568735736494195968e-08
-1.567500216682007546e-08
-1.566265489385608312e-08
-1.565031420085578328e-08
-1.563797868110920879e-08
-1.562564826791251507e-08
-1.561332328218531000e-08
-1.560100500019448685e-08
-1.558869433281810128e-08
-1.557639130747884496e-08
-1.556409580040402847e-08
-1.555180777601826802e-08
-1.553952722765117915e-08
-1.552725386254699948e-08
-1.551498770664611301e-08
-1.550272862950544586e-08
-1.549047651105807775e-08
-1.547823132758708618e-08
-1.546599294494362811e-08
-1.545375946947967084e-08
-1.544153017857023124e-08
-1.542930519005876810e-08
-1.541708439573682241e-08
-1.540487037333741090e-08
-1.539266416418166310e-08
-1.538046573714111820e-08
-1.536827504700539264e-08
-1.535609192256795195e-08
-1.534391627563149051e-08
-1.533174802022216416e-08
-1.531958710075343574e-08
-1.530743338307646224e-08
-1.529528681679278329e-08
-1.528314729072932455e-08
-1.527101477153416375e-08
-1.525888810597194318e-08
-1.524676677449382882e-08
-1.523465083490981933e-08
-1.522254038505222012e-08
-1.521043759427828822e-08
-1.519834378628876194e-08
-1.518625890327364265e-08
-1.517418283924793282e-08
-1.516211553195471082e-08
-1.515005690431397845e-08
-1.513800693186765936e-08
-1.512596534854152900e-08
-1.511393209059635808e-08
-1.510190718767829976e-08
-1.508989040335928264e-08
-1.507788164795969342e-08
-1.506588017513762646e-08
-1.505388507179156461e-08
-1.504189616078574278e-08
-1.502991334058208642e-08
-1.501793832843401698e-08
-1.500597430907953699e-08
-1.499402141073825887e-08
-1.498207949703787809e-08
-1.497014839973647551e-08
-1.495822796541520857e-08
-1.494631811477061756e-08
-1.493441864843232254e-08
-1.492252945152148003e-08
-1.491065047363962967e-08
-1.489878168958753962e-08
-1.488692279623329720e-08
-1.487507357938344421e-08
-1.486323228324456011e-08
-1.485139853501626900e-08
-1.483957215682165194e-08
-1.482775316867186233e-08
-1.481594534526335047e-08
-1.480415050909338151e-08
-1.479236854454195814e-08
-1.478059933747139073e-08
-1.476884270036976057e-08
-1.475709856727437690e-08
-1.474536673585024443e-08
-1.473364714087582624e-08
-1.472193962967343358e-08
-1.471024410292845339e-08
-1.469856034644742912e-08
-1.468688816382459613e-08
-1.467522737273611253e-08
-1.466357586015241227e-08
-1.465193330885965661e-08
-1.464029961806092482e-08
-1.462867505086582614e-08
-1.461706406012656429e-08
-1.460546782205426565e-08
-1.459388616396008810e-08
-1.458231890574365123e-08
-1.457076593845534219e-08
-1.455922705160747360e-08
-1.454770208733427991e-08
-1.453619102933037689e-08
-1.452469360855692466e-08
-1.451320970124123381e-08
-1.450173912283600095e-08
-1.449028164951276977e-08
-1.447883692477654860e-08
-1.446740253691277837e-08
-1.445597787669301176e-08
-1.444456283664994358e-08
-1.443315756204972431e-08
-1.442176604474687610e-08
-1.441039001607674149e-08
-1.439902930927971231e-08
-1.438768379094809769e-08
-1.437635332322728548e-08
-1.436503768821805000e-08
-1.435373672879577952e-08
-1.434245028042432405e-08
-1.433117818672022570e-08
-1.431992034392194843e-08
-1.430867662529218751e-08
-1.429744683516633211e-08
-1.428623071265823450e-08
-1.427502576230295293e-08
-1.426383074637359323e-08
-1.425264555369708108e-08
-1.424147007828841895e-08
-1.423030643317717288e-08
-1.421915790834518914e-08
-1.420802449563977559e-08
-1.419690614466247188e-08
-1.418580257896289985e-08
-1.417471364141644778e-08
-1.416363917563965779e-08
-1.415257902450791816e-08
-1.414153303312007866e-08
-1.413050104435152758e-08
-1.411948295518188271e-08
-1.410847861293345529e-08
-1.409748782712971133e-08
-1.408650977731336229e-08
-1.407554163894716642e-08
-1.406458302811344038e-08
-1.405363384401526346e-08
-1.404269417262647980e-08
-1.403176718460316920e-08
-1.402085438374645040e-08
-1.400995562404901912e-08
-1.399907076098587873e-08
-1.398819965003203261e-08
-1.397734214518017646e-08
-1.396649812858685152e-08
-1.395566748018513749e-08
-1.394485002432157695e-08
-1.393404560090694287e-08
-1.392325406393393096e-08
-1.391247527258331374e-08
-1.390170912012893985e-08
-1.389095428657584013e-08
-1.388020832537522554e-08
-1.386947096897056386e-08
-1.385874212545878033e-08
-1.384802196011717878e-08
-1.383731378293875883e-08
-1.382661866859657233e-08
-1.381593649331792984e-08
-1.380526711924821920e-08
-1.379461041965013569e-08
-1.378396626408060542e-08
-1.377333458880039746e-08
-1.376271519814490430e-08
-1.375210796167105042e-08
-1.374151277339383827e-08
-1.373092947989442531e-08
-1.372035794998858380e-08
-1.370979804137477863e-08
-1.369924894248956720e-08
-1.368870810524608593e-08
-1.367817519390165036e-08
-1.366765013137626228e-08
-1.365713291099953724e-08
-1.364662576364450007e-08
-1.363613038507111116e-08
-1.362564667448244980e-08
-1.361517441249698265e-08
-1.360471348497702007e-08
-1.359426377926718006e-08
-1.358382517826515767e-08
-1.357339756931557093e-08
-1.356298084198649932e-08
-1.355257487991679172e-08
-1.354217970904683215e-08
-1.353179508627816473e-08
-1.352142085967425455e-08
-1.351105688915702797e-08
-1.350070099499307433e-08
-1.349035223072895422e-08
-1.348001052150813090e-08
-1.346967579914445212e-08
-1.345934867657213435e-08
-1.344903189457803666e-08
-1.343872584375022685e-08
-1.342843020094563555e-08
-1.341814483423888121e-08
-1.340786963986842782e-08
-1.339760452148427760e-08
-1.338734937236027921e-08
-1.337710410874604999e-08
-1.336686870173659061e-08
-1.335664296085536706e-08
-1.334642679197584307e-08
-1.333622009281879027e-08
-1.332602272256498118e-08
-1.331583425134519505e-08
-1.330565242679294604e-08
-1.329547697394016362e-08
-1.328530776530838924e-08
-1.327514468601877943e-08
-1.326498946370090924e-08
-1.325484451451626070e-08
-1.324470984142944913e-08
-1.323458535105509210e-08
-1.322447114789587947e-08
-1.321436704518104637e-08
-1.320427287096290452e-08
-1.319418848590453408e-08
-1.318411379587939880e-08
-1.317404870824327007e-08
-1.316399324078383977e-08
-1.315394720080111242e-08
-1.314391047712201368e-08
-1.313388294967962163e-08
-1.312386416637010397e-08
-1.311385226689734865e-08
-1.310384712378289710e-08
-1.309384854877367680e-08
-1.308385639882699878e-08
-1.307387207694706105e-08
-1.306389787700496388e-08
-1.305393383605839873e-08
-1.304398005861005546e-08
-1.303403646980339736e-08
-1.302410275168343185e-08
-1.301417880938246883e-08
-1.300426455099743354e-08
-1.299435998690447958e-08
-1.298446500000130198e-08
-1.297457941982252011e-08
-1.296470325600313375e-08
-1.295483637513545371e-08
-1.294497872089178899e-08
-1.293513016060560423e-08
-1.292528883991001965e-08
-1.291545418441081789e-08
-1.290562613036876968e-08
-1.289580462293849169e-08
-1.288599013127035756e-08
-1.287618598092159734e-08
-1.286639220376182567e-08
-1.285660870937027543e-08
-1.284683545031310158e-08
-1.283707250959953294e-08
-1.282731971676418888e-08
-1.281757682500284439e-08
-1.280784375056511682e-08
-1.279812070393869356e-08
-1.278840742720204216e-08
-1.277870370393824461e-08
-1.276900948967807117e-08
-1.275932467473075518e-08
-1.274964926206091194e-08
-1.273998214290241351e-08
-1.273032165484722178e-08
-1.272066760223072593e-08
-1.271102021406945908e-08
-1.270137931026304081e-08
-1.269174663548758424e-08
-1.268212490088379528e-08
-1.267251416352051877e-08
-1.266291494072312723e-08
-1.265332652394856029e-08
-1.264374881610566636e-08
-1.263418176679598510e-08
-1.262462542790028450e-08
-1.261507963488241458e-08
-1.260554422839430213e-08
-1.259601911653287237e-08
-1.258650450608004355e-08
-1.257699989898044268e-08
-1.256750528930483914e-08
-1.255802073708669306e-08
-1.254854498607026454e-08
-1.253907658581751053e-08
-1.252961541774381842e-08
-1.252016142255688189e-08
-1.251071504346669060e-08
-1.250127779390936306e-08
-1.249185163053100576e-08
-1.248243651330931526e-08
-1.247303295512273946e-08
-1.246364038009475336e-08
-1.245425861553651482e-08
-1.244488763995456282e-08
-1.243552742666735951e-08
-1.242617800606221188e-08
-1.241683895419912983e-08
-1.240751057124541404e-08
-1.239819249996491900e-08
-1.238888470255879945e-08
-1.237958701078513623e-08
-1.237029944613739039e-08
-1.236102090355520310e-08
-1.235174981031014957e-08
-1.234248633242068744e-08
-1.233323038835989554e-08
-1.232398154677624549e-08
-1.231474068000779384e-08
-1.230551091201792919e-08
-1.229629254445625986e-08
-1.228708500292856851e-08
-1.227788821628408757e-08
-1.226870248839588686e-08
-1.225952739902974542e-08
-1.225036281626028173e-08
-1.224120923666056111e-08
-1.223206597911021485e-08
-1.222293291316616907e-08
-1.221381006180419247e-08
-1.220469723084198189e-08
-1.219559449661838169e-08
-1.218650183171070022e-08
-1.217741910419355594e-08
-1.216834381489623797e-08
-1.215927515003184223e-08
-1.215021337196882415e-08
-1.214115808789565444e-08
-1.213210937563348511e-08
-1.212307010567109530e-08
-1.211404235546266726e-08
-1.210502533271475797e-08
-1.209601913451851899e-08
-1.208702413070971093e-08
-1.207803958161681259e-08
-1.206906556580212983e-08
-1.206010213662873832e-08
-1.205114912881933425e-08
-1.204220638895507502e-08
-1.203327420312133859e-08
-1.202435210661467425e-08
-1.201543994898085476e-08
-1.200653773392564926e-08
-1.199764507901368207e-08
-1.198876217027456422e-08
-1.197988709849603260e-08
-1.197101890240157120e-08
-1.196215752640464286e-08
-1.195330335812870006e-08
-1.194445612186451846e-08
-1.193561818633973508e-08
-1.192679098198123958e-08
-1.191797425605557633e-08
-1.190916741193391309e-08
-1.190037112628969563e-08
-1.189158469947370949e-08
-1.188280809442826323e-08
-1.187404140750335462e-08
-1.186528459497090774e-08
-1.185653739372131170e-08
-1.184780005278225630e-08
-1.183907219861221016e-08
-1.183035367705117685e-08
-1.182164434209185212e-08
-1.181294417149962108e-08
-1.180425349434678375e-08
-1.179556984629685921e-08
-1.178689256624063213e-08
-1.177822199510886378e-08
-1.176955776380694738e-08
-1.176089981823065345e-08
-1.175225064643338541e-08
-1.174361138089819375e-08
-1.173498144797201493e-08
-1.172636164365406114e-08
-1.171775119047396593e-08
-1.170915002988057680e-08
-1.170055844573581021e-08
-1.169197590885583237e-08
-1.168340311888985769e-08
-1.167483938878828685e-08
-1.166628448879343290e-08
-1.165773852563144719e-08
-1.164920151116079099e-08
-1.164067346613377150e-08
-1.163215410372385696e-08
-1.162364343282489331e-08
-1.161514005710306701e-08
-1.160664228302187914e-08
-1.159815014245094434e-08
-1.158966420830217230e-08
-1.158118365196558239e-08
-1.157270902337731560e-08
-1.156424408166959184e-08
-1.155578800638512259e-08
-1.154734134968351033e-08
-1.153890396333398930e-08
-1.153047559682656534e-08
-1.152205658071584612e-08
-1.151364617533031045e-08
-1.150524467713148987e-08
-1.149685206684938483e-08
-1.148846809249169352e-08
-1.148009310388302316e-08
-1.147172653774646382e-08
-1.146336840742278442e-08
-1.145501848018968271e-08
-1.144667721704484023e-08
-1.143834432226787926e-08
-1.143001791110461305e-08
-1.142169764484774181e-08
-1.141338307065227613e-08
-1.140507439604128807e-08
-1.139677204050784476e-08
-1.138847605445040657e-08
-1.138018919866698596e-08
-1.137191138347796962e-08
-1.136364218346105981e-08
-1.135538221155047298e-08
-1.134713085036506970e-08
-1.133888859721906912e-08
-1.133065465388979759e-08
-1.132242923308840397e-08
-1.131421242745911687e-08
-1.130600395165771219e-08
-1.129780414809725886e-08
-1.128961245201853929e-08
-1.128142886119809200e-08
-1.127325331337899536e-08
-1.126508617172662551e-08
-1.125692692188022522e-08
-1.124877427645559380e-08
-1.124062739943121230e-08
-1.123248593653555052e-08
-1.122435086609166256e-08
-1.121622122015264793e-08
-1.120809746045734036e-08
-1.119998278656682228e-08
-1.119187644917457108e-08
-1.118377946884940908e-08
-1.117569095991251080e-08
-1.116761148489963235e-08
-1.115954034564386694e-08
-1.115147764294213531e-08
-1.114342348574405029e-08
-1.113537782809807449e-08
-1.112734068334497683e-08
-1.111931149043130888e-08
-1.111129038572937515e-08
-1.110327751079955693e-08
-1.109527287898262316e-08
-1.108727608931435242e-08
-1.107928730484858706e-08
-1.107130533825689328e-08
-1.106332952768890190e-08
-1.105535909345078498e-08
-1.104739385840677742e-08
-1.103943398931649072e-08
-1.103147911708531811e-08
-1.102353221892819008e-08
-1.101559369136240504e-08
-1.100766428665909929e-08
-1.099974346155251628e-08
-1.099183121159573303e-08
-1.098392760571605564e-08
-1.097603270394694422e-08
-1.096814627727186568e-08
-1.096026797957198194e-08
-1.095239807766267138e-08
-1.094453636772663108e-08
-1.093668323961077500e-08
-1.092883793733819772e-08
-1.092100044756813032e-08
-1.091317117719402484e-08
-1.090534997724396169e-08
-1.089753649196410300e-08
-1.088972991572023683e-08
-1.088192873507624468e-08
-1.087413401877594773e-08
-1.086634458690245046e-08
-1.085856078705689860e-08
-1.085078245396198833e-08
-1.084301194745151068e-08
-1.083525047412389903e-08
-1.082749752258301147e-08
-1.081975341671307120e-08
-1.081201754950909240e-08
-1.080429043459067846e-08
-1.079657185183514221e-08
-1.078886174936171564e-08
-1.078115963430310256e-08
-1.077346588094198653e-08
-1.076578030176644886e-08
-1.075810314580417605e-08
-1.075043373638172235e-08
-1.074277213353254790e-08
-1.073511878936048829e-08
-1.072747310797786515e-08
-1.071983549183120752e-08
-1.071220447121247280e-08
-1.070457943466975220e-08
-1.069696021914920337e-08
-1.068934629324353102e-08
-1.068173785558196129e-08
-1.067413462156142390e-08
-1.066653915260955134e-08
-1.065895164587326209e-08
-1.065137325458791384e-08
-1.064380278994276511e-08
-1.063624117689779431e-08
-1.062868782771801515e-08
-1.062114295807919185e-08
-1.061360600766902977e-08
-1.060607732705328998e-08
-1.059855689696197292e-08
-1.059104463068008061e-08
-1.058353999902377926e-08
-1.057604332439498442e-08
-1.056855466238023159e-08
-1.056107383954952814e-08
-1.055360064170941588e-08
-1.054613469902413420e-08
-1.053867698092289124e-08
-1.053122476292421216e-08
-1.052377795683079132e-08
-1.051633593192072038e-08
-1.050889997409589238e-08
-1.050146876113787667e-08
-1.049404311202165411e-08
-1.048662484627987453e-08
-1.047921555220519316e-08
-1.047181398391802369e-08
-1.046442115679911164e-08
-1.045703586350886983e-08
-1.044965892524574062e-08
-1.044229007297088414e-08
-1.043492921478122560e-08
-1.042757590376100622e-08
-1.042023048084098727e-08
-1.041289309795770365e-08
-1.040556331783039635e-08
-1.039824090180753247e-08
-1.039092615079756654e-08
-1.038361907814126747e-08
-1.037631951114979314e-08
-1.036902692730969421e-08
-1.036174175056096078e-08
-1.035446228514363245e-08
-1.034718791664118510e-08
-1.033991848570554554e-08
-1.033265459934169958e-08
-1.032539584028004160e-08
-1.031814242938441257e-08
-1.031089650414245491e-08
-1.030365900211376209e-08
-1.029642909839412263e-08
-1.028920764382813202e-08
-1.028199343552312606e-08
-1.027478734804062277e-08
-1.026758910641255167e-08
-1.026039843196507310e-08
-1.025321523279511229e-08
-1.024603945331613207e-08
-1.023887182356465386e-08
-1.023171119178762762e-08
-1.022455782035350877e-08
-1.021741197607767571e-08
-1.021027343216705678e-08
-1.020314203372050178e-08
-1.019601737162109717e-08
-1.018890048718997249e-08
-1.018178883011680267e-08
-1.017468220992505370e-08
-1.016758053026472782e-08
-1.016048424101619916e-08
-1.015339262029563840e-08
-1.014630583560381087e-08
-1.013922611188451078e-08
-1.013215395089888024e-08
-1.012508990851229090e-08
-1.011803294562707471e-08
-1.011098402574320917e-08
-1.010394260855955306e-08
-1.009690860513764691e-08
-1.008988191393941617e-08
-1.008286251347139980e-08
-1.007585096701050773e-08
-1.006884616134368902e-08
-1.006184858785593221e-08
-1.005485832807415847e-08
-1.004787522783837140e-08
-1.004089883208012008e-08
-1.003392968702977637e-08
-1.002696735244196595e-08
-1.002001214330706606e-08
-1.001306264105664830e-08
-1.000611888793648091e-08
-9.999179516517749668e-09
-9.992244906271214942e-09
-9.985314929718418170e-09
-9.978390008575887967e-09
-9.971469872322476803e-09
-9.964556712550056582e-09
-9.957651429760529351e-09
-9.950753170885838109e-09
-9.943862582953275438e-09
-9.936978898127474653e-09
-9.930102493655732982e-09
-9.923233708245353519e-09
-9.916371528739050573e-09
-9.909516468015273708e-09
-9.902668715809403108e-09
-9.895827745902220291e-09
-9.888993569411032691e-09
-9.882166290838530175e-09
-9.875346065085862971e-09
-9.868532261431122732e-09
-9.861725115561227029e-09
-9.854924860939631951e-09
-9.848131266326342896e-09
-9.841343107335234610e-09
-9.834560519597457769e-09
-9.827782196458812118e-09
-9.821008481073520411e-09
-9.814239325266583775e-09
-9.807474990665303791e-09
-9.800715336450452980e-09
-9.793962179931219674e-09
-9.787216983404108191e-09
-9.780478561022992374e-09
-9.773747299670170882e-09
-9.767023053338339432e-09
-9.760305960623264017e-09
-9.753595966679561304e-09
-9.746892608286088263e-09
-9.740196086295532512e-09
-9.733506905433651495e-09
-9.726823950263932797e-09
-9.720147714394826431e-09
-9.713478598049399974e-09
-9.706815865261901380e-09
-9.700159448587332225e-09
-9.693509894256064370e-09
-9.686866759058108162e-09
-9.680229647958472827e-09
-9.673599330274832708e-09
-9.666973678154545185e-09
-9.660352564860305524e-09
-9.653735839196732639e-09
-9.647123932515354922e-09
-9.640516279315800960e-09
-9.633912642428845523e-09
-9.627315675185195885e-09
-9.620725332374468486e-09
-9.614142022372423021e-09
-9.607565969748669630e-09
-9.600996763162833305e-09
-9.594434518976065172e-09
-9.587878994831063200e-09
-9.581330411591668386e-09
-9.574788700330574645e-09
-9.568253494176636699e-09
-9.561724922090620767e-09
-9.555203407271363120e-09
-9.548687935079272068e-09
-9.542179134012794472e-09
-9.535677104868851056e-09
-9.529181223595917930e-09
-9.522691565050531808e-09
-9.516208537608452384e-09
-9.509731883348147221e-09
-9.503260440881566513e-09
-9.496794464424473555e-09
-9.490332543561132051e-09
-9.483874671621157541e-09
-9.477421938841832259e-09
-9.470973189764337033e-09
-9.464528775695586736e-09
-9.458090676257458220e-09
-9.451659148630330095e-09
-9.445234896910339765e-09
-9.438817066547122571e-09
-9.432406107421052622e-09
-9.426002099576743434e-09
-9.419604370787672241e-09
-9.413213342770367660e-09
-9.406829125215596358e-09
-9.400451071837219580e-09
-9.394079499849076075e-09
-9.387714776863464949e-09
-9.381355860076949014e-09
-9.375003500278356894e-09
-9.368657649292689712e-09
-9.362317648975347453e-09
-9.355983980335165038e-09
-9.349656479577146292e-09
-9.343335111125907430e-09
-9.337019294658000465e-09
-9.330708373511133037e-09
-9.324401613201860760e-09
-9.318098864758264034e-09
-9.311800930849939502e-09
-9.305506943585753583e-09
-9.299216750288017534e-09
-9.292932774529750033e-09
-9.286655136377874661e-09
-9.280383766905083681e-09
-9.274119462110589276e-09
-9.267861640188635800e-09
-9.261609949091154550e-09
-9.255364919484286982e-09
-9.249126587684570710e-09
-9.242894091730102782e-09
-9.236667920782410239e-09
-9.230448680364171249e-09
-9.224235007493494562e-09
-9.218027512139981318e-09
-9.211826681982850901e-09
-9.205631426784821074e-09
-9.199442300928955816e-09
-9.193259375566022697e-09
-9.187082248990646480e-09
-9.180910925649750140e-09
-9.174745705710634358e-09
-9.168585318094482663e-09
-9.162429007565543458e-09
-9.156277032786503010e-09
-9.150129038744677303e-09
-9.143984973559298316e-09
-9.137845211513049618e-09
-9.131709568058627826e-09
-9.125579740438301000e-09
-9.119456472770513303e-09
-9.113340108209487493e-09
-9.107229633597939533e-09
-9.101125772302006379e-09
-9.095028465029381725e-09
-9.088937096622387625e-09
-9.082852171806781526e-09
-9.076773464530645628e-09
-9.070700804328599297e-09
-9.064634417252560332e-09
-9.058574055015996068e-09
-9.052519590881601772e-09
-9.046471347251292994e-09
-9.040429036557384140e-09
-9.034392297116806733e-09
-9.028361801156083537e-09
-9.022337160310608237e-09
-9.016317821679624512e-09
-9.010304819913877433e-09
-9.004296348080332270e-09
-8.998291801397464683e-09
-8.992291729060261849e-09
-8.986295524804891770e-09
-8.980303230135968861e-09
-8.974315189690023538e-09
-8.968331214472829443e-09
-8.962352886847811166e-09
-8.956380721916879756e-09
-8.950415165113486350e-09
-8.944455501224186111e-09
-8.938502075626663282e-09
-8.932554622987847134e-09
-8.926613241140043077e-09
-8.920678171699399314e-09
-8.914748663135933394e-09
-8.908825000793869423e-09
-8.902907906557036698e-09
-8.896995991503159961e-09
-8.891089982704145308e-09
-8.885190182550754912e-09
-8.879295514146475456e-09
-8.873406897263208539e-09
-8.867523929454425099e-09
-8.861646184556673546e-09
-8.855774501556088138e-09
-8.849908220825761199e-09
-8.844046445569559824e-09
-8.838189524870937401e-09
-8.832336136511463264e-09
-8.826486287902675704e-09
-8.820641020365704249e-09
-8.814799239216343694e-09
-8.808961066003821968e-09
-8.803127869639260953e-09
-8.797300838933402121e-09
-8.791479479536641630e-09
-8.785664127191663948e-09
-8.779854761146161867e-09
-8.774051187958986059e-09
-8.768253636646669636e-09
-8.762461525403456955e-09
-8.756675209242032032e-09
-8.750895100243923706e-09
-8.745120093348773168e-09
-8.739350837066180657e-09
-8.733587484073834916e-09
-8.727829308782137504e-09
-8.722076804058384605e-09
-8.716329908386808423e-09
-8.710588062937422009e-09
-8.704851952536363216e-09
-8.699121241440947578e-09
-8.693395544992337922e-09
-8.687675462042827957e-09
-8.681959638504372378e-09
-8.676247730481594601e-09
-8.670539428172194168e-09
-8.664834469948869494e-09
-8.659133723702754160e-09
-8.653436274850023369e-09
-8.647742015182216455e-09
-8.642053281557359082e-09
-8.636370223688523023e-09
-8.630692696309557825e-09
-8.625021170053144805e-09
-8.619355715328897703e-09
-8.613695685850677766e-09
-8.608041639707318114e-09
-8.602392953588448687e-09
-8.596749908391370619e-09
-8.591112996983380093e-09
-8.585481095775272577e-09
-8.579854859205878941e-09
-8.574234275416737926e-09
-8.568618906385936682e-09
-8.563009176794619138e-09
-8.557404752382408485e-09
-8.551805456754693457e-09
-8.546211848000307176e-09
-8.540623164213113587e-09
-8.535039986457714505e-09
-8.529461987144117581e-09
-8.523888182761191935e-09
-8.518318986131620233e-09
-8.512753108388894110e-09
-8.507190687387625732e-09
-8.501632392389722548e-09
-8.496077505217124405e-09
-8.490526329001747302e-09
-8.484979180216276156e-09
-8.479437642706443215e-09
-8.473902107060316280e-09
-8.468372007777523942e-09
-8.462847165498839620e-09
-8.457328087173482245e-09
-8.451814695721453616e-09
-8.446306418971997864e-09
-8.440804012160866585e-09
-8.435306544398850746e-09
-8.429814476683631889e-09
-8.424328253707507324e-09
-8.418846789680117789e-09
-8.413370779803754742e-09
-8.407900016555346107e-09
-8.402434151592592326e-09
-8.396973920881245443e-09
-8.391518363144789444e-09
-8.386068181738207904e-09
-8.380622994226125140e-09
-8.375182368515858931e-09
-8.369747451172382506e-09
-8.364316212916512480e-09
-8.358888444742869119e-09
-8.353464457936060537e-09
-8.348043804839174111e-09
-8.342627010189120666e-09
-8.337213506262067303e-09
-8.331803049218404333e-09
-8.326397772840005007e-09
-8.320997762359559642e-09
-8.315602945143993012e-09
-8.310213591714452645e-09
-8.304829427844021869e-09
-8.299450807063077044e-09
-8.294077586328929201e-09
-8.288709228305052427e-09
-8.283346317761817683e-09
-8.277988503392310093e-09
-8.272635565814996321e-09
-8.267288428507547109e-09
-8.261945735899609495e-09
-8.256608266943857599e-09
-8.251275948266062364e-09
-8.245948251423543823e-09
-8.240625933134361227e-09
-8.235308138106996088e-09
-8.229995476311049547e-09
-8.224687633497298173e-09
-8.219384134586137673e-09
-8.214086115025233844e-09
-8.208791611498094067e-09
-8.203500470585875771e-09
-8.198212686359348325e-09
-8.192927754092754285e-09
-8.187646830727220481e-09
-8.182368718558159496e-09
-8.177093693294795660e-09
-8.171822632463262330e-09
-8.166557171048905943e-09
-8.161297062988655321e-09
-8.156042183768667219e-09
-8.150792256197409646e-09
-8.145547820576023834e-09
-8.140308552279132747e-09
-8.135074382379430302e-09
-8.129845674042292634e-09
-8.124621648315045624e-09
-8.119402862545368567e-09
-8.114189130703650421e-09
-8.108980083695284420e-09
-8.103776715407555048e-09
-8.098577657670494254e-09
-8.093383739094082688e-09
-8.088194792918708860e-09
-8.083010341841306993e-09
-8.077831149250320798e-09
-8.072656257575003406e-09
-8.067486614751101912e-09
-8.062321557445939497e-09
-8.057160585380681690e-09
-8.052003554030331865e-09
-8.046849577716064550e-09
-8.041699456142861070e-09
-8.036552402205355190e-09
-8.031408461855084299e-09
-8.026268190957420032e-09
-8.021131045505452014e-09
-8.015998745717217002e-09
-8.010871400542326181e-09
-8.005748905478092992e-09
-8.000631748203735164e-09
-7.995519521084646828e-09
-7.990412433126207722e-09
-7.985310431706495996e-09
-7.980213006170523575e-09
-7.975120813921736645e-09
-7.970033231649765148e-09
-7.964950489112296024e-09
-7.959872986532396853e-09
-7.954799849348549593e-09
-7.949731786103814624e-09
-7.944668111972054089e-09
-7.939609272386719127e-09
-7.934555326640116045e-09
-7.929505565448030636e-09
-7.924460852254673507e-09
-7.919420379943525044e-09
-7.914384769601493821e-09
-7.909353613593973971e-09
-7.904326291575210749e-09
-7.899302799839435011e-09
-7.894282179333592229e-09
-7.889265272008431972e-09
-7.884251274453203771e-09
-7.879240316369827673e-09
-7.874232794275602113e-09
-7.869228125623617616e-09
-7.864228209249983688e-09
-7.859233022920085466e-09
-7.854242574045461237e-09
-7.849257125735720242e-09
-7.844276340765870355e-09
-7.839300523750135234e-09
-7.834329695440822085e-09
-7.829363262173714002e-09
-7.824401981408024066e-09
-7.819444969688388293e-09
