2.324434208953997591e-11
2.802082296662199633e-11
3.327914573552967717e-11
3.903052553600113898e-11
4.528611347208368990e-11
5.205629755584245667e-11
5.935380488082640879e-11
6.718982034769743690e-11
7.557722758169318895e-11
8.452632565641930412e-11
9.405147635430967091e-11
1.041633096000391648e-10
1.148741238037821240e-10
1.261958456129523757e-10
1.381399427525129116e-10
1.507203927907527328e-10
1.639462567779217974e-10
1.778309733152447426e-10
1.923826144573023642e-10
2.076169721169566561e-10
2.235404889962109981e-10
2.401644620581862413e-10
2.575000993275438011e-10
2.755549267767232232e-10
2.943393519842507678e-10
3.138637042628083167e-10
3.341324625532143613e-10
3.551553158112426593e-10
3.769467698996314144e-10
3.995056437156389750e-10
4.228388122021817307e-10
4.469597797749443462e-10
4.718669170813495350e-10
4.975693189682616954e-10
5.240716760500329411e-10
5.513794384754591884e-10
5.794911085208828956e-10
6.084219924951776283e-10
6.381564728048617049e-10
6.687188865699823288e-10
7.001025545122340296e-10
7.322925154039659530e-10
7.653198087675303364e-10
7.991666842651878133e-10
8.338403797087694804e-10
8.693277784542737192e-10
9.056381870220987054e-10
9.427793750760631168e-10
9.807367175758927609e-10
1.019519487245371528e-09
1.059109206230161243e-09
1.099513377378702506e-09
1.140731684070079222e-09
1.182744451338289685e-09
1.225567919346031397e-09
1.269189923090818979e-09
1.313591707230321560e-09
1.358793784530828974e-09
1.404777776749078468e-09
1.451520784010527430e-09
1.499045332648188734e-09
1.547334938807985334e-09
1.596362004885946470e-09
1.646145264879173363e-09
1.696674010597146410e-09
1.747922010530632390e-09
1.799903590886680981e-09
1.852613402906340569e-09
1.906018944918985264e-09
1.960109981886699799e-09
2.014893008095794895e-09
2.070351116345126468e-09
2.126486028483269284e-09
2.183284796849295736e-09
2.240725323793567555e-09
2.298788067757771403e-09
2.357478567829163382e-09
2.416815120427623539e-09
2.476744517230393903e-09
2.537243009890029839e-09
2.598330666480523870e-09
2.660022642115367857e-09
2.722259369371953558e-09
2.785014743033659360e-09
2.848331200975801597e-09
2.912178303121245732e-09
2.976537692571958457e-09
3.041391401980358906e-09
3.106722351604692881e-09
3.172527610033336109e-09
3.238832807551535852e-09
3.305586317162344607e-09
3.372739352563208426e-09
3.440349853602929055e-09
3.508378445446733197e-09
3.576811024233719002e-09
3.645656469579679953e-09
3.714845236945624153e-09
3.784418949530579679e-09
3.854363864563789682e-09
3.924641903933221882e-09
3.995277570184457153e-09
4.066207074875600371e-09
4.137461719008074488e-09
4.209017439392286720e-09
4.280854379627779300e-09
4.352993413570987064e-09
4.425376190477426377e-09
4.498035916410321862e-09
4.570918778265390793e-09
4.644050751409105209e-09
4.717398483919166146e-09
4.790970074531692186e-09
4.864748683638768849e-09
4.938717857625394895e-09
5.012875746571615174e-09
5.087190695500937251e-09
5.161685787501129814e-09
5.236330160926759655e-09
5.311143040715223186e-09
5.386083643246551305e-09
5.461159426899953643e-09
5.536330276872674593e-09
5.611627133075991693e-09
5.687026403694147304e-09
5.762543590700627255e-09
5.838149618334263501e-09
5.913835834661719605e-09
5.989571669755709393e-09
6.065372207578956741e-09
6.141241240467374752e-09
6.217175837009338739e-09
6.293170691136357219e-09
6.369207332109168357e-09
6.445261557994185091e-09
6.521327367224162116e-09
6.597421649212551210e-09
6.673539946363764153e-09
6.749683253009776899e-09
6.825842447622188711e-09
6.902003659358861114e-09
6.978152537109975368e-09
7.054288999052148769e-09
7.130412532899853990e-09
7.206526226596405195e-09
7.282625985415127941e-09
7.358715379345785020e-09
7.434781359337604212e-09
7.510817946947340500e-09
7.586824272356860350e-09
7.662783764552395203e-09
7.738707665355224326e-09
7.814589114052583190e-09
7.890440115557729935e-09
7.966258932013166680e-09
8.042034938830526129e-09
8.117778579163718276e-09
8.193457456289499601e-09
8.269075133082556139e-09
8.344638096714121029e-09
8.420147732845391027e-09
8.495622005266411519e-09
8.571048039245789172e-09
8.646429821005277062e-09
8.721772553444753696e-09
8.797040310762904117e-09
8.872246741455717315e-09
8.947393739912379826e-09
9.022483707471297116e-09
9.097534709312353391e-09
9.172535359533971672e-09
9.247490942859411520e-09
9.322410867198914793e-09
9.397265862905472646e-09
9.472065542447783699e-09
9.546816832353070829e-09
9.621509052891121876e-09
9.696160797536271902e-09
9.770773473294949592e-09
9.845341466371592069e-09
9.919878334544962983e-09
9.994378848233644331e-09
1.006883170691697691e-08
1.014324913429682914e-08
1.021762704454037334e-08
1.029196339206304190e-08
1.036626979222764052e-08
1.044054493408127673e-08
1.051479236271094467e-08
1.058902047212844669e-08
1.066322661552523251e-08
1.073740953353271450e-08
1.081157561904735877e-08
1.088572205627753876e-08
1.095984392336890786e-08
1.103394760966039380e-08
1.110803531548948366e-08
1.118211138461053755e-08
1.125618115688866156e-08
1.133024595217059243e-08
1.140430898647102762e-08
1.147837247435760606e-08
1.155243642828171207e-08
1.162650253985284463e-08
1.170057095848761563e-08
1.177464125372388127e-08
1.184871604924619567e-08
1.192279659019299130e-08
1.199688171858552430e-08
1.207097602186953703e-08
1.214509137155059678e-08
1.221922423677186292e-08
1.229337292770260567e-08
1.236754986015176588e-08
1.244174938296962938e-08
1.251596731960613982e-08
1.259020632932123511e-08
1.266446286880669031e-08
1.273873201620815715e-08
1.281301576018959249e-08
1.288733649367631796e-08
1.296168923433583450e-08
1.303606840039042630e-08
1.311048667802195098e-08
1.318494669091496266e-08
1.325943878924660975e-08
1.333395864705022401e-08
1.340850807155530173e-08
1.348307373800184469e-08
1.355765268296038694e-08
1.363225531756699140e-08
1.370690163874488345e-08
1.378158341968656288e-08
1.385629478689616684e-08
1.393105292328406334e-08
1.400585337481220252e-08
1.408068722095310038e-08
1.415554931216995408e-08
1.423043578853362135e-08
1.430533153762107374e-08
1.438023454942312578e-08
1.445514897202952675e-08
1.453009640325577234e-08
1.460507294403979974e-08
1.468007398559063965e-08
1.475510150589963050e-08
1.483015949474606374e-08
1.490523834855508670e-08
1.498033477660369929e-08
1.505544351907140894e-08
1.513055068199207856e-08
1.520565256552579453e-08
1.528074999146391897e-08
1.535584479549626178e-08
1.543094130181071870e-08
1.550604023258758054e-08
1.558114122317916351e-08
1.565624033539048265e-08
1.573132943846757397e-08
1.580640919411257587e-08
1.588148102000453216e-08
1.595653602051872749e-08
1.603155010934157043e-08
1.610652923645599898e-08
1.618147851938097056e-08
1.625639582003591972e-08
1.633125854271583560e-08
1.640608036793455262e-08
1.648086724567500875e-08
1.655562122685807920e-08
1.663030460157695218e-08
1.670492718685878309e-08
1.677949858805719049e-08
1.685402643609200280e-08
1.692846911310049620e-08
1.700281661884228883e-08
1.707708762505756007e-08
1.715129308896451560e-08
1.722541625099985446e-08
1.729940914131608139e-08
1.737330418865428532e-08
1.744711483161569090e-08
1.752084883274903995e-08
1.759443072243517165e-08
1.766788241511049737e-08
1.774122551926312792e-08
1.781447548528224099e-08
1.788759646029605837e-08
1.796053353903601598e-08
1.803333199651428740e-08
1.810601055427658930e-08
1.817858177221216357e-08
1.825094223979543151e-08
1.832311769937409641e-08
1.839514023282925529e-08
1.846703053614042489e-08
1.853876787419516631e-08
1.861024418142892602e-08
1.868152643205921705e-08
1.875264007849436815e-08
1.882360828564553072e-08
1.889435448461418500e-08
1.896483200761188223e-08
1.903510631868109379e-08
1.910520352659597927e-08
1.917514575746648355e-08
1.924479795112683727e-08
1.931417873484799009e-08
1.938334056275456334e-08
1.945231153406343935e-08
1.952110479387892655e-08
1.958954311631162481e-08
1.965768483431832255e-08
1.972557785193206165e-08
1.979325376009363961e-08
1.986071942840966523e-08
1.992779738729935946e-08
1.999457663392156725e-08
2.006110302850352541e-08
2.012740844125279746e-08
2.019349685483359810e-08
2.025917650725471276e-08
2.032453844481709238e-08
2.038963090951991818e-08
2.045448708430241532e-08
2.051911844222585436e-08
2.058329717809893929e-08
2.064710288472781157e-08
2.071059433264648350e-08
2.077380959818821981e-08
2.083677907518215696e-08
2.089930360373602235e-08
2.096143863520052116e-08
2.102326156026553859e-08
2.108480953030435767e-08
2.114611724376755941e-08
2.120704063458096606e-08
2.126752232854437887e-08
2.132767297755275252e-08
2.138753056544335392e-08
2.144713112118611101e-08
2.150641295528677195e-08
2.156515334983392194e-08
2.162349718379925491e-08
2.168149109651091257e-08
2.173917636786546948e-08
2.179657754487773706e-08
2.185346362590818626e-08
2.190993309429174819e-08
2.196606264344078588e-08
2.202189132979038733e-08
2.207745542244432104e-08
2.213265501860984285e-08
2.218734249289563067e-08
2.224166526079824228e-08
2.229566320943797704e-08
2.234937356311765807e-08
2.240281804060908591e-08
2.245572875749359272e-08
2.250817364674528455e-08
2.256023693130649912e-08
2.261195997645473870e-08
2.266338265685891503e-08
2.271446473320242926e-08
2.276499755230184586e-08
2.281515151846672426e-08
2.286497314117505536e-08
2.291449886384998820e-08
2.296376342941132688e-08
2.301263661416672759e-08
2.306100849729537241e-08
2.310902130740286332e-08
2.315671226345571585e-08
2.320411656551741574e-08
2.325126719552626978e-08
2.329795167594508558e-08
2.334415710358216444e-08
2.338999514245212972e-08
2.343550323386764560e-08
2.348071761313586596e-08
2.352566640793398017e-08
2.357014308359265707e-08
2.361420240130015642e-08
2.365793893999303899e-08
2.370138537388254181e-08
2.374457281719932297e-08
2.378752532957543604e-08
2.383003463670528281e-08
2.387214159513837078e-08
2.391393310486467080e-08
2.395544070701944637e-08
2.399669453573152898e-08
2.403772164608029352e-08
2.407833445796088599e-08
2.411853343029575721e-08
2.415841843208103674e-08
2.419802007949200967e-08
2.423736770976891402e-08
2.427648929761478890e-08
2.431527809731181917e-08
2.435366894720829563e-08
2.439178687343299115e-08
2.442965822489390586e-08
2.446730732448093334e-08
2.450475843994212232e-08
2.454196992851198364e-08
2.457878296744714897e-08
2.461531792427988459e-08
2.465160757816880969e-08
2.468767637829643031e-08
2.472354689546498864e-08
2.475922996771515467e-08
2.479455828579575825e-08
2.482959163591801871e-08
2.486439093914789814e-08
2.489897750336151436e-08
2.493337306867589821e-08
2.496759767826227396e-08
2.500159642507330834e-08
2.503529340902769674e-08
2.506879310969130719e-08
2.510211598113104669e-08
2.513527854633391405e-08
2.516829718598537291e-08
2.520118053778860620e-08
2.523379962674724094e-08
2.526618839533494609e-08
2.529839608877672559e-08
2.533043894723527715e-08
2.536233308102314767e-08
2.539409308316276561e-08
2.542570329159141978e-08
2.545706336238160379e-08
2.548825290612715763e-08
2.551929634177150778e-08
2.555020662764819781e-08
2.558099681280799996e-08
2.561167911028016749e-08
2.564222305330602721e-08
2.567258692263301483e-08
2.570283823322447690e-08
2.573298888682505860e-08
2.576304775949301420e-08
2.579302387492444069e-08
2.582292547593576097e-08
2.585270404659733870e-08
2.588232460741306757e-08
2.591183407875662122e-08
2.594124237015115285e-08
2.597055847149614486e-08
2.599979112722093152e-08
2.602894869931947143e-08
2.605799832147345510e-08
2.608692783045916656e-08
2.611578111918511933e-08
2.614456498254961631e-08
2.617328553596113006e-08
2.620194864757921588e-08
2.623055995610220364e-08
2.625910604783163732e-08
2.628757708973143884e-08
2.631600485773440467e-08
2.634439385212658358e-08
2.637274742410912809e-08
2.640106878258165556e-08
2.642936100125732500e-08
2.645761238294994801e-08
2.648578758529450369e-08
2.651390596663607849e-08
2.654197390208344660e-08
2.656999568024912328e-08
2.659797540653239728e-08
2.662591697110148545e-08
2.665382208157480946e-08
2.668167601863732839e-08
2.670949732773660921e-08
2.673729612117549270e-08
2.676507427733424269e-08
2.679283355007927978e-08
2.682057563457764130e-08
2.684830216373944297e-08
2.687601062594258959e-08
2.690370233925504707e-08
2.693138632915168821e-08
2.695906338540602971e-08
2.698673407900298133e-08
2.701439895068837658e-08
2.704205854832312575e-08
2.706970983732699201e-08
2.709732734928272390e-08
2.712491109664170575e-08
2.715246448218939657e-08
2.717999002644173750e-08
2.720748997064790697e-08
2.723496655961462180e-08
2.726242193853752420e-08
2.728985439446188494e-08
2.731726168969606397e-08
2.734465734822220702e-08
2.737204347254549579e-08
2.739942079907637460e-08
2.742679006778282618e-08
2.745415197594237271e-08
2.748150716035438394e-08
2.750884749382243425e-08
2.753616834976786245e-08
2.756347456288532487e-08
2.759076726980833345e-08
2.761804752534701738e-08
2.764531637363889075e-08
2.767257476276793143e-08
2.769982295065567185e-08
2.772702645052507115e-08
2.775417220443151115e-08
2.778126847653664504e-08
2.780831899158315507e-08
2.783532729465803539e-08
2.786229678498920662e-08
2.788923077642366831e-08
2.791613193711520431e-08
2.794297589436838373e-08
2.796976250766044062e-08
2.799651071376816357e-08
2.802322332136810239e-08
2.804990308221619280e-08
2.807655263066960408e-08
2.810317451748335358e-08
2.812977096611892784e-08
2.815630842543187953e-08
2.818276557687347569e-08
2.820916135188419732e-08
2.823550050689285645e-08
2.826178745858334993e-08
2.828802624476173734e-08
2.831422074136608201e-08
2.834037478520152512e-08
2.836645778143800853e-08
2.839240573351764861e-08
2.841824840202774711e-08
2.844399695408127405e-08
2.846965827351499177e-08
2.849523897735028421e-08
2.852074543358084883e-08
2.854618363665885335e-08
2.857155061070344419e-08
2.859677287831695245e-08
2.862187171713641977e-08
2.864687587029317497e-08
2.867179196014490958e-08
2.869662642939362699e-08
2.872138549305887439e-08
2.874607513314143518e-08
2.877070118934055760e-08
2.879521183543714415e-08
2.881954133701580667e-08
2.884373796987234097e-08
2.886781513525381875e-08
2.889178120760558292e-08
2.891564431946036665e-08
2.893941233831429394e-08
2.896309289508718658e-08
2.898668695387194516e-08
2.901007838594328133e-08
2.903326099762687817e-08
2.905628542870278401e-08
2.907916262571658938e-08
2.910190269385605831e-08
2.912451561023757323e-08
2.914701131462336358e-08
2.916939914199413445e-08
2.919166618026434119e-08
2.921369163855465049e-08
2.923551998965233158e-08
2.925719476893329096e-08
2.927872580765483752e-08
2.930012327681919532e-08
2.932139712508243972e-08
2.934255641171605151e-08
2.936361040588627578e-08
2.938453108130576696e-08
2.940517934889654208e-08
2.942560919963980197e-08
2.944586028052200546e-08
2.946594455554471934e-08
2.948587244295908495e-08
2.950565619136973936e-08
2.952530606071736607e-08
2.954483285346725130e-08
2.956421128975167765e-08
2.958328544622105526e-08
2.960211312575895746e-08
2.962074332989900927e-08
2.963918865054830129e-08
2.965746177033115276e-08
2.967557472084235964e-08
2.969353918503795684e-08
2.971136654348321706e-08
2.972905257693762346e-08
2.974645119864520260e-08
2.976358797663428056e-08
2.978053498485363589e-08
2.979730439719959971e-08
2.981390837333834964e-08
2.983035735464502647e-08
2.984666319661627645e-08
2.986283620899832037e-08
2.987888623905738985e-08
2.989469455039256512e-08
2.991019357289865476e-08
2.992547461257691134e-08
2.994055798830778347e-08
2.995545702307249852e-08
2.997018335357909247e-08
2.998474941698173642e-08
2.999916645865924473e-08
3.001344573288427767e-08
3.002755739013107072e-08
3.004134560310357020e-08
3.005487776936635620e-08
3.006820902898552579e-08
3.008135246302969658e-08
3.009431990387151537e-08
3.010712290283809705e-08
3.011977322115132082e-08
3.013228139623986371e-08
3.014465862189823357e-08
3.015681571419682058e-08
3.016867969735086723e-08
3.018034506313724401e-08
3.019183782071903589e-08
3.020316842036522964e-08
3.021434705975958712e-08
3.022538424075540158e-08
3.023628903685430729e-08
3.024707169376683425e-08
3.025773524607321928e-08
3.026814807908361260e-08
3.027829099098461640e-08
3.028824230809870943e-08
3.029801873662611696e-08
3.030763059342813657e-08
3.031708791965684147e-08
3.032640128653752328e-08
3.033558057335425901e-08
3.034463494788344996e-08
3.035356418244263993e-08
3.036224778142818100e-08
3.037068976663721003e-08
3.037896810508082953e-08
3.038709385003078140e-08
3.039507674024837670e-08
3.040292483177927347e-08
3.041064764103863410e-08
3.041825333257703718e-08
3.042575038934474618e-08
3.043314061857125735e-08
3.044033284588423812e-08
3.044732314198254947e-08
3.045418068497872991e-08
3.046091629690452674e-08
3.046753778122037312e-08
3.047405204666580005e-08
3.048046580987326606e-08
3.048678596890968701e-08
3.049301830655369709e-08
3.049916935266698999e-08
3.050516612612850063e-08
3.051096488878263492e-08
3.051662549799137978e-08
3.052216448563557995e-08
3.052758900592491454e-08
3.053290610456413548e-08
3.053812245905279238e-08
3.054324443560580691e-08
3.054827837019903111e-08
3.055323050986985757e-08
3.055808164035350419e-08
3.056276783980038665e-08
3.056733103913660276e-08
3.057180492469305825e-08
3.057619452860778945e-08
3.058050475672622027e-08
3.058474040283131570e-08
3.058890602412973855e-08
3.059300623830630407e-08
3.059704545492983239e-08
3.060102698784732303e-08
3.060491303287719721e-08
3.060869375164706927e-08
3.061240964673137808e-08
3.061606919930161791e-08
3.061967561292109855e-08
3.062323200221467037e-08
3.062674136796595559e-08
3.063020663091396295e-08
3.063363060329278062e-08
3.063701608666388164e-08
3.064035819652707238e-08
3.064361230356339495e-08
3.064678496965238845e-08
3.064989979728242481e-08
3.065296030663772953e-08
3.065596955898007728e-08
3.065893059956232003e-08
3.066184629576039083e-08
3.066471944557822434e-08
3.066755277053268010e-08
3.067034892276861923e-08
3.067310530706179467e-08
3.067580574728519950e-08
3.067846485780649248e-08
3.068110083721324866e-08
3.068371503381251348e-08
3.068630867317625832e-08
3.068888290972568700e-08
3.069143882673123576e-08
3.069397759640180030e-08
3.069650031268043200e-08
3.069900802148341414e-08
3.070150082775812887e-08
3.070397619853725074e-08
3.070643953950034581e-08
3.070889847267338996e-08
3.071135328265945346e-08
3.071380418824714660e-08
3.071625143134907911e-08
3.071869520407232341e-08
3.072113572342672061e-08
3.072357319574949666e-08
3.072600780425387803e-08
3.072843856883804147e-08
3.073085595174159430e-08
3.073325911160671002e-08
3.073565030747025895e-08
3.073803030776053084e-08
3.074039961586920624e-08
3.074275891484365383e-08
3.074510872230570766e-08
3.074744962880673856e-08
3.074978210038427412e-08
3.075210672225337759e-08
3.075442403871742087e-08
3.075674143522607767e-08
3.075906460739829191e-08
3.076139765529704478e-08
3.076374145407677738e-08
3.076609547188550213e-08
3.076845921956169198e-08
3.077083210655397613e-08
3.077321363480698157e-08
3.077560327958379749e-08
3.077800060686474170e-08
3.078040506701013475e-08
3.078281779665348855e-08
3.078524636623647247e-08
3.078768976363941785e-08
3.079014319152182132e-08
3.079260600774800557e-08
3.079507774094413545e-08
3.079755789483360716e-08
3.080004603361796935e-08
3.080254168770215604e-08
3.080504441417263914e-08
3.080755380747004348e-08
3.081006943891099446e-08
3.081258798931218498e-08
3.081510372925805651e-08
3.081761404751543925e-08
3.082011676153453802e-08
3.082261217370611498e-08
3.082510072694369826e-08
3.082758274320451110e-08
3.083005858357869891e-08
3.083252861449271470e-08
3.083499311521332115e-08
3.083745248062727828e-08
3.083990701134657908e-08
3.084235704000106192e-08
3.084480299171656304e-08
3.084724731407948683e-08
3.084969175384117710e-08
3.085213630566532629e-08
3.085458096065808846e-08
3.085702571881946360e-08
3.085947057125560578e-08
3.086191550907266903e-08
3.086436053760696094e-08
3.086680564262832799e-08
3.086925082057923179e-08
3.087168897417060731e-08
3.087410862322610722e-08
3.087651029426141155e-08
3.087889488555496085e-08
3.088126317087135245e-08
3.088361596844441338e-08
3.088595407516274043e-08
3.088827823455185470e-08
3.089058923282773782e-08
3.089288777438298874e-08
3.089517459384928261e-08
3.089745038672537241e-08
3.089970774621635418e-08
3.090191492484973847e-08
3.090407258966397124e-08
3.090618952955761650e-08
3.090826806938200458e-08
3.091030985271986632e-08
3.091231696428869151e-08
3.091429085022783100e-08
3.091623358991846700e-08
3.091814666507533415e-08
3.092003185446762167e-08
3.092189071451837015e-08
3.092372447613585854e-08
3.092550693093485267e-08
3.092722640129562520e-08
3.092889939597502143e-08
3.093053382338085669e-08
3.093213201014323049e-08
3.093369558739348937e-08
3.093522609910328957e-08
3.093672541653781818e-08
3.093819502319057901e-08
3.093963666403414671e-08
3.094105190972171536e-08
3.094244213879940662e-08
3.094380006009231383e-08
3.094507725372433683e-08
3.094627298862133887e-08
3.094740577999181067e-08
3.094847992712088261e-08
3.094949875986447694e-08
3.095046496772160779e-08
3.095138041128484708e-08
3.095224838839227167e-08
3.095307131816997890e-08
3.095385107721946342e-08
3.095459060406742585e-08
3.095529207236981542e-08
3.095593752723043602e-08
3.095647020456692080e-08
3.095689741512063751e-08
3.095724630824572144e-08
3.095752182002667271e-08
3.095772756492248385e-08
3.095786612926355599e-08
3.095794146013872005e-08
3.095795640535744799e-08
3.095791428232427774e-08
3.095781775207791639e-08
3.095767013735920943e-08
3.095747437669485746e-08
3.095721602825781311e-08
3.095684345971482048e-08
3.095636521983060302e-08
3.095581355591179235e-08
3.095519496758100595e-08
3.095451254456032550e-08
3.095376913643799217e-08
3.095296781514839575e-08
3.095211083794963739e-08
3.095120168589302042e-08
3.095024275142310435e-08
3.094923694994259034e-08
3.094818635905389143e-08
3.094708557841374908e-08
3.094586913686461517e-08
3.094452903172390734e-08
3.094309691441057880e-08
3.094158402496713634e-08
3.093999376084273138e-08
3.093832960308866727e-08
3.093659523197839652e-08
3.093479352022415975e-08
3.093292798445264407e-08
3.093100213239669066e-08
3.092901879941438715e-08
3.092698142920288389e-08
3.092489246401227772e-08
3.092270914934633619e-08
3.092038990113895340e-08
3.091795794122189480e-08
3.091544259972032166e-08
3.091284775079352813e-08
3.091017645570328890e-08
3.090743248721905432e-08
3.090461937975520341e-08
3.090174045427381245e-08
3.089879864218650532e-08
3.089579742454458533e-08
3.089273990707905690e-08
3.088962860852709198e-08
3.088646220192687541e-08
3.088319153277063187e-08
3.087980789398318009e-08
3.087634481892127549e-08
3.087281810127654928e-08
3.086923046256586101e-08
3.086558457983684045e-08
3.086188305009250389e-08
3.085812817861772058e-08
3.085432278298288627e-08
3.085046932856209724e-08
3.084657024159652759e-08
3.084262782203473902e-08
3.083864430045329481e-08
3.083461231630528993e-08
3.083047683269324027e-08
3.082623559769535227e-08
3.082191712853926773e-08
3.081753141123521501e-08
3.081308129181389688e-08
3.080856955227032530e-08
3.080399893724535927e-08
3.079937212556539776e-08
3.079469174803007167e-08
3.078996038919101293e-08
3.078518056600662433e-08
3.078035474562977132e-08
3.077548534362901289e-08
3.077056831330444353e-08
3.076556080410629459e-08
3.076045920513311193e-08
3.075529137902547571e-08
3.075006958506063812e-08
3.074479605559393167e-08
3.073947298206899748e-08
3.073410251857532371e-08
3.072868678540578394e-08
3.072322785660525281e-08
3.071772776174937524e-08
3.071218848950210479e-08
3.070661199828831881e-08
3.070100018605474220e-08
3.069535454163118636e-08
3.068965376603537941e-08
3.068388892984599138e-08
3.067807552436389131e-08
3.067223049058683748e-08
3.066635521773356666e-08
3.066045094204866539e-08
3.065451886064379801e-08
3.064856020264847428e-08
3.064257617762574289e-08
3.063656793999680764e-08
3.063053663706779559e-08
3.062448337167560408e-08
3.061840924665713041e-08
3.061231532571634976e-08
3.060619439060789221e-08
3.060002271610831176e-08
3.059380225886371657e-08
3.058754681322916915e-08
3.058126027293042472e-08
3.057494396848683684e-08
3.056859922686022068e-08
3.056222724160470221e-08
3.055582918137163876e-08
3.054940612765269738e-08
3.054295928823215756e-08
3.053648978195583933e-08
3.052999868853664056e-08
3.052348707879361978e-08
3.051695598974920108e-08
3.051039877058539254e-08
3.050380812123344153e-08
3.049718880879477520e-08
3.049055379516047550e-08
3.048390453536373923e-08
3.047724151322978586e-08
3.047056535132783161e-08
3.046387660107632515e-08
3.045717574630048596e-08
3.045046330462214809e-08
3.044373986837145157e-08
3.043700593560376938e-08
3.043026199370185937e-08
3.042350851759709507e-08
3.041674600890238783e-08
3.040997597601401014e-08
3.040319977969039175e-08
3.039641950642779163e-08
3.038964068641961912e-08
3.038286360071140611e-08
3.037608818704623099e-08
3.036931436715824941e-08
3.036254209302069328e-08
3.035577129526156422e-08
3.034900189561501789e-08
3.034223384605428619e-08
3.033546707720737074e-08
3.032870153037488829e-08
3.032193715575130155e-08
3.031517388930091970e-08
3.030841027243300758e-08
3.030164389669408295e-08
3.029487471049983933e-08
3.028810214642290535e-08
3.028132615821528210e-08
3.027454692731142688e-08
3.026776456755256779e-08
3.026097921768270160e-08
3.025419096841905696e-08
3.024739996206316901e-08
3.024060632490765018e-08
3.023381016189988264e-08
3.022701161178386314e-08
3.022021074037405170e-08
3.021340769175075263e-08
3.020660330193548488e-08
3.019980292324473885e-08
3.019300752510772268e-08
3.018621796133364719e-08
3.017943474776557728e-08
3.017265768162382535e-08
3.016588649609301303e-08
3.015912102219006734e-08
3.015236096819684125e-08
3.014560611532472448e-08
3.013885628925433648e-08
3.013211124273675996e-08
3.012537076231969220e-08
3.011863462743575374e-08
3.011190267265940997e-08
3.010517468631712739e-08
3.009845390221129202e-08
3.009174688400021213e-08
3.008505305358390122e-08
3.007836969833934571e-08
3.007169564072134233e-08
3.006503053742743755e-08
3.005837416966902110e-08
3.005172607318733459e-08
3.004508591179500125e-08
3.003845351650894810e-08
3.003182840172518649e-08
3.002521028995572290e-08
3.001859894284548596e-08
3.001199398863171513e-08
3.000539516049903202e-08
2.999880212403882906e-08
2.999221279275484727e-08
2.998562427614715415e-08
2.997903604414253131e-08
2.997244446093675595e-08
2.996584892708461131e-08
2.995924960267532440e-08
2.995264655352335524e-08
2.994604000019608329e-08
2.993943007076489017e-08
2.993281684705315859e-08
2.992620051761042261e-08
2.991958121050806385e-08
2.991295901646331096e-08
2.990633409556539098e-08
2.989970658300076228e-08
2.989307654280511568e-08
2.988644366547261226e-08
2.987980708652142603e-08
2.987316697671339918e-08
2.986652494227710958e-08
2.985988155953377454e-08
2.985323688006770054e-08
2.984659096079950165e-08
2.983994382307440814e-08
2.983329554515826432e-08
2.982664615551137724e-08
2.981999569860297661e-08
2.981334422245983055e-08
2.980669176443609204e-08
2.980003837433729836e-08
2.979338409663267926e-08
2.978672895444623419e-08
2.978007224694290260e-08
2.977340797077667081e-08
2.976673493595095124e-08
2.976005382551311254e-08
2.975336526736867853e-08
2.974666956568718054e-08
2.973996696771753590e-08
2.973325770469973920e-08
2.972654209147593693e-08
2.971982025611751072e-08
2.971309255437829841e-08
2.970635914278998867e-08
2.969962031307072852e-08
2.969287628223035905e-08
2.968612723881841431e-08
2.967937345498658027e-08
2.967261507481516125e-08
2.966584433753418462e-08
2.965904548324863376e-08
2.965221860801204491e-08
2.964536777453324625e-08
2.963849440760635839e-08
2.963159982707811971e-08
2.962468426596729403e-08
2.961774897119108298e-08
2.961079426292794063e-08
2.960382122978461079e-08
2.959683030400200644e-08
2.958982239986749086e-08
2.958279808302966621e-08
2.957575808634143847e-08
2.956870310885909900e-08
2.956163369488601970e-08
2.955455068222248871e-08
2.954744562349362635e-08
2.954030814491752102e-08
2.953313968018213923e-08
2.952594945220572715e-08
2.951874089579158921e-08
2.951151486830647462e-08
2.950427170949529851e-08
2.949701233364542416e-08
2.948973701646607589e-08
2.948244667935969372e-08
2.947514157313273335e-08
2.946782258894855857e-08
2.946048998650747102e-08
2.945314459115837450e-08
2.944578669817695442e-08
2.943841705820380863e-08
2.943103601276262148e-08
2.942363602698710736e-08
2.941620034487150370e-08
2.940872962633917969e-08
2.940123064850074632e-08
2.939370819446655344e-08
2.938616273916797458e-08
2.937859546904405895e-08
2.937100666336156926e-08
2.936339757615278393e-08
2.935576862542846242e-08
2.934812076994519773e-08
2.934045460203312988e-08
2.933277088478424104e-08
2.932507033504251448e-08
2.931735357715593563e-08
2.930962138844664016e-08
2.930187430432415405e-08
2.929411056380697996e-08
2.928630598452799023e-08
2.927845571578360585e-08
2.927056380605250149e-08
2.926264064868304986e-08
2.925468731271553369e-08
2.924670542394499193e-08
2.923869577036617542e-08
2.923065920045198742e-08
2.922259701804024364e-08
2.921450949528263003e-08
2.920639823307141690e-08
2.919826379527643724e-08
2.919010721536259000e-08
2.918192939872339249e-08
2.917373104085759770e-08
2.916551327306241000e-08
2.915727652935751155e-08
2.914901644820085034e-08
2.914071836186169196e-08
2.913238312059170887e-08
2.912401893696824774e-08
2.911563509972401477e-08
2.910723239329622240e-08
2.909881108983655659e-08
2.909037218189822493e-08
2.908191625647505987e-08
2.907344361062151602e-08
2.906495515506741824e-08
2.905645133272629468e-08
2.904793275371597723e-08
2.903940011887152645e-08
2.903085361318493803e-08
2.902229415272234441e-08
2.901372211814035210e-08
2.900513806441494813e-08
2.899653598464258047e-08
2.898790189591865254e-08
2.897923655066253139e-08
2.897054544171347338e-08
2.896183480365748676e-08
2.895310525550624940e-08
2.894435725796098130e-08
2.893559158478627978e-08
2.892680883542736162e-08
2.891800944924021655e-08
2.890919416975036567e-08
2.890036361063317928e-08
2.889151807961572710e-08
2.888265839315306699e-08
2.887378514001780060e-08
2.886489850342315442e-08
2.885599936741741548e-08
2.884708815890518921e-08
2.883816216348469284e-08
2.882920754766794170e-08
2.882022284930666223e-08
2.881121218269398913e-08
2.880218319475866692e-08
2.879313666638036967e-08
2.878407333574831092e-08
2.877499369558155609e-08
2.876589838979455166e-08
2.875678769943282956e-08
2.874766240537606384e-08
2.873852306437901074e-08
2.872936980984935945e-08
2.872020352583539703e-08
2.871102469794111212e-08
2.870183346491050150e-08
2.869263065387123815e-08
2.868341672730331128e-08
2.867419180616302575e-08
2.866495453858579775e-08
2.865570367053934887e-08
2.864643971430920560e-08
2.863716911259737135e-08
2.862789506896715594e-08
2.861861766702071125e-08
2.860933701170541946e-08
2.860005323465020055e-08
2.859076644791751347e-08
2.858147669953412631e-08
2.857218413713788178e-08
2.856288884077339340e-08
2.855359093673327360e-08
2.854429045881413698e-08
2.853498756176890300e-08
2.852568233631480031e-08
2.851637482336352027e-08
2.850706515988029044e-08
2.849775324981157462e-08
2.848843598564759919e-08
2.847911248511884632e-08
2.846978302749207870e-08
2.846044912294233799e-08
2.845111117702899934e-08
2.844176939431051952e-08
2.843242387617674230e-08
2.842307476137166446e-08
2.841372213171866868e-08
2.840436610105898309e-08
2.839500682058798878e-08
2.838564439169552951e-08
2.837627892110775666e-08
2.836691049064805292e-08
2.835753925151179938e-08
2.834816530508884313e-08
2.833878873142379108e-08
2.832940963902156707e-08
2.832002810970555382e-08
2.831064299083331668e-08
2.830125383237625080e-08
2.829186090470727293e-08
2.828246567353219500e-08
2.827306881834084730e-08
2.826367036759353686e-08
2.825427036575949341e-08
2.824486887865317694e-08
2.823546594896504801e-08
2.822606162827941309e-08
2.821665595750796355e-08
2.820724896511100641e-08
2.819784073113315518e-08
2.818843127158333257e-08
2.817902065761230614e-08
2.816960889989269104e-08
2.816019606068140889e-08
2.815078217733261265e-08
2.814136729787307044e-08
2.813195508478854290e-08
2.812255138489335503e-08
2.811315616083335385e-08
2.810376940193592425e-08
2.809439136434382946e-08
2.808502190753430353e-08
2.807566075935566051e-08
2.806630757472667770e-08
2.805696214731012913e-08
2.804762423519340508e-08
2.803829354487958932e-08
2.802896993050960833e-08
2.801965313771946806e-08
2.801034285522456038e-08
2.800103891759935070e-08
2.799174104913461469e-08
2.798244904171435720e-08
2.797316277082473499e-08
2.796388189316329454e-08
2.795460628065865422e-08
2.794533705215663406e-08
2.793607463278307029e-08
2.792681873793489263e-08
2.791756637572232479e-08
2.790831582251802241e-08
2.789906703918906330e-08
2.788981995102714154e-08
2.788057451356302739e-08
2.787133067343364517e-08
2.786208840751499542e-08
2.785284763576246463e-08
2.784360830837051550e-08
2.783437038976376424e-08
2.782513382480036599e-08
2.781589856545355263e-08
2.780666456903286363e-08
2.779743179996291521e-08
2.778820020310186248e-08
2.777896972864416817e-08
2.776974036591721712e-08
2.776051288868560667e-08
2.775128756198594600e-08
2.774206429154346808e-08
2.773284245656772587e-08
2.772362166750826694e-08
2.771440189590478424e-08
2.770518311507573995e-08
2.769596529122451947e-08
2.768674839233327739e-08
2.767753239527801425e-08
2.766831726804088464e-08
2.765910299461296587e-08
2.764988953408256658e-08
2.764067685798937974e-08
2.763146494320940589e-08
2.762225376839741477e-08
2.761304330153556095e-08
2.760383351416353743e-08
2.759462438493611392e-08
2.758541589784436773e-08
2.757621078863531189e-08
2.756701192290611027e-08
2.755781911388599798e-08
2.754863201471498314e-08
2.753945012733769275e-08
2.753027328454982303e-08
2.752110134227106965e-08
2.751193415997866666e-08
2.750277159537107892e-08
2.749361352927077075e-08
2.748445982471251459e-08
2.747531032160708340e-08
2.746616488121048041e-08
2.745702337367255483e-08
2.744788566736438664e-08
2.743875164132967097e-08
2.742962117283333377e-08
2.742049412313137828e-08
2.741137036948873043e-08
2.740224978917031619e-08
2.739313186455430147e-08
2.738401288157061915e-08
2.737489194016205949e-08
2.736576899408062356e-08
2.735664240152234970e-08
2.734751140651033249e-08
2.733837613355841517e-08
2.732923670362290261e-08
2.732009323766009967e-08
2.731094584417492691e-08
2.730179465301753513e-08
2.729263978336546002e-08
2.728348134372362212e-08
2.727431944793324953e-08
2.726515421695064713e-08
2.725598574860812032e-08
2.724681416030443560e-08
2.723763955698697513e-08
2.722846202225789080e-08
2.721928166995841072e-08
2.721009861570853219e-08
2.720091224583288493e-08
2.719171873597771209e-08
2.718251767880486933e-08
2.717330937136881125e-08
2.716409555686334330e-08
2.715487700727429361e-08
2.714565385600935137e-08
2.713642622936112902e-08
2.712719425717977737e-08
2.711795806931544723e-08
2.710871778494567429e-08
2.709947353036307098e-08
2.709022542296640379e-08
2.708097358371197758e-08
2.707171813711363561e-08
2.706245919345506760e-08
2.705319687013504005e-08
2.704393128633108863e-08
2.703466254699059552e-08
2.702539076595478881e-08
2.701611605350735824e-08
2.700683842032091895e-08
2.699755642914996604e-08
2.698826971178927734e-08
2.697897838208008095e-08
2.696968381323219096e-08
2.696038729663203877e-08
2.695108888564270003e-08
2.694178862651217369e-08
2.693248658327615054e-08
2.692318279684632195e-08
2.691387732414330196e-08
2.690457020785755112e-08
2.689526150135214510e-08
2.688595125621139370e-08
2.687663951512575085e-08
2.686732632434321878e-08
2.685801173544810396e-08
2.684869579290963614e-08
2.683937853941827585e-08
2.683006002122202202e-08
2.682074028279010437e-08
2.681141936681298345e-08
2.680209478479256352e-08
2.679276044088683308e-08
2.678341650052132671e-08
2.677406328921080606e-08
2.676470177994201763e-08
2.675533236582295224e-08
2.674595526208468180e-08
2.673657066794935549e-08
2.672717876663019981e-08
2.671777979114597854e-08
2.670837395139145602e-08
2.669896144303124306e-08
2.668954246172995048e-08
2.668011720493095828e-08
2.667068586474133890e-08
2.666124862793185721e-08
2.665180568305204727e-08
2.664235721331513557e-08
2.663290340371311779e-08
2.662344443568045122e-08
2.661398047997897805e-08
2.660451171092807881e-08
2.659503642268810102e-08
2.658555215700002518e-08
2.657605912909492316e-08
2.656655799355985662e-08
2.655705210871105482e-08
2.654754211668419508e-08
2.653802811709035199e-08
2.652851022377075368e-08
2.651898851143370607e-08
2.650946310815059081e-08
2.649993411886879005e-08
2.649040165209322434e-08
2.648086580565619908e-08
2.647132667383248131e-08
2.646178435801191481e-08
2.645223892934526715e-08
2.644269051590391995e-08
2.643313921196264025e-08
2.642358511001742588e-08
2.641402830256427469e-08
2.640446888209918452e-08
2.639490693756061482e-08
2.638534255255071749e-08
2.637577581422918281e-08
2.636620679730431671e-08
2.635663564941396192e-08
2.634706384871531467e-08
2.633749203734405229e-08
2.632792022419402073e-08
2.631834840392891240e-08
2.630877657832749651e-08
2.629920474383223467e-08
2.628963290933697283e-08
2.628006106416909585e-08
2.627048921722244969e-08
2.626091736493949596e-08
2.625134550732023466e-08
2.624177364258589660e-08
2.623220177963032773e-08
2.622262990600214373e-08
2.621305803237395973e-08
2.620348615163069897e-08
2.619391426555113064e-08
2.618434238125033150e-08
2.617477044358645668e-08
2.616519648524078290e-08
2.615561941582779714e-08
2.614603929404688266e-08
2.613645622662419081e-08
2.612687027403787402e-08
2.611728145229685499e-08
2.610768990548143806e-08
2.609809570296362161e-08
2.608849888743386616e-08
2.607889954605186201e-08
2.606929775708345347e-08
2.605969357567048541e-08
2.605008703027326485e-08
2.604047824006932749e-08
2.603086726553682574e-08
2.602125416537514286e-08
2.601163899294735452e-08
2.600202183541315100e-08
2.599240274435683878e-08
2.598278178381410868e-08
2.597315897868772934e-08
2.596353442681000617e-08
2.595390825625232080e-08
2.594428264067062246e-08
2.593465828801504849e-08
2.592503521073698320e-08
2.591541372901488065e-08
2.590579481761425654e-08
2.589617855480095520e-08
2.588656481961867176e-08
2.587695352668648514e-08
2.586734466177424183e-08
2.585773811993455966e-08
2.584813383535297862e-08
2.583853182048088305e-08
2.582893194191058374e-08
2.581933413916392828e-08
2.580973838378060962e-08
2.580014458860093749e-08
2.579055269670429785e-08
2.578096267963038366e-08
2.577137446978596573e-08
2.576178799246273812e-08
2.575220319429762514e-08
2.574262004149401221e-08
2.573303846290113174e-08
2.572346121738999625e-08
2.571389072408670309e-08
2.570432694385833011e-08
2.569476954051750052e-08
2.568521731339501161e-08
2.567566995120625525e-08
2.566612725828662063e-08
2.565658926131764559e-08
2.564705573617441229e-08
2.563752655300676990e-08
2.562800163888518167e-08
2.561848082126903626e-08
2.560896409482202608e-08
2.559945128878230897e-08
2.558994224839696547e-08
2.558043693986938098e-08
2.557093518888017496e-08
2.556143691360596471e-08
2.555194208025013562e-08
2.554245049136930769e-08
2.553296206691886742e-08
2.552347672507543208e-08
2.551399433421008168e-08
2.550451496191604542e-08
2.549503968612745196e-08
2.548556864558829807e-08
2.547610162862505022e-08
2.546663796464172408e-08
2.545717577703682500e-08
2.544771501422604651e-08
2.543825558549216324e-08
2.542879748016255346e-08
2.541934064843168316e-08
2.540988507606939885e-08
2.540043073639416268e-08
2.539097757070659139e-08
2.538152556655530068e-08
2.537207467057721487e-08
2.536262489700248745e-08
2.535317617112281250e-08
2.534372847515049812e-08
2.533428177706769889e-08
2.532483604307780023e-08
2.531539127673834051e-08
2.530594740867732136e-08
2.529650442466458925e-08
2.528706229801860636e-08
2.527762161751197431e-08
2.526818650811044295e-08
2.525875793746445120e-08
2.524933546977554772e-08
2.523991891471542926e-08
2.523050753053734390e-08
2.522110136171052137e-08
2.521170007916266166e-08
2.520230363308822749e-08
2.519291189007952965e-08
2.518352482879133787e-08
2.517414219485965810e-08
2.516476392247003033e-08
2.515538987643599618e-08
2.514602004964247889e-08
2.513665418772548441e-08
2.512729224621578299e-08
2.511793405257276329e-08
2.510857966015950099e-08
2.509922878970923337e-08
2.508988141098288422e-08
2.508053736744876487e-08
2.507119663954041427e-08
2.506185908139875887e-08
2.505252462365180031e-08
2.504319584907240136e-08
2.503387422692391231e-08
2.502455974831248723e-08
2.501525189739506124e-08
2.500594870863168022e-08
2.499664941537282363e-08
2.498735409054802822e-08
2.497806247801453074e-08
2.496877451729417876e-08
2.495949018348420363e-08
2.495020933961937777e-08
2.494093190209754930e-08
2.493165771794456794e-08
2.492238687787766234e-08
2.491311912041776168e-08
2.490385443311348163e-08
2.489459268789344058e-08
2.488533390076656123e-08
2.487607788496207870e-08
2.486682459423199408e-08
2.485757393785907872e-08
2.484832590339194828e-08
2.483908032184752980e-08
2.482983715765043949e-08
2.482059634498621735e-08
2.481135809730716608e-08
2.480212232211728785e-08
2.479288895715966103e-08
2.478365761110506399e-08
2.477442675065445561e-08
2.476519616235553318e-08
2.475596584442952752e-08
2.474673579687643862e-08
2.473750600902365135e-08
2.472827647019855057e-08
2.471904718217990547e-08
2.470981813073756255e-08
2.470058931587152179e-08
2.469136072868793725e-08
2.468213236385050136e-08
2.467290421424413738e-08
2.466367627275376853e-08
2.465444854115816401e-08
2.464522100344840112e-08
2.463599366318201824e-08
2.462676650790763104e-08
2.461753953584647032e-08
2.460831274166222853e-08
2.459908611290352134e-08
2.458985985235003632e-08
2.458063682915647571e-08
2.457141766233451735e-08
2.456220224515800990e-08
2.455299066478664363e-08
2.454378254767888880e-08
2.453457779066613243e-08
2.452537650581083344e-08
2.451617841918253670e-08
2.450698346318801301e-08
2.449779173388079859e-08
2.448860298401197614e-08
2.447941714420954727e-08
2.447023429096058713e-08
2.446105419836140868e-08
2.445187681127016705e-08
2.444270216348347685e-08
2.443353007356688076e-08
2.442436049882991825e-08
2.441519340903351310e-08
2.440602869211520639e-08
2.439686630360576839e-08
2.438770615634550882e-08
2.437854822187412065e-08
2.436939240058052930e-08
2.436023859996873692e-08
2.435108754933411109e-08
2.434194018786678374e-08
2.433279639638921917e-08
2.432365615711372551e-08
2.431451860733724597e-08
2.430538268513457458e-08
2.429624838516940377e-08
2.428711562028204327e-08
2.427798434244572497e-08
2.426885460324475535e-08
2.425972628350159875e-08
2.425059935653471731e-08
2.424147383657426456e-08
2.423234964891193455e-08
2.422322675619357430e-08
2.421410515841918381e-08
2.420498479333184146e-08
2.419586563069247103e-08
2.418674765804968820e-08
2.417763082559795567e-08
2.416851509954065884e-08
2.415940046564764420e-08
2.415028688122845121e-08
2.414117430892892689e-08
2.413206274163399450e-08
2.412295212953811671e-08
2.411384238548160328e-08
2.410473345788014771e-08
2.409562529514944350e-08
2.408651787594426039e-08
2.407741078581137730e-08
2.406830360496126555e-08
2.405919633161515596e-08
2.405008896399427934e-08
2.404098151277125083e-08
2.403187396727345529e-08
2.402276633995227705e-08
2.401365862902894691e-08
2.400455083628223406e-08
2.399544296171213851e-08
2.398633501421250952e-08
2.397722699022580207e-08
2.396811888975201949e-08
2.395901071990623853e-08
2.394990248068845918e-08
2.394079417565621984e-08
2.393168579947321293e-08
2.392257736459082277e-08
2.391346886567274180e-08
2.390436030449773921e-08
2.389525168640212256e-08
2.388614301138589185e-08
2.387703563487116929e-08
2.386793253273880846e-08
2.385883372811280881e-08
2.384973921387809360e-08
2.384064877302482173e-08
2.383156256919975862e-08
2.382248030356968047e-08
2.381340197613458729e-08
2.380432749795601961e-08
2.379525669293582770e-08
2.378618969092416237e-08
2.377712619486656902e-08
2.376806621187812441e-08
2.375900964590529232e-08
2.374995634041638409e-08
2.374090640035878189e-08
2.373185956425341491e-08
2.372281582320643719e-08
2.371377509895200442e-08
2.370473724385227388e-08
2.369570234684570503e-08
2.368667016424091896e-08
2.367764066935637782e-08
2.366861382661669783e-08
2.365958951862311249e-08
2.365056771335777641e-08
2.364154832899730687e-08
2.363253280634474717e-08
2.362352224467945623e-08
2.361451637896482488e-08
2.360551509891716337e-08
2.359651744755864789e-08
2.358752212994530870e-08
2.357852924035191280e-08
2.356953857422000345e-08
2.356055017246127199e-08
2.355156393546464384e-08
2.354257982587596600e-08
2.353359782235000822e-08
2.352461780215169644e-08
2.351563985244072092e-08
2.350666379356139356e-08
2.349768964863771381e-08
2.348871734118260654e-08
2.347974681071791932e-08
2.347077807147380566e-08
2.346181101672411420e-08
2.345284566247776765e-08
2.344388190556615303e-08
2.343491971752896332e-08
2.342595908235727580e-08
2.341699991644893860e-08
2.340804223759164359e-08
2.339908595506816214e-08
2.339013220195446777e-08
2.338118200993669025e-08
2.337223518512898795e-08
2.336329174354028357e-08
2.335435111774320575e-08
2.334541252507931123e-08
2.333647589617660162e-08
2.332754116877815530e-08
2.331860833754766470e-08
2.330967730287405523e-08
2.330074810566901824e-08
2.329182061430363373e-08
2.328289489103482331e-08
2.327397079889735942e-08
2.326504836101524152e-08
2.325612750801647123e-08
2.324720820432566476e-08
2.323829043037636103e-08
2.322937410612394652e-08
2.322045925647118989e-08
2.321154579070086249e-08
2.320263372660065620e-08
2.319372297167457319e-08
2.318481351702876750e-08
2.317590532886662456e-08
2.316699834315245353e-08
2.315809258301025389e-08
2.314918904810830998e-08
2.314029248064528030e-08
2.313140350319038108e-08
2.312252175998977447e-08
2.311364727772499832e-08
2.310477898201946232e-08
2.309591671812024702e-08
2.308706009647689997e-08
2.307820928073618657e-08
2.306936384221473223e-08
2.306052398902853209e-08
2.305168927648528883e-08
2.304285991625853598e-08
2.303403546899228379e-08
2.302521608943945173e-08
2.301640143785512466e-08
2.300759157471745500e-08
2.299878626700767897e-08
2.298998547203533603e-08
2.298118905105642941e-08
2.297239688667219263e-08
2.296360892551955001e-08
2.295482495236742965e-08
2.294604501880013805e-08
2.293726882598445140e-08
2.292849652333698161e-08
2.291972776221896758e-08
2.291096260666610013e-08
2.290220161699067387e-08
2.289344719808863263e-08
2.288469955096089482e-08
2.287595825048162418e-08
2.286722328953574398e-08
2.285849217606762009e-08
2.284976428039295953e-08
2.284103938728069039e-08
2.283231757677542619e-08
2.282359864431871018e-08
2.281488266106130992e-08
2.280616943845369134e-08
2.279745903697400689e-08
2.278875127340903008e-08
2.278004620823691333e-08
2.277134365646566098e-08
2.276264368746727139e-08
2.275394611091344132e-08
2.274525100329124590e-08
2.273655816182099757e-08
2.272786768433500173e-08
2.271917936093849406e-08
2.271049328590624158e-08
2.270180926357363347e-08
2.269312735619759136e-08
2.268444741436150336e-08
2.267576945941059973e-08
2.266709337394611398e-08
2.265841928070312018e-08
2.264974950809048702e-08
2.264108447056143561e-08
2.263242421792150324e-08
2.262376852426700287e-08
2.261511670477179666e-08
2.260646772241344727e-08
2.259782153983780174e-08
2.258917808945163087e-08
2.258053729298909034e-08
2.257189913977756501e-08
2.256326351241828840e-08
2.255463043225649076e-08
2.254599975699063697e-08
2.253737152931118757e-08
2.252874559090768802e-08
2.252012200047951495e-08
2.251150058726482950e-08
2.250288142597193762e-08
2.249426433338761282e-08
2.248564938955646862e-08
2.247703641304404771e-08
2.246842548567373280e-08
2.245981642778983577e-08
2.245120931765820095e-08
2.244260398095944780e-08
2.243400049595942064e-08
2.242539869189627731e-08
2.241679863992078537e-08
2.240820125432030810e-08
2.239961129152365750e-08
2.239102916420528547e-08
2.238245485101996175e-08
2.237388793929323444e-08
2.236532779934081053e-08
2.235677334611348461e-08
2.234822483931155830e-08
2.233968179333104293e-08
2.233114434869470447e-08
2.232261222613578019e-08
2.231408539897273226e-08
2.230556374624925581e-08
2.229704709720350868e-08
2.228853546962318276e-08
2.228002856823259263e-08
2.227152652466065830e-08
2.226302894579938895e-08
2.225453607711893269e-08
2.224604746681191545e-08
2.223756328564017941e-08
2.222908320453142455e-08
2.222060730175149520e-08
2.221213533716655082e-08
2.220366731789166816e-08
2.219520307316500505e-08
2.218674255140225501e-08
2.217828563164711317e-08
2.216983222673988925e-08
2.216138235802581353e-08
2.215293800171745525e-08
2.214449939261234739e-08
2.213606646311726074e-08
2.212763908693958289e-08
2.211921612744580191e-08
2.211079569202550044e-08
2.210237753876606877e-08
2.209396176016350472e-08
2.208554816588950505e-08
2.207713679329822274e-08
2.206872756946012102e-08
2.206032043033950908e-08
2.205191539906038638e-08
2.204351232620614103e-08
2.203511131850292438e-08
2.202671218384366400e-08
2.201831497737020474e-08
2.200991959591393364e-08
2.200152602168715880e-08
2.199313422267203482e-08
2.198474412060271737e-08
2.197635573682443671e-08
2.196796894860211880e-08
2.195958383420160796e-08
2.195120023175490796e-08
2.194281818928878693e-08
2.193443760541340107e-08
2.192605848724382713e-08
2.191768076362929756e-08
2.190930517809533344e-08
2.190093383848342403e-08
2.189256684262587472e-08
2.188420406067253471e-08
2.187584533253417697e-08
2.186749008011081499e-08
2.185913756343446605e-08
2.185078782519559069e-08
2.184244074977419162e-08
2.183409626779827045e-08
2.182575441840074935e-08
2.181741505038624723e-08
2.180907822067537814e-08
2.180074377095768425e-08
2.179241167988793529e-08
2.178408194035105449e-08
2.177575439759412240e-08
2.176742919213990495e-08
2.175910608919086919e-08
2.175078513499501402e-08
2.174246624417141836e-08
2.173414936157823735e-08
2.172583449077300935e-08
2.171752150368435276e-08
2.170921048213565028e-08
2.170090124824998297e-08
2.169259383938150381e-08
2.168428816659175335e-08
2.167598418541150185e-08
2.166768189584074931e-08
2.165938216947639846e-08
2.165108902811558616e-08
2.164280264963523132e-08
2.163452327061163611e-08
2.162625038765311999e-08
2.161798345467754186e-08
2.160972153960984655e-08
2.160146439875865515e-08
