1.573208884401417455e-12
2.020801683248652934e-12
2.537361065361169081e-12
3.125251245278540458e-12
3.786454711554749635e-12
4.522635628497778155e-12
5.334970888830831766e-12
6.224372278523004399e-12
7.191400514856532679e-12
8.236494206049883664e-12
9.359489247410460714e-12
1.056028582536985277e-11
1.183842105098076414e-11
1.319322241317029941e-11
1.462380718846387833e-11
1.612894214188892396e-11
1.770755101353032029e-11
1.935801208337167709e-11
2.107899110643796838e-11
2.286850230927556300e-11
2.472478469185827356e-11
2.664586921492713309e-11
2.862958062772867662e-11
3.067383445100113826e-11
3.277624108568630545e-11
3.493436487530945863e-11
3.714608364234872319e-11
3.940857638063096014e-11
4.171923310900694907e-11
4.407580754109919691e-11
4.647548613256543437e-11
4.891564256510847088e-11
5.139357348278456310e-11
5.390672264074406004e-11
5.645221989166799214e-11
5.902755604868088432e-11
6.163000061637396759e-11
6.425680790039102572e-11
6.690547445250480125e-11
6.957337667815842463e-11
7.225767147950070129e-11
7.495643029750660914e-11
7.766640990654858251e-11
8.038580068426228365e-11
8.311172297803088801e-11
8.584235814458916958e-11
8.857522009194435575e-11
9.130791456765097994e-11
9.403893135431573509e-11
9.676561478130283033e-11
9.948666658533214123e-11
1.022000964798526146e-10
1.049035370395404101e-10
1.075964048122195912e-10
1.102765261551758038e-10
1.129422993343997460e-10
1.155931889813936166e-10
1.182271291404474150e-10
1.208430447613149530e-10
1.234404877291564197e-10
1.260177596912964999e-10
1.285741757924805810e-10
1.311094011794087896e-10
1.336222240801293389e-10
1.361121737653462152e-10
1.385791032682256248e-10
1.410223738385750654e-10
1.434416770611105299e-10
1.458370596655809271e-10
1.482080725101189974e-10
1.505545150954086809e-10
1.528769347556116475e-10
1.551756798965549266e-10
1.574506725025336092e-10
1.597016536368992086e-10
1.619296225576544906e-10
1.641353568886906377e-10
1.663190141066674345e-10
1.684804695892155381e-10
1.706210782025917733e-10
1.727419162781796610e-10
1.748432965153970369e-10
1.769253021577302813e-10
1.789897401170383009e-10
1.810376482177927409e-10
1.830693386856023822e-10
1.850857082980712846e-10
1.870885115608652102e-10
1.890785462572594863e-10
1.910562957876336220e-10
1.930234843418148017e-10
1.949808720458464024e-10
1.969295495631741103e-10
1.988708203769185873e-10
2.008057929885099932e-10
2.027356711363220060e-10
2.046616511948356181e-10
2.065845053086976348e-10
2.085056196658550834e-10
2.104265529194274752e-10
2.123481937313844440e-10
2.142715468535315118e-10
2.161976893636999845e-10
2.181276513148342162e-10
2.200631058180276940e-10
2.220046845626592114e-10
2.239531994417201126e-10
2.259100906666541030e-10
2.278756130435005624e-10
2.298520657545210510e-10
2.318389058621842906e-10
2.338381387712559539e-10
2.358497216853963810e-10
2.378750015299285159e-10
2.399146253784670570e-10
2.419691797139777050e-10
2.440397202809728958e-10
2.461263476434392920e-10
2.482305192644994546e-10
2.503515709406208162e-10
2.524913776440830841e-10
2.546485555837777739e-10
2.568254624520907663e-10
2.590207226450164078e-10
2.612363097559392455e-10
2.634708811754338996e-10
2.657260283222365611e-10
2.680005466387338735e-10
2.702956089624788078e-10
2.726106133653892652e-10
2.749454705437228257e-10
2.773006930966728769e-10
2.796749536468487105e-10
2.820696640486191446e-10
2.844823845082829080e-10
2.869155000416558752e-10
2.893655889757678067e-10
2.918352731396412727e-10
2.943214519466735360e-10
2.968254313112345151e-10
2.993453678328741225e-10
3.018808383206970199e-10
3.044319462278663139e-10
3.069963221147079364e-10
3.095753767801082439e-10
3.121660415679596330e-10
3.147689930961213043e-10
3.173823051018216162e-10
3.200051505420908695e-10
3.226370395652025219e-10
3.252758208742301588e-10
3.279215079992016236e-10
3.305719726156504738e-10
3.332264474639277297e-10
3.358836584787640342e-10
3.385424272566735109e-10
3.412013389852894709e-10
3.438592004579017957e-10
3.465147302327752976e-10
3.491657923932489998e-10
3.518120357932119397e-10
3.544509096723527996e-10
3.570819030507669591e-10
3.597041162107195892e-10
3.623140677640794133e-10
3.649127344768157253e-10
3.674968017250409506e-10
3.700643870442042658e-10
3.726167301993728754e-10
3.751490972895024421e-10
3.776624629762147813e-10
3.801564047866073267e-10
3.826250846896896823e-10
3.850714378822641887e-10
3.874929588177118108e-10
3.898846838286985899e-10
3.922508386851742727e-10
3.945871518297643575e-10
3.968914889419355777e-10
3.991677830471249410e-10
4.014087716457997643e-10
4.036144507787427636e-10
4.057886986220371451e-10
4.079229717254294496e-10
4.100192507583380567e-10
4.120812203934928613e-10
4.141006883300600892e-10
4.160804740191133279e-10
4.180239444675722390e-10
4.199213699039246634e-10
4.217762160329574634e-10
4.235926537494585487e-10
4.253613659345300944e-10
4.270851721663006298e-10
4.287694904367542190e-10
4.304062366998382139e-10
4.319962930430907398e-10
4.335458990467057283e-10
4.350483691385257609e-10
4.365010476823257601e-10
4.379126282662725749e-10
4.392793551244405117e-10
4.405949210039971090e-10
4.418688211998676249e-10
4.431007036322196211e-10
4.442818574896624063e-10
4.454205690420708297e-10
4.465194008513074442e-10
4.475696764558145475e-10
4.485759690963239510e-10
4.495444110061619006e-10
4.504700426830142582e-10
4.513503538329070169e-10
4.521940969339726836e-10
4.530008851753810047e-10
4.537636650841548558e-10
4.544900311477731515e-10
4.551832845798713754e-10
4.558382087950332194e-10
4.564563047495378524e-10
4.570446026421469398e-10
4.576022241089586016e-10
4.581244210809789688e-10
4.586183699780174599e-10
4.590866726642653806e-10
4.595258023949623623e-10
4.599365012338359264e-10
4.603249266974840499e-10
4.606913816822416928e-10
4.610335471237340919e-10
4.613561022543080285e-10
4.616618675672846618e-10
4.619501851682033924e-10
4.622204098005998919e-10
4.624775780917851237e-10
4.627227641781361354e-10
4.629554463879425807e-10
4.631770773787385338e-10
4.633912467828484854e-10
4.635984359366708802e-10
4.638001661676272683e-10
4.639983818444802836e-10
4.641946232470136712e-10
4.643893901637092361e-10
4.645846707172135491e-10
4.647821102174105814e-10
4.649824332626055286e-10
4.651865918748177128e-10
4.653976698257223790e-10
4.656163563784541880e-10
4.658427386278524522e-10
4.660784517114648421e-10
4.663279689988829871e-10
4.665903113934734998e-10
4.668648365537565302e-10
4.671531855683479477e-10
4.674601054143632126e-10
4.677840654417243991e-10
4.681242205921298109e-10
4.684821008195021708e-10
4.688635942740360614e-10
4.692665582634686724e-10
4.696895123290564139e-10
4.701334063424798875e-10
4.706050731630146384e-10
4.711024452434551676e-10
4.716226173603849385e-10
4.721657283365483057e-10
4.727383982204793894e-10
4.733404878489662951e-10
4.739678154938020665e-10
4.746197634287475223e-10
4.753022374487523275e-10
4.760179379335643816e-10
4.767614419066092495e-10
4.775314763825845817e-10
4.783306182878405766e-10
4.791652687287763571e-10
4.800300827349271018e-10
4.809223018220699632e-10
4.818418841130283780e-10
4.827955822401537689e-10
4.837823004743463783e-10
4.847965271113379295e-10
4.858373890173241197e-10
4.869088582169917328e-10
4.880152219937422040e-10
4.891504380102530261e-10
4.903120006904575339e-10
4.914999672931212173e-10
4.927199484397478525e-10
4.939704227433588849e-10
4.952456437617100630e-10
4.965448639998059633e-10
4.978698313323016856e-10
4.992244540231480372e-10
5.006037370763725398e-10
5.020046559116902214e-10
5.034266922203762344e-10
5.048733388205435593e-10
5.063453031342574082e-10
5.078367776511758828e-10
5.093463148221014997e-10
5.108738271343033011e-10
5.124214034841875237e-10
5.139877484026901525e-10
5.155683432039568796e-10
5.171626196476632334e-10
5.187705336288698249e-10
5.203928818886044095e-10
5.220276331856111898e-10
5.236715556643564281e-10
5.253244070002944434e-10
5.269857963449609764e-10
5.286551544783188378e-10
5.303303369290051557e-10
5.320090123552996429e-10
5.336910800479627211e-10
5.353754547599273550e-10
5.370600673465368466e-10
5.387436860948309458e-10
5.404251230841145205e-10
5.421044129560498799e-10
5.437800431940124862e-10
5.454487385982045040e-10
5.471100373593147730e-10
5.487634732035729310e-10
5.504091507597311708e-10
5.520455816386999340e-10
5.536674820843575783e-10
5.552746928981851564e-10
5.568678638914343217e-10
5.584471858026899060e-10
5.600120149944454759e-10
5.615558024759593794e-10
5.630782228859947085e-10
5.645811810990794420e-10
5.660653127849854814e-10
5.675307400140645434e-10
5.689706769165247040e-10
5.703825975302676655e-10
5.717695845886915681e-10
5.731327731586282521e-10
5.744728843413941556e-10
5.757855637652696986e-10
5.770638022223593121e-10
5.783105550324535346e-10
5.795292519193060713e-10
5.807204719477268899e-10
5.818837139978042715e-10
5.830105806993809336e-10
5.841005586317077042e-10
5.851587765170762261e-10
5.861870453814109003e-10
5.871858012924930968e-10
5.881502481416568194e-10
5.890738296013992553e-10
5.899606075087002495e-10
5.908152672034773541e-10
5.916385524008414654e-10
5.924302603601479356e-10
5.931824013279782473e-10
5.938929323290233056e-10
5.945689246967440212e-10
5.952129989585115525e-10
5.958258827477221987e-10
5.964059947630512767e-10
5.969460298085498614e-10
5.974477848613068302e-10
5.979178388414436305e-10
5.983576944836777484e-10
5.987679792683621484e-10
5.991452231503278581e-10
5.994846041083181403e-10
5.997889204708533327e-10
6.000649071467821810e-10
6.003132685740331195e-10
6.005344708599477714e-10
6.007252077414493216e-10
6.008820012777644146e-10
6.010092137034606612e-10
6.011121810114462584e-10
6.011916406203332796e-10
6.012477600550407183e-10
6.012783934634758241e-10
6.012814624210080428e-10
6.012607777014046752e-10
6.012207419023385020e-10
6.011619409730782930e-10
6.010845414747121919e-10
6.009874716892083899e-10
6.008693443890192660e-10
6.007329963119697208e-10
6.005829787024047167e-10
6.004196824551106275e-10
6.002433861734513116e-10
6.000539882865958647e-10
5.998515339367681639e-10
5.996372629968997659e-10
5.994153158318656598e-10
5.991861292777325685e-10
5.989498231046283614e-10
5.987069461008982254e-10
5.984587041291156514e-10
5.982056141632668506e-10
5.979503874592012885e-10
5.976936485624351167e-10
5.974355266339122627e-10
5.971762665184322978e-10
5.969188060515037167e-10
5.966639665354627674e-10
5.964128694098370070e-10
5.961664905594829404e-10
5.959247676096884253e-10
5.956875935871405406e-10
5.954574073839136900e-10
5.952370885073717824e-10
5.950266207232681157e-10
5.948261207117146634e-10
5.946355486251052129e-10
5.944545980866596588e-10
5.942838958964576300e-10
5.941279217808083275e-10
5.939875532989323312e-10
5.938620393893622888e-10
5.937505529571815586e-10
5.936529546730803790e-10
5.935689272153556513e-10
5.935010741521907430e-10
5.934545256292896948e-10
5.934288234014971700e-10
5.934216526740138547e-10
5.934323228086000380e-10
5.934605034999602904e-10
5.935058418960063539e-10
5.935726791406817610e-10
5.936639778086473305e-10
5.937785465421070488e-10
5.939132342193475802e-10
5.940675017626278207e-10
5.942410475446733059e-10
5.944336601556556962e-10
5.946504915833139793e-10
5.948929596522757623e-10
5.951593655181895742e-10
5.954463196025275063e-10
5.957533704395410862e-10
5.960801409501799671e-10
5.964269334859979577e-10
5.967990691460200178e-10
5.971976762747465857e-10
5.976206104873378814e-10
5.980637252982786912e-10
5.985265864834077947e-10
5.990088538173835483e-10
5.995105299683597358e-10
6.000353725447241475e-10
6.005842041005027342e-10
6.011552552940491393e-10
6.017444280939377628e-10
6.023512650145305062e-10
6.029755351276798601e-10
6.036169574649471587e-10
6.042778951551147044e-10
6.049594162523005005e-10
6.056604940774644754e-10
6.063769432636321582e-10
6.071080794912311010e-10
6.078536866707413668e-10
6.086134856902484565e-10
6.093885143141707030e-10
6.101801606134490800e-10
6.109879992906901017e-10
6.118081097804437630e-10
6.126388535295682084e-10
6.134800578394605851e-10
6.143315443625362012e-10
6.151932394969258961e-10
6.160653127577452172e-10
6.169476362977784855e-10
6.178386319637849934e-10
6.187358384424635258e-10
6.196391044084002053e-10
6.205483458931675627e-10
6.214634501346773143e-10
6.223835681830738542e-10
6.233080618304642895e-10
6.242366894678141693e-10
6.251673857525197629e-10
6.260994970641626960e-10
6.270329729624272681e-10
6.279678096260699214e-10
6.289035058602363734e-10
6.298373431494092307e-10
6.307688816359964290e-10
6.316976021559683673e-10
6.326221170468458580e-10
6.335424472928775529e-10
6.344586209368097063e-10
6.353706648926179089e-10
6.362770622804653280e-10
6.371743477115480950e-10
6.380625967919939947e-10
6.389417668768374192e-10
6.398118647122325722e-10
6.406729892852289966e-10
6.415251046166133328e-10
6.423685170381670610e-10
6.432002651453590569e-10
6.440172625546085731e-10
6.448193975439242280e-10
6.456076654253263933e-10
6.463824582695214016e-10
6.471441081579268934e-10
6.478927274307690401e-10
6.486283286057720517e-10
6.493474925262491119e-10
6.500470466691737685e-10
6.507270205346190794e-10
6.513893223375992091e-10
6.520350588356821502e-10
6.526646888689315361e-10
6.532781404992692903e-10
6.538757855513290725e-10
6.544547945486082713e-10
6.550117730927629849e-10
6.555469308701080284e-10
6.560623998288226721e-10
6.565603808658989646e-10
6.570407666071722601e-10
6.575041377739644209e-10
6.579504744537219971e-10
6.583781902442283403e-10
6.587832139314187456e-10
6.591658478914970042e-10
6.595276333427659841e-10
6.598717227600410672e-10
6.601983419904301324e-10
6.605080854062166908e-10
6.608007855595749821e-10
6.610764613385125495e-10
6.613314747317232882e-10
6.615651005359021026e-10
6.617782517111182480e-10
6.619749594686511340e-10
6.621561651759374846e-10
6.623219703784964774e-10
6.624728458201825049e-10
6.626087082674353541e-10
6.627283618819525054e-10
6.628302704619506335e-10
6.629145000525076948e-10
6.629835362279668347e-10
6.630400118635205232e-10
6.630841319767107623e-10
6.631160180601863290e-10
6.631358915298485608e-10
6.631438199263179615e-10
6.631384703047819920e-10
6.631196709807612306e-10
6.630879997839195541e-10
6.630466084247574584e-10
6.629965416762291705e-10
6.629381578951444887e-10
6.628713966860690404e-10
6.627964788003472587e-10
6.627133953787093472e-10
6.626223566964227172e-10
6.625235006860199481e-10
6.624173041085980802e-10
6.623065850124978183e-10
6.621917686550771067e-10
6.620728126615275255e-10
6.619498739412283950e-10
6.618229691241496222e-10
6.616927377549079698e-10
6.615600088678277436e-10
6.614248814486349977e-10
6.612878634669586672e-10
6.611505941924444546e-10
6.610132350505469524e-10
6.608758041305481043e-10
6.607382532349497225e-10
6.606006825318498286e-10
6.604641895000006119e-10
6.603303405347666810e-10
6.601990519714612874e-10
6.600706441141045105e-10
6.599459317739808952e-10
6.598249997225448495e-10
6.597077799920198012e-10
6.595942337674518146e-10
6.594843257148284076e-10
6.593792088895127659e-10
6.592810934719449528e-10
6.591898558729042108e-10
6.591055626703382468e-10
6.590279956991655308e-10
6.589572045841016794e-10
6.588930087734565406e-10
6.588353960237989956e-10
6.587843026984701596e-10
6.587403048438979448e-10
6.587058107309230949e-10
6.586813499725207089e-10
6.586664663120776424e-10
6.586607852859232094e-10
6.586635990742837594e-10
6.586749573611010409e-10
6.586947073192974925e-10
6.587227349476682730e-10
6.587591459375617900e-10
6.588063248369405636e-10
6.588654464232615371e-10
6.589365646176164289e-10
6.590188653033869721e-10
6.591111092090019155e-10
6.592129503081019799e-10
6.593244477173003109e-10
6.594453678300385756e-10
6.595755989777612599e-10
6.597158105701102706e-10
6.598679573134552286e-10
6.600325375220766512e-10
6.602089028935003223e-10
6.603958493244004777e-10
6.605920882988278952e-10
6.607977435244555963e-10
6.610125282070118608e-10
6.612364180940574370e-10
6.614693165500518274e-10
6.617120611890020871e-10
6.619659991125860670e-10
6.622306838242601065e-10
6.625061345749986015e-10
6.627900770808418659e-10
6.630822048836152218e-10
6.633822212182118454e-10
6.636902626096337857e-10
6.640060068852599598e-10
6.643296164765620215e-10
6.646615979054373977e-10
6.650027125018081293e-10
6.653525556238078061e-10
6.657109632281206330e-10
6.660754940324511084e-10
6.664459919694897756e-10
6.668221700882969064e-10
6.672041530825448125e-10
6.675917263958101040e-10
6.679849673876780282e-10
6.683835765964329644e-10
6.687876156258547240e-10
6.691968319034570172e-10
6.696111012677755387e-10
6.700285654461490956e-10
6.704490466587697684e-10
6.708723506515351218e-10
6.712985978844416564e-10
6.717276035163714354e-10
6.721594550818929849e-10
6.725934412346308308e-10
6.730290240750799337e-10
6.734661446833306976e-10
6.739047815420992843e-10
6.743437196724546720e-10
6.747826065407731386e-10
6.752214707630371030e-10
6.756602220915256301e-10
6.760989562532040326e-10
6.765375660970809939e-10
6.769756037523349837e-10
6.774115776121438607e-10
6.778454133897329171e-10
6.782771366357186580e-10
6.787063216569843924e-10
6.791324122106332531e-10
6.795554926324436193e-10
6.799755504927032984e-10
6.803925654733749044e-10
6.808066455607367364e-10
6.812177529189685498e-10
6.816239018616361140e-10
6.820245496289692643e-10
6.824197444319492325e-10
6.828094657938853910e-10
6.831939134189250770e-10
6.835730765955756662e-10
6.839470415656051054e-10
6.843159262617249694e-10
6.846796229989161381e-10
6.850383076312273469e-10
6.853913470763903687e-10
6.857368454685358396e-10
6.860747153775681450e-10
6.864047560340967549e-10
6.867276689218572638e-10
6.870437999346946169e-10
6.873532693715532494e-10
6.876563266150628548e-10
6.879527329519828706e-10
6.882427768603111537e-10
6.885264905074473650e-10
6.888028234406016016e-10
6.890704207304858761e-10
6.893290663182686521e-10
6.895791099340104016e-10
6.898212206606994076e-10
6.900561189960584150e-10
6.902839812482583154e-10
6.905049085893462400e-10
6.907190014997636097e-10
6.909261600055516926e-10
6.911265523196783156e-10
6.913193945621198872e-10
6.915036362957202180e-10
6.916791076726717182e-10
6.918461889859522868e-10
6.920057133021435615e-10
6.921586245904134469e-10
6.923050827054832703e-10
6.924452755563184243e-10
6.925790620660246670e-10
6.927066173825693630e-10
6.928280457562695747e-10
6.929427751186916738e-10
6.930502268623738534e-10
6.931502582301698934e-10
6.932429689378754563e-10
6.933291673289671598e-10
6.934100770468447879e-10
6.934858263712567618e-10
6.935564693635019136e-10
6.936221441072387205e-10
6.936827644528471560e-10
6.937384853152913655e-10
6.937893167742634214e-10
6.938350015367227140e-10
6.938757360607117028e-10
6.939114932195039434e-10
6.939424176133694970e-10
6.939700082576909432e-10
6.939946345031701656e-10
6.940161502033711023e-10
6.940347595096949357e-10
6.940504499338650859e-10
6.940631979168678086e-10
6.940730901492165330e-10
6.940804018908937997e-10
6.940853201580889658e-10
6.940878341571703725e-10
6.940880167648179372e-10
6.940865095176647737e-10
6.940840441692110943e-10
6.940807341810091089e-10
6.940765514420701623e-10
6.940715188537166937e-10
6.940656097448333404e-10
6.940588753925117106e-10
6.940514805325004903e-10
6.940441390222473391e-10
6.940370342108845228e-10
6.940301864211643571e-10
6.940235593255477262e-10
6.940178137429922852e-10
6.940132729554510365e-10
6.940098502963987888e-10
6.940075956510303336e-10
6.940064510257956429e-10
6.940064432110895239e-10
6.940075772756266160e-10
6.940101838297665586e-10
6.940153829351194442e-10
6.940232312911112325e-10
6.940337068031687357e-10
6.940467910468364260e-10
6.940626711874443251e-10
6.940812539276220154e-10
6.941025135147554864e-10
6.941265360959832226e-10
6.941531571266352596e-10
6.941824871786737734e-10
6.942144104363905308e-10
6.942492950414802323e-10
6.942880141406511981e-10
6.943305777389010914e-10
6.943769750813930237e-10
6.944271770210119049e-10
6.944809658059356388e-10
6.945382223351427534e-10
6.945988428465181837e-10
6.946628851539483286e-10
6.947303391817115827e-10
6.948010474828439458e-10
6.948751289703487365e-10
6.949525908343279933e-10
6.950344069119526151e-10
6.951205515507801634e-10
6.952109683040056375e-10
6.953056505900010576e-10
6.954041982101833922e-10
6.955062629846286372e-10
6.956117851278654035e-10
6.957207532029636697e-10
6.958330439930993900e-10
6.959487736681795358e-10
6.960678536913408328e-10
6.961901993770729388e-10
6.963163066950956427e-10
6.964463908112162915e-10
6.965804694348754917e-10
6.967184269271335070e-10
6.968600334629708928e-10
6.970044510710385692e-10
6.971515647987085542e-10
6.973014598939740067e-10
6.974540264708536325e-10
6.976092003559310473e-10
6.977670699871387242e-10
6.979274952170025575e-10
6.980905636409715665e-10
6.982563822507220818e-10
6.984248751583058839e-10
6.985960249469388673e-10
6.987698185915869525e-10
6.989457702551619820e-10
6.991234486203808439e-10
6.993028018566853820e-10
6.994838032886588944e-10
6.996664761069715984e-10
6.998507508592231585e-10
7.000366417916143923e-10
7.002241962354199502e-10
7.004131715817921748e-10
7.006033863592987907e-10
7.007948277259607882e-10
7.009874770469706095e-10
7.011813368298435635e-10
7.013758606736431473e-10
7.015707745598194837e-10
7.017660642667390191e-10
7.019617559239619692e-10
7.021578259785130083e-10
7.023542667546523602e-10
7.025511221386955783e-10
7.027483369160886204e-10
7.029455432500355598e-10
7.031423502129936705e-10
7.033387447844783665e-10
7.035347282057568750e-10
7.037303064699181700e-10
7.039251376718649381e-10
7.041190729253734925e-10
7.043120864623615451e-10
7.045042047776722701e-10
7.046954473273381374e-10
7.048858179285495196e-10
7.050753250321971450e-10
7.052639661592207177e-10
7.054514006826824068e-10
7.056370875903138100e-10
7.058210219243252078e-10
7.060031905535552481e-10
7.061836287333515367e-10
7.063622798601583468e-10
7.065390938231260159e-10
7.067140901321364715e-10
7.068872988533024646e-10
7.070587352130338389e-10
7.072284059527698684e-10
7.073962810036681065e-10
7.075624259510595249e-10
7.077267640727842566e-10
7.078885029513221718e-10
7.080475726405288270e-10
7.082040029061676928e-10
7.083578315718994588e-10
7.085090923956266677e-10
7.086579960216220022e-10
7.088045610759249055e-10
7.089488238884733170e-10
7.090908032045034062e-10
7.092305178007669238e-10
7.093679185263573080e-10
7.095030725552058973e-10
7.096360189105507055e-10
7.097664178530186990e-10
7.098938733456552263e-10
7.100184089998345641e-10
7.101400466263242321e-10
7.102588088888803974e-10
7.103749876469325432e-10
7.104888479930072746e-10
7.106004240052914676e-10
7.107097053124291660e-10
7.108167486814269854e-10
7.109215726722326380e-10
7.110241958778810607e-10
7.111246340358969975e-10
7.112228705555189024e-10
7.113186466323644687e-10
7.114118536845853563e-10
7.115025050609741362e-10
7.115906004904637217e-10
7.116761811545717811e-10
7.117596948385893694e-10
7.118413421993277350e-10
7.119211572885866925e-10
7.119991628688050562e-10
7.120753739819313931e-10
7.121498056973766665e-10
7.122224731132550070e-10
7.122933744723039215e-10
7.123625288627086612e-10
7.124299318894931956e-10
7.124955863485279950e-10
7.125595043143338971e-10
7.126216874632751312e-10
7.126821484806626992e-10
7.127413411916950528e-10
7.127995109708155094e-10
7.128566469393582431e-10
7.129127743005239016e-10
7.129679047524661438e-10
7.130220469891840797e-10
7.130752097213031500e-10
7.131274016757442531e-10
7.131786340168813987e-10
7.132289915426387742e-10
7.132785514156499230e-10
7.133273238019645734e-10
7.133753140067055839e-10
7.134225230176093240e-10
7.134691802896973504e-10
7.135155852012227598e-10
7.135617527699804456e-10
7.136076854424397873e-10
7.136533856688751955e-10
7.136988559035315476e-10
7.137440986039624436e-10
7.137891142982399864e-10
7.138338984401795294e-10
7.138785365485104461e-10
7.139232362533419848e-10
7.139680137562472135e-10
7.140128697901908728e-10
7.140578092600231231e-10
7.141028479294076156e-10
7.141482214134626469e-10
7.141939761831123121e-10
7.142401085275416651e-10
7.142866159998677361e-10
7.143334961451011849e-10
7.143807465008080461e-10
7.144283645971924468e-10
7.144763479570138885e-10
7.145247030739710519e-10
7.145737203229523746e-10
7.146236200116026095e-10
7.146744020523233296e-10
7.147260531773856637e-10
7.147785677023217244e-10
7.148319486489050073e-10
7.148862108789241420e-10
7.149413502056871762e-10
7.149973611004843317e-10
7.150542374722884499e-10
7.151119730628164524e-10
7.151705618659926294e-10
7.152299989367658431e-10
7.152902894594905825e-10
7.153514266987659918e-10
7.154135789204994574e-10
7.154768101505383422e-10
7.155411128469806933e-10
7.156064806349936839e-10
7.156729109922554722e-10
7.157403537041052286e-10
7.158087392948161241e-10
7.158780570075660371e-10
7.159483002059676311e-10
7.160194622336985168e-10
7.160915364139222259e-10
7.161645160494536469e-10
7.162384007405991077e-10
7.163131804328955448e-10
7.163888504371387837e-10
7.164654554819623952e-10
7.165430152813964823e-10
7.166215242608227428e-10
7.167009742616760770e-10
7.167813566822707310e-10
7.168626193698617002e-10
7.169446138495822163e-10
7.170273222292674756e-10
7.171107392598774650e-10
7.171948618844007946e-10
7.172796802333319859e-10
7.173651888829304803e-10
7.174513823934911336e-10
7.175382553088479073e-10
7.176258021580282301e-10
7.177140377533553308e-10
7.178029832629601112e-10
7.178926328074082133e-10
7.179829800858167572e-10
7.180740167213276795e-10
7.181657311280357305e-10
7.182578650258256757e-10
7.183503181409685294e-10
7.184430879115204982e-10
7.185361735552168769e-10
7.186295737214371614e-10
7.187232835780403672e-10
7.188173004485181864e-10
7.189116219441384460e-10
7.190062456680626031e-10
7.191011505409989538e-10
7.191961398530285423e-10
7.192911703479820060e-10
7.193862401932406978e-10
7.194813405162172134e-10
7.195764759733593749e-10
7.196716057502936290e-10
7.197666072914441115e-10
7.198614692709711573e-10
7.199561721325880063e-10
7.200507349131533529e-10
7.201451593602930363e-10
7.202394460159344349e-10
7.203335954259753937e-10
7.204276001751966707e-10
7.205214696071409521e-10
7.206151567977132441e-10
7.207084087823436464e-10
7.208012144111338104e-10
7.208935781875858629e-10
7.209855037038556912e-10
7.210769954036402637e-10
7.211680312372409412e-10
7.212585890511479172e-10
7.213486683638593571e-10
7.214382615255262380e-10
7.215273565382660061e-10
7.216159818787225063e-10
7.217041401935014674e-10
7.217918341427743803e-10
7.218790579938487279e-10
7.219658065687806707e-10
7.220520690906475980e-10
7.221376720559172031e-10
7.222226177486419524e-10
7.223068912753935579e-10
7.223905205780849574e-10
7.224734960645643315e-10
7.225558228389910092e-10
7.226374856721840917e-10
7.227184753983206474e-10
7.227987911130854717e-10
7.228784556545216869e-10
7.229574730992235058e-10
7.230358395964170227e-10
7.231135350118643837e-10
7.231905968792581146e-10
7.232670293370241790e-10
7.233428169341318381e-10
7.234177758958644008e-10
7.234918813740471383e-10
7.235651296657233205e-10
7.236375393826635250e-10
7.237091119973733192e-10
7.237798539156220848e-10
7.238499010909955036e-10
7.239192964449443033e-10
7.239880467990202005e-10
7.240561471930760111e-10
7.241236210538592992e-10
7.241904729039387050e-10
7.242566942269107959e-10
7.243222717547158283e-10
7.243872399463332734e-10
7.244516026826877699e-10
7.245153031818420921e-10
7.245782663075484023e-10
7.246404845636891944e-10
7.247019657574432438e-10
7.247627071019977078e-10
7.248227281875123926e-10
7.248821092817327838e-10
7.249409849354703216e-10
7.249993556598812655e-10
7.250572263938128989e-10
7.251146141293334419e-10
7.251715117743203996e-10
7.252278996470864310e-10
7.252838140888604910e-10
7.253392580620245074e-10
7.253942226975065933e-10
7.254487064649398974e-10
7.255027514229844095e-10
7.255563803688205295e-10
7.256095906386785310e-10
7.256623796013382443e-10
7.257147618493410098e-10
7.257667141246427490e-10
7.258183355107836236e-10
7.258696933883246888e-10
7.259207887844174703e-10
7.259716294621933759e-10
7.260222196769176309e-10
7.260725582965935669e-10
7.261226245229640931e-10
7.261724408250257016e-10
7.262220121326921251e-10
7.262713437831808300e-10
7.263204270867113273e-10
7.263692802618125312e-10
7.264179209392601721e-10
7.264663466181150267e-10
7.265145554275840629e-10
7.265625489257860413e-10
7.266103288111709138e-10
7.266579679910656394e-10
7.267055525041653246e-10
7.267530968751824994e-10
7.268005996585776842e-10
7.268480538338622252e-10
7.268954643954285839e-10
7.269428338889250954e-10
7.269901610927300720e-10
7.270374487723150968e-10
7.270846937229756814e-10
7.271318976077170884e-10
7.271790787458601899e-10
7.272262669968880197e-10
7.272734592263650827e-10
7.273206597601151102e-10
7.273678699722091769e-10
7.274150899364317933e-10
7.274623204661496557e-10
7.275096452908177546e-10
7.275570711993141721e-10
7.276045989579803869e-10
7.276522247629849931e-10
7.276999472614327397e-10
7.277477748305539215e-10
7.277956974909934743e-10
7.278437150022486352e-10
7.278918353189017646e-10
7.279400487007770728e-10
7.279883629239513440e-10
7.280368220820729521e-10
7.280854457278717805e-10
7.281342275074426719e-10
7.281831740799204295e-10
7.282322825536470681e-10
7.282815539036617346e-10
7.283309706383618370e-10
7.283805112709451427e-10
7.284301845198125898e-10
7.284799814691565870e-10
7.285299050976958791e-10
7.285799546168378291e-10
7.286301214549233395e-10
7.286804196576032884e-10
7.287308374598051055e-10
7.287813727061442687e-10
7.288320344643814478e-10
7.288828115369726909e-10
7.289337069427136433e-10
7.289847154507622655e-10
7.290358328910115764e-10
7.290870614218239483e-10
7.291384000406978378e-10
7.291898538275148228e-10
7.292414077905361994e-10
7.292930527584796440e-10
7.293447894692316220e-10
7.293966123450305449e-10
7.294485319025680027e-10
7.295005424065045001e-10
7.295526378095293739e-10
7.296048237892862716e-10
7.296570944969465179e-10
7.297094499674584938e-10
7.297619016094626437e-10
7.298144322387366911e-10
7.298670103033447099e-10
7.299196300423046058e-10
7.299722894981761773e-10
7.300249899865074706e-10
7.300777307729275380e-10
7.301305111679813387e-10
7.301833221623898723e-10
7.302361401611570377e-10
7.302889592684703011e-10
7.303417930037695940e-10
7.303946285369873073e-10
7.304474729267864801e-10
7.305003180367290943e-10
7.305531687214140877e-10
7.306060267994393961e-10
7.306588937634937939e-10
7.307117633066559826e-10
7.307646348772792118e-10
7.308174711281588245e-10
7.308702371965271339e-10
7.309229236005368553e-10
7.309755372833766145e-10
7.310280761038066777e-10
7.310805475214658861e-10
7.311329374736220817e-10
7.311852222469923362e-10
7.312373845555284396e-10
7.312894350594378182e-10
7.313413603649292755e-10
7.313931703213250832e-10
7.314448616195305598e-10
7.314964388369150610e-10
7.315479005254989245e-10
7.315992420519953852e-10
7.316504759690770338e-10
7.317015903925572917e-10
7.317525898063754643e-10
7.318033986271925929e-10
7.318540147647232695e-10
7.319044408092008643e-10
7.319546586510361495e-10
7.320046821147332666e-10
7.320545123442002848e-10
7.321041606553507018e-10
7.321536083698259007e-10
7.322028726400017044e-10
7.322519474159618307e-10
7.323008487311135289e-10
7.323495525844390944e-10
7.323980866862822527e-10
7.324464238213668750e-10
7.324945966889697560e-10
7.325425728770525688e-10
7.325903846834199977e-10
7.326380117727052229e-10
7.326854595815941794e-10
7.327326633686869151e-10
7.327796315912848080e-10
7.328263675454958039e-10
7.328728513529703713e-10
7.329190937047697732e-10
7.329651023165866094e-10
7.330108871726976685e-10
7.330564558116548221e-10
7.331018174076355259e-10
7.331469814923660554e-10
7.331919460677916411e-10
7.332367120158522521e-10
7.332812737177995004e-10
7.333256384300339507e-10
7.333698096268382528e-10
7.334137840428755796e-10
7.334575717654480651e-10
7.335011541064363611e-10
7.335445469621011713e-10
7.335877082673304972e-10
7.336306351822892188e-10
7.336733076529760015e-10
7.337157316879480968e-10
7.337579187425816538e-10
7.337998763313989472e-10
7.338415840990567452e-10
7.338830886298442460e-10
7.339244153630394441e-10
7.339655634406492492e-10
7.340065332098827234e-10
7.340473130036881988e-10
7.340879257118903042e-10
7.341283541503908401e-10
7.341686176287699489e-10
7.342086934114308272e-10
7.342486042735095116e-10
7.342883339550339832e-10
7.343279024251782047e-10
7.343672891015378663e-10
7.344064626053886620e-10
7.344454355351462703e-10
7.344842102223846838e-10
7.345227854039577482e-10
7.345611514870932587e-10
7.345993192216236608e-10
7.346373071380903961e-10
7.346751452143046850e-10
7.347128417662854568e-10
7.347504071868126456e-10
7.347878363526190506e-10
7.348251364184447390e-10
7.348622895794751799e-10
7.348993215414232430e-10
7.349362117711018650e-10
7.349729837865793497e-10
7.350096083588083671e-10
7.350461121586561257e-10
7.350824827963218976e-10
7.351187415960255660e-10
7.351548850426631179e-10
7.351909214972107488e-10
7.352268552539766087e-10
7.352626849003016477e-10
7.352984099903768745e-10
7.353340242717508340e-10
7.353695495921660191e-10
7.354050206350987191e-10
7.354404276422992476e-10
7.354757826782381977e-10
7.355110832974801656e-10
7.355463352762687278e-10
7.355815223968180764e-10
7.356166602316717824e-10
7.356517473984042470e-10
7.356867842280117925e-10
7.357217580205009610e-10
7.357566870138807704e-10
7.357915634529193876e-10
7.358263865881084597e-10
7.358611298408114163e-10
7.358958141147095173e-10
7.359304300115007198e-10
7.359649773785702010e-10
7.359994551610558847e-10
7.360338692884365557e-10
7.360682221794710434e-10
7.361025344045281796e-10
7.361368254634810066e-10
7.361710891259224327e-10
7.362053247684477891e-10
7.362395328441038974e-10
7.362737178625140212e-10
7.363078741296976957e-10
7.363420056504912158e-10
7.363761112064988981e-10
7.364101910433933846e-10
7.364442449804357115e-10
7.364782750106762056e-10
7.365122753713543345e-10
7.365462218297177451e-10
7.365801087198687546e-10
7.366139369358241689e-10
7.366477001102785050e-10
7.366814065586716657e-10
7.367150537006137302e-10
7.367486401827958572e-10
7.367821776793421087e-10
7.368156801081453176e-10
7.368491490374158480e-10
7.368825820036030406e-10
7.369159847861351172e-10
7.369493485582918385e-10
7.369826820862438230e-10
7.370159850851100677e-10
7.370492474189088597e-10
7.370824802687646160e-10
7.371156831148770395e-10
7.371488470557901225e-10
7.371819818873489101e-10
7.372150852302510884e-10
7.372481643922651380e-10
7.372812208688922473e-10
7.373142521790868871e-10
7.373472633621574262e-10
7.373802489555685353e-10
7.374132131379885149e-10
7.374461558810037110e-10
7.374790648983350491e-10
7.375119392946835933e-10
7.375447822460506646e-10
7.375775815543760008e-10
7.376103478020293325e-10
7.376430827841580252e-10
7.376757768855732794e-10
7.377084372514198673e-10
7.377410640768710546e-10
7.377736569546231075e-10
7.378062106709979842e-10
7.378387338403786609e-10
7.378712261418190600e-10
7.379036679421873424e-10
7.379360278192495021e-10
7.379683021222439054e-10
7.380004875902591418e-10
7.380325837327357487e-10
7.380645940421543497e-10
7.380965196138675117e-10
7.381283551426696581e-10
7.381601117693601510e-10
7.381917968079526848e-10
7.382234034884288949e-10
7.382549416300430378e-10
7.382864063191768389e-10
7.383177983923166926e-10
7.383491207345444984e-10
7.383803694426017407e-10
7.384115501195617350e-10
7.384426584602802649e-10
7.384736958874666252e-10
7.385046654458485736e-10
7.385355658308795659e-10
7.385663918740869808e-10
7.385971108523712217e-10
7.386277094840654243e-10
7.386581655018810888e-10
7.386885020174926843e-10
7.387187157378941920e-10
7.387487964521613356e-10
7.387787561939935893e-10
7.388085900733886849e-10
7.388383202773158846e-10
7.388679523232766693e-10
7.388974819727975803e-10
7.389269170930693464e-10
7.389562558090389551e-10
7.389854910033962618e-10
7.390146347580240115e-10
7.390436838889799495e-10
7.390726287728861883e-10
7.391014852965735725e-10
7.391302488169532470e-10
7.391589073577734308e-10
7.391874810154698240e-10
7.392159639854679141e-10
7.392443578986783559e-10
7.392726860223682915e-10
7.393009368861896028e-10
7.393291048909567233e-10
7.393572059596482906e-10
7.393852320371381406e-10
7.394131777163534042e-10
7.394410545992879939e-10
7.394688537583469947e-10
7.394965672147943721e-10
7.395242069544772019e-10
7.395517702163493175e-10
7.395792493792648632e-10
7.396066548345148480e-10
7.396339872908689799e-10
7.396612334734019164e-10
7.396884100902934913e-10
7.397155159852692855e-10
7.397425328464944114e-10
7.397694846254798138e-10
7.397963681025076765e-10
7.398231542615710363e-10
7.398498345727834164e-10
7.398764005437296220e-10
7.399028195547489921e-10
7.399291288803783669e-10
7.399553235066624631e-10
7.399813795866046065e-10
7.400073240046913988e-10
7.400331524664492539e-10
7.400588818898723679e-10
7.400845370297467787e-10
7.401101088958186396e-10
7.401355942601810463e-10
7.401610098360182755e-10
7.401863370561447845e-10
7.402115820245744675e-10
7.402367545158111099e-10
7.402618462554843263e-10
7.402868558976471829e-10
7.403117891871517519e-10
7.403366463426218694e-10
7.403614266549983141e-10
7.403861237183876274e-10
7.404107234475583387e-10
7.404352057344528602e-10
7.404595554969216474e-10
7.404837957149520154e-10
7.405079102095529273e-10
7.405319039497637589e-10
7.405557837950210986e-10
7.405795419119659048e-10
7.406032001952831700e-10
7.406267782147840574e-10
7.406502809742081694e-10
7.406737154453645808e-10
7.406970658398569397e-10
7.407203416651337709e-10
7.407435479039242891e-10
7.407666815823487560e-10
7.407897346739841750e-10
7.408127157583892183e-10
7.408356275626542886e-10
7.408584683389881104e-10
7.408812273624150157e-10
7.409039202750858239e-10
7.409265461568861806e-10
7.409491198313476122e-10
7.409716497821999171e-10
7.409941444030515660e-10
7.410165969568887010e-10
7.410390105374081720e-10
7.410613787028995998e-10
7.410837086976039940e-10
7.411060042899080710e-10
7.411282470589545388e-10
7.411504467934333302e-10
7.411725882939006895e-10
7.411946800994661571e-10
7.412167344636938143e-10
7.412387223561837551e-10
7.412606661099026197e-10
7.412825729527546007e-10
7.413044115510140174e-10
7.413262124996929045e-10
7.413479695321950183e-10
7.413696644324729862e-10
7.413913242491260436e-10
7.414129347043137142e-10
7.414344897800075287e-10
7.414559719968471679e-10
7.414773605051249070e-10
7.414986578542113938e-10
7.415198728148680995e-10
7.415409807197006180e-10
7.415620110015735822e-10
7.415829570751780586e-10
7.416038021338583614e-10
7.416245809317526834e-10
7.416452975148081959e-10
7.416659681205182848e-10
7.416865883468965636e-10
7.417071494645199127e-10
7.417276661066683172e-10
7.417481270584477118e-10
7.417685367343969485e-10
7.417889015900816819e-10
7.418092100124651382e-10
7.418294701736988587e-10
7.418496785165132984e-10
7.418698401052183603e-10
7.418899538765767645e-10
7.419100104609069174e-10
7.419300162988025044e-10
7.419499190825048742e-10
7.419697415829107626e-10
7.419894860227165142e-10
7.420091291997127421e-10
7.420286955968532551e-10
7.420481742080657333e-10
7.420675685068056461e-10
7.420868757407742617e-10
7.421061186043334300e-10
7.421253147782205901e-10
7.421444554872902138e-10
7.421635410352003039e-10
7.421825715825686560e-10
7.422015540965928128e-10
7.422204860962686042e-10
7.422393641269175608e-10
7.422581873463457421e-10
7.422769586354991443e-10
7.422956809734273846e-10
7.423143541363781074e-10
7.423329736544740774e-10
7.423515414308510891e-10
7.423700571997773706e-10
7.423885311080500216e-10
7.424069634450168201e-10
7.424253509124398304e-10
7.424436960977193290e-10
7.424620020037897730e-10
7.424802685993423764e-10
7.424984912105792036e-10
7.425166721147284808e-10
7.425348173389797030e-10
7.425528982054773412e-10
7.425709215360833048e-10
7.425888890587572139e-10
7.426067888605266046e-10
7.426246368013182721e-10
7.426424161201782594e-10
7.426601398574021283e-10
7.426778129110157989e-10
7.426954132128331450e-10
7.427129636564011080e-10
7.427304539467745407e-10
7.427478856262937338e-10
7.427652678833429699e-10
7.427825781327275607e-10
7.427998409467781801e-10
7.428170379251309356e-10
7.428341236897741164e-10
7.428511286997105848e-10
7.428680322475697199e-10
7.428848474482174157e-10
7.429015760697522314e-10
7.429182018222375303e-10
7.429347461403424871e-10
7.429511872225019664e-10
7.429675619912460986e-10
7.429838789563401918e-10
7.430001292052853772e-10
7.430163285421944381e-10
7.430324614484766591e-10
7.430485406932777971e-10
7.430645588157802786e-10
7.430805173136152822e-10
7.430964213318048589e-10
7.431122669246354483e-10
7.431280589987770080e-10
7.431437850912646847e-10
7.431594596764563886e-10
7.431750753675051726e-10
7.431906394681263323e-10
7.432061402127303093e-10
7.432215605327346769e-10
7.432369023704422315e-10
7.432521476800600500e-10
7.432673185647846780e-10
7.432823949951406861e-10
7.432973921147371387e-10
7.433123113319524261e-10
7.433271337158690109e-10
7.433418831055012747e-10
7.433565679905760753e-10
7.433712016621487772e-10
7.433857765180366403e-10
7.434002955883883640e-10
7.434147574311593069e-10
7.434291645338263275e-10
7.434435187248308109e-10
7.434578184598265534e-10
7.434720653662500512e-10
7.434862559160312351e-10
7.435003906360014373e-10
7.435144710522468495e-10
7.435285004514662379e-10
7.435424758746691154e-10
7.435564016209199206e-10
7.435702703704974129e-10
7.435840829980416927e-10
7.435978432939424807e-10
7.436115461267228085e-10
7.436252011630841481e-10
7.436387958716744891e-10
7.436523393132441457e-10
7.436658304390728579e-10
7.436792635781964617e-10
7.436926503934273241e-10
7.437059722860436419e-10
7.437192407063550827e-10
7.437324493377002964e-10
7.437455996855273184e-10
7.437586988115804356e-10
7.437717303465343519e-10
7.437847114984755046e-10
7.437976317215748665e-10
7.438104977440161427e-10
7.438233124323937459e-10
7.438360642117005309e-10
7.438487648089587601e-10
7.438614038424313603e-10
7.438739919707334352e-10
7.438865281842083291e-10
7.438990029091089912e-10
7.439114125609929938e-10
7.439237275153999944e-10
7.439359674625786533e-10
7.439481276268430630e-10
7.439602007301205268e-10
7.439722018476329519e-10
7.439841117497472021e-10
7.439959520891359025e-10
7.440076998604586519e-10
7.440193881766445899e-10
7.440310197508047666e-10
7.440425987865883370e-10
7.440541281395261733e-10
7.440655986389563371e-10
7.440770227080976534e-10
7.440883909022432471e-10
7.440997119622726894e-10
7.441109776765365650e-10
7.441221910789265655e-10
7.441333525516828520e-10
7.441444647285691743e-10
7.441555255491820243e-10
7.441665385491188145e-10
7.441774992119113620e-10
7.441884095271358350e-10
7.441992682969106295e-10
7.442100517319555983e-10
7.442207719849394673e-10
7.442314109352715066e-10
7.442419883441104346e-10
7.442524852054100345e-10
7.442629179832491417e-10
7.442732779971116899e-10
7.442835686818031342e-10
7.442937906977444757e-10
7.443039506976805473e-10
7.443140667998032553e-10
7.443241310925022717e-10
7.443341508714072018e-10
7.443441204398906030e-10
7.443540447137834582e-10
7.443639205047180962e-10
7.443737492422487313e-10
7.443835287996319698e-10
7.443932603198659824e-10
7.444029458743557794e-10
7.444125855435860345e-10
7.444221783368425279e-10
7.444317269125803509e-10
7.444412277265787328e-10
7.444506857058562742e-10
7.444600917804809562e-10
7.444694423186956197e-10
7.444787368754564157e-10
7.444879689635787107e-10
7.444971499046215103e-10
7.445062669293976983e-10
7.445153351638353536e-10
7.445243377085932026e-10
7.445332898108019633e-10
7.445421807620089003e-10
7.445510185778629829e-10
7.445598039038132432e-10
7.445685301788284983e-10
7.445772086193537775e-10
7.445858263936877901e-10
7.445943961034722188e-10
7.446029082252319148e-10
7.446113706029138317e-10
7.446197802563723383e-10
7.446281362539952695e-10
7.446364443392284905e-10
7.446446939469076277e-10
7.446528946638285057e-10
7.446610403275575996e-10
7.446691367222794197e-10
7.446771831834370621e-10
7.446851763130346087e-10
7.446931154635137171e-10
7.447009694503927687e-10
7.447087631961066318e-10
7.447164747341710366e-10
7.447241223499510910e-10
7.447316958461296395e-10
7.447391992489876342e-10
7.447466362787285210e-10
7.447539955364105483e-10
7.447612921596043617e-10
7.447685292021367058e-10
7.447757224144156627e-10
7.447828585536311772e-10
7.447899514705296957e-10
7.447969906881449773e-10
7.448039850455636115e-10
7.448109281328803136e-10
7.448178247581857916e-10
7.448246722434414534e-10
7.448314695406921809e-10
7.448382189015029219e-10
7.448449202078350032e-10
7.448515739131281568e-10
7.448581819073660055e-10
7.448647407905053595e-10
7.448712562703199198e-10
7.448777202997485336e-10
7.448841334126949272e-10
7.448904756569836993e-10
7.448967614516550567e-10
7.449029809276377905e-10
7.449091400402187208e-10
7.449152392199660361e-10
7.449212730090179774e-10
7.449272518035045606e-10
7.449331605022924457e-10
7.449390159254583241e-10
7.449448171951567707e-10
7.449505789498790086e-10
7.449562903771336610e-10
7.449619617789382694e-10
7.449675852398567955e-10
7.449731674012810185e-10
7.449787039590800186e-10
7.449841976027695190e-10
7.449896479574919456e-10
7.449950538076847087e-10
7.450004186603454513e-10
7.450057366356262253e-10
7.450110128697809671e-10
7.450162450323110191e-10
7.450214349618941262e-10
7.450265834202395556e-10
7.450316880779653432e-10
7.450367481965853178e-10
7.450417406140703906e-10
7.450466826244303848e-10
7.450515540417079786e-10
7.450563766046232603e-10
7.450611293226616851e-10
7.450658333747695414e-10
7.450704678104678260e-10
7.450750523185576331e-10
7.450795710137177227e-10
7.450840409290237938e-10
7.450884574629114579e-10
7.450928273396353118e-10
7.450971478888495431e-10
7.451014190345982922e-10
7.451056437011924990e-10
7.451098167531847281e-10
7.451139458981818887e-10
7.451180218862988194e-10
7.451220539072226126e-10
7.451260361541867271e-10
7.451299726951206589e-10
7.451338619720297242e-10
7.451377038325058951e-10
7.451415009113882564e-10
7.451452488924897307e-10
7.451489545467592607e-10
7.451526081148511458e-10
7.451562095323693752e-10
7.451597327600818561e-10
7.451631986717052307e-10
7.451665885371407347e-10
7.451699190989168771e-10
7.451731773837810846e-10
7.451763738874145596e-10
7.451795022455930669e-10
7.451825666493512569e-10
7.451855632994072172e-10
7.451885036166643447e-10
7.451913939486585062e-10
7.451942333839814230e-10
7.451970249253814370e-10
7.451997641218410308e-10
7.452024570502839338e-10
7.452050977296773292e-10
7.452076925941215347e-10
7.452102351799031667e-10
7.452127317547558422e-10
7.452151784244579939e-10
7.452175778231869620e-10
7.452199293319221350e-10
7.452222323349516240e-10
7.452244894392798861e-10
7.452266968288952809e-10
7.452288602868035864e-10
7.452309726776207617e-10
7.452330398894872405e-10
7.452350439722528583e-10
7.452370013799048467e-10
7.452388952669100310e-10
7.452407433060028781e-10
7.452425291061652803e-10
7.452442687580867442e-10
7.452459471595172363e-10
7.452475785055998509e-10
7.452491501546160045e-10
7.452506775498829768e-10
7.452521583724412796e-10
7.452536006101052545e-10
7.452549995111565524e-10
7.452563585235527999e-10
7.452576761561561864e-10
7.452589525931591548e-10
7.452601896112629428e-10
7.452613841246702752e-10
7.452625411833601507e-10
7.452636544268926853e-10
7.452647321819367585e-10
7.452657648111558101e-10
7.452667639194595644e-10
7.452677163321769692e-10
7.452686361841289728e-10
7.452695095001818440e-10
7.452703499906267614e-10
7.452711425792905600e-10
7.452718833075556619e-10
7.452725599090366864e-10
7.452731805130372190e-10
7.452737383999762331e-10
7.452742397700066898e-10
7.452746798976318650e-10
7.452750629273161409e-10
7.452753862518275858e-10
7.452756526786171987e-10
7.452758575335561716e-10
7.452760142405450755e-10
7.452761228286593089e-10
7.452761891643671736e-10
7.452762080122564570e-10
7.452761846792284562e-10
7.452761144876802047e-10
7.452760021291113031e-10
7.452758435998435098e-10
7.452756428614929323e-10
7.452753965565541438e-10
7.452751074103597880e-10
7.452747744640834579e-10
7.452743977396867988e-10
7.452739780505365069e-10
7.452735144651031354e-10
7.452730086808440194e-10
7.452724599562124192e-10
7.452718687390439184e-10
7.452712311975277271e-10
7.452705307456379081e-10
7.452697638616116446e-10
7.452689311864518727e-10
7.452680317648890620e-10
7.452670677859326265e-10
7.452660368534884859e-10
7.452649424941791432e-10
7.452637810787289814e-10
7.452625581287753843e-10
7.452612647646378739e-10
7.452599196556381187e-10
7.452585177931561509e-10
7.452570725664336734e-10
7.452555727505056970e-10
7.452540293587650898e-10
7.452524330724845840e-10
7.452507922059046707e-10
7.452491001187089054e-10
7.452473624695571405e-10
7.452455752526825032e-10
7.452437415151702159e-10
7.452418598419830843e-10
7.452399307122654781e-10
7.452379552579106680e-10
7.452359314342315775e-10
7.452338628757977795e-10
7.452317450582001571e-10
7.452295840746992564e-10
7.452273729531344510e-10
7.452251200474509011e-10
7.452228154888255521e-10
7.452204705139486786e-10
7.452180731268195627e-10
7.452156367488985924e-10
7.452131471368800821e-10
7.452106197054815419e-10
7.452080389684756977e-10
7.452054213603696778e-10
7.452027503294862202e-10
7.452000428710161518e-10
7.451972867136110083e-10
7.451945002320954809e-10
7.451916663670481680e-10
7.451888032245221002e-10
7.451858921748589192e-10
7.451829522571920660e-10
7.451799648893640290e-10
7.451769489190159375e-10
7.451738862531021759e-10
7.451707948512027679e-10
7.451676574307229828e-10
7.451644912689015567e-10
7.451612796734612032e-10
7.451580393813676414e-10
7.451547541844096792e-10
7.451514403922728903e-10
7.451480821696804618e-10
7.451446955085772147e-10
7.451412632868207775e-10
7.451377923004650244e-10
7.451342463344880825e-10
7.451306556225894950e-10
7.451269891985392477e-10
7.451232780449455307e-10
7.451194955428260395e-10
7.451156654002111055e-10
7.451117677095310421e-10
7.451078196538707523e-10
7.451038080954100802e-10
7.450997414148948380e-10
7.450956272414945334e-10
7.450914689169154434e-10
7.450872709205680598e-10
7.450830265378757986e-10
7.450787452808780368e-10
7.450744151958429859e-10
7.450700486688697405e-10
7.450656344224259835e-10
7.450611835511543985e-10
7.450566874236114094e-10
7.450521528245598750e-10
