1.140035246249892424e-07
1.225930849710572369e-07
1.308325115339430644e-07
1.387329254629543755e-07
1.463051716770639515e-07
1.535583729489695016e-07
1.605043891695612531e-07
1.671516798173949340e-07
1.735108193616209998e-07
1.795908457083223588e-07
1.854003623494312088e-07
1.909476026824271643e-07
1.962407127894055679e-07
2.012879195546642454e-07
2.060967267838012838e-07
2.106744958726455229e-07
2.150278836333278687e-07
2.191638516893446402e-07
2.230890830736174632e-07
2.268105230709825740e-07
2.303333337006750430e-07
2.336629565582601374e-07
2.368055913394551058e-07
2.397676871299833033e-07
2.425532236386249406e-07
2.451672083134569310e-07
2.476159428809898495e-07
2.499021267317018052e-07
2.520321326507546799e-07
2.540106586534456723e-07
2.558397473265561113e-07
2.575267796693477418e-07
2.590731043574426494e-07
2.604851537310007281e-07
2.617651666636904242e-07
2.629185421199504330e-07
2.639473624779363195e-07
2.648575325589391994e-07
2.656501075963901451e-07
2.663319030763545122e-07
2.669026147032799092e-07
2.673694096105200318e-07
2.677321119771776642e-07
2.679973618124731826e-07
2.681653070305832575e-07
2.682405130257419466e-07
2.682276037428556775e-07
2.681258263495449861e-07
2.679420124690125673e-07
2.676767828118967487e-07
2.673327941972040630e-07
2.669146670984555508e-07
2.664226853238639192e-07
2.658617786581313294e-07
2.652337871202330176e-07
2.645398923905830290e-07
2.637852704869185335e-07
2.629707159728493993e-07
2.620982381844690176e-07
2.611722833001734137e-07
2.601932781499424426e-07
2.591636031877731685e-07
2.580871740014081619e-07
2.569652293147732807e-07
2.557987403306062598e-07
2.545922616728882687e-07
2.533479349148206751e-07
2.520643813757279389e-07
2.507468397268904957e-07
2.493982541045155699e-07
2.480181162970961330e-07
2.466074135006698413e-07
2.451711494312434821e-07
2.437110259112345133e-07
2.422262208970333206e-07
2.407189975872573280e-07
2.391930705050334742e-07
2.376496569172124692e-07
2.360886580835972492e-07
2.345123860691931948e-07
2.329235470077593773e-07
2.313228379936347137e-07
2.297110069182806537e-07
2.280897521817744881e-07
2.264617954825881583e-07
2.248273861884177437e-07
2.231876231335405761e-07
2.215439061885947626e-07
2.198983535432367835e-07
2.182512417343791939e-07
2.166032249062856177e-07
2.149562925275438553e-07
2.133118728756881349e-07
2.116709703526617576e-07
2.100331063982297074e-07
2.083999087723771015e-07
2.067729481359485677e-07
2.051535265690015156e-07
2.035419634596704159e-07
2.019370658411616998e-07
2.003413826681054326e-07
1.987561649605099735e-07
1.971824449325683139e-07
1.956204124429561044e-07
1.940684740369682898e-07
1.925287443813998390e-07
1.910024617853495828e-07
1.894908758890575695e-07
1.879938090223992084e-07
1.865106637828594714e-07
1.850415021352209918e-07
1.835881538466650058e-07
1.821514016135282246e-07
1.807308932482403838e-07
1.793274627907526471e-07
1.779393084074668090e-07
1.765686548727135700e-07
1.752150595964934921e-07
1.738801574688805470e-07
1.725624918616948109e-07
1.712635162415000869e-07
1.699813424127702610e-07
1.687181914260539929e-07
1.674728206319331811e-07
1.662469500563479373e-07
1.650387915239796725e-07
1.638502309444303429e-07
1.626792296066450305e-07
1.615278151549925565e-07
1.603943446204508966e-07
1.592803273605379884e-07
1.581841179369114112e-07
1.571068744386852966e-07
1.560478744851255358e-07
1.550074894737635070e-07
1.539856139515278408e-07
1.529817528797043183e-07
1.519962891060834877e-07
1.510275741246430793e-07
1.500777139502014743e-07
1.491447454002418392e-07
1.482301780168477054e-07
1.473325990531721105e-07
1.464523828500181588e-07
1.455888148681468924e-07
1.447407423583923481e-07
1.439101120048087703e-07
1.430951142391861051e-07
1.422970666263775241e-07
1.415146653286584543e-07
1.407478813983881585e-07
1.399964126879219017e-07
1.392583603210064264e-07
1.385355857853612929e-07
1.378269226399126019e-07
1.371326500726633190e-07
1.364529127384905284e-07
1.357863693671247366e-07
1.351340042723549330e-07
1.344935475120954844e-07
1.338649974103217686e-07
1.332493398657021521e-07
1.326452072679724427e-07
1.320534480024513218e-07
1.314731206951102699e-07
1.309035948901511876e-07
1.303456647552278041e-07
1.297971679134361261e-07
1.292583893981772316e-07
1.287298152442457943e-07
1.282102680259736307e-07
1.277003332532280457e-07
1.271992707711931374e-07
1.267063690967680995e-07
1.262222404783679192e-07
1.257454308513472203e-07
1.252756000713142394e-07
1.248135121393926636e-07
1.243579485132001939e-07
1.239088960607746615e-07
1.234666326581098103e-07
1.230298894282192319e-07
1.225987820594608938e-07
1.221733230101727584e-07
1.217523939485075077e-07
1.213361319584719576e-07
1.209245250592540873e-07
1.205167939344778064e-07
1.201130318283447451e-07
1.197129657835825960e-07
1.193158193365726573e-07
1.189216616459826087e-07
1.185303752148118968e-07
1.181412840098249834e-07
1.177544147127737548e-07
1.173696818198308074e-07
1.169865340494126374e-07
1.166049699410497771e-07
1.162247508821629272e-07
1.158452112760659183e-07
1.154663225637491836e-07
1.150880091701586728e-07
1.147098636950476472e-07
1.143318325320193365e-07
1.139538078102475675e-07
1.135754399395171269e-07
1.131966923801878653e-07
1.128174939491593775e-07
1.124372562974176515e-07
1.120558362408845450e-07
1.116732278310283785e-07
1.112891284717422143e-07
1.109035517754208751e-07
1.105165131894091433e-07
1.101277680840954004e-07
1.097370970570891402e-07
1.093446318709806488e-07
1.089503179809581385e-07
1.085535123415974395e-07
1.081542947864864743e-07
1.077526694485744238e-07
1.073483675401414993e-07
1.069414894899109972e-07
1.065322161523278310e-07
1.061204998066431839e-07
1.057058044605947428e-07
1.052885700767687129e-07
1.048688069204237020e-07
1.044462271043525373e-07
1.040205242308733842e-07
1.035919276368736360e-07
1.031604315703960568e-07
1.027256942247737628e-07
1.022882240647924497e-07
1.018481467324026418e-07
1.014053940369165814e-07
1.009595387645028648e-07
1.005111496601747696e-07
1.000602348561134308e-07
9.960662039948176598e-08
9.915007403743581377e-08
9.869093743641215638e-08
9.822920377809842239e-08
9.776469429052350369e-08
9.729774398206956974e-08
9.682868965896166569e-08
9.635752491059966185e-08
9.588401097490512730e-08
9.540845241693791439e-08
9.493106968960294410e-08
9.445185951409760365e-08
9.397063530701648947e-08
9.348766382022500782e-08
9.300308492896984829e-08
9.251689196473211484e-08
9.202904054164582845e-08
9.154003859364861627e-08
9.105004016502963691e-08
9.055904401166116671e-08
9.006700833995405056e-08
8.957427325025099026e-08
8.908097676072048286e-08
8.858711771309993748e-08
8.809272567506126587e-08
8.759808382400975591e-08
8.710329377277121288e-08
8.660835634381083015e-08
8.611332551143589879e-08
8.561862739373364786e-08
8.512442186239806567e-08
8.463071183675178951e-08
8.413751711376768544e-08
8.364521888545943293e-08
8.315391012063478549e-08
8.266359113869710909e-08
8.217426277010881897e-08
8.168629987676122990e-08
8.119989186528128032e-08
8.071498050856256396e-08
8.023156813138766912e-08
7.974984309302161720e-08
7.927032684144195984e-08
7.879286420554941171e-08
7.831746093879188101e-08
7.784412561226427518e-08
7.737352055801913262e-08
7.690548159248739423e-08
7.643994007425055972e-08
7.597689795697835610e-08
7.551665625455491731e-08
7.505976983953181631e-08
7.460587155569617191e-08
7.415496575017366769e-08
7.370706535858665721e-08
7.326290902166937895e-08
7.282233230097845565e-08
7.238514852554373967e-08
7.195136365966105381e-08
7.152110357251470294e-08
7.109521912685332444e-08
7.067302726753664575e-08
7.025449667676099545e-08
6.983963412829804681e-08
6.942885883287379256e-08
6.902273700556285672e-08
6.862065164109338417e-08
6.822261878755930195e-08
6.782863514505601105e-08
6.743936063873568195e-08
6.705481513495579195e-08
6.667452371996950502e-08
6.629847956025872603e-08
6.592669707400201748e-08
6.555999591887809108e-08
6.519798342964976352e-08
6.484023525198174936e-08
6.448677429417479513e-08
6.413759327465568173e-08
6.379366184126446411e-08
6.345458751864657731e-08
6.311998259428442995e-08
6.278987377117201242e-08
6.246425164852485342e-08
6.214399135810339896e-08
6.182862015045352772e-08
6.151772162601280462e-08
6.121130605679873686e-08
6.090937942693489152e-08
6.061264899035172445e-08
6.032077088742931246e-08
6.003314109764114156e-08
5.974976664007853921e-08
5.947065376418588770e-08
5.919631245963872604e-08
5.892705163589105452e-08
5.866206086008910522e-08
5.840134033992983682e-08
5.814490479774509072e-08
5.789292110988653612e-08
5.764612211312885157e-08
5.740342899475852936e-08
5.716481550686560746e-08
5.693028144971168996e-08
5.669984722776085874e-08
5.647428953286311609e-08
5.625274524087626060e-08
5.603486444957319379e-08
5.582066141303392656e-08
5.561013770103102328e-08
5.540366836935400834e-08
5.520150071452808237e-08
5.500281000921416856e-08
5.480760243418068032e-08
5.461588650082116805e-08
5.442767307517383101e-08
5.424365105932366353e-08
5.406298246233594065e-08
5.388544995325030639e-08
5.371105270750685489e-08
5.353980846436091850e-08
5.337189894111656639e-08
5.320755574230477737e-08
5.304587824446266676e-08
5.288686993710296693e-08
5.273052491398915270e-08
5.257684971566858913e-08
5.242622401704448766e-08
5.227835245227431393e-08
5.213278784067457131e-08
5.198953134371977315e-08
5.184858589947081148e-08
5.170996111219575606e-08
5.157402841227426667e-08
5.144018084865769593e-08
5.130821881343335576e-08
5.117814600520187778e-08
5.104996783419142147e-08
5.092370359308955919e-08
5.079959191396662589e-08
5.067699130019392088e-08
5.055580244074044122e-08
5.043602995896632805e-08
5.031767259273344912e-08
5.020075266060990366e-08
5.008540588286794156e-08
4.997112687652706301e-08
4.985785276827714861e-08
4.974558882366146388e-08
4.963433281097881738e-08
4.952409380751396384e-08
4.941490105660929734e-08
4.930634999798624931e-08
4.919838573081497301e-08
4.909100903684867833e-08
4.898422036081699159e-08
4.887801983079847434e-08
4.877237602310070836e-08
4.866698585282775787e-08
4.856178292722561122e-08
4.845676717767250960e-08
4.835193871163534792e-08
4.824729881315939580e-08
4.814278006298536902e-08
4.803818031342522008e-08
4.793344111003944788e-08
4.782856087738096286e-08
4.772354080428405136e-08
4.761838071693733423e-08
4.751302154683009113e-08
4.740723774253188035e-08
4.730100053775779362e-08
4.719430785522183765e-08
4.708716165041127366e-08
4.697955904541883591e-08
4.687149356697892527e-08
4.676272745743346839e-08
4.665325239038361707e-08
4.654308961267402565e-08
4.643223626832472915e-08
4.632069373981349160e-08
4.620846206746244957e-08
4.609543094029694085e-08
4.598141005932093165e-08
4.586655610192569183e-08
4.575086493538191829e-08
4.563433855879755361e-08
4.551697584743915764e-08
4.539877199376433720e-08
4.527946421958120846e-08
4.515910343899608411e-08
4.503778984920739160e-08
4.491551754852782784e-08
4.479228947240413606e-08
4.466810393638565522e-08
4.454292659524088284e-08
4.441650253262602352e-08
4.428906570966376233e-08
4.416066937608087286e-08
4.403130582140277611e-08
4.390097615215140612e-08
4.376967700787085559e-08
4.363734759827920017e-08
4.350379963022652884e-08
4.336934285015745254e-08
4.323398777303686470e-08
4.309773782604399896e-08
4.296058871041380316e-08
4.282254358932842295e-08
4.268352621500329418e-08
4.254341780241162525e-08
4.240249916752550963e-08
4.226077336313997257e-08
4.211824572219728677e-08
4.197490893298565606e-08
4.183076856846098118e-08
4.168577620344594673e-08
4.153988675104849398e-08
4.139337777481799847e-08
4.124625758962702966e-08
4.109852719585621998e-08
4.095018785387505057e-08
4.080123431566141696e-08
4.065165592339565896e-08
4.050141312846479117e-08
4.035075867305442874e-08
4.019972219312850156e-08
4.004830363524858111e-08
3.989649951059108899e-08
3.974431251937653091e-08
3.959174066813281048e-08
3.943878350630297279e-08
3.928561157289212712e-08
3.913227362380307882e-08
3.897877025689723863e-08
3.882509994245320760e-08
3.867126341499365833e-08
3.851726045011848655e-08
3.836314497723861737e-08
3.820908159600477166e-08
3.805514634488398896e-08
3.790133941645660811e-08
3.774766091973032989e-08
3.759411104387715832e-08
3.744068965893105788e-08
3.728741546164798934e-08
3.713446569896076146e-08
3.698190201120058309e-08
3.682972742845757604e-08
3.667794295078508055e-08
3.652654913860440700e-08
3.637554558303911320e-08
3.622493275925894629e-08
3.607482409165330651e-08
3.592538935370446877e-08
3.577654747814635445e-08
3.562829899506463597e-08
3.548064439243572216e-08
3.533358371144689450e-08
3.518711753830419845e-08
3.504124925818125313e-08
3.489626314274273812e-08
3.475219837019580520e-08
3.460897682766253595e-08
3.446660073305765474e-08
3.432506986925205428e-08
3.418438496646458643e-08
3.404454695196626635e-08
3.390557900690822946e-08
3.376782586448873010e-08
3.363116113184512539e-08
3.349551849008307524e-08
3.336089541763408097e-08
3.322729219538416097e-08
3.309471006827333685e-08
3.296315089293915210e-08
3.283265053530133853e-08
3.270358426245405136e-08
3.257570815964583794e-08
3.244893966032748863e-08
3.232328104759714165e-08
3.219872915587291438e-08
3.207528635230045097e-08
3.195295561271411746e-08
3.183176159649645355e-08
3.171211193627401452e-08
3.159379005419726824e-08
3.147667510848718928e-08
3.136076530794291746e-08
3.124606285141064572e-08
3.113256646187755576e-08
3.102028654044100855e-08
3.090922145069641426e-08
3.079971582253843160e-08
3.069166345203193334e-08
3.058483611600383515e-08
3.047924595968476889e-08
3.037488836850374475e-08
3.027176688493804176e-08
3.016987565158071806e-08
3.006922734776113472e-08
2.996999113365258442e-08
2.987234515369458343e-08
2.977588077741200345e-08
2.968059978283409749e-08
2.958649904425377692e-08
2.949357443380936567e-08
2.940183010344604893e-08
2.931127048822101963e-08
2.922192422653482333e-08
2.913413946871124927e-08
2.904759647031964974e-08
2.896215991171328235e-08
2.887782891363849004e-08
2.879461316717430011e-08
2.871250517924452124e-08
2.863151322100966119e-08
2.855163512735729575e-08
2.847301116496688590e-08
2.839577895831297968e-08
2.831955730770478140e-08
2.824433748753581890e-08
2.817011039772429601e-08
2.809688819400666700e-08
2.802466463281134002e-08
2.795344174500091074e-08
2.788322707623993193e-08
2.781422781676666971e-08
2.774630183145150398e-08
2.767921951733841508e-08
2.761296945460804603e-08
2.754755970567458127e-08
2.748299323910368279e-08
2.741926359586214168e-08
2.735637455718531402e-08
2.729433537738501156e-08
2.723334056554512743e-08
2.717315087233276528e-08
2.711362410734184807e-08
2.705476607936617776e-08
2.699657088543191410e-08
2.693904182493992624e-08
2.688217961814138418e-08
2.682598711530575531e-08
2.677046701187498251e-08
2.671575746838762159e-08
2.666164651983161111e-08
2.660802348222422114e-08
2.655489058654665520e-08
2.650224648150997106e-08
2.645009320914312364e-08
2.639842946511360023e-08
2.634725426369327700e-08
2.629657556284317017e-08
2.624646317302960175e-08
2.619678151469240959e-08
2.614741877173042127e-08
2.609837092796873405e-08
2.604964205165622822e-08
2.600122914746930555e-08
2.595313391125020114e-08
2.590535697417122979e-08
2.585789630712633372e-08
2.581077304376093391e-08
2.576393137522509652e-08
2.571724617037281608e-08
2.567071463901741174e-08
2.562433745130191700e-08
2.557811451220752908e-08
2.553204555874244581e-08
2.548613170097319255e-08
2.544037136189184288e-08
2.539476039691768000e-08
2.534924967536377482e-08
2.530374743944994246e-08
2.525823534717838602e-08
2.521271263890887191e-08
2.516718002693302136e-08
2.512163751663277916e-08
2.507608454338522722e-08
2.503052208383760796e-08
2.498494840457965087e-08
2.493931595351020030e-08
2.489356150244923079e-08
2.484766442501921660e-08
2.480162448931581799e-08
2.475543958341571709e-08
2.470911182708415213e-08
2.466264054944038348e-08
2.461602436435410208e-08
2.456926427412267003e-08
2.452235270668420276e-08
2.447519755645323472e-08
2.442780459385927518e-08
2.438018419311400571e-08
2.433234060628260068e-08
2.428427211014390112e-08
2.423597787387043052e-08
2.418745916036502976e-08
2.413871457812060326e-08
2.408974431132510401e-08
2.404052848684275294e-08
2.399097323404614615e-08
2.394112594416679384e-08
2.389101255039398135e-08
2.384063122596820021e-08
2.378998076351415219e-08
2.373906090696165418e-08
2.368787233645093866e-08
2.363641618193030008e-08
2.358468870443291132e-08
2.353267412063137674e-08
2.348029691528229036e-08
2.342763223741812212e-08
2.337471165379333524e-08
2.332153454851644662e-08
2.326809826980126062e-08
2.321440340788219893e-08
2.316045224787200144e-08
2.310623994654826940e-08
2.305177123013417656e-08
2.299703438487949089e-08
2.294196937053493462e-08
2.288665525449286642e-08
2.283113419148590029e-08
2.277540560276697941e-08
2.271947099439233524e-08
2.266332941618441234e-08
2.260698102926731016e-08
2.255042463393879349e-08
2.249366141654216374e-08
2.243668950130091650e-08
2.237948316099337501e-08
2.232207262434348168e-08
2.226452693844239270e-08
2.220684722346356954e-08
2.214903374710047918e-08
2.209108430500926466e-08
2.203300106656407736e-08
2.197478248406927404e-08
2.191642941493449159e-08
2.185794074320991230e-08
2.179932094793755526e-08
2.174058954724196472e-08
2.168181396945959393e-08
2.162300838978903485e-08
2.156417257723102232e-08
2.150530678618506951e-08
2.144641003283567617e-08
2.138748336254392525e-08
2.132852657547412784e-08
2.126953955767490847e-08
2.121052194896365465e-08
2.115150744204090362e-08
2.109253590177074055e-08
2.103363706475177615e-08
2.097481249528561215e-08
2.091606132915628836e-08
2.085738365159453634e-08
2.079877930318791168e-08
2.074024917405183301e-08
2.068179262251066446e-08
2.062340962932140236e-08
2.056510545504871396e-08
2.050695339712201163e-08
2.044896783486623159e-08
2.039114184870525403e-08
2.033347598004068142e-08
2.027597014625023010e-08
2.021862467342578892e-08
2.016144012378179731e-08
2.010441545683422261e-08
2.004755114719596057e-08
1.999084831816064423e-08
1.993431737398064700e-08
1.987806728272414861e-08
1.982209112847968093e-08
1.976636563107495267e-08
1.971089094596817720e-08
1.965566702761303967e-08
1.960069410246888404e-08
1.954597384908730965e-08
1.949150477047218106e-08
1.943728672200604602e-08
1.938332056314294804e-08
1.932961152640210493e-08
1.927627533290263098e-08
1.922330299596554579e-08
1.917064022245467587e-08
1.911828691231305326e-08
1.906624324031246342e-08
1.901451011970872246e-08
1.896308751500312293e-08
1.891197509462792634e-08
1.886117302075156755e-08
1.881068258598654488e-08
1.876050475502655010e-08
1.871072463104801202e-08
1.866139299631304129e-08
1.861240196739978695e-08
1.856374364485306568e-08
1.851541824295765807e-08
1.846742597248794900e-08
1.841976704073317652e-08
1.837244165152256488e-08
1.832545152187509270e-08
1.827879612148797909e-08
1.823247511514795505e-08
1.818651802483987104e-08
1.814105211157342328e-08
1.809598694035281455e-08
1.805127319302247515e-08
1.800691090029998872e-08
1.796290007732985439e-08
1.791924097131389640e-08
1.787593382562710040e-08
1.783297887984491372e-08
1.779037636977038676e-08
1.774812652746117555e-08
1.770623114282854585e-08
1.766476125664255531e-08
1.762377319391753914e-08
1.758313791723216597e-08
1.754284088273263538e-08
1.750288235913485926e-08
1.746326320083246477e-08
1.742398411912224287e-08
1.738504421601283099e-08
1.734644374564450393e-08
1.730818295838399808e-08
1.727026210085127569e-08
1.723268326429565825e-08
1.719553149760114824e-08
1.715880463335128594e-08
1.712237779948148089e-08
1.708624752872735344e-08
1.705041309761565666e-08
1.701487476173440677e-08
1.697963277316052948e-08
1.694468738048435442e-08
1.691004022346944344e-08
1.687569061937478912e-08
1.684163823467832958e-08
1.680788504728958848e-08
1.677450191926592125e-08
1.674148011155132910e-08
1.670870932360308849e-08
1.667618583384953718e-08
1.664390957224741314e-08
1.661188026913821231e-08
1.658009935454980900e-08
1.654856698248835062e-08
1.651728216676912952e-08
1.648624513038955681e-08
1.645545609336920664e-08
1.642491625655713726e-08
1.639466271919831500e-08
1.636470821889633651e-08
1.633494936157059241e-08
1.630537614505996097e-08
1.627598814483684945e-08
1.624678548409518884e-08
1.621776767669225438e-08
1.618893503720719544e-08
1.616028714826599633e-08
1.613182419146112571e-08
1.610354790161178090e-08
1.607545714874970260e-08
1.604756136596517888e-08
1.601988638040650404e-08
1.599236175280722654e-08
1.596495139390269826e-08
1.593765560299215670e-08
1.591047529544966208e-08
1.588341000023082212e-08
1.585646037481295686e-08
1.582962580761112701e-08
1.580290599234257312e-08
1.577630154604535979e-08
1.574981291555022822e-08
1.572344004118571565e-08
1.569719075129149227e-08
1.567105571948315214e-08
1.564497961730018365e-08
1.561895834190853734e-08
1.559299258475036659e-08
1.556708171519108023e-08
1.554122566283889193e-08
1.551542425883796563e-08
1.548967843093744342e-08
1.546398752645343089e-08
1.543835145666736958e-08
1.541277048842423771e-08
1.538724442474153053e-08
1.536176743435373478e-08
1.533632032777470368e-08
1.531087974498281984e-08
1.528544519947313941e-08
1.526001687275560158e-08
1.523459425983848386e-08
1.520917796371931693e-08
1.518376786703948895e-08
1.515836385855840451e-08
1.513296580007028679e-08
1.510757388519079377e-08
1.508218806087774952e-08
1.505680611448733041e-08
1.503141535770756964e-08
1.500600522733784991e-08
1.498056919840349370e-08
1.495510681881012506e-08
1.492961844483577610e-08
1.490410325607902276e-08
1.487856190879472463e-08
1.485299414390255691e-08
1.482740032473189422e-08
1.480177954600235273e-08
1.477613274511982586e-08
1.475045944282497393e-08
1.472475873481568987e-08
1.469901513937994276e-08
1.467322833459187604e-08
1.464740298743420153e-08
1.462153980945143587e-08
1.459563776074904660e-08
1.456969756513480900e-08
1.454371944657339122e-08
1.451770250988789122e-08
1.449164770709768300e-08
1.446555391618775125e-08
1.443942221763933213e-08
1.441325158321095058e-08
1.438704279127197114e-08
1.436078779718470621e-08
1.433448070466002675e-08
1.430813530770055512e-08
1.428175495551420657e-08
1.425533957698958566e-08
1.422888848437960776e-08
1.420240198148859073e-08
1.417588060460144594e-08
1.414932332650585989e-08
1.412273106285973984e-08
1.409610304105687714e-08
1.406943970443480444e-08
1.404274083134571534e-08
1.401600656746517501e-08
1.398923514291467866e-08
1.396243489588982148e-08
1.393561780328737336e-08
1.390878398975096054e-08
1.388193307751772065e-08
1.385506532751199074e-08
1.382818071805916050e-08
1.380127943888850223e-08
1.377436080392362436e-08
1.374742553489980115e-08
1.372047319955807221e-08
1.369350423404591940e-08
1.366651784806141643e-08
1.363951868825351631e-08
1.361251571165925335e-08
1.358551870444550564e-08
1.355853411475348875e-08
1.353156124009028025e-08
1.350460024275539333e-08
1.347765138109687130e-08
1.345071440601739560e-08
1.342378945484509945e-08
1.339687651402265638e-08
1.336997542564729113e-08
1.334308656336471851e-08
1.331620962332385348e-08
1.328934452719616797e-08
1.326250170880367766e-08
1.323570027582638010e-08
1.320894103493879096e-08
1.318222700415404288e-08
1.315555576574908408e-08
1.312892803843056626e-08
1.310234446398316921e-08
1.307580400875242236e-08
1.304930801997226315e-08
1.302285553825027625e-08
1.299644640568817967e-08
1.297008176881327186e-08
1.294376060214288889e-08
1.291748349639541926e-08
1.289125987237186601e-08
1.286512196463677537e-08
1.283906821355140245e-08
1.281308926679331308e-08
1.278718524536450725e-08
1.276135854094505920e-08
1.273560601330548387e-08
1.270993051660905250e-08
1.268433084388770110e-08
1.265880672673614895e-08
1.263335829674476612e-08
1.260798557300112906e-08
1.258269038783264947e-08
1.255746986388178269e-08
1.253232778873868994e-08
1.250730088331818479e-08
1.248239564625523269e-08
1.245759461348372683e-08
1.243288981336301594e-08
1.240828365401825441e-08
1.238377620719355308e-08
1.235936660860754658e-08
1.233505626203618913e-08
1.231084320434711520e-08
1.228672980164087752e-08
1.226271526591756532e-08
1.223879958791569387e-08
1.221498140258803097e-08
1.219126326454598446e-08
1.216765629898959206e-08
1.214419866656928699e-08
1.212087754079862947e-08
1.209766252232975898e-08
1.207455680303711763e-08
1.205155883002463722e-08
1.202866847426074323e-08
1.200588839951588520e-08
1.198321542051116554e-08
1.196065142882920319e-08
1.193819536019444286e-08
1.191584832591286726e-08
1.189361011514137265e-08
1.187148174800594359e-08
1.184946032834785041e-08
1.182756877507797785e-08
1.180583765344862715e-08
1.178423703279229585e-08
1.176274638336916262e-08
1.174136329514468875e-08
1.172009189161945229e-08
1.169892798040626805e-08
1.167787495449435459e-08
1.165693003708766411e-08
1.163609521618103220e-08
1.161536946721889728e-08
1.159475372436868278e-08
1.157424763820981949e-08
1.155385237431090489e-08
1.153356523244350886e-08
1.151340364225089664e-08
1.149339240225208203e-08
1.147350714970726733e-08
1.145371810159963065e-08
1.143402737137622271e-08
1.141443349701968617e-08
1.139493741516197614e-08
1.137553896066426875e-08
1.135623764924260669e-08
1.133703526082964183e-08
1.131793015657834828e-08
1.129892286938458079e-08
1.128001375792876705e-08
1.126120166908402253e-08
1.124248872135998812e-08
1.122387652432825743e-08
1.120539387056381663e-08
1.118702847109380656e-08
1.116874348153242016e-08
1.115053519814653388e-08
1.113240538564901877e-08
1.111435234022377414e-08
1.109637781917662432e-08
1.107848037859239298e-08
1.106066130036005863e-08
1.104291977211689887e-08
1.102525595960065770e-08
1.100767049945157517e-08
1.099016269740800645e-08
1.097273332921044179e-08
1.095538170191945978e-08
1.093812030665113303e-08
1.092096240441493780e-08
1.090387841602366854e-08
1.088685442987241357e-08
1.086988917294366511e-08
1.085298353912602117e-08
1.083613711418445600e-08
1.081935001376265240e-08
1.080262253102150268e-08
1.078595450694144012e-08
1.076934601547290119e-08
1.075279718361077136e-08
1.073630746628302775e-08
1.071987796114130164e-08
1.070350714477389637e-08
1.068719757966491290e-08
1.067095625110565942e-08
1.065478683256209384e-08
1.063866223252750450e-08
1.062257751719230173e-08
1.060653123776906981e-08
1.059052512632586622e-08
1.057455733660785894e-08
1.055862954755069900e-08
1.054274033120247075e-08
1.052689095593047277e-08
1.051108041665185192e-08
1.049530973397329554e-08
1.047957801040347341e-08
1.046388620863812344e-08
1.044823309462724538e-08
1.043262038865569893e-08
1.041705097967438857e-08
1.040152709962071542e-08
1.038602823379168316e-08
1.037055052563582074e-08
1.035509269401453153e-08
1.033965600873679393e-08
1.032423938757858994e-08
1.030884347325113919e-08
1.029346808107317146e-08
1.027811326092929589e-08
1.026277897496363640e-08
1.024746525235845169e-08
1.023217202697357939e-08
1.021689946042491257e-08
1.020164744725276634e-08
1.018641612747249752e-08
1.017120759769837381e-08
1.015602388713907964e-08
1.014085719327632568e-08
1.012570136053470997e-08
1.011055703565616103e-08
1.009542351770524489e-08
1.008030134485304983e-08
1.006519016626840730e-08
1.005009013610719765e-08
1.003500131247572058e-08
1.001992352557457677e-08
1.000485689504148233e-08
9.989801371986188532e-09
9.974757126263492648e-09
9.959723918927876837e-09
9.944702096023871882e-09
9.929691557435091783e-09
9.914695027585535567e-09
9.899711484728207712e-09
9.884736114456320334e-09
9.869768011536071456e-09
9.854807167370425731e-09
9.839853898630889212e-09
9.824907818209754867e-09
9.809969234183599404e-09
9.795038032887243562e-09
9.780114183182187865e-09
9.765197717312647275e-09
9.750288584648390386e-09
9.735386910592145421e-09
9.720492618216442976e-09
9.705605819999602064e-09
9.690726261750529224e-09
9.675856003513647027e-09
9.660998924226963015e-09
9.646153929445836719e-09
9.631318123255297016e-09
9.616491274971163391e-09
9.601673681211554329e-09
9.586865053062842266e-09
9.572065441418618025e-09
9.557275032702700458e-09
9.542493584522648898e-09
9.527721252215555957e-09
9.512958125327539554e-09
9.498203992406244340e-09
9.483458826271241650e-09
9.468722989641248288e-09
9.453996250848172254e-09
9.439278406470923509e-09
9.424573156235006657e-09
9.409887773160191266e-09
9.395221706175219537e-09
9.380573316111719146e-09
9.365942071268701024e-09
9.351328025430130195e-09
9.336731656067640266e-09
9.322152230861969264e-09
9.307590218146257910e-09
9.293045906973186139e-09
9.278518636377512712e-09
9.264008511797678873e-09
9.249516280452826893e-09
9.235041257701182585e-09
9.220583251322313372e-09
9.206143108463360446e-09
9.191720289091010426e-09
9.177316197356418376e-09
9.162942842865797047e-09
9.148600369636366667e-09
9.134283941652883666e-09
9.119994517898869770e-09
9.105730260936566634e-09
9.091491482217608336e-09
9.077279150016235535e-09
9.063092322300919479e-09
9.048931394553737102e-09
9.034796284416551630e-09
9.020687060088523560e-09
9.006603924478246637e-09
8.992546240436002075e-09
8.978514671936378701e-09
8.964509406796026896e-09
8.950529303455761136e-09
8.936575857569287099e-09
8.922656358477030001e-09
8.908779102876589695e-09
8.894942374441936631e-09
8.881136780523854649e-09
8.867362824339487538e-09
8.853621519678619679e-09
8.839912272548367184e-09
8.826234511866279172e-09
8.812588998479088399e-09
8.798976098479814651e-09
8.785394467587106971e-09
8.771845663811765889e-09
8.758328548530522990e-09
8.744843473670640558e-09
8.731391202707194585e-09
8.717970081097719730e-09
8.704581909888275787e-09
8.691226491039484230e-09
8.677914574578063939e-09
8.664655491626074657e-09
8.651439033078287798e-09
8.638259617836900231e-09
8.625116258241446254e-09
8.612011275965269641e-09
8.598942364397118688e-09
8.585910186415288321e-09
8.572915171540519661e-09
8.559957701103210753e-09
8.547036125344380820e-09
8.534152501278253278e-09
8.521305440004717998e-09
8.508495257411628316e-09
8.495722844547254127e-09
8.482986536209508307e-09
8.470287769511292089e-09
8.457626675548200775e-09
8.445013163678729016e-09
8.432455139354133570e-09
8.419946024499572313e-09
8.407474412189531491e-09
8.395040680233815963e-09
8.382645616881215309e-09
8.370289347151138946e-09
8.357970893653726530e-09
8.345690671329213319e-09
8.333448769911637779e-09
8.321246005486815924e-09
8.309080343938256815e-09
8.296954453968040972e-09
8.284865845155468338e-09
8.272816390600467182e-09
8.260805316458513031e-09
8.248832490983481009e-09
8.236897880932249536e-09
8.225007148084837656e-09
8.213170149836687382e-09
8.201384572404282292e-09
8.189635845619504367e-09
8.177923315746996832e-09
8.166245311174725919e-09
8.154602429163570903e-09
8.142995020358296848e-09
8.131423346594982417e-09
8.119886894564077979e-09
8.108385161786953216e-09
8.096919570650398200e-09
8.085488955680686472e-09
8.074093917337126803e-09
8.062734245367182703e-09
8.051410032492869189e-09
8.040120937913560355e-09
8.028867480916003008e-09
8.017650301744850245e-09
8.006475983771919321e-09
7.995349820717197155e-09
7.984265721738464541e-09
7.973210595896011839e-09
7.962185416298214199e-09
7.951189203504296356e-09
7.940223659996740366e-09
7.929287828045102217e-09
7.918381515107831198e-09
7.907504641526990953e-09
7.896658146770232492e-09
7.885841118917368396e-09
7.875054207085923716e-09
7.864296602621578942e-09
7.853569561672876325e-09
7.842871589711540694e-09
7.832203974475698525e-09
7.821566259781907416e-09
7.810958783810142820e-09
7.800387513675144910e-09
7.789856418273564045e-09
7.779358105333069694e-09
7.768882731008369686e-09
7.758431021832878849e-09
7.748002157413456506e-09
7.737597502333792768e-09
7.727216407797834746e-09
7.716858668268418813e-09
7.706523991495285882e-09
7.696213376772655994e-09
7.685925852642364433e-09
7.675662389806286336e-09
7.665422018154736748e-09
7.655205472957221520e-09
7.645012516676954408e-09
7.634842763155864813e-09
7.624696868854568533e-09
7.614574758940520403e-09
7.604479962252061685e-09
7.594416023759544130e-09
7.584379036798795818e-09
7.574361382508572691e-09
7.564361022861536740e-09
7.554378199405380358e-09
7.544413057193331090e-09
7.534465478113205639e-09
7.524535825521318240e-09
7.514624004726191434e-09
7.504729950012517703e-09
7.494853157027273805e-09
7.484994649363791870e-09
7.475153640151112107e-09
7.465330316567369291e-09
7.455524950264992937e-09
7.445737158587733591e-09
7.435967490991913738e-09
7.426215303485587495e-09
7.416481457408878553e-09
7.406771094799485290e-09
7.397084972060593214e-09
7.387415446719387950e-09
7.377759891078336318e-09
7.368117807722983897e-09
7.358489625249427810e-09
7.348875493575691198e-09
7.339275028422837784e-09
7.329688362957364128e-09
7.320115277068807138e-09
7.310556229731533973e-09
7.301010958403612902e-09
7.291479341666943148e-09
7.281961893458350211e-09
7.272457932922652868e-09
7.262968026037681933e-09
7.253492021146096629e-09
7.244029636106291186e-09
7.234581062458418230e-09
7.225147922439906377e-09
7.215734574142797767e-09
7.206340281504968023e-09
7.196959900602194415e-09
7.187591533048094780e-09
7.178235367058356391e-09
7.168891755646384269e-09
7.159560383964290459e-09
7.150241180207873585e-09
7.140934121710155612e-09
7.131639252571150068e-09
7.122356891508137822e-09
7.113086669943063240e-09
7.103828600163579342e-09
7.094583151392969144e-09
7.085349734429794935e-09
7.076128609866289829e-09
7.066919997325000298e-09
7.057723472543731194e-09
7.048539233349413764e-09
7.039368378209254561e-09
7.030216013273458041e-09
7.021082312663287550e-09
7.011962775833180469e-09
7.002855924546899302e-09
6.993761412605611821e-09
6.984679219226726082e-09
6.975609822441527069e-09
6.966552981564729316e-09
6.957508644825418526e-09
6.948476857484861446e-09
6.939457421398461349e-09
6.930450406693733610e-09
6.921456291498425704e-09
6.912474562040544412e-09
6.903505168816271526e-09
6.894548556092850980e-09
6.885604531761829771e-09
6.876672891725715733e-09
6.867754066775190601e-09
6.858847922960232485e-09
6.849958820920258188e-09
6.841089286825578946e-09
6.832237299386647170e-09
6.823399706266079399e-09
6.814575669356760574e-09
6.805765070014906541e-09
6.796968001760797175e-09
6.788184520974540250e-09
6.779414617557621200e-09
6.770658223921076603e-09
6.761915733353431931e-09
6.753186727333344690e-09
6.744471173952412914e-09
6.735769594214015619e-09
6.727081619247217332e-09
6.718407105083004258e-09
6.709746216009923121e-09
6.701099219263858668e-09
6.692465825927299723e-09
6.683845940225879389e-09
6.675240296705210467e-09
6.666655161745405025e-09
6.658092013714273564e-09
6.649546930389375246e-09
6.641016684791442440e-09
6.632501279016126475e-09
6.624000929775917686e-09
6.615515542379148362e-09
6.607045092075159268e-09
6.598589493177445642e-09
6.590149206362186258e-09
6.581723799890696629e-09
6.573313253552677164e-09
6.564917901940425782e-09
6.556537731764347921e-09
6.548172432458007733e-09
6.539822005737886882e-09
6.531486680078265193e-09
6.523166594590731046e-09
6.514861521553678588e-09
6.506571332489025476e-09
6.498296791286015380e-09
6.490044043496691657e-09
6.481815044857571504e-09
6.473606489787196435e-09
6.465414161315369202e-09
6.457237966032831629e-09
6.449077906666663365e-09
6.440934123632595670e-09
6.432806578569063882e-09
6.424695207506116541e-09
6.416600126200931407e-09
6.408521234789254577e-09
6.400458948550353691e-09
6.392412823855977702e-09
6.384382863128254547e-09
6.376369068755330753e-09
6.368371762325962797e-09
6.360390935048081861e-09
6.352426287086938685e-09
6.344477820674135865e-09
6.336545874869686308e-09
6.328630352208217789e-09
6.320735149883994471e-09
6.312863801457731735e-09
6.305015532589474381e-09
6.297184031983868131e-09
6.289368470486511834e-09
6.281568851284002167e-09
6.273785361815352610e-09
6.266018067642949800e-09
6.258266729166085157e-09
6.250531470593745339e-09
6.242812301732059730e-09
6.235109127170500131e-09
6.227422126394884844e-09
6.219751102283181126e-09
6.212096057664221767e-09
6.204456995331956524e-09
6.196833973715154849e-09
6.189227362243244715e-09
6.181636871943138333e-09
6.174062396944783197e-09
6.166503923591869935e-09
6.158961947230927079e-09
6.151441647449798983e-09
6.143944472272607224e-09
6.136467613157854953e-09
6.129005916289692670e-09
6.121559122497536111e-09
6.114127149066813897e-09
6.106709882830144886e-09
6.099307327124989438e-09
6.091919485254262366e-09
6.084546360486452885e-09
6.077188089597971354e-09
6.069844585196993325e-09
6.062515809432460232e-09
6.055201765429491862e-09
6.047902456279443317e-09
6.040617885040035707e-09
6.033348313433953639e-09
6.026093654288692986e-09
6.018853799498429652e-09
6.011628700272193139e-09
6.004418359480732787e-09
5.997223143151436564e-09
5.990047968456002312e-09
5.982894252609045852e-09
5.975759883602060479e-09
5.968639680616032007e-09
5.961533234505388414e-09
5.954440734317798539e-09
5.947362058798628211e-09
5.940297155018500818e-09
5.933246026569504420e-09
5.926208677009967352e-09
5.919185172937842683e-09
5.912175492778489047e-09
5.905179606071054830e-09
5.898197599856682089e-09
5.891229449940380093e-09
5.884275105470918765e-09
5.877334569753007073e-09
5.870407846058629897e-09
5.863494937627177061e-09
5.856595847665558318e-09
5.849710714152483604e-09
5.842839579016697576e-09
5.835984722577029787e-09
5.829148910226765548e-09
5.822331951922569467e-09
5.815528722542005186e-09
5.808737583256443308e-09
5.801958535029522778e-09
5.795191542719610164e-09
5.788436609905087141e-09
5.781693740133440188e-09
5.774962936921368950e-09
5.768244203754907004e-09
5.761537544089521951e-09
5.754842961350232044e-09
5.748160458931720343e-09
5.741490054079437860e-09
5.734831850543605631e-09
5.728185844362708463e-09
5.721551937173486949e-09
5.714930132201729583e-09
5.708320432643601868e-09
5.701722841665756330e-09
5.695137362405435915e-09
5.688564187317075150e-09
5.682006362281723358e-09
5.675465237973377657e-09
5.668939935752573356e-09
5.662425185034235985e-09
5.655920409183220783e-09
5.649425611611522873e-09
5.642940795704150608e-09
5.636465964819209123e-09
5.630001122288021923e-09
5.623546271415202851e-09
5.617101415478766107e-09
5.610666557730214747e-09
5.604241701394642435e-09
5.597826862769681069e-09
5.591422134407516387e-09
5.585027420110820882e-09
5.578642722989102963e-09
5.572268046125952985e-09
5.565903392579154099e-09
5.559548765380764964e-09
5.553204167537222319e-09
5.546869602029420396e-09
5.540545219741283616e-09
5.534233912346622136e-09
5.527937206719284665e-09
5.521654784129685195e-09
5.515382385668334441e-09
5.509119291619602308e-09
5.502865514721534217e-09
5.496621085121944375e-09
5.490385968948412875e-09
5.484160169721448526e-09
5.477943690935369121e-09
5.471736536058397383e-09
5.465538708532759407e-09
5.459350211774763233e-09
5.453171049174904733e-09
5.447001224097953634e-09
5.440840739883042027e-09
5.434689599843762801e-09
5.428547807268256500e-09
5.422415365419294862e-09
5.416292277534392495e-09
5.410178546825871393e-09
5.404074176480971781e-09
5.397979169661926559e-09
5.391894804250552735e-09
5.385823769171451190e-09
5.379766435713758708e-09
5.373720058623058389e-09
5.367682512836170742e-09
5.361653802111519920e-09
5.355634030126942864e-09
5.349623125520783962e-09
5.343621063951562933e-09
5.337627849084050541e-09
5.331643484557188008e-09
5.325667973984178006e-09
5.319701320952577296e-09
5.313743529024388551e-09
5.307794601736145553e-09
5.301854542599006663e-09
5.295923355098843330e-09
5.290001042696329430e-09
5.284087608827028116e-09
5.278183060120587682e-09
5.272287437110015370e-09
5.266400701281349243e-09
5.260522855975639626e-09
5.254653905384077505e-09
5.248795974280773353e-09
5.242951051801916493e-09
5.237119132589854787e-09
5.231297031981879794e-09
5.225483252098887915e-09
5.219677796881182123e-09
5.213880670243181254e-09
5.208091876073513480e-09
5.202311500642979961e-09
5.196539551239670549e-09
5.190775942519857512e-09
5.185020678280739093e-09
5.179273762294139771e-09
5.173535198306580572e-09
5.167804990039387424e-09
5.162083141188766438e-09
5.156369655425896545e-09
5.150664536397012220e-09
5.144967831075683783e-09
5.139279525507266767e-09
5.133599595864820319e-09
5.127928045700961919e-09
5.122264878543787280e-09
5.116610097896954716e-09
5.110965453766537119e-09
5.105333542040356620e-09
5.099714637447392131e-09
5.094106254143196256e-09
5.088506524105407029e-09
5.082915696383230873e-09
5.077333567944145016e-09
5.071760170935087980e-09
5.066195438264848142e-09
5.060639374360148725e-09
5.055091983619829519e-09
5.049553270414934567e-09
5.044023327677481016e-09
5.038502094395886681e-09
5.032989549756109384e-09
5.027485698024991569e-09
5.021990543442039016e-09
5.016504090219515968e-09
5.011026342542545214e-09
5.005557304569192467e-09
5.000097148402204334e-09
4.994645739589821773e-09
4.989203049200326697e-09
4.983769081296272756e-09
4.978344114804660703e-09
4.972931256532384776e-09
4.967531204947534829e-09
4.962143720719987948e-09
4.956765469138938400e-09
4.951396048269105197e-09
4.946035306030612125e-09
4.940683232854461802e-09
4.935339833587526474e-09
4.930005113047482218e-09
4.924679197618406965e-09
4.919362119510116543e-09
4.914053730775999922e-09
4.908754036129701981e-09
4.903463040256140446e-09
4.898180768984480756e-09
4.892907344335614191e-09
4.887642731559583129e-09
4.882386830848426616e-09
4.877139646761760230e-09
4.871901183831006753e-09
4.866671446559487158e-09
4.861450439422522358e-09
4.856238273926271631e-09
4.851034970113020954e-09
4.845840755848436301e-09
4.840658895629892919e-09
4.835489613497190939e-09
4.830332430723087042e-09
4.825183799950375833e-09
4.820043429693765755e-09
4.814911285147361925e-09
4.809787254739316995e-09
4.804671343421787584e-09
4.799563556118335506e-09
4.794464137825755597e-09
4.789372921305509543e-09
4.784289839808715248e-09
4.779214909108302438e-09
4.774148295812009763e-09
4.769089899484876674e-09
4.764039729539539425e-09
4.758997713356106396e-09
4.753963855632928722e-09
4.748938161040638720e-09
4.743920634222230947e-09
4.738911537732901801e-09
4.733910634821274682e-09
4.728917976021879509e-09
4.723933510446560034e-09
4.718957379102150784e-09
4.713991926681451769e-09
4.709038475667794939e-09
4.704096948694865929e-09
4.699164299392415015e-09
4.694239274860898300e-09
4.689321901210299116e-09
4.684412497787552350e-09
4.679510936343383742e-09
4.674617049582600552e-09
4.669730805989318695e-09
4.664852308886606446e-09
4.659981537129977860e-09
4.655118421695199485e-09
4.650262987750780015e-09
4.645415310335366592e-09
4.640575610603544271e-09
4.635743602836085789e-09
4.630919270607933728e-09
4.626102618723268715e-09
4.621293673069962024e-09
4.616492553564219139e-09
4.611699317133638830e-09
4.606913785710537779e-09
4.602135953305447584e-09
4.597365868018477493e-09
4.592604104272468623e-09
4.587853360316106770e-09
4.583113521730569242e-09
4.578384200399448576e-09
4.573662316840050634e-09
4.568947687872360226e-09
4.564240049959568202e-09
4.559539399821693329e-09
4.554845851241454753e-09
4.550159552094895898e-09
4.545480386907844791e-09
4.540808359879538403e-09
4.536143383221825239e-09
4.531485547851240637e-09
4.526834726590493397e-09
4.522190924295889758e-09
4.517554277263054585e-09
4.512924991860371241e-09
4.508302734950463169e-09
4.503687511300144762e-09
4.499079325650158512e-09
4.494478319148575071e-09
4.489884552903185173e-09
4.485297904711525605e-09
4.480718308432491840e-09
4.476145907664835914e-09
4.471581048057950221e-09
4.467026152327268149e-09
4.462481222439649003e-09
4.457946172174472538e-09
4.453418230465178963e-09
4.448896592264145662e-09
4.444381234767180226e-09
4.439872305362812298e-09
4.435369968820480801e-09
4.430874150393772405e-09
4.426384625889181932e-09
4.421901539060552818e-09
4.417424801511610234e-09
4.412954422118418223e-09
4.408490459234530706e-09
4.404033155813116715e-09
4.399582168710067431e-09
4.395137502631047095e-09
4.390699295504575633e-09
4.386267726476912879e-09
4.381842487867191269e-09
4.377423584297021913e-09
4.373011161757322646e-09
4.368605290550665901e-09
4.364205884419794776e-09
4.359812827012639756e-09
4.355426238600535643e-09
4.351047731941154880e-09
4.346678480551714971e-09
4.342318708740259964e-09
4.337966768290601845e-09
4.333621141535877822e-09
4.329281364157744379e-09
4.324947478818875404e-09
4.320619663130823664e-09
4.316297824410698958e-09
4.311981851747325576e-09
4.307672105458211782e-09
4.303368282240232562e-09
4.299070638342446354e-09
4.294778977067130156e-09
4.290493294120902258e-09
4.286213498543476086e-09
4.281939726307561738e-09
4.277672252442527935e-09
4.273410675586642528e-09
4.269155000450871986e-09
4.264905377458340748e-09
4.260661989078749122e-09
4.256424511976799227e-09
4.252192987647422504e-09
4.247967717431430015e-09
4.243748425218992207e-09
4.239535258421959423e-09
4.235329938713508984e-09
4.231133515656833614e-09
4.226945873600355909e-09
4.222765160561703856e-09
4.218590745169575249e-09
4.214421969629084663e-09
4.210258766537026975e-09
4.206101367714379494e-09
4.201949715391198965e-09
4.197803647611415112e-09
4.193663567875759813e-09
4.189529198963339475e-09
4.185400675917896528e-09
4.181277928400156534e-09
4.177160818535319158e-09
4.173049370454123049e-09
4.168943934886211103e-09
4.164844236217135689e-09
4.160750154238468263e-09
4.156661907475977500e-09
4.152579592595605266e-09
4.148502904411529558e-09
4.144431972517330443e-09
4.140366988252975392e-09
4.136307760078611221e-09
4.132254181288616372e-09
4.128206437524626053e-09
4.124165580307352599e-09
4.120133138224834265e-09
4.116109398128931083e-09
4.112093216617731563e-09
4.108082454284153784e-09
4.104077159227270538e-09
4.100077300475388286e-09
4.096082688235456635e-09
4.092093734510587705e-09
4.088110427736885039e-09
4.084132417382683977e-09
4.080159881174933116e-09
4.076192688415552031e-09
4.072230949382803323e-09
4.068274843946928385e-09
4.064324013304117286e-09
4.060378838955824886e-09
4.056439142714919680e-09
4.052504731683325361e-09
4.048575809695087000e-09
4.044652585841273623e-09
4.040734657396674057e-09
4.036822110920253542e-09
4.032915195134382900e-09
4.029013727376456684e-09
4.025117728644531673e-09
4.021227302028313602e-09
4.017342467412589122e-09
4.013464822503578632e-09
4.009595228286532107e-09
4.005733572182013494e-09
4.001878476381681724e-09
3.998028972688900569e-09
3.994184414922946343e-09
3.990345004433228622e-09
3.986510796470929834e-09
3.982681575977037438e-09
3.978857775404427796e-09
3.975039314834648979e-09
3.971225933250409537e-09
3.967417667257914982e-09
3.963614521252002376e-09
3.959816744259569910e-09
3.956024082586418136e-09
3.952236595021462672e-09
3.948454519134418170e-09
3.944677436415434157e-09
3.940905513268647046e-09
3.937139074329097822e-09
3.933377639043781848e-09
3.929621329678325023e-09
3.925870436673444472e-09
3.922124623379793810e-09
3.918384154202489393e-09
3.914648899795065571e-09
3.910918859930926968e-09
3.907195595387159645e-09
3.903479867180068383e-09
3.899771932308492946e-09
3.896071122312526292e-09
3.892375201355242660e-09
3.888684223456997096e-09
3.884998327689843709e-09
3.881317233285011172e-09
3.877641534364115011e-09
3.873970932839616558e-09
3.870305265296890370e-09
3.866644569381316555e-09
3.862988842436181236e-09
3.859338401430660506e-09
3.855692897551042093e-09
3.852052611748271448e-09
3.848417254806396420e-09
3.844786774201711278e-09
3.841161748374168791e-09
3.837541549423608600e-09
3.833926378601739495e-09
3.830316478283914246e-09
3.826711409736947246e-09
3.823111615476089078e-09
3.819516907294681970e-09
3.815927095829084843e-09
3.812342321801441470e-09
3.808762778189049726e-09
3.805188673613127644e-09
3.801622055345309135e-09
3.798062502601364310e-09
3.794510386841380060e-09
3.790963538838818702e-09
3.787421547673245797e-09
3.783884688103915065e-09
3.780352363348675529e-09
3.776824892306937514e-09
3.773302032532715298e-09
3.769784105375506672e-09
3.766271159422475587e-09
3.762762934690291467e-09
3.759259381813469656e-09
3.755760609361110813e-09
3.752266837025829399e-09
3.748777707176947018e-09
3.745293618910910425e-09
3.741814145192901915e-09
3.738339455183211292e-09
3.734869790392944749e-09
3.731404673557662536e-09
3.727944577863577336e-09
3.724489247694492533e-09
3.721038690140069348e-09
3.717593124097123619e-09
3.714152186088746449e-09
3.710716056138824307e-09
3.707284835026210224e-09
3.703858813469101543e-09
3.700439905828448250e-09
3.697027617558813149e-09
3.693622362791371929e-09
3.690221983549624981e-09
3.686826276570431166e-09
3.683435088344103627e-09
3.680048116521899317e-09
3.676665611793984317e-09
3.673287349574994004e-09
3.669913776873614297e-09
3.666544596593854549e-09
3.663179785844504187e-09
3.659819278746131070e-09
3.656463338279474248e-09
3.653111733648714843e-09
3.649764744338983803e-09
3.646422005690891487e-09
3.643083668286046004e-09
3.639749933048236521e-09
3.636420338260197641e-09
3.633095553887521016e-09
3.629774942577316584e-09
3.626458887938992778e-09
3.623147298574337476e-09
3.619839961000363706e-09
3.616537188112113794e-09
3.613238786077585648e-09
3.609945014100190191e-09
3.606655693828106741e-09
3.603372092737803778e-09
3.600094789832769475e-09
3.596824207732566762e-09
3.593559537027426550e-09
3.590298836736473149e-09
3.587042397963267497e-09
3.583789784765302247e-09
3.580541772812213853e-09
3.577297745429312350e-09
3.574057827826233470e-09
3.570821915135421285e-09
3.567590269578332942e-09
3.564362880643458310e-09
3.561139603611302063e-09
3.557920298185370614e-09
3.554705279445633568e-09
3.551494308613878635e-09
3.548287680620116586e-09
3.545085088343744173e-09
3.541886569113911597e-09
3.538692401576124258e-09
3.535502104796924069e-09
3.532316287239477310e-09
3.529134359803562985e-09
3.525956850309609899e-09
3.522783366462512095e-09
3.519613929793663456e-09
3.516448793480207308e-09
3.513287853498702377e-09
3.510131236249306158e-09
3.506980172358085084e-09
3.503835129441348465e-09
3.500696110722210937e-09
3.497562879050382259e-09
3.494433314401914793e-09
3.491307810608883076e-09
3.488185926256295518e-09
3.485068463760764668e-09
3.481954792488587341e-09
3.478845058134547818e-09
3.475739082167941817e-09
3.472637254044480649e-09
3.469539504983160425e-09
3.466445620523942494e-09
3.463355514588055265e-09
3.460269598093968206e-09
3.457187509413670397e-09
3.454109564595298786e-09
3.451035275980523199e-09
3.447965282695987688e-09
3.444898996894149444e-09
3.441836873553989455e-09
3.438778572293375235e-09
