1.291946135713618780e-07
1.383485078355366739e-07
1.470334696080301317e-07
1.552681753226456598e-07
1.630709838251659805e-07
1.704578365068619654e-07
1.774457514760524841e-07
1.840492308533759764e-07
1.902836441261307935e-07
1.961623045326219380e-07
2.016992155392170953e-07
2.069066525393811007e-07
2.117970717591513401e-07
2.163820475977871200e-07
2.206728232008087212e-07
2.246804592989228190e-07
2.284141666556782681e-07
2.318844846374885328e-07
2.351001311782853009e-07
2.380711690021751466e-07
2.408060369092459463e-07
2.433120936186611601e-07
2.455974491969524579e-07
2.476710928298975610e-07
2.495398382260891784e-07
2.512102967189049195e-07
2.526911245117392126e-07
2.539883463058877861e-07
2.551089573479858453e-07
2.560603897003399826e-07
2.568464713292953182e-07
2.574769159599991698e-07
2.579545374226534503e-07
2.582875879236060496e-07
2.584802465973639127e-07
2.585392590273480433e-07
2.584689106821471589e-07
2.582760449734844877e-07
2.579636391319644844e-07
2.575390577430074372e-07
2.570058443918329500e-07
2.563693037820235638e-07
2.556334048880750088e-07
2.548046319672433295e-07
2.538853407628805838e-07
2.528811471291136063e-07
2.517962369847197106e-07
2.506344200022134106e-07
2.494011691009502886e-07
2.480989309765949360e-07
2.467331359930325520e-07
2.453071813021093444e-07
2.438236230326778783e-07
2.422884799117187053e-07
2.407039988576473044e-07
2.390735518832509641e-07
2.374021530180730325e-07
2.356915007062012557e-07
2.339451341564766889e-07
2.321673261738248010e-07
2.303597425562201162e-07
2.285257998691982938e-07
2.266691825839706674e-07
2.247916480508495707e-07
2.228960818010066747e-07
2.209856709314934198e-07
2.190624689814158196e-07
2.171288145742155184e-07
2.151876188525882641e-07
2.132408587130366077e-07
2.112902858631705226e-07
2.093384119650949937e-07
2.073875016290323096e-07
2.054391430385875985e-07
2.034949078612937431e-07
2.015572571535848763e-07
1.996276471365923569e-07
1.977072186116704514e-07
1.957973559458839225e-07
1.939004970257157735e-07
1.920173948660173557e-07
1.901489227051738007e-07
1.882966741952388615e-07
1.864621176864361290e-07
1.846457221441704027e-07
1.828487373348947488e-07
1.810723608376285826e-07
1.793168350570295907e-07
1.775835820660499116e-07
1.758734201229194799e-07
1.741859010369331846e-07
1.725223698002520353e-07
1.708840681470487762e-07
1.692697901519210358e-07
1.676814447670534762e-07
1.661190078969874356e-07
1.645819284501237781e-07
1.630722791506600552e-07
1.615884155102925910e-07
1.601314464809530329e-07
1.587021405905572659e-07
1.572988265156375423e-07
1.559237502353337381e-07
1.545748013907336637e-07
1.532534007200251191e-07
1.519591613624920571e-07
1.506910673298646868e-07
1.494508990861834156e-07
1.482359288832010770e-07
1.470488129698640686e-07
1.458865477878382739e-07
1.447513044217693503e-07
1.436409883016981987e-07
1.425563362219949980e-07
1.414966033251330432e-07
1.404612423019747704e-07
1.394506526276921814e-07
1.384634373503577723e-07
1.375005114661910336e-07
1.365597361630107182e-07
1.356424819099585640e-07
1.347462112513433212e-07
1.338727094495410318e-07
1.330194745980319758e-07
1.321878278027599115e-07
1.313755233933585155e-07
1.305835559229515842e-07
1.298101060323641592e-07
1.290557324554520460e-07
1.283192772101758185e-07
1.276001757677359237e-07
1.268982720728831185e-07
1.262121328915254385e-07
1.255425409184857617e-07
1.248872128174762619e-07
1.242477226280817721e-07
1.236211432432780880e-07
1.230091073546683693e-07
1.224091151832994002e-07
1.218220699428358174e-07
1.212464883879554324e-07
1.206819980768567663e-07
1.201286248063670170e-07
1.195846105738868809e-07
1.190509151155936147e-07
1.185254396097894894e-07
1.180088865209276364e-07
1.174999733527158695e-07
1.169982596237670132e-07
1.165037705442334470e-07
1.160149978673220458e-07
1.155324661635572990e-07
1.150548179064597513e-07
1.145819556742965874e-07
1.141135438453117054e-07
1.136486619221870194e-07
1.131874521061874035e-07
1.127289520842059816e-07
1.122729210140954556e-07
1.118189373413370857e-07
1.113663769548439032e-07
1.109151480282865115e-07
1.104646913204875360e-07
1.100147256748375592e-07
1.095648195253607181e-07
1.091146565351982219e-07
1.086638200587829963e-07
1.082118975586030748e-07
1.077588454274547393e-07
1.073041971697493524e-07
1.068478428116372677e-07
1.063896427356758551e-07
1.059288751137618370e-07
1.054657461768536945e-07
1.049999298603623948e-07
1.045308055002035334e-07
1.040588235147609923e-07
1.035835722900205132e-07
1.031048353655795320e-07
1.026229961448510552e-07
1.021372544389074774e-07
1.016476322040027236e-07
1.011545754055339129e-07
1.006572024626354768e-07
1.001557983513269083e-07
9.965080083283516548e-08
9.914155017816621785e-08
9.862838549159106414e-08
9.811164747242586527e-08
9.759048245795706205e-08
9.706533709202525351e-08
9.653666338359775097e-08
9.600375871407998195e-08
9.546701826765149546e-08
9.492698239208313505e-08
9.438320894200006343e-08
9.383590464655608068e-08
9.328558299597627761e-08
9.273188000678429809e-08
9.217478620210970548e-08
9.161504211461205154e-08
9.105252361795735174e-08
9.048707492724660868e-08
8.991940891155700258e-08
8.934960201977644738e-08
8.877753080196406287e-08
8.820370339982544667e-08
8.762827945087769105e-08
8.705119122823965279e-08
8.647283093303131719e-08
8.589351136185878912e-08
8.531332356734543225e-08
8.473249329739646629e-08
8.415135684801482182e-08
8.357001544143842161e-08
8.298880017832186793e-08
8.240790989599969024e-08
8.182739042734589040e-08
8.124768557512823379e-08
8.066908525037732419e-08
8.009163339179582322e-08
7.951550320587541351e-08
7.894134733612675439e-08
7.836910197554613691e-08
7.779869948104472864e-08
7.723080483869872760e-08
7.666571661621467766e-08
7.610316545584793919e-08
7.554327505195160961e-08
7.498711632086325934e-08
7.443443878593753677e-08
7.388497952226940404e-08
7.333927304588543256e-08
7.279816740804141800e-08
7.226105380285298724e-08
7.172775856362036962e-08
7.119934179235349701e-08
7.067605759065424431e-08
7.015722764013822843e-08
6.964285220890519439e-08
6.913438089144805049e-08
6.863150233881166563e-08
6.813352644369995284e-08
6.764068160802438755e-08
6.715440923113719426e-08
6.667401269071931254e-08
6.619891271377493917e-08
6.572948742471444180e-08
6.526714638362886986e-08
6.481092071612557833e-08
6.436030683149423391e-08
6.391577571810860921e-08
6.347875226744307864e-08
6.304808923527588333e-08
6.262324053946909157e-08
6.220467131991057112e-08
6.179381700446207879e-08
6.138948247189965347e-08
6.099111691110510408e-08
6.059906653874797404e-08
6.021480608042682182e-08
5.983723722627919511e-08
5.946569833340131427e-08
5.910035419244451597e-08
5.874270877032549620e-08
5.839196287891123620e-08
5.804715941994864973e-08
5.770830751721994166e-08
5.737679632339777419e-08
5.705239916380699864e-08
5.673385205583235156e-08
5.642100105318348792e-08
5.611492172171364964e-08
5.581602275637000354e-08
5.552293131732032811e-08
5.523534803580322543e-08
5.495370019417837299e-08
5.467909012639172690e-08
5.441032530877864447e-08
5.414679766586058697e-08
5.388848253691618646e-08
5.363652442815627487e-08
5.339062862124717513e-08
5.314963353284090015e-08
5.291337784966613757e-08
5.268245425939457632e-08
5.245748624001659321e-08
5.223735379408268420e-08
5.202160181595785226e-08
5.181022921916538998e-08
5.160409191749628401e-08
5.140290199747862343e-08
5.120565605573106043e-08
5.101223115245849710e-08
5.082289444734107241e-08
5.063824600684056418e-08
5.045743821154115858e-08
5.027996047506908725e-08
5.010573260443943494e-08
4.993526316432419780e-08
4.976864737233826366e-08
4.960499674943776330e-08
4.944409012125158003e-08
4.928592339305959151e-08
4.913088422116623946e-08
4.897878595666396402e-08
4.882893133852106622e-08
4.868123198104106548e-08
4.853571604322734785e-08
4.839263203066834038e-08
4.825167381694712365e-08
4.811233765001850921e-08
4.797458265983633348e-08
4.783842779137830508e-08
4.770397475935280142e-08
4.757090873764109063e-08
4.743887551087699211e-08
4.730784942882112732e-08
4.717780869009095618e-08
4.704873577212608308e-08
4.692040176773714863e-08
4.679257341368385749e-08
4.666523789170504873e-08
4.653834041139294275e-08
4.641177500690261379e-08
4.628540714316386885e-08
4.615907112392100231e-08
4.603276254374315514e-08
4.590641146333699091e-08
4.577979422774813188e-08
4.565284831477599497e-08
4.552549040305319958e-08
4.539772104132833992e-08
4.526950814461829901e-08
4.514057206844347448e-08
4.501087990712177852e-08
4.488043985367424127e-08
4.474926840582961699e-08
4.461736922624642131e-08
4.448445290208367816e-08
4.435040813428985526e-08
4.421533004200450465e-08
4.407925355343107679e-08
4.394220900208832114e-08
4.380401546413891763e-08
4.366438142616730835e-08
4.352342849062962321e-08
4.338129722348882441e-08
4.323801175773196429e-08
4.309355682501243257e-08
4.294762145801555328e-08
4.280019250231464616e-08
4.265148476439073316e-08
4.250157330897689188e-08
4.235047608332745339e-08
4.219803361641687746e-08
4.204402606389679478e-08
4.188862167734227126e-08
4.173201789484799173e-08
4.157424227174855448e-08
4.141529421115929686e-08
4.125494478333768082e-08
4.109314017564712560e-08
4.093016749957053645e-08
4.076613238225115093e-08
4.060105936385886750e-08
4.043492470699239454e-08
4.026758278741721937e-08
4.009910336522805060e-08
3.992973054513099010e-08
3.975951202393583087e-08
3.958846781649609611e-08
3.941655499064896333e-08
3.924372390537525145e-08
3.907006889714161676e-08
3.889580918285300093e-08
3.872096417811457275e-08
3.854554347638241683e-08
3.836956619563975513e-08
3.819303976348352892e-08
3.801607856649056563e-08
3.783883587296715973e-08
3.766132544199994013e-08
3.748354745961217837e-08
3.730560589230348321e-08
3.712757436717715896e-08
3.694951470277935248e-08
3.677151359984694888e-08
3.659357742259100822e-08
3.641570113210321937e-08
3.623802938580982520e-08
3.606068442134055150e-08
3.588368896679615200e-08
3.570709769820198373e-08
3.553090304892617930e-08
3.535509968383445061e-08
3.517984387276691424e-08
3.500534831101648898e-08
3.483160535732165643e-08
3.465860060567234929e-08
3.448631751317578496e-08
3.431474370112166278e-08
3.414398435800247813e-08
3.397438592849705960e-08
3.380592937342027727e-08
3.363852124029751362e-08
3.347212004312428245e-08
3.330671776708938958e-08
3.314232541082366600e-08
3.297934096652214099e-08
3.281785246750011088e-08
3.265774377269629138e-08
3.249890368278703596e-08
3.234131225158698173e-08
3.218494753394373510e-08
3.203006022315168580e-08
3.187694888855928489e-08
3.172555542781723322e-08
3.157564356328949598e-08
3.142717476476014407e-08
3.128010660247591411e-08
3.113450108702907212e-08
3.099076748067778852e-08
3.084898358505574665e-08
3.070894724133552242e-08
3.057046426194389747e-08
3.043351565686951830e-08
3.029806666624508604e-08
3.016431395808213159e-08
3.003264094692266199e-08
2.990299064648303085e-08
2.977504800700627175e-08
2.964872190018016525e-08
2.952398357286752790e-08
2.940079790438785545e-08
2.927948410626825305e-08
2.916025643529218037e-08
2.904299666104608436e-08
2.892736796927783681e-08
2.881331740889080184e-08
2.870082130346040520e-08
2.858985940729542009e-08
2.848079786503974957e-08
2.837373065572802804e-08
2.826850375094127167e-08
2.816479890656012277e-08
2.806258022166113029e-08
2.796181956390644505e-08
2.786253397347819382e-08
2.776505159200186894e-08
2.766943738275485416e-08
2.757552866078879533e-08
2.748300890117859326e-08
2.739184708854577919e-08
2.730201948367332396e-08
2.721352584533137270e-08
2.712661718084588751e-08
2.704134699193641361e-08
2.695758613531725480e-08
2.687503245850422604e-08
2.679365389348899547e-08
2.671343523779835771e-08
2.663435778398770608e-08
2.655658825290050165e-08
2.648020254052927210e-08
2.640512898367761750e-08
2.633107159253186502e-08
2.625798275319531887e-08
2.618584825779265262e-08
2.611464995829113833e-08
2.604446549459749413e-08
2.597539811989259077e-08
2.590742032322087053e-08
2.584028613929571328e-08
2.577389235081052547e-08
2.570822695491887223e-08
2.564327753850986740e-08
2.557905252747012102e-08
2.551562507074798807e-08
2.545299365373457668e-08
2.539105082138112180e-08
2.532963053467580718e-08
2.526872129024951752e-08
2.520831705657503282e-08
2.514840933721339764e-08
2.508901359463790249e-08
2.503013964559957332e-08
2.497176669512244047e-08
2.491374695949026817e-08
2.485603275162233681e-08
2.479861972884133830e-08
2.474150214011025184e-08
2.468467018333116230e-08
2.462809018473572799e-08
2.457175292932645338e-08
2.451561783672807309e-08
2.445957765122329476e-08
2.440362540229950028e-08
2.434775939218663072e-08
2.429197868877298350e-08
2.423625434543571361e-08
2.418052613415026020e-08
2.412479396050821692e-08
2.406901886314834906e-08
2.401316112510742447e-08
2.395722131126984627e-08
2.390119770250963147e-08
2.384509411099519704e-08
2.378885569100077534e-08
2.373242533153722561e-08
2.367579980758186347e-08
2.361896944208712967e-08
2.356192213047267481e-08
2.350466333382675168e-08
2.344719468476258433e-08
2.338951619135934176e-08
2.333156672148317679e-08
2.327328952159254138e-08
2.321468472983337076e-08
2.315577567270484833e-08
2.309657483283738791e-08
2.303709037028773736e-08
2.297732097420843997e-08
2.291727319788473083e-08
2.285690526819829230e-08
2.279616640118585064e-08
2.273506037443811150e-08
2.267362255181362959e-08
2.261188976353350995e-08
2.254986052258748048e-08
2.248754444887944536e-08
2.242494119576722590e-08
2.236203315011725961e-08
2.229877298444929280e-08
2.223516581269858245e-08
2.217123880608448300e-08
2.210704900039711594e-08
2.204259960232050532e-08
2.197789976926929509e-08
2.191294767721070821e-08
2.184774792287440486e-08
2.178227935705804925e-08
2.171653875879730360e-08
2.165053930689691631e-08
2.158435057745836465e-08
2.151799037246073685e-08
2.145145793337766088e-08
2.138475926317146103e-08
2.131789484986808763e-08
2.125088207600715647e-08
2.118373394033491073e-08
2.111645052063844245e-08
2.104906613110456023e-08
2.098162054929390492e-08
2.091411389445090463e-08
2.084654703318795444e-08
2.077892274429212423e-08
2.071124815567018562e-08
2.064357293066482999e-08
2.057590874337320956e-08
2.050825772319137017e-08
2.044065809848089545e-08
2.037311994646812494e-08
2.030564283334908203e-08
2.023822919362395543e-08
2.017087527863176159e-08
2.010361227186380191e-08
2.003651684851052402e-08
1.996958913779972790e-08
1.990283361083808386e-08
1.983626078411966103e-08
1.976987427915754233e-08
1.970366941999417909e-08
1.963764324574400999e-08
1.957179661314647032e-08
1.950618381444893133e-08
1.944089212991803306e-08
1.937591168794275821e-08
1.931124037029078975e-08
1.924686191989732758e-08
1.918276867391782185e-08
1.911895851802683875e-08
1.905542780926978459e-08
1.899217746706295272e-08
1.892926760303606344e-08
1.886679768802582560e-08
1.880475100635458875e-08
1.874312332011331258e-08
1.868187162340022177e-08
1.862098821778332900e-08
1.856047077536210778e-08
1.850031214219655972e-08
1.844050730459995760e-08
1.838111699282471295e-08
1.832224400858733110e-08
1.826387967798426738e-08
1.820602022672983611e-08
1.814859219068135872e-08
1.809158764411917520e-08
1.803499586657259189e-08
1.797881368054974809e-08
1.792304112267815833e-08
1.786769916552219720e-08
1.781289773543430076e-08
1.775866324937319869e-08
1.770496811632826088e-08
1.765176202081034062e-08
1.759898992585234491e-08
1.754665420719812950e-08
1.749474763118618588e-08
1.744326332798366800e-08
1.739220711783205128e-08
1.734166996940564448e-08
1.729169747498826994e-08
1.724229249836752142e-08
1.719340914112617619e-08
1.714497121554187643e-08
1.709696097852711423e-08
1.704938241914226513e-08
1.700222365118526872e-08
1.695548060255433005e-08
1.690918031203764741e-08
1.686340299326748396e-08
1.681817018465367554e-08
1.677345288895546576e-08
1.672918960974619072e-08
1.668531876923604383e-08
1.664184584963535138e-08
1.659875838121324368e-08
1.655605549683478575e-08
1.651373303316247057e-08
1.647182988676933600e-08
1.643040747667386547e-08
1.638944642677413449e-08
1.634894699163013260e-08
1.630880580545350082e-08
1.626900766925564127e-08
1.622954093498217747e-08
1.619041049363789075e-08
1.615160375480940002e-08
1.611312687119562472e-08
1.607501085842859424e-08
1.603729352335104981e-08
1.599995755180884535e-08
1.596299714378575965e-08
1.592631364665104815e-08
1.588990135915713373e-08
1.585374804372707001e-08
1.581785844338819826e-08
1.578222404990571606e-08
1.574684808448419758e-08
1.571174550778417185e-08
1.567693724523750700e-08
1.564241000927714196e-08
1.560816002094659663e-08
1.557410764286082228e-08
1.554024552162262631e-08
1.550656610965693344e-08
1.547307257773146308e-08
1.543975704236297303e-08
1.540662237339392650e-08
1.537367047532216665e-08
1.534091364447892142e-08
1.530834459779999189e-08
1.527596152101768982e-08
1.524371205646504754e-08
1.521157346545637070e-08
1.517954822269543637e-08
1.514763067742122253e-08
1.511582556618442492e-08
1.508412565513299894e-08
1.505253431287288046e-08
1.502104524729197744e-08
1.498966153940243764e-08
1.495837922096575532e-08
1.492717398085452866e-08
1.489601753652890346e-08
1.486490681621622690e-08
1.483384418986630692e-08
1.480282615783348505e-08
1.477185409626771112e-08
1.474092596199443304e-08
1.471003413269523683e-08
1.467917612986509976e-08
1.464835038126025042e-08
1.461755518508177392e-08
1.458676809545182587e-08
1.455598460622867481e-08
1.452520474877119106e-08
1.449442803063977879e-08
1.446365528846595300e-08
1.443288538943923371e-08
1.440211650314248522e-08
1.437134021847294918e-08
1.434055596877446615e-08
1.430976322358118322e-08
1.427895940551879550e-08
1.424813557049929644e-08
1.421729158517685344e-08
1.418642815666016590e-08
1.415554475420875200e-08
1.412464195609164252e-08
1.409372002712099285e-08
1.406277649127171904e-08
1.403180823503442711e-08
1.400081493392430613e-08
1.396979735824804729e-08
1.393875587460597694e-08
1.390769030469357672e-08
1.387660138820423848e-08
1.384548932415853575e-08
1.381435440038844828e-08
1.378319657166009726e-08
1.375201607996893125e-08
1.372081617280902169e-08
1.368959965565392285e-08
1.365836680112348836e-08
1.362711784806008333e-08
1.359585639351270568e-08
1.356458555801414807e-08
1.353330659611590687e-08
1.350201924310384098e-08
1.347072301812030257e-08
1.343941887166429446e-08
1.340810660725041765e-08
1.337679267660068476e-08
1.334548863170514463e-08
1.331419452988684462e-08
1.328291111489875071e-08
1.325163950406886442e-08
1.322038548989402250e-08
1.318914855117993514e-08
1.315792968442545980e-08
1.312672766310823924e-08
1.309554258097181186e-08
1.306437457003973892e-08
1.303322929044375802e-08
1.300213222275126560e-08
1.297108574563533767e-08
1.294008970475998027e-08
1.290914487714720479e-08
1.287825362878967150e-08
1.284741482657719467e-08
1.281662980280425908e-08
1.278589672357941331e-08
1.275521655804788282e-08
1.272458751251952977e-08
1.269401030892618310e-08
1.266350973208978794e-08
1.263310456516766093e-08
1.260279470955430946e-08
1.257257597592043652e-08
1.254244797168132576e-08
1.251240764802433524e-08
1.248245468716317918e-08
1.245258749189300293e-08
1.242280496679070566e-08
1.239310748117411874e-08
1.236349250659499796e-08
1.233396700929209788e-08
1.230456991314140206e-08
1.227530338260469265e-08
1.224616659125638604e-08
1.221715975114707943e-08
1.218827356582487174e-08
1.215950314109109007e-08
1.213084424732443671e-08
1.210230011351666671e-08
1.207386703321668992e-08
1.204554476543301518e-08
1.201733199613426666e-08
1.198924262325369502e-08
1.196131203249372628e-08
1.193354137843175249e-08
1.190593003668861509e-08
1.187847566907271777e-08
1.185116112849783434e-08
1.182397669148312976e-08
1.179692031416937800e-08
1.176999721611227523e-08
1.174319873919040309e-08
1.171652946816369811e-08
1.168998363718491896e-08
1.166357729088837759e-08
1.163733950664397186e-08
1.161127114087013473e-08
1.158537113849899743e-08
1.155963804397608718e-08
1.153404900106007661e-08
1.150859414736162259e-08
1.148326991720173634e-08
1.145807811963273398e-08
1.143301882699319624e-08
1.140808563185997580e-08
1.138328300327346236e-08
1.135861103337202882e-08
1.133410567107035704e-08
1.130976532085022354e-08
1.128558811741025633e-08
1.126157370364203980e-08
1.123770250406032910e-08
1.121395762667870565e-08
1.119033711603698186e-08
1.116684048313140548e-08
1.114346331751508761e-08
1.112020977550444114e-08
1.109707669706272433e-08
1.107406121931045042e-08
1.105118562388233095e-08
1.102846003210431782e-08
1.100588524320721604e-08
1.098345706985504695e-08
1.096116719210283725e-08
1.093898646699270286e-08
1.091691090218904495e-08
1.089494350442432718e-08
1.087308012982423675e-08
1.085131837744354366e-08
1.082966181421184611e-08
1.080810493291033714e-08
1.078665471522781276e-08
1.076532853714187653e-08
1.074412456435137282e-08
1.072304193468409461e-08
1.070208028385324214e-08
1.068122152071540928e-08
1.066044942629169108e-08
1.063976181466068430e-08
1.061915839225825769e-08
1.059863938183516537e-08
1.057820163143653619e-08
1.055784552300584468e-08
1.053757319700594473e-08
1.051738681091270268e-08
1.049729579377534475e-08
1.047729953737637399e-08
1.045739708281274673e-08
1.043758831263440798e-08
1.041785256962563050e-08
1.039817962155559310e-08
1.037856927179250403e-08
1.035902126918297814e-08
1.033953395777804525e-08
1.032010664095705724e-08
1.030074200806567391e-08
1.028143691969735730e-08
1.026219502376420959e-08
1.024302202436027866e-08
1.022391670912434414e-08
1.020487898179391903e-08
1.018590828478376935e-08
1.016698837899024003e-08
1.014811125786213914e-08
1.012927664260559817e-08
1.011048449722044133e-08
1.009173408748111434e-08
1.007302463545995884e-08
1.005435604546754696e-08
1.003572951370480231e-08
1.001714596003411343e-08
9.998609500967358274e-09
9.980120493519869789e-09
9.961678320020042417e-09
9.943282687812728705e-09
9.924924654189841363e-09
9.906595633565489515e-09
9.888295910452620456e-09
9.870024460806575768e-09
9.851780995377153060e-09
9.833565443058596623e-09
9.815378143646709751e-09
9.797218090612684591e-09
9.779085724445311571e-09
9.760987377312735170e-09
9.742923293631520245e-09
9.724892856569474202e-09
9.706895509543196235e-09
9.688929667992662132e-09
9.670986329059735016e-09
9.653064712602044942e-09
9.635164410721519093e-09
9.617285244928292748e-09
9.599427036443758906e-09
9.581590305403020810e-09
9.563774367110122291e-09
9.545978841683467183e-09
9.528208021077923035e-09
9.510466906778449385e-09
9.492755237588593252e-09
9.475072754071361142e-09
9.457419298458141526e-09
9.439791135397525136e-09
9.422184753453950644e-09
9.404599854732344461e-09
9.387036519418475164e-09
9.369494254129433461e-09
9.351972887696425832e-09
9.334472248639395653e-09
9.316992189522610220e-09
9.299533168425150165e-09
9.282103306046415496e-09
9.264706378017009797e-09
9.247342231445560413e-09
9.230010800442491070e-09
9.212711625314981098e-09
9.195440855094107123e-09
9.178196699703352549e-09
9.160978813988232931e-09
9.143786937951976837e-09
9.126620869764645623e-09
9.109480407180420700e-09
9.092365347540568153e-09
9.075275624515378832e-09
9.058211745521018433e-09
9.041184348128817924e-09
9.024197676091284498e-09
9.007251523881279956e-09
8.990345688511044406e-09
8.973479814761231026e-09
8.956650281153751610e-09
8.939855041788133300e-09
8.923094083547205676e-09
8.906366943027695429e-09
8.889673324859760829e-09
8.873012970742679920e-09
8.856385621802287783e-09
8.839791018594981750e-09
8.823229182774158229e-09
8.806709780218451299e-09
8.790239848718115711e-09
8.773819009457764640e-09
8.757446968274442650e-09
8.741123447099721931e-09
8.724845288992316195e-09
8.708608435650655240e-09
8.692412426085574176e-09
8.676256955353729068e-09
8.660141717767715443e-09
8.644066406901034676e-09
8.628030715593080242e-09
8.612034392230354383e-09
8.596077332234180767e-09
8.580163604048669197e-09
8.564305545038853994e-09
8.548503535419185490e-09
8.532757155707826364e-09
8.517065863866493232e-09
8.501428800719032234e-09
8.485839167061657136e-09
8.470294834087585714e-09
8.454795391591799634e-09
8.439340506471582860e-09
8.423929844753383459e-09
8.408563071598537692e-09
8.393239851308946126e-09
8.377959847332744784e-09
8.362723042231760325e-09
8.347539616798514760e-09
8.332417173968274152e-09
8.317355376013147031e-09
8.302353498859540298e-09
8.287411137322348256e-09
8.272524761365923754e-09
8.257686593659271416e-09
8.242895669682859042e-09
8.228151697351751169e-09
8.213454320361900840e-09
8.198803164050139604e-09
8.184197884322683333e-09
8.169638174565523140e-09
8.155124088827283795e-09
8.140655551496960457e-09
8.126242637586827976e-09
8.111889190181961232e-09
8.097594773862334069e-09
8.083359023054776626e-09
8.069181889577303663e-09
8.055058256701600143e-09
8.040980490917820986e-09
8.026947789740801048e-09
8.012959831398254810e-09
7.999016293129851020e-09
7.985116851193353676e-09
7.971261180870789491e-09
7.957449334166953947e-09
7.943680786087239679e-09
7.929955567793176526e-09
7.916281413246888797e-09
7.902662159343582750e-09
7.889097664413192927e-09
7.875587393466053702e-09
7.862130784414368641e-09
7.848724684372438591e-09
7.835360031898831611e-09
7.822035773189405766e-09
7.808751640749205823e-09
7.795507884420596879e-09
7.782303536659197780e-09
7.769138311547442376e-09
7.756011922245717868e-09
7.742924080998026035e-09
7.729874499137639492e-09
7.716867820224612061e-09
7.703910112816624430e-09
7.691001078431417267e-09
7.678140285505755232e-09
7.665327624788786158e-09
7.652562544837522242e-09
7.639835428928467823e-09
7.627142459687353013e-09
7.614483392968506330e-09
7.601858237792332356e-09
7.589267024714816743e-09
7.576709058304270996e-09
7.564184032267637268e-09
7.551691711176013816e-09
7.539231858777207690e-09
7.526804845040896715e-09
7.514417291820675311e-09
7.502069909877898772e-09
7.489762252295684991e-09
7.477494481758143125e-09
7.465265950099682460e-09
7.453073777935340311e-09
7.440910467619691345e-09
7.428775244127921965e-09
7.416668318556697375e-09
7.404588903470876763e-09
7.392536772830107969e-09
7.380511739182478458e-09
7.368513614354784128e-09
7.356542502124081406e-09
7.344598394151072846e-09
7.332681938419749104e-09
7.320799035771800594e-09
7.308949704424043139e-09
7.297133728691615212e-09
7.285350829517140813e-09
7.273600860473980584e-09
7.261880128861959238e-09
7.250183278350916612e-09
7.238509619246337568e-09
7.226859307798415403e-09
7.215232502504121472e-09
7.203628412644580812e-09
7.192046886836075719e-09
7.180487773055884851e-09
7.168951124751864934e-09
7.157437076699550873e-09
7.145946382650882794e-09
7.134485313917094180e-09
7.123053669702359464e-09
7.111651643211387497e-09
7.100278452052523923e-09
7.088934469463401424e-09
7.077616771740629228e-09
7.066320088900272313e-09
7.055044140793813290e-09
7.043789116616737349e-09
7.032554183531637375e-09
7.021339216887533504e-09
7.010144345165346962e-09
6.998970133676741139e-09
6.987815475328496348e-09
6.976680243543510406e-09
6.965564944832219326e-09
6.954475440763312459e-09
6.943412356571069472e-09
6.932375849691302319e-09
6.921365355110526367e-09
6.910380881334323047e-09
6.899422169027652181e-09
6.888484781883111790e-09
6.877567268259795108e-09
6.866669582878091829e-09
6.855791856428521119e-09
6.844933317403492632e-09
6.834093829038073138e-09
6.823273661760756836e-09
6.812473243017219564e-09
6.801691493015001089e-09
6.790928295183516423e-09
6.780186765399868926e-09
6.769471268984496278e-09
6.758782457614947436e-09
6.748119818628993716e-09
6.737483287998911708e-09
6.726872351870567501e-09
6.716285062426848752e-09
6.705717881115568393e-09
6.695170952229677380e-09
6.684644327219658441e-09
6.674137088564432115e-09
6.663649486260133068e-09
6.653182321380256699e-09
6.642734172385485116e-09
6.632304921714276746e-09
6.621895117529217952e-09
6.611504850421910983e-09
6.601138246189772085e-09
6.590798716646978837e-09
6.580485969732883453e-09
6.570200873999593898e-09
6.559942505715255926e-09
6.549711319805718648e-09
6.539503878822249827e-09
6.529317216120812412e-09
6.519151032381552256e-09
6.509006154353541786e-09
6.498881641056053697e-09
6.488777007579275915e-09
6.478693594937428417e-09
6.468630226379326044e-09
6.458586339874879790e-09
6.448562562795057084e-09
6.438559119917903517e-09
6.428579598035978771e-09
6.418627323436773572e-09
6.408702051600512427e-09
6.398805012351069455e-09
6.388934905025656675e-09
6.379092012304789680e-09
6.369273627318323993e-09
6.359476406524709408e-09
6.349700811145737165e-09
6.339946475690766871e-09
6.330212760595572618e-09
6.320500888464230703e-09
6.310809509873293854e-09
6.301138097116448211e-09
6.291487916211538844e-09
6.281858149490142298e-09
6.272247979685126901e-09
6.262660532740714941e-09
6.253100741488424487e-09
6.243569098720078107e-09
6.234064937380526582e-09
6.224587734462438326e-09
6.215136818896597316e-09
6.205712306300210771e-09
6.196310355002779439e-09
6.186929535245027806e-09
6.177570298190399610e-09
6.168231473639783336e-09
6.158912870268082566e-09
6.149616060570958453e-09
6.140339104207334697e-09
6.131081938988533727e-09
6.121846463653884921e-09
6.112630439828471392e-09
6.103434867788112700e-09
6.094264616150938678e-09
6.085121373809906092e-09
6.076004426058565645e-09
6.066914721538920339e-09
6.057851711600501107e-09
6.048815783619973582e-09
6.039803437351546545e-09
6.030811029417557335e-09
6.021839229878877228e-09
6.012887067343905560e-09
6.003955359380772620e-09
5.995043454799789820e-09
5.986150238570748417e-09
5.977277570809224168e-09
5.968423824306070669e-09
5.959588661814893325e-09
5.950773625384634057e-09
5.941977878722076528e-09
5.933207198015591192e-09
5.924461619323633657e-09
5.915740910683718342e-09
5.907044619662245828e-09
5.898374258109640140e-09
5.889728875791395272e-09
5.881105318502342361e-09
5.872500322875722264e-09
5.863914364200650060e-09
5.855346782037944083e-09
5.846798298352178867e-09
5.838268444136476735e-09
5.829755895083560909e-09
5.821262697276120556e-09
5.812786916282914274e-09
5.804328678156712653e-09
5.795889402721581116e-09
5.787467714660694574e-09
5.779068904738363974e-09
5.770693173436523831e-09
5.762340057199718626e-09
5.754010460136563019e-09
5.745704155392505185e-09
5.737420922038585987e-09
5.729158230255563931e-09
5.720912929981065288e-09
5.712684954189578080e-09
5.704474316138200254e-09
5.696280833659416296e-09
5.688103256553377317e-09
5.679943420950403296e-09
5.671799366023534018e-09
5.663672237757589663e-09
5.655561812312679800e-09
5.647467223872932175e-09
5.639389479554988062e-09
5.631330025494348611e-09
5.623291464330978945e-09
5.615275090099201617e-09
5.607279896087346436e-09
5.599305381948864270e-09
5.591350958445899959e-09
5.583417581322509301e-09
5.575501278874711708e-09
5.567600533393125653e-09
5.559714488184504787e-09
5.551844136048056908e-09
5.543988363576011116e-09
5.536148572540869500e-09
5.528323345907995852e-09
5.520512799362853027e-09
5.512717424651366503e-09
5.504935875232839912e-09
5.497169978935870467e-09
5.489418549198243410e-09
5.481685907516303872e-09
5.473972331442543956e-09
5.466277308055096215e-09
5.458602285856989197e-09
5.450946546490351881e-09
5.443309378011195614e-09
5.435689634204330420e-09
5.428085242334777571e-09
5.420494953696797223e-09
5.412918708120509784e-09
5.405355720779777369e-09
5.397807229339334838e-09
5.390271690578945075e-09
5.382750965433109189e-09
5.375242649585300193e-09
5.367748879454320709e-09
5.360267547752956198e-09
5.352799992718427464e-09
5.345346139825477012e-09
5.337910002509707157e-09
5.330491364019122245e-09
5.323089797797074521e-09
5.315706768611582226e-09
5.308341613956063895e-09
5.300993594075154484e-09
5.293661880640297556e-09
5.286344557313748965e-09
5.279040581598388084e-09
5.271749411722942952e-09
5.264471178096008077e-09
5.257205870022488034e-09
5.249953776977523749e-09
5.242714424020637746e-09
5.235487645950641699e-09
5.228273648289594916e-09
5.221071746779278590e-09
5.213883113946289474e-09
5.206706875116804872e-09
5.199546324776991245e-09
5.192401965526342411e-09
5.185275056492749677e-09
5.178165329068338408e-09
5.171071920930652514e-09
5.163994294307250169e-09
5.156933975555365260e-09
5.149887653975220295e-09
5.142853711467022666e-09
5.135832175225935603e-09
5.128823110611906523e-09
5.121827134152595690e-09
5.114842794983610483e-09
5.107871297818080829e-09
5.100911308352655087e-09
5.093964299284389696e-09
5.087028701985693753e-09
5.080105849138701979e-09
5.073194148390782998e-09
5.066295536651229347e-09
5.059414037308952143e-09
5.052548516031726241e-09
5.045698780863295734e-09
5.038865090004300345e-09
5.032048064910487656e-09
5.025246890411795938e-09
5.018460169052680285e-09
5.011686923861943759e-09
5.004926082262137056e-09
4.998177014394936656e-09
4.991440172457746348e-09
4.984714997918878706e-09
4.978002770014050189e-09
4.971301366502955914e-09
4.964612872716459940e-09
4.957934953206616502e-09
4.951270019872419479e-09
4.944616009323702551e-09
4.937973992023941645e-09
4.931344655189674383e-09
4.924731860250312944e-09
4.918135234634360638e-09
4.911553982323101190e-09
4.904987925832538877e-09
4.898438272513564314e-09
4.891904386897106086e-09
4.885384330300190454e-09
4.878877034527215962e-09
4.872382031259175922e-09
4.865898676281253873e-09
4.859427171262003867e-09
4.852967104040504270e-09
4.846519758334639026e-09
4.840082987311511616e-09
4.833658793468835895e-09
4.827245225680906109e-09
4.820843938981395573e-09
4.814453770037516465e-09
4.808074827113921485e-09
4.801708103675765826e-09
4.795357556190924021e-09
4.789022055689931730e-09
4.782701152881776063e-09
4.776395410760492684e-09
4.770105342458867685e-09
4.763829705674139696e-09
4.757568393983128806e-09
4.751319781250079534e-09
4.745082691058493922e-09
4.738856511430841178e-09
4.732641867798830786e-09
4.726439149054906244e-09
4.720246853224234573e-09
4.714066471740636400e-09
4.707896418075387726e-09
4.701738347015618202e-09
4.695590855605230372e-09
4.689454146556569380e-09
4.683328492180987719e-09
4.677214044954938457e-09
4.671113611385335378e-09
4.665026808425838925e-09
4.658955147611761150e-09
4.652898163362533861e-09
4.646854894084196420e-09
4.640825637521518736e-09
4.634811182136584700e-09
4.628809215812643515e-09
4.622817843105358712e-09
4.616837545303694064e-09
4.610868261114912830e-09
4.604909128026409123e-09
4.598960481293519892e-09
4.593023233161626206e-09
4.587095486255651131e-09
4.581178983635280224e-09
4.575272250202039231e-09
4.569376129791154804e-09
4.563490519309840787e-09
4.557614346297839517e-09
4.551749560740093619e-09
4.545898792575678274e-09
4.540061304713774061e-09
4.534237005976122387e-09
4.528427413094943087e-09
4.522630939094497971e-09
4.516847220242139539e-09
4.511077868191251636e-09
4.505320170278506379e-09
4.499572036138397465e-09
4.493834353036746004e-09
4.488107233683895997e-09
4.482389314642394741e-09
4.476681691371799403e-09
4.470984381755547202e-09
4.465296089670743271e-09
4.459618545474857075e-09
4.453950074345268278e-09
4.448291516660750759e-09
4.442642986047406940e-09
4.437003165801781429e-09
4.431374127742549419e-09
4.425757816719557650e-09
4.420153751612697212e-09
4.414562155139615978e-09
4.408983944476696495e-09
4.403417841053363198e-09
4.397863903617695453e-09
4.392323048629216273e-09
4.386793105861903156e-09
4.381272521815690567e-09
4.375761823091400219e-09
4.370260330884973431e-09
4.364768097463921553e-09
4.359284982860709561e-09
4.353811485724141391e-09
4.348347055207929212e-09
4.342891083251364026e-09
4.337445295431180280e-09
4.332008084222632064e-09
4.326579388936695446e-09
4.321160309879352329e-09
4.315750072396947537e-09
4.310350552436309409e-09
4.304962656491557945e-09
4.299587477378868932e-09
4.294223623313596281e-09
4.288871120344792374e-09
4.283531011494341217e-09
4.278202058557159659e-09
4.272884437849768981e-09
4.267576748029684380e-09
4.262277556066007772e-09
4.256987071778730494e-09
4.251705689292293658e-09
4.246432672109416327e-09
4.241168551131165868e-09
4.235912900599285943e-09
4.230665729655271275e-09
4.225427507750869682e-09
4.220197178102639804e-09
4.214975599300638335e-09
4.209762732930910301e-09
4.204557400530335894e-09
4.199361387716277218e-09
4.194176647646687136e-09
4.189002400068967269e-09
4.183840290147794168e-09
4.178689552105911710e-09
4.173549075529020508e-09
4.168420652831762421e-09
4.163303525591268880e-09
4.158196212216879863e-09
4.153098351634278883e-09
4.148008883439098527e-09
4.142927416469084396e-09
4.137854358590150179e-09
4.132789804000800990e-09
4.127733423874102578e-09
4.122684956306443603e-09
4.117644899088485192e-09
4.112613123776504429e-09
4.107588870864793766e-09
4.102572965152350646e-09
4.097565399628031900e-09
4.092564979407668821e-09
4.087573392289791223e-09
4.082592169252517837e-09
4.077620625450497058e-09
4.072660703551316008e-09
4.067710987714869172e-09
4.062771094270158321e-09
4.057842430251085287e-09
4.052923748066201919e-09
4.048015048548398032e-09
4.043115319525299482e-09
4.038223109782584818e-09
4.033338778740183656e-09
4.028462844882762990e-09
4.023594021050364156e-09
4.018733203949595957e-09
4.013880701733745350e-09
4.009035307048782567e-09
4.004197367698903845e-09
3.999367860181926376e-09
3.994545533811962349e-09
3.989730288366417432e-09
3.984923284422842565e-09
3.980123718084389629e-09
3.975332413475330631e-09
3.970551775768984581e-09
3.965781370303608405e-09
3.961019962112475629e-09
3.956269545573198908e-09
3.951528698780823356e-09
3.946797096417866610e-09
3.942076086744537489e-09
3.937363559466015909e-09
3.932658540669682998e-09
3.927961541959696734e-09
3.923271325974235796e-09
3.918588839215835273e-09
3.913914212368310861e-09
3.909246426762078356e-09
3.904585658128820011e-09
3.899933017628579895e-09
3.895287325574102712e-09
3.890648397447311022e-09
3.886016999155131436e-09
3.881393062154930770e-09
3.876775633361430088e-09
3.872165919434534681e-09
3.867565307535722774e-09
3.862973898875064509e-09
3.858393184328332210e-09
3.853821515861047933e-09
3.849259305908961590e-09
3.844707477548625848e-09
3.840164048141967212e-09
3.835631040544390308e-09
3.831106194490752589e-09
3.826588119991990428e-09
3.822077787012860947e-09
3.817574125671010725e-09
3.813077669341817754e-09
3.808588778298105173e-09
3.804106353907492525e-09
3.799630718961216186e-09
3.795162882888529962e-09
3.790701644629847364e-09
3.786246915746387234e-09
3.781799284877806739e-09
3.777358850376410107e-09
3.772924762032688763e-09
3.768497846753977945e-09
3.764079214679460906e-09
3.759669504970927778e-09
3.755269436498456359e-09
3.750877605648931213e-09
3.746495319072761630e-09
3.742122012930409286e-09
3.737756928342571484e-09
3.733401458434885609e-09
3.729053623184891917e-09
3.724712751402090268e-09
3.720379091571843557e-09
3.716051722379772168e-09
3.711731182066737485e-09
3.707417552754203365e-09
3.703110519154257750e-09
3.698810254353849486e-09
3.694516288412306630e-09
3.690228839740872631e-09
3.685948557682900707e-09
3.681674508201262046e-09
3.677406433154007458e-09
3.673145388257893747e-09
3.668890838389051026e-09
3.664642824941860312e-09
3.660404412480374991e-09
3.656173913569073873e-09
3.651951973157952111e-09
3.647739090462406720e-09
3.643533716034909896e-09
3.639337753760469434e-09
3.635149664967827080e-09
3.630969935785076441e-09
3.626797533139626349e-09
3.622631082056840617e-09
3.618471367688641390e-09
3.614318066436893734e-09
3.610170926775544880e-09
3.606030531178802569e-09
3.601895985728617847e-09
3.597767508687433472e-09
3.593646061099987383e-09
3.589530526082605996e-09
3.585420937367484736e-09
3.581317543357672514e-09
3.577220342086232682e-09
3.573129396071593395e-09
3.569044589763242594e-09
3.564966458903399107e-09
3.560897394613374597e-09
3.556836314882872173e-09
3.552782927631853697e-09
3.548738628338053723e-09
3.544701572315518557e-09
3.540673165897885811e-09
3.536652774129733864e-09
3.532639991601480469e-09
3.528634204669466962e-09
3.524633906160723805e-09
3.520639989980465004e-09
3.516652126710417296e-09
3.512670015230094550e-09
3.508694224722831951e-09
3.504723939684394248e-09
3.500759398458119241e-09
3.496801253880413593e-09
3.492848859482936718e-09
3.488902130793137575e-09
3.484961159879636666e-09
3.481025667527080970e-09
3.477096367860341917e-09
3.473172865705901619e-09
3.469255158125787837e-09
3.465346073653577253e-09
3.461443978284936476e-09
3.457549549222775905e-09
3.453663108054087638e-09
3.449783480592880303e-09
3.445912065682336057e-09
3.442047540801196720e-09
3.438190788229463013e-09
3.434340642799893370e-09
3.430495787970097283e-09
3.426657227166745619e-09
3.422823800817438437e-09
3.418996167670022859e-09
3.415174313793625935e-09
3.411357932240184780e-09
3.407547430396356218e-09
3.403742169048740665e-09
3.399942238989384433e-09
3.396147981846166418e-09
3.392359437072507771e-09
3.388576267997866017e-09
3.384798520651103390e-09
3.381025682732883195e-09
3.377259031708345513e-09
3.373499052909701783e-09
3.369746101519147665e-09
3.366000889832229359e-09
3.362262004716838775e-09
3.358531272324434239e-09
3.354807102846992533e-09
3.351089873988639990e-09
3.347380336589530136e-09
3.343676994019229040e-09
3.339980017716017808e-09
3.336287896520334490e-09
3.332601496879949912e-09
3.328920397434750629e-09
3.325244482536201196e-09
3.321574374662573058e-09
3.317909154628737592e-09
3.314249239362980902e-09
3.310594476454980526e-09
3.306944828120958702e-09
3.303300939681592547e-09
3.299662015848984410e-09
3.296028027985193948e-09
3.292399314979924195e-09
3.288775350099992546e-09
3.285157222578805332e-09
3.281545764878679239e-09
3.277940745438791878e-09
3.274343310410246581e-09
3.270751858124789528e-09
3.267168248399782564e-09
3.263590883871815818e-09
3.260020154745268537e-09
3.256456748189790027e-09
3.252899370921755162e-09
3.249347976434258730e-09
3.245801199135813053e-09
3.242259867706350139e-09
3.238723356879662387e-09
3.235191911498910311e-09
3.231665814942567959e-09
3.228144461088868708e-09
3.224628248381718036e-09
3.221116789426922353e-09
3.217610121746236314e-09
3.214108481575573130e-09
3.210611887461184469e-09
3.207120232605515921e-09
3.203633412327484123e-09
3.200151081641848268e-09
3.196673970320569699e-09
3.193202353049798809e-09
3.189737783647611962e-09
3.186279518957624437e-09
3.182827366832117796e-09
3.179382265523042322e-09
3.175942780045449927e-09
3.172510375281913031e-09
3.169083644078681254e-09
3.165663849982860396e-09
3.162249397140074037e-09
3.158839751131257732e-09
3.155435318445435894e-09
3.152035248067116248e-09
3.148640489765491719e-09
3.145250100375544239e-09
3.141864595535484511e-09
3.138483716298260600e-09
3.135107510900445462e-09
3.131736479920456056e-09
3.128369901531537304e-09
3.125007990640513748e-09
3.121650709110152937e-09
3.118297763889576354e-09
3.114949721616405087e-09
3.111606028223373278e-09
3.108267410829013543e-09
3.104934909773425411e-09
3.101608085591307635e-09
3.098288016371984519e-09
3.094973266197727005e-09
3.091665450258039129e-09
3.088363040914378447e-09
3.085067141499312067e-09
3.081776963036892480e-09
3.078492763707178739e-09
3.075214028668608276e-09
3.071939446330264366e-09
3.068669939481002951e-09
3.065404583955757926e-09
3.062144116215498239e-09
3.058887873028667833e-09
3.055636207962226373e-09
3.052389057215935458e-09
3.049146334530087660e-09
3.045908472114641212e-09
3.042674792366784420e-09
3.039445537625945184e-09
3.036220691963956791e-09
3.032999969480203675e-09
3.029783878290049520e-09
3.026571830652853030e-09
3.023364757533803912e-09
3.020163197523198143e-09
3.016967257835215367e-09
3.013777642317125775e-09
3.010593075824528868e-09
3.007415221379619128e-09
3.004242218780873423e-09
3.001075743029216247e-09
2.997914360878760313e-09
2.994759227730948649e-09
2.991608862943939171e-09
2.988462862455104482e-09
2.985321439939484283e-09
2.982183980451541023e-09
2.979051223940994518e-09
2.975922393706312906e-09
2.972798106768469185e-09
2.969677805028675528e-09
2.966561777599098562e-09
2.963449930954693023e-09
2.960342092975380802e-09
2.957238692371092724e-09
2.954139439822869904e-09
2.951044392247442372e-09
2.947953448518744313e-09
2.944866409044322999e-09
2.941783676582246877e-09
2.938705188023812531e-09
2.935633093291647413e-09
2.932565711872161245e-09
2.929504493712632066e-09
2.926448281609202283e-09
2.923397629172220143e-09
2.920352443676160901e-09
2.917312250066503278e-09
2.914278094507644608e-09
2.911248658699423177e-09
2.908224078652567544e-09
2.905203095874045866e-09
2.902186778419235114e-09
2.899174072650574710e-09
2.896165718652018511e-09
2.893161155023604262e-09
2.890160699004012598e-09
2.887164209176019463e-09
2.884171603549794801e-09
2.881183314051341456e-09
2.878198822323282710e-09
2.875218403832438858e-09
2.872241815729509937e-09
2.869269060573913117e-09
2.866300307220861173e-09
2.863335149456591828e-09
2.860374235947006062e-09
2.857417505568111981e-09
2.854466731692209784e-09
2.851520566550633631e-09
2.848580064146765556e-09
2.845644453655512421e-09
2.842713958475737597e-09
2.839788777029052738e-09
2.836868281547059911e-09
2.833953499377510606e-09
2.831043205697407850e-09
2.828137528738540131e-09
2.825235253213944708e-09
2.822337402390422511e-09
2.819442968847596095e-09
2.816552737110018672e-09
2.813666033522948332e-09
2.810783314427920305e-09
2.807904277029147569e-09
2.805029009092942811e-09
2.802157573988967145e-09
2.799289695638461986e-09
2.796425869187698336e-09
2.793565662066631768e-09
2.790709261787971764e-09
2.787856524577259893e-09
2.785007355707198051e-09
2.782161998120571257e-09
2.779320384895938851e-09
2.776484345267055810e-09
2.773652429185421588e-09
2.770826352145633003e-09
2.768004300235752349e-09
2.765187938897962125e-09
2.762375646660323197e-09
2.759568944505466730e-09
2.756766446615522167e-09
2.753969282207864429e-09
2.751176046751808960e-09
2.748386781676284805e-09
2.745601046361112993e-09
2.742818955114845181e-09
2.740040596309796912e-09
2.737265678821805075e-09
2.734494650654887130e-09
2.731726884569384782e-09
2.728963092854575030e-09
2.726202579795585752e-09
2.723445793426685231e-09
2.720692416464532937e-09
2.717942577979030404e-09
2.715196277658255682e-09
2.712453329503825039e-09
2.709714046243973214e-09
2.706977930779180330e-09
2.704245681876408174e-09
2.701517134321536691e-09
2.698793980186048110e-09
2.696074800490153789e-09
2.693360886581270311e-09
2.690651083981752022e-09
2.687946274761585929e-09
2.685245754916566240e-09
2.682549925805363706e-09
2.679858553098355367e-09
2.677171823268926802e-09
2.674489050029343035e-09
2.671809689651158667e-09
2.669133934440422777e-09
2.666461430857157094e-09
2.663792648394293515e-09
2.661126990016992692e-09
2.658465056605766657e-09
2.655806210524932978e-09
2.653151100764576713e-09
2.650499097751072952e-09
2.647850636238724627e-09
2.645205392549987877e-09
2.642563525585778197e-09
2.639924985973510410e-09
2.637289659765853535e-09
2.634657768854824971e-09
2.632028929521105489e-09
2.629403656044941167e-09
2.626781730667704693e-09
2.624165037504103557e-09
2.621551969341430433e-09
2.618944178460559457e-09
2.616339944293415855e-09
2.613740880302592081e-09
2.611145400741468784e-09
2.608554997112841872e-09
2.605968252958559224e-09
2.603386474284197350e-09
2.600808102295785663e-09
2.598233595431259318e-09
2.595661992835431709e-09
2.593094002153927671e-09
2.590529008397125890e-09
2.587967484076771282e-09
2.585409048328792182e-09
2.582853940450607676e-09
2.580302011749095255e-09
2.577753270297697757e-09
2.575207797549019554e-09
2.572665372413313728e-09
2.570126304393433912e-09
2.567590145367311564e-09
2.565057449486855038e-09
2.562527597915212345e-09
2.560001184710705632e-09
2.557477630333897381e-09
2.554957551884950725e-09
2.552441336237532692e-09
2.549929406171287581e-09
2.547421570520048495e-09
2.544917913160853506e-09
2.542418394906921895e-09
2.539922943296049547e-09
2.537431679607990456e-09
2.534944366716975739e-09
2.532461233765869667e-09
2.529982182200552902e-09
2.527506684104007173e-09
2.525034290588537143e-09
2.522565030140857582e-09
2.520098824889537527e-09
2.517635753110677103e-09
2.515175687568345865e-09
2.512718759787484729e-09
2.510264785344569621e-09
2.507813956714469325e-09
2.505366031998257739e-09
2.502921292619932912e-09
2.500479346524598829e-09
2.498040641972057048e-09
2.495604683434992923e-09
2.493171965472085573e-09
2.490741950839159247e-09
2.488315101142861722e-09
2.485890984037021279e-09
2.483470141338986736e-09
2.481052923014529471e-09
2.478639803332116744e-09
2.476230450167397345e-09
2.473825171535900812e-09
2.471423626444300001e-09
2.469026126163186453e-09
2.466632331825289857e-09
2.464242547122216882e-09
2.461856396301334793e-09
2.459474408085456130e-09
2.457095526078953240e-09
2.454719975783366479e-09
2.452347065271965581e-09
2.449977353566080502e-09
2.447610302846453062e-09
2.445246351937508543e-09
2.442885117948544315e-09
2.440526884862819259e-09
2.438171424409120184e-09
2.435818866075401572e-09
2.433469135828127163e-09
2.431122209078369318e-09
2.428778165576071695e-09
2.426436827146061751e-09
2.424098426795518199e-09
2.421762633325536603e-09
2.419429832402582543e-09
2.417099540438053631e-09
2.414772321090177644e-09
2.412447866833291744e-09
2.410127972015953390e-09
2.407811083217063016e-09
2.405498676617878432e-09
2.403189261442645033e-09
2.400884294109657830e-09
2.398582344593667176e-09
2.396284706744046310e-09
2.393990139557379506e-09
2.391699759959663042e-09
2.389412570760347309e-09
2.387128757295959052e-09
2.384847438046004035e-09
2.382569176225685749e-09
2.380293431348495927e-09
2.378020685993544909e-09
2.375750504564234084e-09
2.373483225719335442e-09
2.371218560979579751e-09
2.368956726976725345e-09
2.366697553607042399e-09
2.364441178217704994e-09
2.362187364601206958e-09
2.359936389495889528e-09
2.357687895449168775e-09
2.355442280332768255e-09
2.353199065573553360e-09
2.350958770019616606e-09
2.348720794167425815e-09
2.346485838651777811e-09
2.344253536683074914e-09
2.342025466607327724e-09
2.339800215200871663e-09
2.337579278829703427e-09
2.335361097560117074e-09
2.333147098484065650e-09
2.330935912503511751e-09
2.328728796757357402e-09
2.326524546100923450e-09
2.324324237325783355e-09
2.322126954836712381e-09
2.319932860847452941e-09
2.317741175969499377e-09
2.315552319135053554e-09
2.313365954763145639e-09
2.311182244310164298e-09
2.309001165146522129e-09
2.306822667831604552e-09
2.304646798663399082e-09
2.302473465737938412e-09
2.300302702248359251e-09
2.298134497060023077e-09
