1.758240902530754805e-07
1.874494959589492091e-07
1.983437881363868011e-07
2.085408085733244737e-07
2.180728995526348418e-07
2.269705554889013573e-07
2.352622849086430836e-07
2.429754065653882262e-07
2.501356027703359894e-07
2.567674605994968196e-07
2.628938381747321431e-07
2.685370757245006567e-07
2.737178084358695836e-07
2.784557423191229775e-07
2.827696285936194937e-07
2.866770353672987526e-07
2.901953265210768056e-07
2.933406771778756738e-07
2.961291453480753924e-07
2.985758550437942666e-07
3.006959854375375489e-07
3.025039930139368629e-07
3.040132386671412814e-07
3.052369410737782835e-07
3.061883710647223543e-07
3.068797014557784561e-07
3.073229878372595214e-07
3.075304901126629314e-07
3.075121151203949615e-07
3.072802059070228763e-07
3.068451720187768487e-07
3.062168880639861781e-07
3.054061214492104148e-07
3.044220096793325509e-07
3.032748032468567354e-07
3.019731372263976603e-07
3.005271273662879225e-07
2.989441246782156080e-07
2.972348832663027648e-07
2.954056118417177991e-07
2.934665849467332678e-07
2.914245922913154685e-07
2.892880595773898205e-07
2.870646016289221140e-07
2.847605364814361124e-07
2.823855457636936556e-07
2.799433981880209279e-07
2.774427870190794964e-07
2.748897764627346581e-07
2.722892823355713202e-07
2.696493647422078604e-07
2.669739111897235353e-07
2.642692604845906584e-07
2.615410969866273684e-07
2.587931564281380608e-07
2.560318438849216960e-07
2.532610574484439142e-07
2.504846675107205726e-07
2.477084540117534717e-07
2.449351968086897366e-07
2.421684717800736325e-07
2.394135640339874177e-07
2.366725817571688990e-07
2.339477057162187010e-07
2.312442520451838246e-07
2.285644935901309739e-07
2.259087935991129731e-07
2.232817905641787417e-07
2.206867535433828325e-07
2.181232307004693683e-07
2.155930774176459050e-07
2.131004838218564025e-07
2.106464703187965496e-07
2.082304669361398360e-07
2.058549067411483124e-07
2.035217845817033952e-07
2.012315044227647706e-07
1.989837316821360478e-07
1.967806535174650326e-07
1.946227945918681123e-07
1.925102633963410849e-07
1.904429928493585862e-07
1.884218805291114451e-07
1.864473614261007061e-07
1.845190918754056115e-07
1.826365688609104347e-07
1.807997828773420966e-07
1.790099729602855310e-07
1.772655297020761551e-07
1.755650237755162365e-07
1.739098355196016782e-07
1.722997720659677145e-07
1.707327241046263854e-07
1.692083775272545640e-07
1.677260800977470743e-07
1.662856378639455657e-07
1.648872499396832798e-07
1.635275637630260823e-07
1.622062613505958412e-07
1.609234395303981833e-07
1.596778516858238874e-07
1.584697123230980738e-07
1.572953984187523578e-07
1.561546248922065877e-07
1.550469237833189806e-07
1.539714714697912177e-07
1.529279032685196320e-07
1.519128862347125933e-07
1.509262302704134402e-07
1.499661158944222184e-07
1.490330838200617160e-07
1.481250467514499041e-07
1.472411331383717729e-07
1.463791125965388608e-07
1.455381492615361666e-07
1.447178027005204232e-07
1.439166970267490261e-07
1.431338747933454407e-07
1.423673398186160564e-07
1.416163799581670455e-07
1.408795451633126031e-07
1.401566363954135140e-07
1.394459135919565642e-07
1.387466203545282502e-07
1.380570778447944954e-07
1.373765852768400430e-07
1.367041141684422104e-07
1.360389900840386732e-07
1.353802149639193323e-07
1.347264310177960166e-07
1.340769807280509674e-07
1.334306453044051470e-07
1.327871446123759186e-07
1.321453639443136651e-07
1.315049670682763858e-07
1.308645910789970980e-07
1.302236952597408209e-07
1.295815600373295036e-07
1.289375519639903289e-07
1.282914456982336834e-07
1.276423494646879869e-07
1.269900825558379826e-07
1.263336103969862764e-07
1.256726288799228564e-07
1.250069006684164199e-07
1.243358729962069054e-07
1.236597384456473396e-07
1.229777134238872315e-07
1.222898457723103331e-07
1.215956274382362611e-07
1.208946806018570658e-07
1.201874304910284812e-07
1.194733458216993114e-07
1.187527928823116226e-07
1.180256121723684482e-07
1.172915798781902308e-07
1.165511118068842885e-07
1.158036662224322700e-07
1.150496724912680476e-07
1.142894628255997515e-07
1.135228641705338710e-07
1.127506712355003711e-07
1.119726443446785365e-07
1.111889783275601379e-07
1.104002072902429257e-07
1.096061318467992399e-07
1.088074009736569990e-07
1.080045523468567190e-07
1.071975954181992025e-07
1.063873576762554975e-07
1.055739812539838220e-07
1.047575974582091412e-07
1.039389845113597956e-07
1.031183130932588382e-07
1.022958761430149140e-07
1.014726947307904335e-07
1.006489626483666879e-07
9.982503324311457211e-08
9.900168892864184055e-08
9.817905220970566281e-08
9.735741134262778998e-08
9.653769625279548391e-08
9.572003356942910884e-08
9.490483380697622136e-08
9.409315916346518466e-08
9.328512189706500636e-08
9.248091120005885975e-08
9.168143763714406835e-08
9.088679174295740821e-08
9.009699787668663610e-08
8.931323918046073389e-08
8.853565915887541556e-08
8.776422338327150891e-08
8.700016862616701394e-08
8.624369826627220947e-08
8.549438532143515127e-08
8.475322934412578428e-08
8.402052991464022578e-08
8.329580154305802136e-08
8.258001962518663247e-08
8.187379644703153458e-08
8.117673813380051604e-08
8.048930251488808547e-08
7.981234079717254086e-08
7.914558789237566332e-08
7.848848016842264348e-08
7.784214990413638907e-08
7.720656063633670757e-08
7.658083193279214634e-08
7.596634194503854992e-08
7.536332968307496365e-08
7.477106948185953440e-08
7.418998289003835069e-08
7.362071140505270895e-08
7.306293308482711273e-08
7.251555695916172924e-08
7.197969126894551150e-08
7.145534767838544660e-08
7.094140932613645845e-08
7.043873894771968967e-08
6.994778448694789514e-08
6.946816267541703360e-08
6.899904476469378314e-08
6.854138536096803875e-08
6.809517595804994401e-08
6.765908826418172679e-08
6.723322996601078246e-08
6.681807032494695738e-08
6.641336745726772733e-08
6.601792698723963643e-08
6.563270558108383682e-08
6.525783814114408686e-08
6.489262987739120530e-08
6.453643652359363770e-08
6.418983012947049457e-08
6.385286329182377677e-08
6.352413516772003463e-08
6.320352862384412965e-08
6.289140667536900924e-08
6.258761840568338110e-08
6.229097708527315700e-08
6.200191083938728974e-08
6.172053717582458645e-08
6.144665214783499210e-08
6.117905617927413890e-08
6.091805687509178177e-08
6.066371816637058768e-08
6.041567573950349313e-08
6.017273296588764376e-08
5.993515079345000219e-08
5.970296617034344535e-08
5.947582928028883146e-08
5.925290896724232627e-08
5.903436873873953606e-08
5.882022978059359878e-08
5.861019048595065781e-08
5.840339187093869773e-08
5.819984153111102959e-08
5.799956103282108302e-08
5.780233559983008203e-08
5.760728131512742572e-08
5.741431621742121648e-08
5.722346325397921707e-08
5.703461840261540445e-08
5.684714647714461732e-08
5.666083993989256566e-08
5.647568321191247338e-08
5.629165442420453665e-08
5.610826121468058886e-08
5.592511393883608451e-08
5.574217798663391368e-08
5.555943726566070546e-08
5.537665855563825133e-08
5.519338289806181782e-08
5.500947026029768225e-08
5.482493211838495875e-08
5.463972323712632363e-08
5.445354803674327077e-08
5.426612777552681144e-08
5.407745052847437053e-08
5.388751270780875145e-08
5.369623483886331614e-08
5.350327643791001320e-08
5.330855137543054911e-08
5.311205947395620866e-08
5.291384064225247041e-08
5.271378954496256899e-08
5.251165147803601256e-08
5.230742874781779165e-08
5.210113356702498160e-08
5.189293191099596665e-08
5.168260692330520071e-08
5.147007005601924473e-08
5.125532993811874810e-08
5.103849105412579361e-08
5.081969255727441975e-08
5.059873338448608836e-08
5.037561311536198276e-08
5.015031911125028156e-08
4.992312669184521225e-08
4.969407898705446810e-08
4.946309966863358046e-08
4.923018030574267924e-08
4.899535774420950778e-08
4.875896616372477431e-08
4.852103306530671878e-08
4.828153769406484182e-08
4.804047243185222771e-08
4.779790407456172103e-08
4.755419643660597135e-08
4.730938575880578763e-08
4.706347430946329026e-08
4.681645720657422037e-08
4.656843473349718358e-08
4.631975041419557773e-08
4.607056909544019933e-08
4.582089021194698801e-08
4.557072203589304988e-08
4.532014867196981126e-08
4.506948672736464285e-08
4.481893583754407553e-08
4.456849924703680441e-08
4.431818270927937551e-08
4.406803750774922483e-08
4.381830869604700294e-08
4.356926769978597748e-08
4.332093353987102361e-08
4.307330597936741187e-08
4.282640859167190293e-08
4.258040754159233922e-08
4.233571869685801471e-08
4.209239709237713014e-08
4.185044284476684574e-08
4.160985775453549104e-08
4.137068105054204691e-08
4.113329383785890469e-08
4.089781514318825681e-08
4.066423194777100933e-08
4.043254456726383681e-08
4.020264582019423392e-08
3.997478232759068282e-08
3.974920917619713139e-08
3.952592269783980083e-08
3.930494689716440983e-08
3.908619260249742561e-08
3.886963739508283829e-08
3.865575408470617317e-08
3.844458136500581983e-08
3.823610786781610839e-08
3.803032024189146022e-08
3.782698510420381001e-08
3.762641028045920699e-08
3.742874639828120710e-08
3.723401468948864949e-08
3.704219252043061195e-08
3.685312913451904666e-08
3.666659049014909636e-08
3.648297944746100294e-08
3.630232996394441047e-08
3.612461916094722694e-08
3.594987536989820694e-08
3.577771171635754317e-08
3.560831952380946540e-08
3.544188981371804461e-08
3.527847067854109805e-08
3.511804396590700791e-08
3.496051636968074935e-08
3.480546100353739920e-08
3.465319603099369220e-08
3.450375819438652884e-08
3.435715563588587877e-08
3.421338181287731880e-08
3.407225001853146218e-08
3.393337141879093570e-08
3.379699494266227173e-08
3.366316565754300618e-08
3.353188546240758624e-08
3.340315579050649916e-08
3.327672161954679872e-08
3.315233575791619621e-08
3.303020659689098705e-08
3.291031936113325211e-08
3.279271803906820752e-08
3.267737053433403983e-08
3.256399888821067874e-08
3.245238059292745744e-08
3.234261875364868763e-08
3.223471041642801620e-08
3.212868446461745821e-08
3.202452168506979225e-08
3.192197995103931833e-08
3.182077712441551057e-08
3.172100426521853392e-08
3.162265879480092014e-08
3.152575148549029159e-08
3.143028159463975842e-08
3.133610680851947503e-08
3.124294990742057059e-08
3.115081927318694950e-08
3.105974531625789884e-08
3.096971465152120623e-08
3.088073039192305493e-08
3.079272522028902148e-08
3.070541146713012529e-08
3.061872972026772424e-08
3.053267356483842624e-08
3.044723869647907223e-08
3.036243824994056781e-08
3.027824807041289055e-08
3.019447130592721754e-08
3.011097832348047672e-08
3.002773467010926848e-08
2.994474225171900625e-08
2.986199099377942322e-08
2.977949685507492038e-08
2.969717818351472224e-08
2.961491042779340297e-08
2.953260663053314966e-08
2.945025852160204373e-08
2.936786499720304292e-08
2.928542364635364300e-08
2.920293329706133541e-08
2.912029381778059109e-08
2.903742549265110793e-08
2.895426496059667001e-08
2.887082274404639715e-08
2.878708612545654053e-08
2.870306678143456687e-08
2.861874437675820104e-08
2.853409049124860779e-08
2.844902080751645343e-08
2.836352934407439218e-08
2.827760421696496785e-08
2.819125417309666435e-08
2.810447129970006208e-08
2.801727882970045413e-08
2.792967704009705301e-08
2.784162524868074213e-08
2.775311417458948185e-08
2.766414595485099885e-08
2.757472035063653843e-08
2.748483465151304768e-08
2.739454751337991886e-08
2.730386622347708105e-08
2.721278781043280761e-08
2.712129957343183356e-08
2.702941052623399692e-08
2.693711663999926056e-08
2.684441967026874830e-08
2.675139629875072043e-08
2.665808541645691741e-08
2.656451342934540720e-08
2.647067739473088497e-08
2.637657894861198679e-08
2.628221764193159503e-08
2.618759458428384542e-08
2.609278599293906261e-08
2.599784739666349744e-08
2.590282720253912510e-08
2.580772471902351145e-08
2.571254351654499042e-08
2.561727542456337195e-08
2.552193356828058532e-08
2.542656143925367312e-08
2.533122478497926945e-08
2.523599896841391124e-08
2.514088579224739853e-08
2.504589933331883911e-08
2.495102598415208757e-08
2.485626732370299797e-08
2.476165515309855114e-08
2.466722617281534553e-08
2.457310763732280180e-08
2.447932572834294329e-08
2.438587854588594869e-08
2.429277844015541009e-08
2.420001452184113626e-08
2.410758889245399476e-08
2.401553164538590900e-08
2.392390463265111740e-08
2.383278715122958070e-08
2.374220042778288528e-08
2.365212169183057208e-08
2.356255412062879501e-08
2.347351533744765579e-08
2.338497134813789460e-08
2.329692211807476997e-08
2.320950785944913576e-08
2.312272578100391628e-08
2.303658279530902146e-08
2.295109760736511313e-08
2.286625018585235420e-08
2.278204224090379542e-08
2.269842045249127446e-08
2.261544546249976602e-08
2.253321219034999730e-08
2.245172573539496747e-08
2.237100323045636330e-08
2.229102846843947798e-08
2.221180007192563372e-08
2.213330724514202110e-08
2.205547488914767703e-08
2.197837106769942179e-08
2.190205400043167299e-08
2.182654262514141748e-08
2.175181048771833590e-08
2.167787332966756880e-08
2.160472978466086575e-08
2.153232800321810234e-08
2.146055584727708779e-08
2.138950514940516967e-08
2.131923524074768068e-08
2.124970903462256593e-08
2.118095216307585276e-08
2.111294855736396002e-08
2.104571393196224409e-08
2.097918279946241283e-08
2.091325832069174238e-08
2.084801989477687443e-08
2.078351759335228470e-08
2.071971756299882044e-08
2.065664268313228304e-08
2.059428180906803974e-08
2.053264205005887724e-08
2.047167072428907560e-08
2.041125086354626836e-08
2.035143499506142511e-08
2.029224110995496622e-08
2.023367991705454511e-08
2.017573335581551150e-08
2.011841710618690484e-08
2.006171871932177700e-08
2.000561084694287261e-08
1.994996950570454704e-08
1.989478506494166014e-08
1.984009402362588418e-08
1.978588939964913027e-08
1.973218397556037642e-08
1.967896270382882392e-08
1.962623821595820298e-08
1.957399402803264987e-08
1.952213302750886776e-08
1.947062332952313830e-08
1.941948847477149946e-08
1.936871655802038068e-08
1.931831822416030806e-08
1.926829231201147289e-08
1.921863755655395152e-08
1.916935341456065315e-08
1.912039441610356389e-08
1.907167454298490122e-08
1.902320186140222814e-08
1.897497098973482114e-08
1.892699116325207299e-08
1.887925493618789121e-08
1.883176168474893815e-08
1.878451748311166768e-08
1.873751306385644975e-08
1.869067261426951732e-08
1.864396489294868079e-08
1.859739516039526190e-08
1.855095506899348123e-08
1.850464690980616416e-08
1.845847197329440824e-08
1.841243236847585757e-08
1.836652294505146238e-08
1.832073612024837157e-08
1.827501892709545332e-08
1.822936659584946415e-08
1.818377323433198879e-08
1.813824058309233626e-08
1.809276764493449631e-08
1.804735758314292691e-08
1.800200679857568119e-08
1.795671665737282269e-08
1.791147267121384752e-08
1.786624681185193503e-08
1.782103493696562039e-08
1.777583702418049851e-08
1.773065247909760764e-08
1.768548206079960209e-08
1.764032597320718899e-08
1.759518303904175875e-08
1.755005417607871661e-08
1.750493172007722524e-08
1.745980175780241852e-08
1.741466843080296287e-08
1.736953709471257785e-08
1.732440741782624610e-08
1.727927958906830382e-08
1.723415390426810482e-08
1.718902989466715719e-08
1.714390766395110152e-08
1.709878708645444738e-08
1.705366643959560191e-08
1.700855328224777283e-08
1.696346146510509565e-08
1.691839150348619942e-08
1.687334350853696409e-08
1.682831738574218107e-08
1.678331322611167927e-08
1.673833102898587809e-08
1.669337094345809087e-08
1.664843612514128747e-08
1.660353161369135840e-08
1.655868228152583345e-08
1.651389059341712103e-08
1.646915716708953134e-08
1.642448129693660436e-08
1.637986285993465941e-08
1.633530200798404390e-08
1.629079877873036624e-08
1.624635579897468609e-08
1.620197648919776157e-08
1.615768831648376712e-08
1.611350935832835831e-08
1.606944017039444936e-08
1.602547995736453411e-08
1.598162866456496845e-08
1.593788642130001032e-08
1.589425376431567463e-08
1.585073132113186019e-08
1.580731942925190210e-08
1.576402496493806982e-08
1.572088663918486170e-08
1.567790924750766993e-08
1.563509202642705763e-08
1.559243482980833471e-08
1.554993816737953409e-08
1.550760201677689487e-08
1.546542594009947770e-08
1.542340662351823616e-08
1.538153837584619389e-08
1.533983809680234149e-08
1.529833345754323569e-08
1.525702575013460843e-08
1.521591524075067055e-08
1.517500231569841991e-08
1.513428658743019031e-08
1.509376856966629934e-08
1.505345024023777120e-08
1.501331875338879522e-08
1.497336239333167441e-08
1.493360550155402246e-08
1.489407325938501446e-08
1.485476612552617454e-08
1.481568456350915111e-08
1.477682810966095376e-08
1.473819686791713580e-08
1.469979287692211861e-08
1.466161571522923793e-08
1.462364834102735719e-08
1.458587475199487806e-08
1.454831318745500486e-08
1.451098324920865996e-08
1.447388525719369374e-08
1.443701974500456961e-08
1.440038698755662528e-08
1.436398653221890434e-08
1.432781849081423146e-08
1.429188381390734054e-08
1.425616460342425635e-08
1.422063323616090619e-08
1.418529763960596843e-08
1.415017694969317916e-08
1.411527265319345588e-08
1.408058515662346985e-08
1.404611386904828660e-08
1.401185932893136139e-08
1.397782194233183371e-08
1.394400059843309577e-08
1.391039004903979013e-08
1.387695089250917150e-08
1.384368109041002764e-08
1.381060276461788151e-08
1.377771827792783073e-08
1.374502774020021566e-08
1.371253126049797289e-08
1.368022894708715140e-08
1.364812156506742810e-08
1.361620990650414766e-08
1.358449356924412244e-08
1.355294208334740379e-08
1.352153707637819821e-08
1.349028659517256309e-08
1.345919837856554208e-08
1.342827254924787236e-08
1.339750920393051509e-08
1.336690883687135799e-08
1.333647196728732885e-08
1.330619873289262759e-08
1.327608737870436645e-08
1.324613481065491173e-08
1.321630031419435029e-08
1.318657868918930751e-08
1.315697886083804695e-08
1.312750301764840019e-08
1.309815107134086299e-08
1.306892357273376117e-08
1.303982020134300074e-08
1.301084077056118335e-08
1.298198535793297426e-08
1.295325423017707759e-08
1.292463739764799149e-08
1.289610888258182799e-08
1.286766672388286764e-08
1.283932072952086640e-08
1.281107106992873643e-08
1.278291781212475517e-08
1.275486137110316120e-08
1.272690186828672637e-08
1.269903973003897908e-08
1.267127454802572215e-08
1.264360645500189834e-08
1.261602490402313016e-08
1.258851227516516056e-08
1.256106661591871254e-08
1.253369573068685609e-08
1.250639948014363155e-08
1.247917799025530543e-08
1.245203167498907065e-08
1.242496124889052628e-08
1.239796587708576391e-08
1.237104538576800516e-08
1.234419985318150495e-08
1.231742458221010788e-08
1.229069892352521579e-08
1.226402177120692334e-08
1.223740175414551044e-08
1.221084082747902912e-08
1.218433888400911210e-08
1.215789587990387232e-08
1.213151128952218633e-08
1.210518554825005503e-08
1.207891986827165402e-08
1.205271281037481347e-08
1.202656413635643827e-08
1.200046124976912616e-08
1.197440199950529072e-08
1.194839418678852482e-08
1.192244408568813107e-08
1.189655119135603519e-08
1.187071702464133822e-08
1.184494270380206897e-08
1.181922572450187454e-08
1.179356608805462877e-08
1.176796523107639348e-08
1.174242269556077901e-08
1.171693201883644256e-08
1.169148837699574199e-08
1.166609510567334454e-08
1.164076295665932458e-08
1.161549126958820307e-08
1.159028095312770649e-08
1.156513282869971855e-08
1.154004536193269890e-08
1.151501878096533193e-08
1.149005601418893871e-08
1.146515450489122985e-08
1.144031416373845445e-08
1.141552690810421191e-08
1.139078973145549662e-08
1.136610998728402474e-08
1.134149700201615353e-08
1.131695346913889696e-08
1.129247849354522824e-08
1.126806942674540876e-08
1.124372792362633690e-08
1.121945458255506403e-08
1.119524726561877360e-08
1.117110934020780831e-08
1.114703811868041769e-08
1.112302654499976179e-08
1.109907458253259371e-08
1.107519177408568691e-08
1.105138465853067745e-08
1.102765512247639359e-08
1.100400643896805599e-08
1.098043397611538556e-08
1.095693798938732422e-08
1.093352022571881020e-08
1.091017880316124658e-08
1.088691597567995346e-08
1.086373006839704410e-08
1.084061151819546166e-08
1.081756050832714469e-08
1.079458412779756478e-08
1.077168805593812887e-08
1.074887707748037645e-08
1.072615094036976035e-08
1.070350530920193819e-08
1.068094272660644945e-08
1.065846257491046764e-08
1.063606404795731535e-08
1.061375051809358973e-08
1.059151919680493754e-08
1.056935846241954398e-08
1.054726406386629732e-08
1.052524152001918117e-08
1.050330460706898887e-08
1.048145220563366236e-08
1.045968024188973283e-08
1.043799294343323394e-08
1.041638647892197344e-08
1.039486394128559128e-08
1.037342663192507046e-08
1.035207058816995900e-08
1.033079860452577345e-08
1.030960014253480591e-08
1.028847242499336403e-08
1.026741398360891639e-08
1.024643463142545419e-08
1.022553737053909046e-08
1.020471945223484858e-08
1.018398227168704499e-08
1.016333009765914745e-08
1.014275751884146774e-08
1.012226653756809182e-08
1.010185674098759084e-08
1.008152870131456125e-08
1.006128153616163510e-08
1.004110147769770652e-08
1.002098450297898267e-08
1.000093354689046017e-08
9.980960795367585994e-09
9.961062333105510818e-09
9.941237465932919595e-09
9.921487376164706101e-09
9.901810016570315868e-09
9.882210301021347645e-09
9.862683198305049324e-09
9.843231518999887234e-09
9.823854648299733538e-09
9.804548297486731542e-09
9.785298195483021813e-09
9.766105052200958007e-09
9.746972203187941442e-09
9.727902830776531799e-09
9.708903085407480167e-09
9.689967026677943391e-09
9.671097502816444789e-09
9.652291629665768567e-09
9.633552322753748455e-09
9.614879758325274373e-09
9.596271295516182282e-09
9.577729237428390288e-09
9.559248221600122145e-09
9.540817055170611330e-09
9.522436320939057405e-09
9.504109267086561549e-09
9.485838196657657038e-09
9.467629161411739939e-09
9.449476159203138226e-09
9.431382374440482717e-09
9.413344724036133520e-09
9.395367112712560294e-09
9.377446338102114681e-09
9.359584262697845854e-09
9.341780333709786757e-09
9.324032547861538864e-09
9.306327712012142474e-09
9.288665975638974170e-09
9.271047835454530499e-09
9.253482671429345643e-09
9.235967354174965311e-09
9.218502565436951245e-09
9.201086540002881495e-09
9.183721973614303743e-09
9.166407541360628760e-09
9.149143723361106695e-09
9.131929655143238869e-09
9.114766593273785090e-09
9.097653972020300153e-09
9.080581023681114697e-09
9.063542992766662096e-09
9.046546286316716280e-09
9.029593213486918320e-09
9.012685762618042313e-09
8.995821188422642041e-09
8.979004697358145970e-09
8.962232612445535309e-09
8.945506576815556187e-09
8.928824366699530344e-09
8.912189602198710474e-09
8.895598567112016982e-09
8.879053621153245136e-09
8.862551443474977451e-09
8.846084418629342248e-09
8.829653032757517476e-09
8.813258347440251250e-09
8.796909277591417634e-09
8.780602992894110097e-09
8.764340219474145257e-09
8.748118424695672078e-09
8.731942486813491900e-09
8.715808835073207754e-09
8.699718664024487260e-09
8.683671266595155989e-09
8.667668139275396090e-09
8.651707738344354124e-09
8.635784160115203155e-09
8.619897073395266592e-09
8.604042377022964826e-09
8.588226608500847451e-09
8.572450057280189576e-09
8.556718818200163673e-09
8.541027199009006773e-09
8.525376036129885289e-09
8.509767485841093310e-09
8.494200197287048547e-09
8.478674591104708000e-09
8.463189383865035059e-09
8.447747315574493524e-09
8.432346070802969668e-09
8.416979895425127481e-09
8.401649276524667589e-09
8.386350656988177218e-09
8.371090545371842643e-09
8.355870045760417736e-09
8.340694484431590945e-09
8.325559108162065382e-09
8.310463480828926435e-09
8.295411671089691543e-09
8.280400322685652215e-09
8.265430671966392313e-09
8.250502328563515081e-09
8.235616241917872370e-09
8.220771064550180035e-09
8.205964501247286878e-09
8.191192519285901778e-09
8.176454541241533773e-09
8.161751216686349541e-09
8.147093005931976832e-09
8.132474538144487992e-09
8.117897033611275404e-09
8.103360825514745685e-09
8.088866873879577907e-09
8.074414155202786261e-09
8.060001603285886863e-09
8.045632124725697307e-09
8.031302816041233857e-09
8.017015173700248832e-09
8.002769113866845642e-09
7.988556867605862495e-09
7.974374596079657989e-09
7.960230081783734618e-09
7.946123417642268687e-09
7.932054801880512822e-09
7.918027360291008375e-09
7.904039462455741255e-09
7.890091264068193185e-09
7.876181974905565958e-09
7.862313378844884127e-09
7.848484480244158357e-09
7.834694473963933267e-09
7.820945335386680846e-09
7.807235170494102493e-09
7.793561876737113095e-09
7.779920465655997297e-09
7.766310741554246546e-09
7.752733216565176181e-09
7.739197124875920661e-09
7.725699316819590404e-09
7.712237358265031742e-09
7.698817537902277303e-09
7.685435136024089949e-09
7.672089927464308461e-09
7.658785774099203700e-09
7.645518698155453285e-09
7.632290394047247703e-09
7.619102563703036670e-09
7.605952497920047891e-09
7.592835198301279699e-09
7.579751355411953262e-09
7.566697955660836689e-09
7.553675160796069382e-09
7.540692908690070868e-09
7.527745775957972014e-09
7.514833324105384332e-09
7.501960112749901032e-09
7.489122592030776011e-09
7.476320288622132101e-09
7.463556531111315780e-09
7.450828160902439653e-09
7.438136312299383042e-09
7.425482665951844244e-09
7.412864513548332283e-09
7.400278196072469786e-09
7.387721114519565132e-09
7.375191711399774485e-09
7.362690296441572433e-09
7.350224526692830576e-09
7.337791583979394036e-09
7.325389080916981520e-09
7.313022991512492227e-09
7.300689117073857840e-09
7.288387098752086171e-09
7.276119738094328458e-09
7.263885308535230455e-09
7.251683306564783421e-09
7.239515371174575470e-09
7.227380162199251777e-09
7.215276760122665888e-09
7.203200084650165021e-09
7.191146192194871761e-09
7.179121957837892116e-09
7.167127934069752937e-09
7.155162837014170983e-09
7.143232113141077800e-09
7.131331763590765401e-09
7.119460791962611470e-09
7.107623994884256773e-09
7.095817766201487159e-09
7.084041723871786447e-09
7.072298151906779008e-09
7.060586013519577123e-09
7.048904887398713425e-09
7.037256219492086154e-09
7.025632150246274548e-09
7.014035162281552990e-09
7.002462314295294546e-09
6.990913704039879952e-09
6.979397407226533667e-09
6.967909799689598945e-09
6.956449120781708127e-09
6.945020291961204205e-09
6.933620022795790622e-09
6.922248620863220263e-09
6.910906652650846518e-09
6.899593451177659538e-09
6.888311236108078315e-09
6.877056574209375367e-09
6.865831778262309973e-09
6.854636642197426125e-09
6.843463723386488894e-09
6.832313902890950288e-09
6.821186066885335532e-09
6.810081536153330518e-09
6.799006121441869444e-09
6.787956754573916286e-09
6.776931984494507588e-09
6.765937000323001394e-09
6.754967689553811890e-09
6.744024305060549714e-09
6.733108492367721600e-09
6.722218761113876277e-09
6.711357163315636065e-09
6.700520911508907365e-09
6.689711847121397221e-09
6.678930003342333087e-09
6.668168984420316033e-09
6.657430119269908835e-09
6.646712145995962718e-09
6.636015827651397913e-09
6.625348315900254284e-09
6.614706183347684460e-09
6.604087814233726740e-09
6.593497793486460308e-09
6.582932937817465342e-09
6.572394140971302072e-09
6.561881340423403834e-09
6.551393734515196317e-09
6.540933239436365782e-09
6.530498256891472053e-09
6.520089099406566664e-09
6.509706919376022698e-09
6.499345464634588684e-09
6.489006778155372591e-09
6.478687878291254706e-09
6.468390499780548971e-09
6.458119037397763300e-09
6.447870541142364874e-09
6.437649287002469034e-09
6.427452046484390994e-09
6.417278329790915415e-09
6.407131124481589292e-09
6.397008027333845234e-09
6.386910811508484524e-09
6.376837857657027516e-09
6.366789588314240785e-09
6.356766759798136707e-09
6.346768334824590272e-09
6.336794638160994675e-09
6.326840402739711281e-09
6.316904508046371864e-09
6.306988639589222618e-09
6.297093485168994168e-09
6.287223394114376239e-09
6.277376157448952187e-09
6.267550179344036994e-09
6.257749988350130761e-09
6.247971818938426724e-09
6.238217659905682292e-09
6.228486815174448093e-09
6.218778012563792884e-09
6.209093903247964910e-09
6.199432071556413820e-09
6.189795046595516031e-09
6.180180077462924149e-09
6.170587274178209967e-09
6.161013468818659895e-09
6.151456019414685578e-09
6.141920070407967469e-09
6.132405273386516041e-09
6.122912692626498719e-09
6.113443482354338135e-09
6.103995127246140412e-09
6.094571909086024986e-09
6.085170471524291016e-09
6.075791588220690678e-09
6.066435763842768580e-09
6.057101692276008530e-09
6.047791343329442944e-09
6.038503012439687068e-09
6.029238729971754351e-09
6.019995836028053205e-09
6.010774842524247072e-09
6.001572185745503249e-09
5.992385670931641291e-09
5.983219387613616519e-09
5.974072835882190339e-09
5.964948601098120450e-09
5.955845839852390800e-09
5.946762698092087940e-09
5.937703520843114019e-09
5.928664400338354336e-09
5.919647994863688686e-09
5.910652698734318627e-09
5.901678742188936628e-09
5.892726130360507754e-09
5.883795344664426199e-09
5.874886457559285021e-09
5.865998458075691250e-09
5.857132382294844972e-09
5.848282398393714855e-09
5.839449517255975623e-09
5.830633249361776347e-09
5.821833489889134618e-09
5.813056016162545188e-09
5.804296872910118403e-09
5.795559270085991264e-09
5.786841103631423582e-09
5.778141908457963381e-09
5.769464077128716742e-09
5.760804738083445911e-09
5.752167036801593301e-09
5.743548242256514073e-09
5.734950773225183256e-09
5.726372208761759083e-09
5.717813812018184563e-09
5.709276180283590496e-09
5.700755624924860071e-09
5.692251603373446601e-09
5.683761362436437007e-09
5.675289616681431325e-09
5.666835306241650955e-09
5.658400489942345236e-09
5.649985041524318174e-09
5.641587073677086380e-09
5.633210312659625309e-09
5.624850910157703007e-09
5.616512515728008906e-09
5.608192178851420055e-09
5.599891667252558038e-09
5.591610097191198545e-09
5.583347565152067196e-09
5.575103967196454136e-09
5.566879744110246600e-09
5.558675604785159941e-09
5.550485999122542829e-09
5.542313079195920197e-09
5.534153532197447246e-09
5.526011039015607620e-09
5.517885871581735455e-09
5.509777968797478974e-09
5.501688847098263127e-09
5.493615886373986361e-09
5.485563102371457316e-09
5.477526679032091462e-09
5.469509790450507957e-09
5.461509820585715133e-09
5.453528452996706416e-09
5.445564973161819695e-09
5.437619394306638991e-09
5.429691341988264949e-09
5.421781734810104810e-09
5.413890844109421522e-09
5.406014172834030580e-09
5.398152430344193871e-09
5.390302617814784011e-09
5.382469162009556205e-09
5.374650624847304979e-09
5.366849701928079672e-09
5.359065454745681978e-09
5.351297258260263513e-09
5.343546746095268293e-09
5.335811852826460616e-09
5.328095103137851260e-09
5.320393995960143878e-09
5.312711006158432306e-09
5.305043844081840459e-09
5.297394496635259465e-09
5.289761318516281408e-09
5.282145610152918078e-09
5.274545918944772901e-09
5.266962617999415986e-09
5.259392874584054771e-09
5.251836072289643381e-09
5.244292951546742961e-09
5.236763127879635103e-09
5.229251325649685354e-09
5.221753482975845821e-09
5.214274218349982101e-09
5.206809312517400283e-09
5.199361932673566687e-09
5.191929932893132618e-09
5.184514338557248756e-09
5.177114902791484793e-09
5.169731596858343825e-09
5.162364364200955370e-09
5.155013228450369852e-09
5.147678233275778665e-09
5.140359564787752327e-09
5.133057762417341460e-09
5.125768962978279193e-09
5.118493823141750078e-09
5.111229694243171848e-09
5.103980124097105505e-09
5.096743270274230854e-09
5.089523666584934827e-09
5.082317910784486386e-09
5.075128358419140559e-09
5.067953481730923255e-09
5.060793786988178711e-09
5.053649500056245038e-09
5.046520037833639447e-09
5.039406436117475940e-09
5.032307452922431152e-09
5.025223939220021537e-09
5.018155635682920379e-09
5.011102828971292741e-09
5.004064898371909717e-09
4.997043216119762971e-09
4.990033173359539299e-09
4.983036120778691568e-09
4.976049210679439530e-09
4.969076030088631849e-09
4.962114783972125163e-09
4.955169870508533685e-09
4.948237859445359938e-09
4.941321424391798593e-09
4.934418701502618256e-09
4.927530713644548991e-09
4.920656892710048668e-09
4.913797317825198843e-09
4.906952582389673310e-09
4.900122021566568135e-09
4.893305883358176043e-09
4.886504176648622781e-09
4.879716556722692379e-09
4.872943707670539569e-09
4.866185758000410663e-09
4.859440378712602523e-09
4.852706849194662451e-09
4.845983982870167209e-09
4.839273244651631912e-09
4.832573762544020227e-09
4.825889868644040675e-09
4.819217659210207692e-09
4.812561502239228208e-09
4.805917059223486701e-09
4.799288366878354636e-09
4.792671802749196711e-09
4.786070407762850084e-09
4.779481792429264058e-09
4.772907888310216132e-09
4.766346864331820644e-09
4.759800368630611427e-09
4.753267111817510416e-09
4.746748547021766319e-09
4.740242625329098532e-09
4.733751631220066731e-09
4.727270218626423270e-09
4.720801266336774146e-09
4.714341207173811179e-09
4.707894095023572276e-09
4.701457952250524959e-09
4.695035947509799963e-09
4.688625897285728939e-09
4.682229606482375972e-09
4.675845578086284458e-09
4.669474976767241538e-09
4.663116848516287119e-09
4.656771941878832604e-09
4.650439730268857850e-09
4.644120663251243664e-09
4.637814478132738031e-09
4.631521537913098984e-09
4.625240976182648603e-09
4.618973987641602210e-09
4.612719284450189373e-09
4.606477651328653146e-09
4.600245342175323333e-09
4.594024242772468797e-09
4.587812176127877693e-09
4.581611348420132466e-09
4.575421980544144673e-09
4.569245322032847177e-09
4.563080609617634058e-09
4.556928456733243798e-09
4.550788260735302211e-09
4.544660615266906626e-09
4.538544952652098053e-09
4.532441820584040338e-09
4.526350708204981103e-09
4.520272100001740380e-09
4.514205678274330486e-09
4.508151972425450592e-09
4.502109883203075935e-09
4.496080902087263227e-09
4.490063273532927264e-09
4.484058709922506582e-09
4.478062783590386671e-09
4.472078123428587568e-09
4.466101408306172322e-09
4.460136445833367562e-09
4.454180977547287723e-09
4.448238991389013042e-09
4.442306981301274968e-09
4.436388228336375174e-09
4.430479693717837556e-09
4.424584180744005995e-09
4.418699138753858143e-09
4.412826922106127862e-09
4.406965542486018661e-09
4.401116726276416187e-09
4.395278904279070041e-09
4.389453327326723199e-09
4.383639065449320625e-09
4.377836741473976094e-09
4.372045857871327391e-09
4.366267452039676919e-09
4.360498521040354580e-09
4.354739197516682569e-09
4.348988358516928055e-09
4.343247053919791954e-09
4.337514928373083890e-09
4.331794600576949593e-09
4.326084349397869338e-09
4.320385707890256332e-09
4.314697390445426581e-09
4.309020453050500458e-09
4.303354075999965913e-09
4.297698860433376100e-09
4.292054430366871110e-09
4.286420954235673931e-09
4.280798477673036913e-09
4.275186833068386510e-09
4.269586544119747637e-09
4.263996560732421013e-09
4.258418385448246285e-09
4.252850295087337475e-09
4.247294157038465151e-09
4.241745855686101651e-09
4.236207262290377493e-09
4.230675982987292053e-09
4.225154336366506105e-09
4.219640872386247392e-09
4.214139551051172384e-09
4.208647192941403834e-09
4.203166596338153138e-09
4.197695271080178675e-09
4.192235336082436548e-09
4.186785051097023315e-09
4.181345795737173254e-09
4.175916558374465367e-09
4.170498000578311957e-09
4.165089891009043159e-09
4.159692060788431967e-09
4.154305124393902013e-09
4.148928017965281620e-09
4.143562283811376464e-09
4.138206192261517696e-09
4.132861538247694355e-09
4.127524637021798059e-09
4.122196960301714331e-09
4.116876601776568172e-09
4.111565221391647738e-09
4.106262031540574250e-09
4.100969807961585368e-09
4.095686668294278926e-09
4.090414016540405453e-09
4.085150941802393624e-09
4.079897880496081731e-09
4.074654878266692255e-09
4.069421425924742259e-09
4.064198564809507133e-09
4.058984990320004411e-09
4.053782101718939508e-09
4.048588605169094603e-09
4.043405605684298773e-09
4.038232188787253193e-09
4.033068868286107148e-09
4.027915389123569284e-09
4.022772199828014297e-09
4.017637837246313764e-09
4.012511095443898049e-09
4.007392406490987279e-09
4.002280686532074574e-09
3.997177839405567269e-09
3.992082813925275621e-09
3.986998581691203298e-09
3.981921915395995542e-09
3.976856348459461651e-09
3.971798335157532000e-09
3.966751302230885616e-09
3.961712110717977109e-09
3.956683251774991695e-09
3.951662816001921905e-09
3.946652146177909902e-09
3.941650477040688152e-09
3.936658011381289008e-09
3.931675119698741223e-09
3.926700989134857754e-09
3.921736992397313527e-09
3.916781600209765855e-09
3.911836309114847582e-09
3.906898122347113534e-09
3.901967749133933240e-09
3.897044110685480359e-09
3.892127923799071104e-09
3.887219322611760346e-09
3.882319549821202999e-09
3.877428925214725735e-09
3.872546585671701903e-09
3.867674204444712580e-09
3.862809408668771794e-09
3.857955064764867316e-09
3.853108392042560197e-09
3.848271721510336051e-09
3.843443058143233158e-09
3.838623805285651541e-09
3.833813162804261838e-09
3.829011343065173562e-09
3.824218732922174108e-09
3.819434479648082640e-09
3.814660067175889004e-09
3.809893899634180165e-09
3.805137422989777776e-09
3.800387973609671642e-09
3.795645913300646683e-09
3.790910630800812376e-09
3.786182272534113952e-09
3.781461683690411220e-09
3.776748653142863427e-09
3.772045282763146877e-09
3.767348871098132674e-09
3.762662683010647769e-09
3.757983368839961704e-09
3.753314018835468103e-09
3.748651891439272157e-09
3.743999018856243795e-09
3.739354067475451854e-09
3.734717600552403789e-09
3.730089882944720973e-09
3.725470213171916148e-09
3.720859718784586618e-09
3.716257248696001979e-09
3.711663335257840107e-09
3.707077902344229169e-09
3.702500963059674622e-09
3.697932221403824589e-09
3.693369265961843103e-09
3.688813976054374276e-09
3.684264049594656997e-09
3.679722050106554531e-09
3.675185877349436473e-09
3.670659052808213169e-09
3.666139011993391387e-09
3.661627325944680662e-09
3.657123263697954694e-09
3.652626691853045841e-09
3.648138765947407135e-09
3.643657861304818882e-09
3.639186113691999445e-09
3.634721312381856111e-09
3.630265002665362644e-09
3.625816095566686417e-09
3.621375058752653488e-09
3.616942057460241808e-09
3.612516473062139127e-09
3.608099600319446251e-09
3.603690027733879487e-09
3.599289000211615112e-09
3.594894356381928301e-09
3.590506014476955059e-09
3.586124102849975613e-09
3.581747510613169379e-09
3.577378666981574907e-09
3.573015659974923849e-09
3.568661708066694371e-09
3.564314047235558379e-09
3.559974955873559295e-09
3.555642681216386341e-09
3.551318028152082449e-09
3.547001180774862822e-09
3.542691360734603132e-09
3.538390144905764218e-09
3.534095860879435463e-09
3.529809730953085433e-09
3.525530727779844413e-09
3.521259227285538971e-09
3.516995491223098746e-09
3.512738900773588895e-09
3.508490669147821199e-09
3.504249589982385401e-09
3.500016518183075331e-09
3.495789964777354134e-09
3.491569156928179338e-09
3.487355130853440143e-09
3.483145948237532745e-09
3.478944462887949319e-09
3.474748154225330437e-09
3.470560434194599085e-09
3.466378900791391235e-09
3.462204813558973557e-09
3.458037898421725263e-09
3.453877754820666102e-09
3.449725806296407153e-09
3.445580203326425840e-09
3.441442759404850528e-09
3.437311620624274214e-09
3.433187997594594342e-09
3.429071519320575948e-09
3.424962031768858196e-09
3.420860408536699794e-09
3.416765534453655936e-09
3.412677941242824158e-09
3.408597858852323272e-09
3.404524476217423669e-09
3.400458646725913303e-09
3.396397949267030032e-09
3.392343708249320289e-09
3.388294132876207993e-09
3.384250318456884591e-09
3.380212250522798152e-09
3.376180478142273822e-09
3.372156417062459384e-09
3.368137720060113790e-09
3.364127465928979892e-09
3.360122625575246816e-09
3.356124994502277782e-09
3.352133751426585504e-09
3.348148861774838170e-09
3.344171416807023444e-09
3.340200221015519559e-09
3.336236373088681045e-09
3.332278683905469474e-09
3.328327583411724011e-09
3.324383371854153850e-09
3.320445783029960376e-09
3.316515229962313330e-09
3.312591025741097529e-09
3.308673796729805847e-09
3.304763085928650509e-09
3.300856817826444815e-09
3.296957300706049653e-09
3.293061930046643800e-09
3.289172345162959263e-09
3.285287966880192149e-09
3.281410057545879616e-09
3.277539093128922869e-09
3.273673561631308182e-09
3.269816110468186735e-09
3.265963910277759811e-09
3.262118767337392878e-09
3.258279623077792653e-09
3.254446633166414450e-09
3.250620811726740955e-09
3.246801082955119953e-09
3.242988294920774854e-09
3.239181480411496663e-09
3.235380884744369098e-09
3.231587196097937527e-09
3.227799867155406110e-09
3.224019017533191879e-09
3.220244721401969366e-09
3.216476682027780889e-09
3.212715287086138785e-09
3.208958488423899310e-09
3.205207708559717535e-09
3.201461191188225876e-09
3.197719798583949442e-09
3.193984024424123690e-09
3.190253406904901815e-09
3.186530562248428454e-09
3.182812469415614821e-09
3.179101475362368354e-09
3.175395872139627167e-09
3.171696078214186570e-09
3.168003273038169154e-09
3.164315864261159974e-09
3.160635506820773928e-09
3.156960381899845954e-09
3.153291603245889882e-09
3.149629167765689041e-09
3.145972552127480029e-09
3.142322450861159865e-09
3.138678472189045572e-09
3.135040162986690544e-09
3.131408352962570459e-09
3.127782357288764474e-09
3.124163093290632431e-09
3.120548630296338117e-09
3.116938789625641608e-09
3.113334378813072864e-09
3.109733910468647467e-09
3.106139063872948693e-09
3.102548506717416440e-09
3.098964010058530157e-09
3.095385231979038351e-09
3.091811474424969631e-09
3.088244963059559362e-09
3.084683065202792888e-09
3.081127355785670201e-09
3.077576999313897017e-09
3.074031974569127193e-09
3.070493768413629976e-09
3.066960587365697618e-09
3.063433371905025857e-09
3.059911598780604800e-09
3.056395448706246622e-09
3.052885565123390722e-09
3.049381160349272327e-09
3.045882440966045568e-09
3.042389597537021494e-09
3.038901986007147789e-09
3.035420937056809384e-09
3.031944141673933986e-09
3.028471884079382728e-09
3.025004639513646118e-09
3.021541230779909091e-09
3.018083323790404908e-09
3.014629451706916757e-09
3.011181422087621116e-09
3.007738925518165235e-09
3.004301223815048091e-09
3.000870550917033074e-09
2.997444268230824594e-09
2.994023717908509797e-09
2.990608553025008008e-09
2.987198475273477608e-09
2.983795115413483009e-09
2.980396309830959922e-09
2.977003151215626002e-09
2.973615604518054879e-09
2.970233335584886649e-09
2.966856972060245698e-09
2.963486086565215456e-09
2.960120111047753890e-09
2.956760241694571992e-09
2.953405498578169018e-09
2.950056611821636625e-09
2.946712743731232510e-09
2.943372538267592303e-09
2.940038039555904585e-09
2.936706814724190959e-09
2.933380078519932349e-09
2.930057901237273046e-09
2.926740157726863068e-09
2.923429239362398463e-09
2.920122312904800847e-09
2.916821036321002086e-09
2.913524593587349203e-09
2.910233020370837063e-09
2.906947926871249157e-09
2.903667016094671594e-09
2.900391603836142160e-09
2.897121348609033386e-09
2.893855941952060510e-09
2.890596617304607328e-09
2.887341880389040598e-09
2.884092041628331199e-09
2.880848079062223025e-09
2.877608985450953516e-09
2.874375229625914810e-09
2.871146823597975781e-09
2.867922982681299541e-09
2.864705321239619858e-09
2.861491322574242622e-09
2.858281322581346416e-09
2.855075915111186029e-09
2.851873959558831345e-09
2.848676674504194460e-09
2.845483075687028639e-09
2.842294271311160174e-09
2.839111095037877168e-09
2.835931969648638114e-09
2.832758787666664355e-09
2.829589642518115211e-09
2.826425082942201339e-09
2.823266429869639573e-09
2.820111865093931766e-09
2.816962736386694309e-09
2.813818135872925534e-09
2.810678105428875976e-09
2.807543891019305888e-09
2.804414016157556585e-09
2.801288705931105385e-09
2.798168857757659723e-09
2.795053597944835120e-09
2.791943408670170131e-09
2.788838212865065520e-09
2.785737349732825544e-09
2.782642198656290276e-09
2.779550627185011831e-09
2.776462887310568232e-09
2.773379774402945296e-09
2.770299834762733609e-09
2.767224078323539675e-09
2.764152053714952550e-09
2.761084332559747006e-09
2.758022617616864989e-09
2.754964542863834656e-09
2.751911494802859289e-09
2.748862940837597116e-09
2.745818608171016964e-09
2.742780293362869035e-09
2.739745732680275266e-09
2.736715654257241665e-09
2.733690808129655699e-09
2.730670439774019982e-09
2.727654894072640965e-09
2.724643758500465904e-09
2.721637302721373023e-09
2.718635877645644091e-09
2.715639170222718139e-09
2.712646482833953628e-09
2.709659147755315195e-09
2.706676241858616319e-09
2.703698122859999695e-09
2.700724698564163355e-09
2.697754552227619639e-09
2.694788631468168923e-09
2.691825832306240794e-09
2.688866314443062876e-09
2.685911944026092604e-09
2.682960512188152046e-09
2.680014032658489517e-09
2.677071777201329739e-09
2.674133331351002553e-09
2.671200848494931952e-09
2.668271701710021850e-09
2.665346690266777786e-09
2.662426957212017917e-09
2.659511018951922920e-09
2.656599997547196182e-09
2.653693056533932234e-09
2.650790271128078176e-09
2.647892763903681137e-09
2.644999024129709594e-09
2.642109537408099972e-09
2.639225075984461433e-09
2.636344868366126383e-09
2.633468851623803986e-09
2.630597476181377713e-09
2.627730281747449639e-09
2.624867831412322290e-09
2.622009558012732731e-09
2.619154243576488947e-09
2.616303175936510657e-09
2.613454757407816980e-09
2.610609560309100488e-09
2.607769044815559989e-09
2.604931364811468788e-09
2.602098450090325912e-09
2.599269439345639180e-09
2.596444064330103639e-09
2.593624306514551604e-09
2.590807677261305158e-09
2.587994929937308926e-09
2.585187330462459868e-09
2.582383203600028285e-09
2.579583538715256522e-09
2.576787933987430174e-09
2.573996423104642290e-09
2.571209540761533361e-09
2.568426309126756484e-09
2.565647291057582519e-09
2.562872819831775049e-09
2.560102540060748995e-09
2.557335770317586646e-09
2.554573907484806847e-09
2.551815898522922936e-09
2.549062164438147818e-09
2.546312790670768502e-09
2.543566399314745616e-09
2.540823356952435009e-09
2.538083800097486088e-09
2.535347176163677961e-09
2.532614521788436323e-09
2.529884733271209947e-09
2.527158715793985391e-09
2.524437873320360720e-09
2.521720118834411497e-09
2.519006440120354192e-09
2.516296997558557770e-09
2.513591003964323584e-09
2.510889969601403864e-09
2.508192169106258799e-09
2.505498101126470995e-09
2.502809141765135866e-09
2.500123341863422270e-09
2.497441440886263037e-09
2.494764065041461176e-09
2.492090571943654492e-09
2.489420666468578359e-09
2.486755195169440919e-09
2.484093520955586564e-09
2.481435958663742928e-09
2.478782380766881058e-09
2.476132570085965036e-09
2.473487107600914064e-09
2.470845410143321891e-09
2.468206414523626225e-09
2.465571192134539078e-09
2.462938513382601215e-09
2.460308618769411892e-09
2.457683171536729931e-09
2.455060141466160060e-09
2.452440875899676098e-09
2.449826000929016859e-09
2.447214308263725807e-09
2.444606818397764593e-09
2.442002779491786044e-09
2.439402138640118891e-09
2.436806366782258055e-09
2.434213530476566691e-09
2.431624110008962742e-09
2.429039618536055424e-09
2.426458047694542698e-09
2.423880187224335822e-09
2.421306584913310410e-09
2.418736616952396241e-09
2.416169990965636687e-09
2.413607660728984162e-09
2.411048894244555387e-09
2.408493859825380987e-09
2.405942680066142202e-09
2.403395078235012670e-09
2.400851450574589519e-09
2.398311558025073701e-09
2.395774333666565275e-09
2.393240238310060634e-09
2.390708951418433169e-09
2.388180374028970232e-09
2.385655411719089179e-09
2.383132905957835688e-09
2.380613746681222827e-09
2.378099389277517974e-09
2.375587684814181309e-09
2.373079298567493188e-09
2.370575301470783013e-09
2.368074348374105589e-09
2.365577076147970262e-09
2.363083383591857517e-09
2.360593090960324354e-09
2.358106798967894129e-09
2.355623700894680328e-09
2.353144062690093400e-09
2.350668571723631552e-09
2.348196102944799186e-09
2.345727265468860903e-09
2.343262394913196959e-09
2.340800882797596604e-09
2.338342602253349191e-09
2.335888294812008151e-09
2.333437711150402774e-09
2.330990088754444896e-09
2.328546833013843657e-09
2.326106168856868699e-09
2.323668043833548341e-09
2.321233843114803191e-09
2.318801516217618260e-09
2.316371758693897857e-09
2.313946011406100818e-09
2.311522505911146671e-09
2.309102560959704922e-09
2.306686388983841984e-09
2.304273192931357577e-09
2.301863789900669959e-09
2.299457564627135980e-09
2.297054388439244556e-09
2.294655551591306325e-09
2.292259398100214202e-09
2.289866542366686121e-09
2.287477837737900843e-09
2.285091981601391211e-09
2.282709332473959469e-09
2.280330887909574962e-09
2.277955159007925283e-09
2.275582938366131327e-09
2.273214485465116083e-09
2.270849348465819919e-09
2.268487119494193824e-09
2.266128860397078746e-09
2.263774044614341161e-09
2.261422070269993149e-09
2.259074305944440272e-09
2.256728984915512030e-09
2.254386023343697881e-09
2.252046820326330810e-09
2.249709331661811427e-09
2.247374234603943659e-09
2.245043092719441718e-09
2.242713913282544095e-09
2.240387860558544542e-09
2.238065827582191747e-09
2.235746366897726134e-09
2.233430070618479130e-09
2.231117393103076458e-09
2.228807548961181840e-09
2.226501116356048275e-09
2.224197835060118871e-09
2.221897592839331125e-09
2.219600913938022629e-09
2.217307152367942631e-09
2.215016649003875849e-09
2.212729495492251453e-09
2.210445401358373807e-09
2.208164471661728728e-09
2.205887025122981080e-09
2.203612428415455996e-09
2.201341253985554462e-09
2.199073342283074249e-09
2.196808587159973089e-09
2.194546862019036317e-09
2.192288576192141018e-09
2.190033468637617489e-09
2.187780669193526566e-09
2.185530349281379510e-09
2.183282753438577378e-09
2.181037452352281799e-09
2.178794737192343552e-09
2.176554592975264305e-09
2.174317169348318164e-09
2.172083531164978860e-09
2.169852312487710600e-09
2.167623877346615446e-09
2.165399611253309848e-09
2.163177442815268414e-09
2.160958223645071750e-09
2.158743090952164548e-09
2.156530163787222535e-09
2.154320111861467331e-09
2.152113998562363775e-09
2.149910302593277566e-09
2.147709480289046250e-09
2.145512467134527253e-09
2.143317871137906689e-09
2.141126401124598074e-09
2.138938373213472640e-09
2.136753078575382150e-09
2.134570801521246615e-09
2.132391728628219356e-09
2.130215826054880713e-09
2.128042599498013478e-09
2.125872776818202002e-09
2.123705897667864182e-09
2.121541168809627270e-09
2.119378951070324410e-09
2.117219240522579811e-09
2.115061767931356697e-09
2.112906837700180108e-09
2.110754333143437320e-09
2.108604446055270898e-09
2.106458138407428928e-09
2.104314208102271158e-09
2.102172923679408315e-09
2.100035475893068778e-09
2.097900210717823063e-09
2.095767690730735840e-09
2.093638953566876726e-09
2.091512414603351648e-09
2.089388789634028151e-09
2.087268584099166165e-09
2.085150860282098870e-09
2.083036045588741599e-09
2.080924422401985808e-09
2.078815475356477071e-09
