1.055658045555654666e-07
1.134560293148129301e-07
1.210123993225992644e-07
1.282466140783287096e-07
1.351685194168319144e-07
1.417895503456619795e-07
1.481187628740898676e-07
1.541668264128102261e-07
1.599416351400923308e-07
1.654534641411254911e-07
1.707099952486478250e-07
1.757196630080353082e-07
1.804903490377525949e-07
1.850299305098418040e-07
1.893453400077306794e-07
1.934431360735902067e-07
1.973315886691621403e-07
2.010156258520097897e-07
2.045032875440862109e-07
2.077986758634293932e-07
2.109078556160834073e-07
2.138375714675451844e-07
2.165935602176199488e-07
2.191794996007921749e-07
2.216007453989771367e-07
2.238638438488166249e-07
2.259717208730247589e-07
2.279293298855248025e-07
2.297416631440845546e-07
2.314115007270127931e-07
2.329463525842090329e-07
2.343458787253952378e-07
2.356184679729155288e-07
2.367648924249754563e-07
2.377910532883153463e-07
2.386990521481490161e-07
2.394943330427912879e-07
2.401783333337348577e-07
2.407567983297774797e-07
2.412316176826610020e-07
2.416064787785959540e-07
2.418845499043601142e-07
2.420712476993000451e-07
2.421646488945932304e-07
2.421732525451379061e-07
2.420965407908508131e-07
2.419390934711865879e-07
2.417043375609646786e-07
2.413920298323687633e-07
2.410082960735613952e-07
2.405537517033144001e-07
2.400320427249823371e-07
2.394465773171676366e-07
2.387973939025301890e-07
2.380896873806654335e-07
2.373250489888048797e-07
2.365044019169510537e-07
2.356327964098790885e-07
2.347107257222849505e-07
2.337399850954023788e-07
2.327254201956101122e-07
2.316673199504799676e-07
2.305674476081389870e-07
2.294298985824334973e-07
2.282559172393442926e-07
2.270453048131471528e-07
2.258025899226876984e-07
2.245314831401906156e-07
2.232298931631030266e-07
2.219013022602732465e-07
2.205492471343371965e-07
2.191743196520363478e-07
2.177760587948138187e-07
2.163586249234870654e-07
2.149247033948925124e-07
2.134742027291542451e-07
2.120075861118901757e-07
2.105283560028715065e-07
2.090382065765453386e-07
2.075373992466326005e-07
2.060267490774000561e-07
2.045094447157564899e-07
2.029863715899313273e-07
2.014581784566546130e-07
1.999258893885281969e-07
1.983919345571087294e-07
1.968566991928561346e-07
1.953209677760531929e-07
1.937861185298254515e-07
1.922538599602452934e-07
1.907252943155486679e-07
1.892000024649987285e-07
1.876793838116103824e-07
1.861650247267881045e-07
1.846582207918225081e-07
1.831589107379512207e-07
1.816670125971817845e-07
1.801837465457414741e-07
1.787112219453531426e-07
1.772502675538694358e-07
1.757998945555720188e-07
1.743604210671984054e-07
1.729325434768755663e-07
1.715187517700705399e-07
1.701189245422061499e-07
1.687332372830480955e-07
1.673610046617181793e-07
1.660027629438729448e-07
1.646607375392104739e-07
1.633337695061609566e-07
1.620243072806445651e-07
1.607290711288416545e-07
1.594508278558734275e-07
1.581885085019900825e-07
1.569439911444744388e-07
1.557166222594500788e-07
1.545066636170017648e-07
1.533138011450419101e-07
1.521381305663098741e-07
1.509805270792263518e-07
1.498403560430559202e-07
1.487187472334471824e-07
1.476145258946193503e-07
1.465286601406904112e-07
1.454602357317123884e-07
1.444101115541400314e-07
1.433776218081648057e-07
1.423629244140614464e-07
1.413662818885519185e-07
1.403868596927174043e-07
1.394260631804636889e-07
1.384816239717605516e-07
1.375561403773876112e-07
1.366459149027039997e-07
1.357546300861614039e-07
1.348784678533427853e-07
1.340210003396261513e-07
1.331788734654292456e-07
1.323543928752159182e-07
1.315455297650438282e-07
1.307518984824797398e-07
1.299751170813048117e-07
1.292123754741088149e-07
1.284670796718429262e-07
1.277354200240670517e-07
1.270203052951792327e-07
1.263188070978682207e-07
1.256307560364567316e-07
1.249577672096582583e-07
1.242968779374967229e-07
1.236513491392417828e-07
1.230180429712222614e-07
1.223985027221131930e-07
1.217922628074702688e-07
1.211965379555067505e-07
1.206142117798527211e-07
1.200421818769641852e-07
1.194818733871513375e-07
1.189334691683017980e-07
1.183948201585543020e-07
1.178684354517681955e-07
1.173510484089541031e-07
1.168429749905319565e-07
1.163454372687930523e-07
1.158557210211007511e-07
1.153757621970556479e-07
1.149043779783302395e-07
1.144405714745032822e-07
1.139861246918248127e-07
1.135383001067486344e-07
1.130973748189076321e-07
1.126643561659897147e-07
1.122369440791135223e-07
1.118161901615580495e-07
1.114020162926703699e-07
1.109927700154527061e-07
1.105896886495874822e-07
1.101917171821585025e-07
1.097978771547505558e-07
1.094092245658800696e-07
1.090245326546960988e-07
1.086434315103181243e-07
1.082667122469095749e-07
1.078930152864565241e-07
1.075221535669577055e-07
1.071547071722844549e-07
1.067894897134670395e-07
1.064263926433219689e-07
1.060657981699818573e-07
1.057068394870810750e-07
1.053494371598718402e-07
1.049937696533911995e-07
1.046390285367202669e-07
1.042850241069434068e-07
1.039318428769538730e-07
1.035790146763418870e-07
1.032263473055357050e-07
1.028737680699469790e-07
1.025210924178075227e-07
1.021682174594535124e-07
1.018149718634514926e-07
1.014610409410837375e-07
1.011062399135798780e-07
1.007503573166407649e-07
1.003931422977724771e-07
1.000347604882559016e-07
9.967501243758639368e-08
9.931344340476537729e-08
9.895046804730772938e-08
9.858602603028962870e-08
9.821957359793542183e-08
9.785110956535051824e-08
9.748069431880813963e-08
9.710791893140804856e-08
9.673249960118522674e-08
9.635511940096365208e-08
9.597551955782564490e-08
9.559303704684328074e-08
9.520836637967443753e-08
9.482164632290384872e-08
9.443237324992835839e-08
9.404024030483639519e-08
9.364581394855324755e-08
9.324876164187506578e-08
9.284846181323556838e-08
9.244571525651531670e-08
9.204074785868500266e-08
9.163311228814164967e-08
9.122247571225856749e-08
9.080987044203429017e-08
9.039512745878206230e-08
8.997766819328893501e-08
8.955769101358318354e-08
8.913563017451114690e-08
8.871117053707965060e-08
8.828382910600004563e-08
8.785450795009864562e-08
8.742341265718303269e-08
8.699024154191796911e-08
8.655469571886998205e-08
8.611768138182586748e-08
8.567918242716528731e-08
8.523891375005483673e-08
8.479678682490404558e-08
8.435339204966359996e-08
8.390861552658510380e-08
8.346224052097954572e-08
8.301444256646039725e-08
8.256586532973757783e-08
8.211642826935051791e-08
8.166599738602834441e-08
8.121477107703984960e-08
8.076317687626644630e-08
8.031117488713415332e-08
7.985875715733633611e-08
7.940606193457134005e-08
7.895329428511466500e-08
7.850045510135124186e-08
7.804764846525036143e-08
7.759506605642463873e-08
7.714290575085959969e-08
7.669123247274989590e-08
7.624023440845360889e-08
7.579011130730794528e-08
7.534083120193609092e-08
7.489249956367164394e-08
7.444535031143156996e-08
7.399972311846076244e-08
7.355534478467145976e-08
7.311230593515699224e-08
7.267084467856233511e-08
7.223148552764889676e-08
7.179389764821935691e-08
7.135805227961935290e-08
7.092417982376394088e-08
7.049290904311753267e-08
7.006412246538387334e-08
6.963737972580730098e-08
6.921293152844315671e-08
6.879130646197274415e-08
6.837298635971567733e-08
6.795712110481140013e-08
6.754385650252102956e-08
6.713356808990185894e-08
6.672711598752502760e-08
6.632385282723533682e-08
6.592336958342412055e-08
6.552598380597256700e-08
6.513239432832762936e-08
6.474306935755743398e-08
6.435673875920186528e-08
6.397357750083676628e-08
6.359399555460032986e-08
6.321901572796472514e-08
6.284805965363836850e-08
6.248033442087718007e-08
6.211621894105235552e-08
6.175632702284856379e-08
6.140156359556802851e-08
6.105048103402782005e-08
6.070292224194946158e-08
6.035927562074880646e-08
6.002041271296626950e-08
5.968668308254922235e-08
5.935643006205531820e-08
5.902982854629162751e-08
5.870730504640252832e-08
5.838989486116492571e-08
5.807741917146543115e-08
5.776844457752295932e-08
5.746332074973376228e-08
5.716251762010955361e-08
5.686710619838621666e-08
5.657642888249000513e-08
5.628928093141666430e-08
5.600603478886314120e-08
5.572717913356787848e-08
5.545376265719269879e-08
5.518488669112720028e-08
5.491938027826928116e-08
5.465759932144424557e-08
5.440001404690419327e-08
5.414766080685969031e-08
5.389977313691255602e-08
5.365520105623431313e-08
5.341428379933194133e-08
5.317743749986545988e-08
5.294561329665492850e-08
5.271834777828360816e-08
5.249426435818297435e-08
5.227366655192037012e-08
5.205691067701389208e-08
5.184481801854611750e-08
5.163735446391879520e-08
5.143282857903991462e-08
5.123139757359408368e-08
5.103334923843856351e-08
5.083931593595819894e-08
5.064978060815369115e-08
5.046320250319543179e-08
5.027942726774183744e-08
5.009872557627954643e-08
4.992151097993459176e-08
4.974848530899353183e-08
4.957867637286621228e-08
4.941133653671439952e-08
4.924670334759561237e-08
4.908503714446141722e-08
4.892693459160525595e-08
4.877234814175444450e-08
4.861991256716613417e-08
4.846969839974476488e-08
4.832190615450167228e-08
4.817687162333424294e-08
4.803508711180727463e-08
4.789562161649131394e-08
4.775796501158577818e-08
4.762228215986217432e-08
4.748875272248655573e-08
4.735777289582649167e-08
4.722940292339140046e-08
4.710261177736287937e-08
4.697737871303916332e-08
4.685383455498816701e-08
4.673216293313423995e-08
4.661268107512607463e-08
4.649505237879851115e-08
4.637854103381119003e-08
4.626324141136220213e-08
4.614925417466645900e-08
4.603673992337338982e-08
4.592590630232663937e-08
4.581622763646617578e-08
4.570735504376337759e-08
4.559935759959395199e-08
4.549230800173819125e-08
4.538631446743609915e-08
4.528146932965816315e-08
4.517730315705367481e-08
4.507364254219250179e-08
4.497052800534644673e-08
4.486800603325860020e-08
4.476611910742053989e-08
4.466488788226214302e-08
4.456396619604744022e-08
4.446324323509751553e-08
4.436273314740103995e-08
4.426245310756348813e-08
4.416238598366653724e-08
4.406251146848041215e-08
4.396265539897162325e-08
4.386274504795231709e-08
4.376277420752463407e-08
4.366273477973033626e-08
4.356256654633665962e-08
4.346219467785039601e-08
4.336158046305931331e-08
4.326068805016462553e-08
4.315949035355773311e-08
4.305796165111648142e-08
4.295603180283705532e-08
4.285357493680710826e-08
4.275061397539354680e-08
4.264719960635620348e-08
4.254329340091305196e-08
4.243885329850391641e-08
4.233381882323224323e-08
4.222802198018196326e-08
4.212145174675550781e-08
4.201431902333358121e-08
4.190660393735493096e-08
4.179825895211691115e-08
4.168923639784371835e-08
4.157937277716173289e-08
4.146854473664365553e-08
4.135698072683054598e-08
4.124476555079101325e-08
4.113184982958926538e-08
4.101817682913618030e-08
4.090365854225391319e-08
4.078812008065059897e-08
4.067159428942835042e-08
4.055440738243155849e-08
4.043653066101565371e-08
4.031791147742331024e-08
4.019849469404116050e-08
4.007814704515168731e-08
3.995673092594630031e-08
3.983451777537640233e-08
3.971171139567104870e-08
3.958826730680381634e-08
3.946413105511466101e-08
3.933925127894234547e-08
3.921348748137859942e-08
3.908678237375038411e-08
3.895946900031423493e-08
3.883161558783531958e-08
3.870317802373440221e-08
3.857411841876497919e-08
3.844437610565993946e-08
3.831386046060316590e-08
3.818258259049216218e-08
3.805087287384903756e-08
3.791875374434834176e-08
3.778619191967833392e-08
3.765316141688927604e-08
3.751962323405267014e-08
3.738551930819485387e-08
3.725089281160014210e-08
3.711602081661737655e-08
3.698091553754668416e-08
3.684556217143414532e-08
3.670994461870732619e-08
3.657404893567164561e-08
3.643786606864768801e-08
3.630142421229906547e-08
3.616489030953089051e-08
3.602828037616885389e-08
3.589159043622209659e-08
3.575481584592580452e-08
3.561796593205935243e-08
3.548109122601828573e-08
3.534421547869943376e-08
3.520743830952927745e-08
3.507078931467907851e-08
3.493427963898283534e-08
3.479792084690628865e-08
3.466173264341065733e-08
3.452580479357584892e-08
3.439018021209452548e-08
3.425486089639279275e-08
3.411986074428815400e-08
3.398520539600127546e-08
3.385091978757664130e-08
3.371702876820608166e-08
3.358363850573603804e-08
3.345085017330984108e-08
3.331862093094875287e-08
3.318683974380760585e-08
3.305554027154668666e-08
3.292475516592886739e-08
3.279451973362567700e-08
3.266490806948705470e-08
3.253609731187147171e-08
3.240813760376588097e-08
3.228082396616198649e-08
3.215413827853690709e-08
3.202812373335185154e-08
3.190282709267601118e-08
3.177829876677294660e-08
3.165469847581842637e-08
3.153217781598107102e-08
3.141065295827951896e-08
3.128986197228357314e-08
3.116984909929997729e-08
3.105066823279294146e-08
3.093237098385736301e-08
3.081503296547703041e-08
3.069887191224551528e-08
3.058399842569985701e-08
3.047012080107795497e-08
3.035704235735410670e-08
3.024481485433340919e-08
3.013349829540235902e-08
3.002314892799690032e-08
2.991386816055847997e-08
2.980588752462433094e-08
2.969929420952723263e-08
2.959366773163191779e-08
2.948890117472739740e-08
2.938504624272517856e-08
2.928217349946716447e-08
2.918033486847072696e-08
2.907965099383894464e-08
2.898034393213000865e-08
2.888247373032910716e-08
2.878558138836991277e-08
2.868956612601013830e-08
2.859448603687196679e-08
2.850040862226992057e-08
2.840738654042039237e-08
2.831553343113698116e-08
2.822505384910648719e-08
2.813603514516640159e-08
2.804798717572429379e-08
2.796077767263020982e-08
2.787446431956702300e-08
2.778909705128657709e-08
2.770473288058939115e-08
2.762145681182076466e-08
2.753948160383389673e-08
2.745888519750165420e-08
2.737930845740484118e-08
2.730049457230048253e-08
2.722249698175149583e-08
2.714536433512167310e-08
2.706914796229081441e-08
2.699390214606811057e-08
2.691980409132596334e-08
2.684695595509667051e-08
2.677521250072553975e-08
2.670416686500110886e-08
2.663383902186057415e-08
2.656427683588177915e-08
2.649552623557704377e-08
2.642762673501466312e-08
2.636068835445795030e-08
2.629483051675837359e-08
2.623007840497292957e-08
2.616602025147159552e-08
2.610255562913433630e-08
2.603972549562869830e-08
2.597756347498382910e-08
2.591610826565222342e-08
2.585540344326055850e-08
2.579555796465852261e-08
2.573664644574406780e-08
2.567854017177037398e-08
2.562089915233097019e-08
2.556373604517355255e-08
2.550708330429004961e-08
2.545096466718175583e-08
2.539541499464220562e-08
2.534047408912082911e-08
2.528623159729506641e-08
2.523271969096220148e-08
2.517972100828022836e-08
2.512706685342075537e-08
2.507478134728329417e-08
2.502288312386905354e-08
2.497139614881491698e-08
2.492033842754259264e-08
2.486975268750149212e-08
2.481968228521237924e-08
2.477014924329630155e-08
2.472093307492249142e-08
2.467195736525200245e-08
2.462323285401095955e-08
2.457477514126025150e-08
2.452659559427401293e-08
2.447871087372510996e-08
2.443114157869497170e-08
2.438391277348242309e-08
2.433702989037213656e-08
2.429033162021111034e-08
2.424376427630778822e-08
2.419733343420624961e-08
2.415104692275343154e-08
2.410491095958773834e-08
2.405893350825104146e-08
2.401311835521638146e-08
2.396746495305528486e-08
2.392198165068977500e-08
2.387657475169832614e-08
2.383119795771597336e-08
2.378585283420915746e-08
2.374053963707629915e-08
2.369526021196496406e-08
2.365001520745638296e-08
2.360479912418915242e-08
2.355959651078247063e-08
2.351440424351844960e-08
2.346919445214661296e-08
2.342393120521997925e-08
2.337861011737220260e-08
2.333322821633356910e-08
2.328778148677632145e-08
2.324226633569340041e-08
2.319667616573047488e-08
2.315098365834568880e-08
2.310517574245465999e-08
2.305924875639037449e-08
2.301321904149873415e-08
2.296708328123597843e-08
2.292083570275690643e-08
2.287446916977040085e-08
2.282797837544381744e-08
2.278135589878716787e-08
2.273458144749137082e-08
2.268762643947334777e-08
2.264048136396890670e-08
2.259317603436627311e-08
2.254574370916448443e-08
2.249817613119503122e-08
2.245046720732757538e-08
2.240260684727914165e-08
2.235459024365634518e-08
2.230640822307201855e-08
2.225803261383832500e-08
2.220944904003598311e-08
2.216065231039180292e-08
2.211171522558104181e-08
2.206265352619546086e-08
2.201346190926783745e-08
2.196413336340585082e-08
2.191466103817693877e-08
2.186503792278419838e-08
2.181525521580554786e-08
2.176529328864457956e-08
2.171514214535116658e-08
2.166480692636941159e-08
2.161437217802261883e-08
2.156384776890438969e-08
2.151322806132886007e-08
2.146250936739630306e-08
2.141168634748099535e-08
2.136075370802556214e-08
2.130970738108709393e-08
2.125853942786369546e-08
2.120724568743256867e-08
2.115583127759109997e-08
2.110436266504476979e-08
2.105284690548935499e-08
2.100128145082095208e-08
2.094966430455775808e-08
2.089799351241873964e-08
2.084626596547815541e-08
2.079448160930817950e-08
2.074264998236338119e-08
2.069077177676165755e-08
2.063885182987160566e-08
2.058693360557823440e-08
2.053502862574464737e-08
2.048313809073514852e-08
2.043126323853338890e-08
2.037940525447214637e-08
2.032756523436687835e-08
2.027574494785106051e-08
2.022396482124101379e-08
2.017223596394079103e-08
2.012056231948664783e-08
2.006895447343279139e-08
2.001742080975319559e-08
1.996596568023281749e-08
1.991459360284448170e-08
1.986330859751970193e-08
1.981211497510560830e-08
1.976101705800322095e-08
1.971003320694456486e-08
1.965919515163014076e-08
1.960851110402254466e-08
1.955797770132603008e-08
1.950756537329598814e-08
1.945727820195210932e-08
1.940712323094112350e-08
1.935710700668488684e-08
1.930723622100936975e-08
1.925751765876263067e-08
1.920795965444942789e-08
1.915860616678331502e-08
1.910948252309975566e-08
1.906059961328959208e-08
1.901191429855823999e-08
1.896339644583084820e-08
1.891505507481932877e-08
1.886689923538663152e-08
1.881893800712195366e-08
1.877118049891635975e-08
1.872363584854441028e-08
1.867632172979340413e-08
1.862928887235610902e-08
1.858255754973318010e-08
1.853613420620719751e-08
1.848993514821503404e-08
1.844393821952397021e-08
1.839815376456490250e-08
1.835259216487505378e-08
1.830726407780808707e-08
1.826218049628380968e-08
1.821735115787586673e-08
1.817279940841387829e-08
1.812857768031658133e-08
1.808470426030946498e-08
1.804118214809403050e-08
1.799789567222979811e-08
1.795482074314704941e-08
1.791196797144322873e-08
1.786934800925777348e-08
1.782697224864432708e-08
1.778485169185678818e-08
1.774299622905103069e-08
1.770142776520680634e-08
1.766019885377492674e-08
1.761932977401919305e-08
1.757882823626395501e-08
1.753857880410598277e-08
1.749854332488226290e-08
1.745873398519428986e-08
1.741915968163209877e-08
1.737983105386670279e-08
1.734075878561218134e-08
1.730195469066700268e-08
1.726343287253903418e-08
1.722524096496664562e-08
1.718740351187611484e-08
1.714993800580210435e-08
1.711275816355129361e-08
1.707578065219906684e-08
1.703901541658438847e-08
1.700247173981960330e-08
1.696616001917557447e-08
1.693009205649768283e-08
1.689427640082593425e-08
1.685872238650626534e-08
1.682346268763574898e-08
1.678852905075482075e-08
1.675393483977872331e-08
1.671966540867532406e-08
1.668558833825479792e-08
1.665169409161370802e-08
1.661799016328468242e-08
1.658448458222106342e-08
1.655118856038869713e-08
1.651810932447813665e-08
1.648525419880759600e-08
1.645263671690835935e-08
1.642028960691655718e-08
1.638823048166075393e-08
1.635647645090009313e-08
1.632495227410688964e-08
1.629357565780722981e-08
1.626235264773897563e-08
1.623129238613651460e-08
1.620039887434304041e-08
1.616967973423398205e-08
1.613914437820099780e-08
1.610879727368899483e-08
1.607865366893083319e-08
1.604873595924883681e-08
1.601905641349694143e-08
1.598962051906733637e-08
1.596034759481812071e-08
1.593119149945286835e-08
1.590215761236872218e-08
1.587324922639104453e-08
1.584447427251141855e-08
1.581583620050743382e-08
1.578734014290914251e-08
1.575899288770995734e-08
1.573080459298269033e-08
1.570279068668975025e-08
1.567495695144764391e-08
1.564730951277861249e-08
1.561977846084888394e-08
1.559232854511312904e-08
1.556496308964411950e-08
1.553768434160694677e-08
1.551049792167096025e-08
1.548340510545917582e-08
1.545641124742924091e-08
1.542951966222563658e-08
1.540273567221381123e-08
1.537606914695606092e-08
1.534952469421922265e-08
1.532310683547956840e-08
1.529677728446596970e-08
1.527049591635007648e-08
1.524426565138923018e-08
1.521808797783347131e-08
1.519196598583691799e-08
1.516590099728348906e-08
1.513989561831497492e-08
1.511395145217929082e-08
1.508807058369649696e-08
1.506226004398104061e-08
1.503652149651465025e-08
1.501085710824375179e-08
1.498525835911763832e-08
1.495968888121894166e-08
1.493414691052619632e-08
1.490863327406532876e-08
1.488314912581856632e-08
1.485769588008682164e-08
1.483227446482745141e-08
1.480688606305571330e-08
1.478153147495297187e-08
1.475621266290025458e-08
1.473093255228664868e-08
1.470569128524296419e-08
1.468049034261241164e-08
1.465531232175071735e-08
1.463014638997080035e-08
1.460499281524303628e-08
1.457985208801662258e-08
1.455472501129624677e-08
1.452961169817586198e-08
1.450451287865360680e-08
1.447942871330310853e-08
1.445436031491638152e-08
1.442930887694158991e-08
1.440427561898036356e-08
1.437926101737441730e-08
1.435426513009389691e-08
1.432927768542418886e-08
1.430429674807004506e-08
1.427932267361754947e-08
1.425435554742487571e-08
1.422939576993065463e-08
1.420444364023826720e-08
1.417949939036848215e-08
1.415456334234924998e-08
1.412963589891677675e-08
1.410472019614909016e-08
1.407981708019281177e-08
1.405492709787942891e-08
1.403005051146126083e-08
1.400518314203880515e-08
1.398032478004527962e-08
1.395547583517496817e-08
1.393063657672139959e-08
1.390580760451600128e-08
1.388098928019709124e-08
1.385618201793995623e-08
1.383138619292096906e-08
1.380660236278931634e-08
1.378183618837247399e-08
1.375708923688107582e-08
1.373236270513661454e-08
1.370765729603912274e-08
1.368296926316311547e-08
1.365829841717960638e-08
1.363364521239074628e-08
1.360901090258074045e-08
1.358439592387767503e-08
1.355980109807109401e-08
1.353522714242874526e-08
1.351067494830457501e-08
1.348614567842261247e-08
1.346164435859825626e-08
1.343717763599270486e-08
1.341274618798639528e-08
1.338835146724926932e-08
1.336398979253957515e-08
1.333965573500105915e-08
1.331535117997991959e-08
1.329107692703414779e-08
1.326683493456603907e-08
1.324262593522228327e-08
1.321845134650714095e-08
1.319431186241596267e-08
1.317020982537171439e-08
1.314614797964906060e-08
1.312213665014891371e-08
1.309818144805799333e-08
1.307428212840378320e-08
1.305044011465757335e-08
1.302663963625520619e-08
1.300288054908445152e-08
1.297916436726633176e-08
1.295549288651524457e-08
1.293186773691309244e-08
1.290829074820142286e-08
1.288476312333874364e-08
1.286128772436095629e-08
1.283786553621418793e-08
1.281450450755686249e-08
1.279121673639049231e-08
1.276800295309513187e-08
1.274487012963139386e-08
1.272180768901275641e-08
1.269879820021304892e-08
1.267584147160943050e-08
1.265294051243384820e-08
1.263009711732437723e-08
1.260731329601507455e-08
1.258459227110301169e-08
1.256193538960342448e-08
1.253934438358288476e-08
1.251682300566179851e-08
1.249437881524980836e-08
1.247202653132893560e-08
1.244976535504040467e-08
1.242760244152612392e-08
1.240552267041286331e-08
1.238350241051462905e-08
1.236154160666848152e-08
1.233964342349001411e-08
1.231780992929008546e-08
1.229604319714808334e-08
1.227434649570980876e-08
1.225272132980836933e-08
1.223117097049235697e-08
1.220969698621987659e-08
1.218830846130157969e-08
1.216701847009210702e-08
1.214582844750737471e-08
1.212474463216209150e-08
1.210375766058331609e-08
1.208283332196958408e-08
1.206196931702208252e-08
1.204116974306012053e-08
1.202043551848148562e-08
1.199977010933407751e-08
1.197917525438223716e-08
1.195865359684355671e-08
1.193820756983390834e-08
1.191783914097361036e-08
1.189755425165151845e-08
1.187736490140819386e-08
1.185727752318333049e-08
1.183729326236218156e-08
1.181741591755995031e-08
1.179760891600965416e-08
1.177786035540011195e-08
1.175817282639226348e-08
1.173854817840512332e-08
1.171898852947865923e-08
1.169949666411068190e-08
1.168007386490346091e-08
1.166072387104514716e-08
1.164144693857485815e-08
1.162224805810078680e-08
1.160313275559375086e-08
1.158411402753421677e-08
1.156518938485118184e-08
1.154636761764386604e-08
1.152763586388413852e-08
1.150895838882549534e-08
1.149033326337116632e-08
1.147176342683549181e-08
1.145325027081783439e-08
1.143479606771882728e-08
1.141640218053227809e-08
1.139807145293348619e-08
1.137980465975891615e-08
1.136160533947273392e-08
1.134347418395511480e-08
1.132542287869946360e-08
1.130745391590998102e-08
1.128957138294754383e-08
1.127177776177932596e-08
1.125405655801106727e-08
1.123637990545548361e-08
1.121874697514211400e-08
1.120116070115031586e-08
1.118362137001165332e-08
1.116613253471484438e-08
1.114869394777960933e-08
1.113130852706281147e-08
1.111397637632706219e-08
1.109670083645939894e-08
1.107948207041216900e-08
1.106233057930503913e-08
1.104524800095479501e-08
1.102823737285409368e-08
1.101130158627462550e-08
1.099442782472976690e-08
1.097759163638366294e-08
1.096079192988184125e-08
1.094403120204358803e-08
1.092731007928524887e-08
1.091062995237958973e-08
1.089399192561181683e-08
1.087739757801338852e-08
1.086084855457588802e-08
1.084434533917996086e-08
1.082789093902433920e-08
1.081148811618255461e-08
1.079514427958379585e-08
1.077885819553351543e-08
1.076263324551949834e-08
1.074646640325234399e-08
1.073033219306075618e-08
1.071422839506667749e-08
1.069815536490276381e-08
1.068211481757043737e-08
1.066610713315182772e-08
1.065013343029696124e-08
1.063419504659717047e-08
1.061829269141260811e-08
1.060242863794999653e-08
1.058660199780047840e-08
1.057081689435163063e-08
1.055507718442892783e-08
1.053938456598990112e-08
1.052374174448020065e-08
1.050814855785464643e-08
1.049259297835515931e-08
1.047706038468734617e-08
1.046155122783959452e-08
1.044606680534734661e-08
1.043060792644023765e-08
1.041517545540661607e-08
1.039976971257846063e-08
1.038439179974148756e-08
1.036904298542009687e-08
1.035372333839683804e-08
1.033843451782967382e-08
1.032317924941917620e-08
1.030796122801041633e-08
1.029278248274344085e-08
1.027764299017735742e-08
1.026254461086048711e-08
1.024747238418002098e-08
1.023242003584197263e-08
1.021738934410176942e-08
1.020238060652018321e-08
1.018739411373746197e-08
1.017243096916737879e-08
1.015749214940161600e-08
1.014257812784779773e-08
1.012768933090264049e-08
1.011282668622761185e-08
1.009799179889993700e-08
1.008318671206333899e-08
1.006841577419149150e-08
1.005367958009136143e-08
1.003897861306662924e-08
1.002431485544620636e-08
1.000967544082361057e-08
9.995055248197123203e-09
9.980456005293761174e-09
9.965877796776452795e-09
9.951320850706089418e-09
9.936787175937772489e-09
9.922276264243379129e-09
9.907789088153383024e-09
9.893326898422688624e-09
9.878889514505895660e-09
9.864478470414494257e-09
9.850096159197961117e-09
9.835746004776469705e-09
9.821430912201874335e-09
9.807150180878422763e-09
9.792905003573507830e-09
9.778688073551795836e-09
9.764490651917878486e-09
9.750312737917360444e-09
9.736155952534403190e-09
9.722020254436776749e-09
9.707906549524972474e-09
9.693815886801077529e-09
9.679748136977501670e-09
9.665704713545686866e-09
9.651686287400398405e-09
9.637693057778590359e-09
9.623726260157887381e-09
9.609792375077850201e-09
9.595891717584442618e-09
9.582025003163003735e-09
9.568195670958047254e-09
9.554400526683588590e-09
9.540627529845116142e-09
9.526875948279260051e-09
9.513146032066707730e-09
9.499438705975614396e-09
9.485754557813758219e-09
9.472094241764288544e-09
9.458458881757373753e-09
9.444848601301832647e-09
9.431264909312993531e-09
9.417707459708908935e-09
9.404177951214986721e-09
9.390679048084516662e-09
9.377214850218524595e-09
9.363786026655655306e-09
9.350396182349939299e-09
9.337043936724857384e-09
9.323725386625784655e-09
9.310429801242203609e-09
9.297156721899159172e-09
9.283907180627217452e-09
9.270681384552486551e-09
9.257480862011006631e-09
9.244305757884868188e-09
9.231156793520481275e-09
9.218035596217526387e-09
9.204941751067254068e-09
9.191876543927137771e-09
9.178841077569885604e-09
9.165837972794678621e-09
9.152871387579303750e-09
9.139942307123910307e-09
9.127053629817419393e-09
9.114204398104133859e-09
9.101390138154885491e-09
9.088598793774111647e-09
9.075829892945838526e-09
9.063084493552918202e-09
9.050362333916849920e-09
9.037665921230097290e-09
9.024994112205633452e-09
9.012349130504131695e-09
8.999730570794270568e-09
8.987140295202295930e-09
8.974577841064341292e-09
8.962044461968151587e-09
8.949543055826277905e-09
8.937077199071887484e-09
8.924648764479606582e-09
8.912258144048342252e-09
8.899908295451462030e-09
8.887596071481305803e-09
8.875307272948209915e-09
8.863040113357619480e-09
8.850795665793648472e-09
8.838574147231816600e-09
8.826376480514266780e-09
8.814202917890059336e-09
8.802055232964458720e-09
8.789932740912903684e-09
8.777837230583193581e-09
8.765768869893328595e-09
8.753728890059958953e-09
8.741717442171511289e-09
8.729738606794321401e-09
8.717796633466293642e-09
8.705891021209217293e-09
8.694022983148888996e-09
8.682193365438549424e-09
8.670394377174946133e-09
8.658616017422946596e-09
8.646858932046666985e-09
8.635123382392657164e-09
8.623410145146459594e-09
8.611720589746853013e-09
8.600054137237222678e-09
8.588412760462354682e-09
8.576795763096813386e-09
8.565205498399208904e-09
8.553641123676567466e-09
8.542103752117290019e-09
8.530594638253060304e-09
8.519119143656235231e-09
8.507677009075257000e-09
8.496270064057740620e-09
8.484898120689178589e-09
8.473564065365819035e-09
8.462254813133570198e-09
8.450964565832496810e-09
8.439693805499539887e-09
8.428442830526084694e-09
8.417213555246870759e-09
8.406005099574280846e-09
8.394818820393469847e-09
8.383655051007975052e-09
8.372514341411545633e-09
8.361397943221593882e-09
8.350305433804866618e-09
8.339237895677411365e-09
8.328196464135437147e-09
8.317185965226336898e-09
8.306206172909607910e-09
8.295258667113744563e-09
8.284343631951697700e-09
8.273462791485908692e-09
8.262605885630728980e-09
8.251765871192932106e-09
8.240943343820100672e-09
8.230138480901744045e-09
8.219351956499106328e-09
8.208585042621132198e-09
8.197837189366420583e-09
8.187109403203383569e-09
8.176402354457558797e-09
8.165716055080589424e-09
8.155051989381496638e-09
8.144409837908215031e-09
8.133790435713924559e-09
8.123196827912676284e-09
8.112631823265888738e-09
8.102096154563891672e-09
8.091589351992662764e-09
8.081113256171508757e-09
8.070663251927429392e-09
8.060229335713719169e-09
8.049811992909085763e-09
8.039410864722692745e-09
8.029026792310084569e-09
8.018660403971391543e-09
8.008311643485541294e-09
7.997981345601978020e-09
7.987670518173771142e-09
7.977378741183545099e-09
7.967106816476735131e-09
7.956855332726598483e-09
7.946624640565980546e-09
7.936417031438247866e-09
7.926234488964902351e-09
7.916078279131437212e-09
7.905949079660080485e-09
7.895847024140790610e-09
7.885774140901079678e-09
7.875721151783040882e-09
7.865682983645630749e-09
7.855660105441232298e-09
7.845652956468677090e-09
7.835661715441539186e-09
7.825687065897248752e-09
7.815730005780824768e-09
7.805790170725369899e-09
7.795868050451337125e-09
7.785964518955735078e-09
7.776079866020322335e-09
7.766214318448717078e-09
7.756369075295341406e-09
7.746545212268587763e-09
7.736745590517993927e-09
7.726970957691707813e-09
7.717221482944523438e-09
7.707498401875211020e-09
7.697802551963231725e-09
7.688124187830947943e-09
7.678459503409719776e-09
7.668808990856334965e-09
7.659172899544162090e-09
7.649551532698628264e-09
7.639945455464334516e-09
7.630355621236833574e-09
7.620781726204473773e-09
7.611224162032808379e-09
7.601683612092385526e-09
7.592160504983861756e-09
7.582655131072364776e-09
7.573168027685238796e-09
7.563700980914785730e-09
7.554256206671491183e-09
7.544834685972412410e-09
7.535437238970352761e-09
7.526063968990426131e-09
7.516715841162160791e-09
7.507387258174292301e-09
7.498072104090241232e-09
7.488770555194307695e-09
7.479483112386171535e-09
7.470210332894561819e-09
7.460952489936986720e-09
7.451709814541599882e-09
7.442482690083413635e-09
7.433271855884008756e-09
7.424077787745283647e-09
7.414900525475513737e-09
7.405740390273438188e-09
7.396598033907624778e-09
7.387473898810802894e-09
7.378370834358049246e-09
7.369290346968840076e-09
7.360233558886142643e-09
7.351200143442065838e-09
7.342190498921179475e-09
7.333204304885044142e-09
7.324232664735149413e-09
7.315274228400234902e-09
7.306329364421362245e-09
7.297398450363093795e-09
7.288482088960467697e-09
7.279580839645617856e-09
7.270694674080286090e-09
7.261823962923401780e-09
7.252969077173288167e-09
7.244130619180467661e-09
7.235308830332083515e-09
7.226504269583523259e-09
7.217717061260901501e-09
7.208948563391090826e-09
7.200201615716070684e-09
7.191476489819791615e-09
7.182773721238833692e-09
7.174094050415817527e-09
7.165438186922981617e-09
7.156803253840133199e-09
7.148181130922720686e-09
7.139571516996807602e-09
7.130974702336861832e-09
7.122391341724042944e-09
7.113821604725744300e-09
7.105265714600370693e-09
7.096724015428587166e-09
7.088196851644967158e-09
7.079684643141653566e-09
7.071187849193679640e-09
7.062706717626634128e-09
7.054241649563018620e-09
7.045792870247216668e-09
7.037361497061101572e-09
7.028950441154469207e-09
7.020559907348652679e-09
7.012190395586074586e-09
7.003842406351410816e-09
6.995516497010456742e-09
6.987211522483731443e-09
6.978918831870509400e-09
6.970637846587357576e-09
6.962368886676370965e-09
6.954112272560806903e-09
6.945868325041697768e-09
6.937637529085851686e-09
6.929420317990165374e-09
6.921216761359815291e-09
6.913027181833748898e-09
6.904851902412385796e-09
6.896691246453904506e-09
6.888545537671550004e-09
6.880415320781746005e-09
6.872300867904664537e-09
6.864204495518540709e-09
6.856127244838418138e-09
6.848069579175478464e-09
6.840032230168078357e-09
6.832015844562226808e-09
6.824020337042187046e-09
6.816038954607012660e-09
6.808068472514678333e-09
6.800109187291811411e-09
6.792161395855308842e-09
6.784225395509184790e-09
6.776301504747794950e-09
6.768390134762829445e-09
6.760491512679139563e-09
6.752605889167112259e-09
6.744733563782057811e-09
6.736874836446803672e-09
6.729030007448425452e-09
6.721199377435810868e-09
6.713383247415846443e-09
6.705582844910995445e-09
6.697800066858575938e-09
6.690035374999904836e-09
6.682289196302657596e-09
6.674561958295178484e-09
6.666853937368823013e-09
6.659164933272969458e-09
6.651487245147358280e-09
6.643819647899947460e-09
6.636162476242962873e-09
6.628515930250838430e-09
6.620880279847953035e-09
6.613255795339847108e-09
6.605642747410335729e-09
6.598041407118895568e-09
6.590452045897025298e-09
6.582874935546598671e-09
6.575310348235885785e-09
6.567758556497489263e-09
6.560219833225075242e-09
6.552694677893005342e-09
6.545183896551067062e-09
6.537689347443215945e-09
6.530211517575018790e-09
6.522750798579476827e-09
6.515307582656295206e-09
6.507882131894881613e-09
6.500474357260450577e-09
6.493077325889823883e-09
6.485689632995732994e-09
6.478311526341394759e-09
6.470943254082275075e-09
6.463585064763483264e-09
6.456237249244966475e-09
6.448900033063390877e-09
6.441573652073676079e-09
6.434258356458624941e-09
6.426954396776081530e-09
6.419662023956374306e-09
6.412381489299206751e-09
6.405113052432665143e-09
6.397856958990144173e-09
6.390613650788660512e-09
6.383385337511890908e-09
6.376172570604298852e-09
6.368975715248215501e-09
6.361795137213108115e-09
6.354631203357546347e-09
6.347484737033248601e-09
6.340350605926883211e-09
6.333225368002115537e-09
6.326109258869884131e-09
6.319002514551164284e-09
6.311905371474977830e-09
6.304818066474633606e-09
6.297740836785159063e-09
6.290673920040735171e-09
6.283617554271767380e-09
6.276571982455197065e-09
6.269537466322510861e-09
6.262514217747999023e-09
6.255502476197924329e-09
6.248502481521743458e-09
6.241514473948711414e-09
6.234539596875329100e-09
6.227579376716591597e-09
6.220634197800546550e-09
6.213704405096457775e-09
6.206790344175114828e-09
6.199892254714209508e-09
6.193010195272090764e-09
6.186138315535128721e-09
6.179275135262334259e-09
6.172420823955880028e-09
6.165575583494237844e-09
6.158739636964876453e-09
6.151913207871748384e-09
6.145096520132813374e-09
6.138289798076679184e-09
6.131493266439676688e-09
6.124707150363865542e-09
6.117931675393357368e-09
6.111167067472371875e-09
6.104413552941717209e-09
6.097671358536315854e-09
6.090940757228253150e-09
6.084222960762098723e-09
6.077519340011129586e-09
6.070830234591967651e-09
6.064155972171530584e-09
6.057496881041673485e-09
6.050853188791300104e-09
6.044225006411628283e-09
6.037606777202866348e-09
6.030996793223785403e-09
6.024395213518924722e-09
6.017802247788702551e-09
6.011218106165945800e-09
6.004642999213201707e-09
5.998077137919925423e-09
5.991520733699543525e-09
5.984973998386517519e-09
5.978437193738553185e-09
5.971910508526043460e-09
5.965394132621556433e-09
5.958888279394550192e-09
5.952393162622122394e-09
5.945908996486852152e-09
5.939436546511306677e-09
5.932977513014372082e-09
5.926532333934456505e-09
5.920101426182375998e-09
5.913684993780367489e-09
5.907283482938025686e-09
5.900897343285709357e-09
5.894522793683064949e-09
5.888156306376918689e-09
5.881798054741304450e-09
5.875448236179693255e-09
5.869107017296765665e-09
5.862774602256658963e-09
5.856451195677968422e-09
5.850137002630637110e-09
5.843832228632940811e-09
5.837537151152525231e-09
5.831252029011223705e-09
5.824976954003794192e-09
5.818712194876129720e-09
5.812457895600877063e-09
5.806214263962497370e-09
5.799981542279042955e-09
5.793761012095521678e-09
5.787553883926820602e-09
5.781360401181877834e-09
5.775180803185921029e-09
5.769015386888356161e-09
5.762864368001919090e-09
5.756728108231146111e-09
5.750601644226132999e-09
5.744482954283554087e-09
5.738372229171400477e-09
5.732269742200982622e-09
5.726175730874052361e-09
5.720090349769366278e-09
5.714013725345840645e-09
5.707946034506184899e-09
5.701887470435077712e-09
5.695838226771491966e-09
5.689798497605993181e-09
5.683768639241794514e-09
5.677748755390301552e-09
5.671738979547632403e-09
5.665739567071676683e-09
5.659750741923738393e-09
5.653773713794706148e-09
5.647809517955256357e-09
5.641858465394815253e-09
5.635920717592937521e-09
5.629996551257336383e-09
5.624086186388813943e-09
5.618190146180182150e-09
5.612303518033454723e-09
5.606424028798196448e-09
5.600552081520228741e-09
5.594687627913960336e-09
5.588830926239570585e-09
5.582982056657685087e-09
5.577141193011890096e-09
5.571308509599894027e-09
5.565484181171211342e-09
5.559668649165789259e-09
5.553861941653795069e-09
5.548064128785480032e-09
5.542275386736914296e-09
5.536495892123358728e-09
5.530725900197160488e-09
5.524965567449308462e-09
5.519215642479002299e-09
5.513477345328882391e-09
5.507751059795742117e-09
5.502037328122319917e-09
5.496336306029420116e-09
5.490648016701509078e-09
5.484972802495406621e-09
5.479308538987094058e-09
5.473651223725285716e-09
5.468000650904467342e-09
5.462357112598721788e-09
5.456720754442377598e-09
5.451091769801557993e-09
5.445470179640000027e-09
5.439856143515671500e-09
5.434249821440458885e-09
5.428651648367228161e-09
5.423061683531706484e-09
5.417479927696594908e-09
5.411906542322463500e-09
5.406341762702160160e-09
5.400785899991543170e-09
5.395238906406081781e-09
5.389701083828403594e-09
5.384173500139497712e-09
5.378656992103068395e-09
5.373151750153796802e-09
5.367657901360686262e-09
5.362175695479507645e-09
5.356705525373240046e-09
5.351247912646469760e-09
5.345799476900718488e-09
5.340357210422989283e-09
5.334921321950738907e-09
5.329491865719840179e-09
5.324069006151013357e-09
5.318653093166222334e-09
5.313244241928282513e-09
5.307842416250853681e-09
5.302447760657072962e-09
5.297060455783912002e-09
5.291680935540458925e-09
5.286309170706475876e-09
5.280945172527441923e-09
5.275589116667526492e-09
5.270241401194991665e-09
5.264901905428776922e-09
5.259570959811572394e-09
5.254249441006927492e-09
5.248938245227563808e-09
5.243637394153225936e-09
5.238347064989780044e-09
5.233067626380192285e-09
5.227799565298429504e-09
5.222543198446925207e-09
5.217295574615404857e-09
5.212053772707104944e-09
5.206817643946062474e-09
5.201587472083023305e-09
5.196363438601661156e-09
5.191145563419451203e-09
5.185933890492109452e-09
5.180728622187015300e-09
5.175530259011470503e-09
5.170338500062562660e-09
5.165153474307261844e-09
5.159975426843898486e-09
5.154804631585556933e-09
5.149641109416809746e-09
5.144484858600372499e-09
5.139336109410092009e-09
5.134194964269250160e-09
5.129061963014278942e-09
5.123938417153190075e-09
5.118824700352169415e-09
5.113720656316269885e-09
5.108626386923823471e-09
5.103542203501833777e-09
5.098468391222429158e-09
5.093404769618870908e-09
5.088347575545582858e-09
5.083295693292379889e-09
5.078249478912994176e-09
5.073208949271818613e-09
5.068174114803735800e-09
5.063145031769437582e-09
5.058122025428952009e-09
5.053105327116492036e-09
5.048094757229101487e-09
5.043090434635653594e-09
5.038092773660950488e-09
5.033101895370192880e-09
5.028117641469014075e-09
5.023140319909021160e-09
5.018170045873749584e-09
5.013206971313135415e-09
5.008251048340821970e-09
5.003303256294361473e-09
4.998364197795095266e-09
4.993434265037309637e-09
4.988514111726749124e-09
4.983603441880320971e-09
4.978702280516227709e-09
4.973810775894144244e-09
4.968929032632484665e-09
4.964053032827568539e-09
4.959182407215710900e-09
4.954317166107679208e-09
4.949457678114013307e-09
4.944603822909423885e-09
4.939755597784147493e-09
4.934913311094575361e-09
4.930077269239613847e-09
4.925247220210707044e-09
4.920423305408012205e-09
4.915606086842105973e-09
4.910795365714854418e-09
4.905991124531883063e-09
4.901193852499552139e-09
4.896403478941770844e-09
4.891619996982933688e-09
4.886843645954348108e-09
4.882074858644645556e-09
4.877314842720934562e-09
4.872564095623829961e-09
4.867822313970321771e-09
4.863089551458206786e-09
4.858366275678209620e-09
4.853652473055963069e-09
4.848948361108951442e-09
4.844250755895539490e-09
4.839558510451597979e-09
4.834871428127634326e-09
4.830189525715660638e-09
4.825513038995778866e-09
4.820842335679218093e-09
4.816177121480676252e-09
4.811517651139108377e-09
4.806864414363965943e-09
4.802216999758915174e-09
4.797575623749352692e-09
4.792940767028006349e-09
4.788312135520339701e-09
4.783689854678260166e-09
4.779074193549954757e-09
4.774465452928941241e-09
4.769863522105200170e-09
4.765268637185196779e-09
4.760681673819431556e-09
4.756103207285964343e-09
4.751533221820553290e-09
4.746971794646379079e-09
4.742419961980827984e-09
4.737877273168250865e-09
4.733343647190522862e-09
4.728818666125891622e-09
4.724298897458288189e-09
4.719784072308314238e-09
4.715274162998255836e-09
4.710769511632148062e-09
4.706269908007143167e-09
4.701775411290270954e-09
4.697286587924143443e-09
4.692803092657678037e-09
4.688325021281738926e-09
4.683853091494994566e-09
4.679386742848911219e-09
4.674926280315305201e-09
4.670472044136309096e-09
4.666023754148041461e-09
4.661581633506833001e-09
4.657145974085099934e-09
4.652716799410754841e-09
4.648294474474841705e-09
4.643879630232164059e-09
4.639472864760733199e-09
4.635074189674865548e-09
4.630683579504473114e-09
4.626302123092583023e-09
4.621929335944455817e-09
4.617565093832039149e-09
4.613209285633915297e-09
4.608858559406208750e-09
4.604512495608080222e-09
4.600171383470138674e-09
4.595835178260441816e-09
4.591503718510438943e-09
4.587177496760193589e-09
4.582856452810105564e-09
4.578540429815855785e-09
4.574230275902267433e-09
4.569925367022035240e-09
4.565625970995274175e-09
4.561332527697980246e-09
4.557044607171555854e-09
4.552762526810165947e-09
4.548486763383466405e-09
4.544216988356186032e-09
4.539953449019572274e-09
4.535696248336249454e-09
4.531445969554286692e-09
4.527203019702151753e-09
4.522968282394029784e-09
4.518741688579114154e-09
4.514522826217711511e-09
4.510312296107416063e-09
4.506109861742031679e-09
4.501916099293198256e-09
4.497728763700007206e-09
4.493545734277646107e-09
4.489367043027250491e-09
4.485193021338944962e-09
4.481023620244088898e-09
4.476859044811904890e-09
4.472699497020149587e-09
4.468544621024716577e-09
4.464395050938647009e-09
4.460250501581560576e-09
4.456111021340998558e-09
4.451977284318019744e-09
4.447848676911494963e-09
4.443725824353065177e-09
4.439608517402327959e-09
4.435496751308971169e-09
4.431390896617627678e-09
4.427291047561956121e-09
4.423197351293766075e-09
4.419110404592436634e-09
4.415030717296861135e-09
4.410958051691792425e-09
4.406893390654656663e-09
4.402836525437121316e-09
4.398787113439650268e-09
4.394745672913562031e-09
4.390712151838852582e-09
4.386683942779030901e-09
4.382659881375017911e-09
4.378639755660129764e-09
4.374623779780941709e-09
4.370612162602937388e-09
4.366604761654924436e-09
4.362602077832961300e-09
4.358603628214095615e-09
4.354609958629419160e-09
4.350620884745475418e-09
4.346636453338397452e-09
4.342657195491184387e-09
4.338682632532365556e-09
4.334713319804369014e-09
4.330748929017883239e-09
4.326789612022527142e-09
4.322835871339703728e-09
4.318887499910040171e-09
4.314944564673476614e-09
4.311007774856572775e-09
4.307077423829936879e-09
4.303153936528096475e-09
4.299237819332701345e-09
4.295328313718281091e-09
4.291426089795763824e-09
4.287530814769562361e-09
4.283643315535573688e-09
4.279761546886198724e-09
4.275883436204461849e-09
4.272009193052787729e-09
4.268138895628961923e-09
4.264272660407420428e-09
4.260410599465986216e-09
4.256552445522606283e-09
4.252698825583080074e-09
4.248849222021396260e-09
4.245004370993309447e-09
4.241163804015197389e-09
4.237327894735644366e-09
4.233496608450559921e-09
4.229669819263506465e-09
4.225848198878149205e-09
4.222031321924920666e-09
4.218219504720768336e-09
4.214412590094325769e-09
4.210610631887274518e-09
4.206814318923248331e-09
4.203024389585390754e-09
4.199240497344420004e-09
4.195463067705411458e-09
4.191691780787675393e-09
4.187927968373175500e-09
4.184170655436908692e-09
4.180420041610995554e-09
4.176676377009934507e-09
4.172937248557234282e-09
4.169201923371533901e-09
4.165470091494071693e-09
4.161742112595116872e-09
4.158017903268125079e-09
4.154297792905122308e-09
4.150581623386770799e-09
4.146869439827211647e-09
4.143161502357914374e-09
4.139457602561852135e-09
4.135758308718350968e-09
4.132063116860819114e-09
4.128372635115422855e-09
4.124686367139138272e-09
4.121004890362905026e-09
4.117328046252430201e-09
4.113656054930692132e-09
4.109988764845690666e-09
4.106326188728852125e-09
4.102668966392779935e-09
4.099017906573921065e-09
4.095372588364070274e-09
4.091733403864393995e-09
4.088100177444244296e-09
4.084474048177564058e-09
4.080853990426712923e-09
4.077240464539663420e-09
4.073633550416727408e-09
4.070031344899507844e-09
4.066432511324663785e-09
4.062836977276999377e-09
4.059245051913924393e-09
4.055656659143549233e-09
4.052072112715025289e-09
4.048491003877899902e-09
4.044913956939649804e-09
4.041340449991512882e-09
4.037771296075497218e-09
4.034205780518719677e-09
4.030644649439976272e-09
4.027087312874842860e-09
4.023534455732627825e-09
4.019985742554393638e-09
4.016441533784833373e-09
4.012901537934641993e-09
4.009366006213050100e-09
4.005835215539382741e-09
4.002309080580139444e-09
3.998788185155838845e-09
3.995272644441041483e-09
3.991763242979438635e-09
3.988259742220971795e-09
3.984762039651451928e-09
3.981270160882438070e-09
3.977784605790341327e-09
3.974305671118555030e-09
3.970832045117177514e-09
3.967361944502350481e-09
3.963895168502574089e-09
3.960431933895954777e-09
3.956971894030371131e-09
3.953515485979828378e-09
3.950062473183533159e-09
3.946613395295236279e-09
3.943167661072868620e-09
3.939726006569657403e-09
3.936287819963509825e-09
3.932853922703958926e-09
3.929423680212407281e-09
3.925997707164949936e-09
3.922575476073493201e-09
3.919157727845779692e-09
3.915744094208551632e-09
3.912334809936553175e-09
3.908929653630550671e-09
3.905529043496208023e-09
3.902133168888319616e-09
3.898742336333281848e-09
3.895356881866621805e-09
3.891976809141355187e-09
3.888602961727871883e-09
3.885234452274539068e-09
3.881871724278253988e-09
3.878514785553557326e-09
3.875164493022237162e-09
3.871819158782507553e-09
3.868477199555937395e-09
3.865138449544181788e-09
3.861803098585873736e-09
3.858470814871675156e-09
3.855142025359236073e-09
3.851816575321258944e-09
3.848494782536338425e-09
3.845176363408889545e-09
3.841861616840524907e-09
3.838550530623092644e-09
3.835243198671451849e-09
3.831939719907222076e-09
3.828639934020673106e-09
3.825344193951508993e-09
3.822052392009481181e-09
3.818764784522909385e-09
3.815481050983170400e-09
3.812201549575247932e-09
3.808926431768071694e-09
3.805655570538649450e-09
3.802389376800593052e-09
3.799128224041375987e-09
3.795872900811014751e-09
3.792622595331496104e-09
3.789377648467262112e-09
3.786138274260788169e-09
3.782904896484870496e-09
3.779676873837857311e-09
3.776454643524841287e-09
3.773236315490090362e-09
3.770020932341321884e-09
3.766808385767382366e-09
3.763598953571378958e-09
3.760392793552035868e-09
3.757189605653577040e-09
3.753989769038140103e-09
3.750792975063153324e-09
3.747599897542105326e-09
3.744409905008234778e-09
3.741223543939692185e-09
3.738040523248603261e-09
3.734861202150783366e-09
3.731685523902200823e-09
3.728513362936611174e-09
3.725345040261634326e-09
3.722180525363797574e-09
3.719019932482719892e-09
3.715863024102732540e-09
3.712710173610329692e-09
3.709561592049375546e-09
3.706417514056474678e-09
3.703278112225984504e-09
3.700143972114531838e-09
3.697014876183024757e-09
3.693890861041422516e-09
3.690771634960328427e-09
3.687658433436929963e-09
3.684550120128055186e-09
3.681447253530007628e-09
3.678347679225837348e-09
3.675251021395381413e-09
3.672156986699239056e-09
3.669065901010237712e-09
3.665977837893499044e-09
3.662892684637868829e-09
3.659810634844078973e-09
3.656731477203383850e-09
3.653655837825394337e-09
3.650583126984968964e-09
3.647513782688945213e-09
3.644447698751734261e-09
3.641384951172291550e-09
3.638325805721929339e-09
3.635269827866395834e-09
3.632217621470885370e-09
3.629168921054634950e-09
3.626123879821502491e-09
3.623082327718105340e-09
3.620044790546515210e-09
3.617011038876421739e-09
3.613981433838729665e-09
3.610956224671871249e-09
