-2.048832141569740516e-13
-2.370166135514738337e-13
-2.690559501026171987e-13
-3.003319827479061780e-13
-3.301554175815612493e-13
-3.578267675165503704e-13
-3.826102717761837518e-13
-4.037968476474515416e-13
-4.206432579644154509e-13
-4.323850662455264874e-13
-4.383041917070713465e-13
-4.376591203657639107e-13
-4.297008861681794715e-13
-4.136905876982783969e-13
-3.889190449666108998e-13
-3.546894112466602579e-13
-3.102567713538975067e-13
-2.550098991998307257e-13
-1.881455832190806380e-13
-1.090757908057868450e-13
-1.722267211286551030e-14
8.807045831309942662e-14
2.074543346918889269e-13
3.415385954215272653e-13
4.907683323275587368e-13
6.557346526461807005e-13
8.370833711886352053e-13
1.034960948057872422e-12
1.250118096809079340e-12
1.482973700215527408e-12
1.733825945307513618e-12
2.003142078619800795e-12
2.291275449872502817e-12
2.598566936556458494e-12
2.925320888859273030e-12
3.271808666358743845e-12
3.638371070114221149e-12
4.025123449138636483e-12
4.432333209417332313e-12
4.860468222833613545e-12
5.308888486843531962e-12
5.778808275454790509e-12
6.269553282281691481e-12
6.781510285398137713e-12
7.314542236196751631e-12
7.868762697972957589e-12
8.444878140872519557e-12
9.041660790307520184e-12
9.659945403203178991e-12
1.029947875508944737e-11
1.095972733333094819e-11
1.164146553482185527e-11
1.234397832214136671e-11
1.306728191266170000e-11
1.381153460989237982e-11
1.457610066365954933e-11
1.536107205578557835e-11
1.616626901940928474e-11
1.699129101878881284e-11
1.783618807485929595e-11
1.870054665852582611e-11
1.958405891764895075e-11
2.048673130721530446e-11
2.140804958922126351e-11
2.234739174336765369e-11
2.330495528251765468e-11
2.428062662253088342e-11
2.527329925085024810e-11
2.628316597980237625e-11
2.731059234992981728e-11
2.835425399113969138e-11
2.941323750197917477e-11
3.048808651878171741e-11
3.157901205151656369e-11
3.268497499672539217e-11
3.380505325018816086e-11
3.493931985608885480e-11
3.608790945891711196e-11
3.725025450623187100e-11
3.842541166670418474e-11
3.961298451104764985e-11
4.081328503607288325e-11
4.202614206651284184e-11
4.325013642943553276e-11
4.448493574166781499e-11
4.573105896259481904e-11
4.698787753007676214e-11
4.825477069883067598e-11
4.953127495356809857e-11
5.081689000850623425e-11
5.211132801223655299e-11
5.341528222615391154e-11
5.472741346982745398e-11
5.604689105109747793e-11
5.737426837215720391e-11
5.870874826995132135e-11
6.005054882436174428e-11
6.139923211075208972e-11
6.275359511486257516e-11
6.411411278891167754e-11
6.548025434053016765e-11
6.685195592163182182e-11
6.822911972423032927e-11
6.961069960969627173e-11
7.099698018457407231e-11
7.238723181997694792e-11
7.378171220466870018e-11
7.518013589483267707e-11
7.658208728382714090e-11
7.798754050306734626e-11
7.939578098066976425e-11
8.080699962859627019e-11
8.222059507694624293e-11
8.363699888917173174e-11
8.505569970387244340e-11
8.647696692814904536e-11
8.790002975391316618e-11
8.932456613361341870e-11
9.075047973925508289e-11
9.217807167616164369e-11
9.360741036441203232e-11
9.503863157759741641e-11
9.647081910714486481e-11
9.790336230020203713e-11
9.933646585071787961e-11
1.007705855509263277e-10
1.022060081231344140e-10
1.036430688062736006e-10
1.050807770656224126e-10
1.065181115888886182e-10
1.079552392746500383e-10
1.093929887722611214e-10
1.108315689029711853e-10
1.122715994775145810e-10
1.137125876413336934e-10
1.151533252974747611e-10
1.165935421459783505e-10
1.180339507576126784e-10
1.194749681425795202e-10
1.209169602096822822e-10
1.223601552701998624e-10
1.238039804319094602e-10
1.252477389175677303e-10
1.266913504150509471e-10
1.281355810353850916e-10
1.295805958879563325e-10
1.310266915686303145e-10
1.324740203984155517e-10
1.339221534264272028e-10
1.353708704327016599e-10
1.368199570408100348e-10
1.382700788196292138e-10
1.397214573892087096e-10
1.411740356934422822e-10
1.426282252533611621e-10
1.440835729935234564e-10
1.455402667477865321e-10
1.469982145239055420e-10
1.484573599015452652e-10
1.499185651911825615e-10
1.513813817434535080e-10
1.528460937896934148e-10
1.543127269275026200e-10
1.557808258718743785e-10
1.572511798752048984e-10
1.587234324436605570e-10
1.601977476061642068e-10
1.616750686627773548e-10
1.631546294121458972e-10
1.646366660692595104e-10
1.661211074208157449e-10
1.676073280592108667e-10
1.690965016594354728e-10
1.705883758377658891e-10
1.720826893166324955e-10
1.735809197251594424e-10
1.750823116249358841e-10
1.765863923341059452e-10
1.780935692186072804e-10
1.796029852903739376e-10
1.811150459958709086e-10
1.826308247701915173e-10
1.841494296839199925e-10
1.856717115150638115e-10
1.871984526562931067e-10
1.887284765490656139e-10
1.902616647210998964e-10
1.917979743933443430e-10
1.933364508253332668e-10
1.948780710321000438e-10
1.964236397885814110e-10
1.979722377681470923e-10
1.995247412664992561e-10
2.010819724363158719e-10
2.026427382880217057e-10
2.042065287578146656e-10
2.057734208903723394e-10
2.073425410789912682e-10
2.089139907117781590e-10
2.104893703492211529e-10
2.120679718223109964e-10
2.136494696579759366e-10
2.152353455952697156e-10
2.168248751487972912e-10
2.184170797384168505e-10
2.200120775966929403e-10
2.216094703036462564e-10
2.232085332592345754e-10
2.248100226436015726e-10
2.264145805107818350e-10
2.280215663127885168e-10
2.296308647648806201e-10
2.312433312517998899e-10
2.328583408088977585e-10
2.344751826632830703e-10
2.360937197819821622e-10
2.377136846530478552e-10
2.393346436215845747e-10
2.409567366284368126e-10
2.425805515846148276e-10
2.442057766618046872e-10
2.458321240607102271e-10
2.474597149686678601e-10
2.490883626600767782e-10
2.507177616295916512e-10
2.523474169676900811e-10
2.539768704415417223e-10
2.556060967332159759e-10
2.572350727082909064e-10
2.588637014047378281e-10
2.604920187019294010e-10
2.621201138232060381e-10
2.637478383420911402e-10
2.653742399100771459e-10
2.669993836155249152e-10
2.686234818858603772e-10
2.702459252928721013e-10
2.718657001031447564e-10
2.734832665992622460e-10
2.750991064889443917e-10
2.767125175526784441e-10
2.783231823635439307e-10
2.799316510614991591e-10
2.815383613158298833e-10
2.831411858836083115e-10
2.847397736559465568e-10
2.863348794841227697e-10
2.879269853833197536e-10
2.895138499098061937e-10
2.910956315182175125e-10
2.926733566712860517e-10
2.942477035195539689e-10
2.958166830707597153e-10
2.973806434512259913e-10
2.989405978471881529e-10
3.004970224007639882e-10
3.020461087341148406e-10
3.035880136499137316e-10
3.051240237176711838e-10
3.066550753638259165e-10
3.081781322675877550e-10
3.096933961003876356e-10
3.112023759689634567e-10
3.127064817146572979e-10
3.142032784091615329e-10
3.156923598225884118e-10
3.171751351275044887e-10
3.186530334954701418e-10
3.201228246156287092e-10
3.215818333494005294e-10
3.230317901161099798e-10
3.244744265666706519e-10
3.259093411074594112e-10
3.273332471705698275e-10
3.287478262400657024e-10
3.301549812654602415e-10
3.315559516806176356e-10
3.329470294275021225e-10
3.343287560822711282e-10
3.357028081070922372e-10
3.370708668609595423e-10
3.384287512583027052e-10
3.397734691314127485e-10
3.411070193078941403e-10
3.424314567455943290e-10
3.437474033744843691e-10
3.450508282621274355e-10
3.463431051933108607e-10
3.476263402029614291e-10
3.489026573985788206e-10
3.501694324303075483e-10
3.514247694706594288e-10
3.526704787890194234e-10
3.539083562665449195e-10
3.551390706648644801e-10
3.563559921481602592e-10
3.575596563882571884e-10
3.587521402718916272e-10
3.599355478380862600e-10
3.611093877643874153e-10
3.622701874521195694e-10
3.634198096669408483e-10
3.645603491301806447e-10
3.656938980096617998e-10
3.668176326430515098e-10
3.679294126325205474e-10
3.690310483273595725e-10
3.701243344900468089e-10
3.712107481121983087e-10
3.722849098153654646e-10
3.733457829505829998e-10
3.743953402024121226e-10
3.754355394329164391e-10
3.764679047971518093e-10
3.774887721330760370e-10
3.784984015822088893e-10
3.794986204581573368e-10
3.804912689150184350e-10
3.814775601793410779e-10
3.824531439827178323e-10
3.834181307947059142e-10
3.843740962764989999e-10
3.853226240294801836e-10
3.862647227564831831e-10
3.871955842133579539e-10
3.881150906226547219e-10
3.890248764352785311e-10
3.899266306829026821e-10
3.908218473935483282e-10
3.917079394890016903e-10
3.925846358780637199e-10
3.934533810411745459e-10
3.943155938698593296e-10
3.951727453358858565e-10
3.960224859179237728e-10
3.968630806576605258e-10
3.976957525952743861e-10
3.985217121745133346e-10
3.993422105102310680e-10
4.001565046249550013e-10
4.009615634968552195e-10
4.017584669786644701e-10
4.025484583683797130e-10
4.033327513546129325e-10
4.041122492958930648e-10
4.048850938552456244e-10
4.056515935796417719e-10
4.064127227360554524e-10
4.071694429142559791e-10
4.079227342403857300e-10
4.086711713505621226e-10
4.094131673690076081e-10
4.101495599492271159e-10
4.108811157659288555e-10
4.116086635231852732e-10
4.123325657173074657e-10
4.130508431731374712e-10
4.137637384868257247e-10
4.144720277888715309e-10
4.151764621081099673e-10
4.158778227819354994e-10
4.165761572491148981e-10
4.172708842290694892e-10
4.179624847503210931e-10
4.186514557513007142e-10
4.193383045017184127e-10
4.200234946949132709e-10
4.207057495202861449e-10
4.213846063197973106e-10
4.220604491886016597e-10
4.227336913309602768e-10
4.234047310556793660e-10
4.240738594468720221e-10
4.247404421422907381e-10
4.254045947619328143e-10
4.260666655928007850e-10
4.267270050949833718e-10
4.273859717286879497e-10
4.280439149603938886e-10
4.287009541039975910e-10
4.293572010717006205e-10
4.300127973564277079e-10
4.306678809230955537e-10
4.313225898217377431e-10
4.319768734781593934e-10
4.326300240525277241e-10
4.332820661705472383e-10
4.339331089859375928e-10
4.345832618521825622e-10
4.352326340498085911e-10
4.358813605029750892e-10
4.365296455182623217e-10
4.371775830221529212e-10
4.378252541544888933e-10
4.384727435509843073e-10
4.391201333633298532e-10
4.397675810282324917e-10
4.404156420636480011e-10
4.410643723340462310e-10
4.417137100115641417e-10
4.423635928696789976e-10
4.430139581199228623e-10
4.436647314014057485e-10
4.443155103857199319e-10
4.449661031560031569e-10
4.456164948906264128e-10
4.462666717164059790e-10
4.469166202804133812e-10
4.475663259625208058e-10
4.482159658154030548e-10
4.488658691189411112e-10
4.495160407221918030e-10
4.501664831100470491e-10
4.508171961140101590e-10
4.514681809283231418e-10
4.521194889627160173e-10
4.527714465205844111e-10
4.534240565575687290e-10
4.540772411170247577e-10
4.547309269063661678e-10
4.553850374758650268e-10
4.560394963844787988e-10
4.566937649986623688e-10
4.573472131338439136e-10
4.579998850508036495e-10
4.586518235824426198e-10
4.593030693512284756e-10
4.599536669818595439e-10
4.606036498201783453e-10
4.612529132827208256e-10
4.619014962453214134e-10
4.625494913559723865e-10
4.631969969932905883e-10
4.638441109739477132e-10
4.644909289745337747e-10
4.651374220231718950e-10
4.657830281608163022e-10
4.664277367730440168e-10
4.670716262368724394e-10
4.677147759177170847e-10
4.683572573241838550e-10
4.689991547671529932e-10
4.696398795695622234e-10
4.702778612102354779e-10
4.709132594327210097e-10
4.715462996439011756e-10
4.721772141138585928e-10
4.728062465860845651e-10
4.734336152186295872e-10
4.740590114601798003e-10
4.746815213890271279e-10
4.753013944914469944e-10
4.759189364204364692e-10
4.765344384911401924e-10
4.771482064034562709e-10
4.777605349154206969e-10
4.783709616321610513e-10
4.789778573374607196e-10
4.795814767818139036e-10
4.801821022414731766e-10
4.807800739833460079e-10
4.813756848520753490e-10
4.819692745578347579e-10
4.825603749525453224e-10
4.831463256992799800e-10
4.837272095959229153e-10
4.843035520672683495e-10
4.848757948013349655e-10
4.854444147861981637e-10
4.860098932371157882e-10
4.865724940841775293e-10
4.871302769846328717e-10
4.876829534278516834e-10
4.882310869788095368e-10
4.887751564052195613e-10
4.893156711194791166e-10
4.898531456279705698e-10
4.903881004482391583e-10
4.909188940290682553e-10
4.914436890147955356e-10
4.919629417109618768e-10
4.924772316549868893e-10
4.929870670789225578e-10
4.934929420194089389e-10
4.939954220720672907e-10
4.944944014374780585e-10
4.949863870176930603e-10
4.954713880704763529e-10
4.959500289429448177e-10
4.964229274377691249e-10
4.968907419444774703e-10
4.973541148254360145e-10
4.978137236692417658e-10
4.982684756098325029e-10
4.987164825957554678e-10
4.991583271756572140e-10
4.995946129446369284e-10
5.000259387373280138e-10
5.004529695893240157e-10
5.008763037594165534e-10
5.012965334570186315e-10
5.017107260415227971e-10
5.021177358848205850e-10
5.025181507997773259e-10
5.029125773449494693e-10
5.033016349376228820e-10
5.036859293390346211e-10
5.040660738146042607e-10
5.044423997808203062e-10
5.048116411256220036e-10
5.051733415174122863e-10
5.055281431231358949e-10
5.058767161149298247e-10
5.062197177931735592e-10
5.065578486498544974e-10
5.068917781014801453e-10
5.072218961258244494e-10
5.075458470609817788e-10
5.078634570913245815e-10
5.081752831314203821e-10
5.084819219053512505e-10
5.087839442512437310e-10
5.090819394193962638e-10
5.093765046150618811e-10
5.096680024735180226e-10
5.099534579459720779e-10
5.102322617805261640e-10
5.105049599368572860e-10
5.107720990920561945e-10
5.110342225671764584e-10
5.112918799567334899e-10
5.115456308860070397e-10
5.117960226774128132e-10
5.120411074362480976e-10
5.122798515951262702e-10
5.125127899903371258e-10
5.127404523980584982e-10
5.129633872077070443e-10
5.131821404254266403e-10
5.133972577490295889e-10
5.136092914707154336e-10
5.138179400886723295e-10
5.140217284135039838e-10
5.142210164783430653e-10
5.144162131946934723e-10
5.146077296501851788e-10
5.147959781844480549e-10
5.149813699003115183e-10
5.151643310327369205e-10
5.153451065533306204e-10
5.155216136944743348e-10
5.156934862616151663e-10
5.158610857522436218e-10
5.160247734888394706e-10
5.161848980610913126e-10
5.163418390464451373e-10
5.164959695208934350e-10
5.166476607946876016e-10
5.167966870314524267e-10
5.169419115129933746e-10
5.170835779254781325e-10
5.172220164121160886e-10
5.173575465846391880e-10
5.174904729843137569e-10
5.176211313338478515e-10
5.177498479705101436e-10
5.178769604370335118e-10
5.180021654980009832e-10
5.181251222837385763e-10
5.182460262890576064e-10
5.183650499829149088e-10
5.184823991362485872e-10
5.185982617974453264e-10
5.187128300796573411e-10
5.188263021480210798e-10
5.189388544185717860e-10
5.190496250624378321e-10
5.191582801778045239e-10
5.192649679227698141e-10
5.193698465383083731e-10
5.194730558206527388e-10
5.195747621377030229e-10
5.196751206518951304e-10
5.197742866503004054e-10
5.198724212730788470e-10
5.199694230817484490e-10
5.200653005549932080e-10
5.201601559095066508e-10
5.202540993503756720e-10
5.203472362423157352e-10
5.204396762041494759e-10
5.205315301579432644e-10
5.206229079309692506e-10
5.207139306845076584e-10
5.208048010471201624e-10
5.208955924078009926e-10
5.209863204667070088e-10
5.210769985611329717e-10
5.211676436996907138e-10
5.212582706423429313e-10
5.213488948543065106e-10
5.214395314038757213e-10
5.215301964341626414e-10
5.216207863891856143e-10
5.217110878670172315e-10
5.218011096959286958e-10
5.218908590826276968e-10
5.219803529380153568e-10
5.220696020541310123e-10
5.221586173858651826e-10
5.222474125606048694e-10
5.223359993223088577e-10
5.224244388522124229e-10
5.225131133702933152e-10
5.226020996137662958e-10
5.226913904536578700e-10
5.227809768206770838e-10
5.228708614298788617e-10
5.229610277724959360e-10
5.230514747750133077e-10
5.231421951469092119e-10
5.232331815212303952e-10
5.233246194888306220e-10
5.234167365536812174e-10
5.235094872525088290e-10
5.236028310171295333e-10
5.236967111822799300e-10
5.237910872853036620e-10
5.238859066492713707e-10
5.239811233805483102e-10
5.240766857133032074e-10
5.241725389473436045e-10
5.242684809761001524e-10
5.243644293434590163e-10
5.244603699656156121e-10
5.245562922963273224e-10
5.246521804695462156e-10
5.247480272959353952e-10
5.248438160682662850e-10
5.249395375018500993e-10
5.250351769787303736e-10
5.251307307394332624e-10
5.252263313452560760e-10
5.253220246259958962e-10
5.254178111236214605e-10
5.255136915264504360e-10
5.256096680397049767e-10
5.257057409491346254e-10
5.258019125103368352e-10
5.258981833199983411e-10
5.259945549275938665e-10
5.260910120550768181e-10
5.261873526397390986e-10
5.262835191590686798e-10
5.263795148761690011e-10
5.264753447590868215e-10
5.265710081598915672e-10
5.266665132315648688e-10
5.267618566953695732e-10
5.268570481751591967e-10
5.269520861540292525e-10
5.270469572117394439e-10
5.271409164682810977e-10
5.272337118647643663e-10
5.273253944344073340e-10
5.274160263490147388e-10
5.275056808008565816e-10
5.275943993091676949e-10
5.276822680074587629e-10
5.277693409740478589e-10
5.278556849861711788e-10
5.279413684578278764e-10
5.280261284277842332e-10
5.281096057023511456e-10
5.281918473350980527e-10
5.282729737681543537e-10
5.283530598917850516e-10
5.284321892486470749e-10
5.285104552028436371e-10
5.285879434180054753e-10
5.286647425859267926e-10
5.287409461606046555e-10
5.288165016596625851e-10
5.288904366040154921e-10
5.289626135872176665e-10
5.290331388620663568e-10
5.291021141988257132e-10
5.291696376925343856e-10
5.292358143756914238e-10
5.293007449706678983e-10
5.293645325049390928e-10
5.294272815476381573e-10
5.294891016342079219e-10
5.295494018749813699e-10
5.296070215909265591e-10
5.296620950808543561e-10
5.297147236577427887e-10
5.297651169935757682e-10
5.298134137268224882e-10
5.298597696105258110e-10
5.299043440047737374e-10
5.299472937643516671e-10
5.299887879652663193e-10
5.300289741962879105e-10
5.300672369685353801e-10
5.301030112109854142e-10
5.301364286263838860e-10
5.301676817617185619e-10
5.301969205065211733e-10
5.302242954104135805e-10
5.302499677403625705e-10
5.302741047918685941e-10
5.302968748114830108e-10
5.303184174152163829e-10
5.303389156656035733e-10
5.303573541803067382e-10
5.303729652071942407e-10
5.303859152713718679e-10
5.303963822931855253e-10
5.304045154729807375e-10
5.304104786946342365e-10
5.304144023129183691e-10
5.304164900160131748e-10
5.304168758460760555e-10
5.304157465508555802e-10
5.304132338235436858e-10
5.304085344946991658e-10
5.304006609574476955e-10
5.303898073377821129e-10
5.303760986007520088e-10
5.303597760392640837e-10
5.303410203825214493e-10
5.303199995509388292e-10
5.302969248289439823e-10
5.302719437705655394e-10
5.302452783675879803e-10
5.302171115996006321e-10
5.301873651082596966e-10
5.301551481814077120e-10
5.301205452610744074e-10
5.300837337225970622e-10
5.300448532909879636e-10
5.300040606195313144e-10
5.299615066677996862e-10
5.299173491057029340e-10
5.298717369055949260e-10
5.298248401388288124e-10
5.297768075567151221e-10
5.297277975035847431e-10
5.296767477411231612e-10
5.296232237797682565e-10
5.295673886296458798e-10
5.295093714304414174e-10
5.294493016870611750e-10
5.293873140531144633e-10
5.293235466993618782e-10
5.292581441981354553e-10
5.291912183326586213e-10
5.291229273265352536e-10
5.290534095789518740e-10
5.289825953244616442e-10
5.289095908722503963e-10
5.288344025279159396e-10
5.287571520064325204e-10
5.286779640635316759e-10
5.285969826805042144e-10
5.285143424106431181e-10
5.284301799638253028e-10
5.283446287381860250e-10
5.282578115217802601e-10
5.281698751238638949e-10
5.280809587361658757e-10
5.279910508383763753e-10
5.278997720050438420e-10
5.278071981252538684e-10
5.277134177956955666e-10
5.276185148378270906e-10
5.275225697769986483e-10
5.274256724536481210e-10
5.273279076832772841e-10
5.272293530729431446e-10
5.271301025777901432e-10
5.270302429953275212e-10
5.269298628914112333e-10
5.268288330803232925e-10
5.267266023585785979e-10
5.266232134856865927e-10
5.265187316672609889e-10
5.264132188128075522e-10
5.263067370133568341e-10
5.261993472690535940e-10
5.260911133385244982e-10
5.259820982508229126e-10
5.258723648130903245e-10
5.257619748106313307e-10
5.256509937908299926e-10
5.255394401849660782e-10
5.254271114026936570e-10
5.253140245368729069e-10
5.252002284141969484e-10
5.250857720098791813e-10
5.249707044433105859e-10
5.248550749741512952e-10
5.247389302217009267e-10
5.246223232398350444e-10
5.245053039087853561e-10
5.243879220979268243e-10
5.242702281326177238e-10
5.241522851978142867e-10
5.240342190150641331e-10
5.239160704430776972e-10
5.237978499182273315e-10
5.236795679085870854e-10
5.235612349104585467e-10
5.234428609997701160e-10
5.233244568500054684e-10
5.232060335650096719e-10
5.230876017704967215e-10
5.229691721178025311e-10
5.228507552808450456e-10
5.227323624351238539e-10
5.226139783091064100e-10
5.224954903613341787e-10
5.223768907306549533e-10
5.222581817317266758e-10
5.221393655606519375e-10
5.220204441673022373e-10
5.219014205468365347e-10
5.217822970647225480e-10
5.216630760985875504e-10
5.215437600423439333e-10
5.214243513014122385e-10
5.213048522955439120e-10
5.211852649424744859e-10
5.210656605962098060e-10
5.209461432743603492e-10
5.208267146028323275e-10
5.207073769974687583e-10
5.205881280346097675e-10
5.204689675129712926e-10
5.203498954733746969e-10
5.202309119473045425e-10
5.201120169603827489e-10
5.199932112443539654e-10
5.198744939895221096e-10
5.197558651906759438e-10
5.196373259816939721e-10
5.195190040355152580e-10
5.194010331741224038e-10
5.192833986581805300e-10
5.191660889319868188e-10
5.190490839713597968e-10
5.189323666328468519e-10
5.188159203892242490e-10
5.186997299609254503e-10
5.185837787686143421e-10
5.184680493605067390e-10
5.183525252562800466e-10
5.182371899109054669e-10
5.181220271536947885e-10
5.180069561125333506e-10
5.178918367078275568e-10
5.177766672661186495e-10
5.176614441836185143e-10
5.175461618119967166e-10
5.174308187192485198e-10
5.173154117132736003e-10
5.171999352034994098e-10
5.170843852385048417e-10
5.169687604668422111e-10
5.168530572271826523e-10
5.167372710762944856e-10
5.166213988066608089e-10
5.165054295988832869e-10
5.163893559309743399e-10
5.162731829991895182e-10
5.161569174070357288e-10
5.160405676746697365e-10
5.159241408376969208e-10
5.158076440105426340e-10
5.156910842266409065e-10
5.155744686184392881e-10
5.154578046881660817e-10
5.153410997699871692e-10
5.152243611057860955e-10
5.151075959891245142e-10
5.149908129327766030e-10
5.148739695315970930e-10
5.147569889704199970e-10
5.146398750161017476e-10
5.145226350201790193e-10
5.144052717207230375e-10
5.142877921535563165e-10
5.141701983834147232e-10
5.140524965523934792e-10
5.139346930014833845e-10
5.138167908852204230e-10
5.136987969050393467e-10
5.135807148542870471e-10
5.134625489039080257e-10
5.133442972501625786e-10
5.132255619957151576e-10
5.131061110276888209e-10
5.129859868784698950e-10
5.128651886738732291e-10
5.127437666200500321e-10
5.126217412633912381e-10
5.124991446773287904e-10
5.123759950899041805e-10
5.122523203371615675e-10
5.121281565733664083e-10
5.120035240602457689e-10
5.118784581625625705e-10
5.117529724141186680e-10
5.116271010095369484e-10
5.115006233766609786e-10
5.113734302608033683e-10
5.112455695293552023e-10
5.111170498473022309e-10
5.109879327426441817e-10
5.108582474478198252e-10
5.107280324586774963e-10
5.105973148999273865e-10
5.104661426233268669e-10
5.103345444316047196e-10
5.102025661686717958e-10
5.100702313934487817e-10
5.099375893755840161e-10
5.098046778592047728e-10
5.096712901494639024e-10
5.095371640770187061e-10
5.094023286906118200e-10
5.092668233416031275e-10
5.091306842876143029e-10
5.089939200051579939e-10
5.088565817663006866e-10
5.087186977154181134e-10
5.085802995060033003e-10
5.084414122368977210e-10
5.083020771980417425e-10
5.081623241542889366e-10
5.080221804483529452e-10
5.078816820953157473e-10
5.077407341270985434e-10
5.075987574286091243e-10
5.074557036022129532e-10
5.073116290013676986e-10
5.071665766376764351e-10
5.070205986157008968e-10
5.068737221068352809e-10
5.067260090696578433e-10
5.065775125361135219e-10
5.064282460124280381e-10
5.062782872704637960e-10
5.061276740072297938e-10
5.059764433330365006e-10
5.058246511987734601e-10
5.056723454863797963e-10
5.055194098219657987e-10
5.053656249565951805e-10
5.052110624125533435e-10
5.050557586100960103e-10
5.048997342450029335e-10
5.047430475515543789e-10
5.045857422878632445e-10
5.044278461397163313e-10
5.042694083109700999e-10
5.041104744933238291e-10
5.039510748511593264e-10
5.037912629820579726e-10
5.036310747818946806e-10
5.034705513310746286e-10
5.033097451180540729e-10
5.031484352905725454e-10
5.029864561347402860e-10
5.028238185811287039e-10
5.026605686132663981e-10
5.024967310983118923e-10
5.023323259125777858e-10
5.021673935545476958e-10
5.020019528111683741e-10
5.018360384331452142e-10
5.016696821946982524e-10
5.015029002122319726e-10
5.013357354560938165e-10
5.011682141985223157e-10
5.010003550039009385e-10
5.008322034866289353e-10
5.006635456737140818e-10
5.004941500114018316e-10
5.003240671542269845e-10
5.001533309122665003e-10
4.999819424387238903e-10
4.998099616704342558e-10
4.996374093274964594e-10
4.994643127910570224e-10
4.992907130696494671e-10
4.991166242275362358e-10
4.989420926125983073e-10
4.987671481236614936e-10
4.985918099300471242e-10
4.984161222643078774e-10
4.982401132771163980e-10
4.980638139214884897e-10
4.978872104749320601e-10
4.977103144961898156e-10
4.975331461219191134e-10
4.973557245683424241e-10
4.971780592502123447e-10
4.970001755901185011e-10
4.968220896593013157e-10
4.966438141056522074e-10
4.964653725243533928e-10
4.962867803133099359e-10
4.961080528706440357e-10
4.959292109244885466e-10
4.957502719164223132e-10
4.955712524687741615e-10
4.953921772730404726e-10
4.952129901694479184e-10
4.950336513745381431e-10
4.948541633608263759e-10
4.946745367861625782e-10
4.944947690345053448e-10
4.943148736214171981e-10
4.941348516675314128e-10
4.939547104987627441e-10
4.937744559677655777e-10
4.935940921143349289e-10
4.934136274740441410e-10
4.932330620950971642e-10
4.930524072441902499e-10
4.928716657866356809e-10
4.926908443337572212e-10
4.925099453278883473e-10
4.923289067229454344e-10
4.921477242459305730e-10
4.919663998119736764e-10
4.917849429882560489e-10
4.916033594537241477e-10
4.914216540348527699e-10
4.912398357416550388e-10
4.910579085159981251e-10
4.908758818683911216e-10
4.906937594156502374e-10
4.905115493105399681e-10
4.903292570420137238e-10
4.901468910776816206e-10
4.899644565132657453e-10
4.897819606308196010e-10
4.895994237899980985e-10
4.894170085931477264e-10
4.892347447734203595e-10
4.890526383495785902e-10
4.888706777561485299e-10
4.886888679179670903e-10
4.885071977288007191e-10
4.883256710764499942e-10
4.881442780773680459e-10
4.879630206097718526e-10
4.877818916862599851e-10
4.876008901827250099e-10
4.874200122984374487e-10
4.872392534084237015e-10
4.870586127040733604e-10
4.868780830709610733e-10
4.866976674317227394e-10
4.865173593708902845e-10
4.863371613783497305e-10
4.861570601409082920e-10
4.859770542721595635e-10
4.857971343152267751e-10
4.856172958963614187e-10
4.854375322372629839e-10
4.852578365138154944e-10
4.850782040506700509e-10
4.848986263978044648e-10
4.847191001802908177e-10
4.845396163036505059e-10
4.843601698588974660e-10
4.841807539563409786e-10
4.840013622380537206e-10
4.838219882523060877e-10
4.836426169651111260e-10
4.834632360907584481e-10
4.832838444847299390e-10
4.831044424822819011e-10
4.829250304043397324e-10
4.827456083529568411e-10
4.825661768568567349e-10
4.823867358419964093e-10
4.822072859882252699e-10
4.820278271007733018e-10
4.818483599606747792e-10
4.816688843049793249e-10
4.814894009503313386e-10
4.813099096216208883e-10
4.811304111363609130e-10
4.809509052376808134e-10
4.807713926987980068e-10
4.805919123117328463e-10
4.804125432060923335e-10
4.802332908612759422e-10
4.800541462774758897e-10
4.798751130723769250e-10
4.796961815530766299e-10
4.795173531246550124e-10
4.793386220041579932e-10
4.791599863307393868e-10
4.789814431897972855e-10
4.788029881509109696e-10
4.786246205088262488e-10
4.784463338860736580e-10
4.782681291993967907e-10
4.780899986794914037e-10
4.779119444725189553e-10
4.777339583855449913e-10
4.775560003901829766e-10
4.773779691413189164e-10
4.771998534923321651e-10
4.770216615651540608e-10
4.768433905478876123e-10
4.766650409510167880e-10
4.764866155779705245e-10
4.763081098013867380e-10
4.761295307293938682e-10
4.759508693975771229e-10
4.757721352858295726e-10
4.755933231470860978e-10
4.754144366103224628e-10
4.752354747457669794e-10
4.750564373758032907e-10
4.748773269342966117e-10
4.746981401101566877e-10
4.745188648660754690e-10
4.743393995983312821e-10
4.741597416333419704e-10
4.739798880823446807e-10
4.737998556688531075e-10
4.736196482418006795e-10
4.734392723706041229e-10
4.732587394131563515e-10
4.730780495257945011e-10
4.728972181214059447e-10
4.727162487583976004e-10
4.725351503987957763e-10
4.723539316782730097e-10
4.721725966016655954e-10
4.719911565194838601e-10
4.718096166972493907e-10
4.716279868085395980e-10
4.714462757517602613e-10
4.712644836257077651e-10
4.710826024109384489e-10
4.709006316412636592e-10
4.707185798229435265e-10
4.705364477617657047e-10
4.703542426831114854e-10
4.701719678103486195e-10
4.699896263162524233e-10
4.698072243229417069e-10
4.696247644605716446e-10
4.694422525941733119e-10
4.692596917462646672e-10
4.690770864573538300e-10
4.688944411754494480e-10
4.687117608449305749e-10
4.685290490639398175e-10
4.683463110191787900e-10
4.681635504607845367e-10
4.679806524062678554e-10
4.677975060260618480e-10
4.676141319922785618e-10
4.674305377439600406e-10
4.672467136822232829e-10
4.670626826427125872e-10
4.668784472067277730e-10
4.666940098613321086e-10
4.665093816838802032e-10
4.663245657993776928e-10
4.661395720674866069e-10
4.659544103046591276e-10
4.657690747631170312e-10
4.655835847808954732e-10
4.653979441493871310e-10
4.652121561840249574e-10
4.650262314427768551e-10
4.648401731240400599e-10
4.646539470182093762e-10
4.644675111350843496e-10
4.642808652597014184e-10
4.640940263179440141e-10
4.639069993260628458e-10
4.637197934777671715e-10
4.635324198975298759e-10
4.633448816013548701e-10
4.631571926452534694e-10
4.629693598609413721e-10
4.627813910214141150e-10
4.625932976474157950e-10
4.624050868362181064e-10
4.622167655226758300e-10
4.620283452158077778e-10
4.618398359787313904e-10
4.616512421910578188e-10
4.614625774745285565e-10
4.612738595949048701e-10
4.610851013872484716e-10
4.608963071712412762e-10
4.607074787599597892e-10
4.605186188022327873e-10
4.603297304458650723e-10
4.601408129901622871e-10
4.599518716656872978e-10
4.597629079483060932e-10
4.595739235329737868e-10
4.593849214285288375e-10
4.591959030741414342e-10
4.590068716449753773e-10
4.588178294350609995e-10
4.586287778479583641e-10
4.584397201343942206e-10
4.582506581330669936e-10
4.580615943418966969e-10
4.578725326143765924e-10
4.576834271209267331e-10
4.574942182050331876e-10
4.573048971274500661e-10
4.571154764177302611e-10
4.569259562830204775e-10
4.567363362137050798e-10
4.565466217380388967e-10
4.563568138648307238e-10
4.561669168770666766e-10
4.559769302471089218e-10
4.557868594000732056e-10
4.555967079060917314e-10
4.554064726746833137e-10
4.552161619178902788e-10
4.550257786812468857e-10
4.548353184741860440e-10
4.546447910486708674e-10
4.544541982190806707e-10
4.542635374633934647e-10
4.540728437813683858e-10
4.538821469291736093e-10
4.536914502079111840e-10
4.535007536981381618e-10
4.533100602215227085e-10
4.531193691989660170e-10
4.529286850915048296e-10
4.527380086547686359e-10
4.525473376255602606e-10
4.523566806903618101e-10
4.521660349300115437e-10
4.519754006429613962e-10
4.517847829566351512e-10
4.515941823515523663e-10
4.514035990053293985e-10
4.512130353591054824e-10
4.510224947837915407e-10
4.508319763799062053e-10
4.506414829010458476e-10
4.504510518632375174e-10
4.502607533552419355e-10
4.500705857628781748e-10
4.498805527523606369e-10
4.496906435480436711e-10
4.495008562625906327e-10
4.493111833904076278e-10
4.491216297835913730e-10
4.489321824130701135e-10
4.487428407252583942e-10
4.485535990321986593e-10
4.483644575165013690e-10
4.481754069208367362e-10
4.479864445298241342e-10
4.477975682408376541e-10
4.476087721799436891e-10
4.474200526341352648e-10
4.472314030566862530e-10
4.470428253614237576e-10
4.468543073079100198e-10
4.466658327049375789e-10
4.464773913129668789e-10
4.462889821678103487e-10
4.461006020843159816e-10
4.459122484850923866e-10
4.457239212721031514e-10
4.455356159111370688e-10
4.453473303839251429e-10
4.451590649296414781e-10
4.449708142316292160e-10
4.447825776434777272e-10
4.445943526611872204e-10
4.444061378155143217e-10
4.442179292674052408e-10
4.440297255924549629e-10
4.438415252060129089e-10
4.436533253820588414e-10
4.434651226142982208e-10
4.432769165284990283e-10
4.430887057856988365e-10
4.429005776393902511e-10
4.427125490503067532e-10
4.425246180796507761e-10
4.423367829726465381e-10
4.421490408854781125e-10
4.419613953628729182e-10
4.417738366521078692e-10
4.415863675266471812e-10
4.413989805893558481e-10
4.412116821896929314e-10
4.410244634791936812e-10
4.408373242221581519e-10
4.406502603745571974e-10
4.404632737269938596e-10
4.402763604588708155e-10
4.400895169813822596e-10
4.399027413766840922e-10
4.397160329387621509e-10
4.395293900180425183e-10
4.393428114038894995e-10
4.391563489578908631e-10
4.389700318837150041e-10
4.387838514008603997e-10
4.385978007364549125e-10
4.384118766757076205e-10
4.382260732154896452e-10
4.380403925032652542e-10
4.378548222359532669e-10
4.376693593034217887e-10
4.374839999986350549e-10
4.372987387936639391e-10
4.371135741067891836e-10
4.369284958570882848e-10
4.367435039832206306e-10
4.365585894255577703e-10
4.363737516574389778e-10
4.361889834747621827e-10
4.360042804530778753e-10
4.358196371387170685e-10
4.356350474639532476e-10
4.354504958251460205e-10
4.352659544259869167e-10
4.350814230062397456e-10
4.348968990209747852e-10
4.347123824717119799e-10
4.345278707895282001e-10
4.343433640179589953e-10
4.341588591372005938e-10
4.339743577324464117e-10
4.337898559365236879e-10
4.336053528477797051e-10
4.334208479411822492e-10
4.332363397230602687e-10
4.330518276026982389e-10
4.328673088942458807e-10
4.326827823536287226e-10
4.324982481847364459e-10
4.323137039166823332e-10
4.321291490401764513e-10
4.319445811593521943e-10
4.317599976822701323e-10
4.315754391977420051e-10
4.313909431628427345e-10
4.312065094533711514e-10
4.310221415175382067e-10
4.308378333537349661e-10
4.306535839891970291e-10
4.304693949605881596e-10
4.302852623753308116e-10
4.301011860334437323e-10
4.299171688589741980e-10
4.297332048471648180e-10
4.295492945044827718e-10
4.293654366132354797e-10
4.291816291752389250e-10
4.289978741443816026e-10
4.288141691720237498e-10
4.286305112448756421e-10
4.284469015043069380e-10
4.282633370966220724e-10
4.280798179267159545e-10
4.278963454629634185e-10
4.277129307047676404e-10
4.275295913865138921e-10
4.273463239387213750e-10
4.271631257667364726e-10
4.269799988614691818e-10
4.267969353750124220e-10
4.266139336889511353e-10
4.264309917948959645e-10
4.262481062124999919e-10
4.260652759821354792e-10
4.258824975259619338e-10
4.256997684719975901e-10
4.255170850148445690e-10
4.253344453476147103e-10
4.251518473309863055e-10
4.249692867275715703e-10
4.247867624825291081e-10
4.246042713008366477e-10
4.244218102670237416e-10
4.242393767812255356e-10
4.240569675866355026e-10
4.238745735214632166e-10
4.236921722452405430e-10
4.235097610669059650e-10
4.233273393672992845e-10
4.231449067769654506e-10
4.229624633547480242e-10
4.227800090757850581e-10
4.225975443803175839e-10
4.224150670329416949e-10
4.222325784630565089e-10
4.220500786201781592e-10
4.218675665757291997e-10
4.216850429452871025e-10
4.215025074776267759e-10
4.213199595973407062e-10
4.211373984615111697e-10
4.209548248624634560e-10
4.207722388900914181e-10
4.205896397660749682e-10
4.204070275703197535e-10
4.202244023946738930e-10
4.200417628131037567e-10
4.198591388216030805e-10
4.196765916451598242e-10
4.194941253153178764e-10
4.193117359759783563e-10
4.191294223066353040e-10
4.189471826684629803e-10
4.187650185684862333e-10
4.185829278850798500e-10
4.184009070787276492e-10
4.182189545784585515e-10
4.180370705492950890e-10
4.178552532615405624e-10
4.176734998828871951e-10
4.174918094832375970e-10
4.173101831063592840e-10
4.171286185602753319e-10
4.169471125870935389e-10
4.167656635862039101e-10
4.165842718097000771e-10
4.164029348337050305e-10
4.162216506859823757e-10
4.160404187036192299e-10
4.158592529814940577e-10
4.156781774802271303e-10
4.154971911580051458e-10
4.153162928546762758e-10
4.151354786938395253e-10
4.149547447710834958e-10
4.147740883789529847e-10
4.145935087664869029e-10
4.144130021681316275e-10
4.142325639556565349e-10
4.140521917553427801e-10
4.138718819960810530e-10
4.136916316211546466e-10
4.135114390231138165e-10
4.133313003674646053e-10
4.131512117018087995e-10
4.129711702522479135e-10
4.127911745387903954e-10
4.126112201068049828e-10
4.124313037231528539e-10
4.122514226453115179e-10
4.120715734034651004e-10
4.118917509429300129e-10
4.117119695563946235e-10
4.115322338214971218e-10
4.113525439585208746e-10
4.111728975950498467e-10
4.109932925126166544e-10
4.108137272953931120e-10
4.106342008149290879e-10
4.104547116310772864e-10
4.102752584648045154e-10
4.100958394161803055e-10
4.099164537110101322e-10
4.097370994203760154e-10
4.095577748616995315e-10
4.093784791518929982e-10
4.091992109714275626e-10
4.090199681370116966e-10
4.088407492171835009e-10
4.086615530107526490e-10
4.084823781365239731e-10
4.083032229717397177e-10
4.081240857965828216e-10
4.079449649631078794e-10
4.077658764155313908e-10
4.075869193550858087e-10
4.074080994131650447e-10
4.072294131957333081e-10
4.070508576228404568e-10
4.068724296103022177e-10
4.066941263498042222e-10
4.065159465624218456e-10
4.063378850956522222e-10
4.061599387163565303e-10
4.059821045869071882e-10
4.058043794946846231e-10
4.056267601118791923e-10
4.054492438042101580e-10
4.052718306255269780e-10
4.050945137175149275e-10
4.049172898311843362e-10
4.047401558342555484e-10
4.045631086636063775e-10
4.043861452165960832e-10
4.042092638254114157e-10
4.040324597469573836e-10
4.038557295861125216e-10
4.036790734547013089e-10
4.035025340724974999e-10
4.033261143738622793e-10
4.031498120621596954e-10
4.029736207016195599e-10
4.027975365355907810e-10
4.026215558024281641e-10
4.024456747376637607e-10
4.022698906077861789e-10
4.020941986930424302e-10
4.019185950837013107e-10
4.017430765786513981e-10
4.015676387033935857e-10
4.013922791534750651e-10
4.012169927459940831e-10
4.010417753122860548e-10
4.008666230473873710e-10
4.006915321796646311e-10
4.005164993681715301e-10
4.003415214705316390e-10
4.001665932834325230e-10
3.999917109677118243e-10
3.998168710743986199e-10
3.996420655602729766e-10
3.994673143442059361e-10
3.992926389891055175e-10
3.991180379012014754e-10
3.989435085826823635e-10
3.987690488651303952e-10
3.985946566689359623e-10
3.984203299134037822e-10
3.982460665131701715e-10
3.980718647313729787e-10
3.978977226160779234e-10
3.977236374964170353e-10
3.975496072760613180e-10
3.973756298562933431e-10
3.972017039503715257e-10
3.970278268951362366e-10
3.968539964264131935e-10
3.966802102545147621e-10
3.965064662663925580e-10
3.963327623468268477e-10
3.961590963781008461e-10
3.959854665122878950e-10
3.958118702306230291e-10
3.956383053444949151e-10
3.954647722640713995e-10
3.952913482557248141e-10
3.951180724938500901e-10
3.949449415947253452e-10
3.947719521685489193e-10
3.945991008216107243e-10
3.944263841537951921e-10
3.942537987608611911e-10
3.940813414217208871e-10
3.939090089716329554e-10
3.937367974899008792e-10
3.935647035505700359e-10
3.933927237229088350e-10
3.932208545709744480e-10
3.930490931409721160e-10
3.928774366694258292e-10
3.927058806854192070e-10
3.925344215266462763e-10
3.923630557079831516e-10
3.921917797604824979e-10
3.920205902104200123e-10
3.918494835800543960e-10
3.916784564304029320e-10
3.915075053259570616e-10
3.913366252125760336e-10
3.911658328461266443e-10
3.909951445180241158e-10
3.908245569692905720e-10
3.906540672184465526e-10
3.904836721569886749e-10
3.903133680177348038e-10
3.901431515206449770e-10
3.899730193812279663e-10
3.898029683101070081e-10
3.896329950135626406e-10
3.894630961941841083e-10
3.892932685484808784e-10
3.891235087702482318e-10
3.889538136185304899e-10
3.887841805893278614e-10
3.886146053346223250e-10
3.884450845253014286e-10
3.882756148298642357e-10
3.881061929107300325e-10
3.879368154272782165e-10
3.877674790342197844e-10
3.875981803823573047e-10
3.874289160511645277e-10
3.872596819161638228e-10
3.870904745031966172e-10
3.869213367348406723e-10
3.867522726458969004e-10
3.865832804405510218e-10
3.864143583194060308e-10
3.862455044799164653e-10
3.860767171164969746e-10
3.859079944598237382e-10
3.857393349089610588e-10
3.855707363764824713e-10
3.854021970427974235e-10
3.852337150862525810e-10
3.850652886817204513e-10
3.848969160004908156e-10
3.847285952116821061e-10
3.845603244812642988e-10
3.843921019721674809e-10
3.842239258447161207e-10
3.840557942558690953e-10
3.838877053599796630e-10
3.837196573089040306e-10
3.835516483043308668e-10
3.833836764249419135e-10
3.832157397873089545e-10
3.830478361090183749e-10
3.828799745071308091e-10
3.827122420589338311e-10
3.825446458230491209e-10
3.823771808174247178e-10
3.822098439943550139e-10
3.820426323004888935e-10
3.818755426763954637e-10
3.817085720569983235e-10
3.815417173707070249e-10
3.813749755408284493e-10
3.812083436330014124e-10
3.810418184601196933e-10
3.808753968613503958e-10
3.807090757352470214e-10
3.805428519738490244e-10
3.803767224644188913e-10
3.802106840878136283e-10
3.800447337198961390e-10
3.798788682311009541e-10
3.797130844856742594e-10
3.795473793435195423e-10
3.793817496581348105e-10
3.792161922784582386e-10
3.790507039911102818e-10
3.788852815738088638e-10
3.787199215167852865e-10
3.785546473398759523e-10
3.783894687014588284e-10
3.782243828016878075e-10
3.780593868350712746e-10
3.778944779910149445e-10
3.777296538833147148e-10
3.775649113221501787e-10
3.774002473852111392e-10
3.772356592418183316e-10
3.770711440554298489e-10
3.769066989851610855e-10
3.767423211852419007e-10
3.765780078033881063e-10
3.764137559832985181e-10
3.762495628636778492e-10
3.760854255781281422e-10
3.759213412547144994e-10
3.757573070173764599e-10
3.755933199845166225e-10
3.754293772874571133e-10
3.752654764675793374e-10
3.751016141331274206e-10
3.749377873850246015e-10
3.747739932960751993e-10
3.746102276048979189e-10
3.744464913589516215e-10
3.742828460271753392e-10
3.741192925516088824e-10
3.739558287928219751e-10
3.737924527202774989e-10
3.736291622985528001e-10
3.734659554879910940e-10
3.733028302442671956e-10
3.731397845176275470e-10
3.729768162546272967e-10
3.728139244407035741e-10
3.726511059799468211e-10
3.724883587203329367e-10
3.723256805905034395e-10
3.721630695157342567e-10
3.720005234171757525e-10
3.718380402103327832e-10
3.716756178072360466e-10
3.715132541144878677e-10
3.713509470360849526e-10
3.711886947828356364e-10
3.710264959685506485e-10
3.708643473339264105e-10
3.707022467681944545e-10
3.705401921237819452e-10
3.703781809542298429e-10
3.702162183390836831e-10
3.700543878203489895e-10
3.698926985262688446e-10
3.697311473083870418e-10
3.695697310082591687e-10
3.694084464610353329e-10
3.692472911361167167e-10
3.690862629909152141e-10
3.689253569839924664e-10
3.687645700394153271e-10
3.686038987266693408e-10
3.684433398380204701e-10
3.682828901569407140e-10
3.681225464610394288e-10
3.679623078717887656e-10
3.678021700065376847e-10
3.676421281602983716e-10
3.674821790848411283e-10
3.673223195248793722e-10
3.671625462172010963e-10
3.670028558909945719e-10
3.668432452692597253e-10
3.666837112010432984e-10
3.665242513988290061e-10
3.663648612838929844e-10
3.662055376619635606e-10
3.660462747524751395e-10
3.658870909606512997e-10
3.657280082825842072e-10
3.655690244713618050e-10
3.654101368240887237e-10
3.652513426303784391e-10
3.650926416079555672e-10
3.649340302916726342e-10
3.647755039351776249e-10
3.646170598081076035e-10
3.644586951736941545e-10
3.643004072884376798e-10
3.641421940576376951e-10
3.639840525196825846e-10
3.638259793907325248e-10
3.636679719022088357e-10
3.635100272793444921e-10
3.633521427403155846e-10
3.631943155289201228e-10
3.630365447982233872e-10
3.628788256206742797e-10
3.627211551557138972e-10
3.625635305948107362e-10
3.624059491235706503e-10
3.622484079207597435e-10
3.620909040612450651e-10
3.619334353544610675e-10
3.617759953710430421e-10
3.616186261278990372e-10
3.614613648746315671e-10
3.613042079149530455e-10
3.611471530720859915e-10
3.609901981618703376e-10
3.608333442919112636e-10
3.606765893317895923e-10
3.605199272968329123e-10
3.603633559843161212e-10
3.602068731829372872e-10
3.600504774326812704e-10
3.598941674989189679e-10
3.597379392585841260e-10
3.595817904777927825e-10
3.594257189869329087e-10
3.592697226194323648e-10
3.591138023322047025e-10
3.589579530799031347e-10
3.588021717111401335e-10
3.586464559601129048e-10
3.584908035552645793e-10
3.583352122491402628e-10
3.581796813970664051e-10
3.580242069098497988e-10
3.578687865005169958e-10
3.577134180478770526e-10
3.575580976897513110e-10
3.574028486026858792e-10
3.572477359278054007e-10
3.570927653455762767e-10
3.569379301125481501e-10
3.567832242951838812e-10
3.566286449355631475e-10
3.564741899186833505e-10
3.563198588157030413e-10
3.561656455641069431e-10
3.560115465325308078e-10
3.558575587196273309e-10
3.557036833390720963e-10
3.555499155896865239e-10
3.553962496051367288e-10
3.552426827388738507e-10
3.550892122496782084e-10
3.549358367230244254e-10
3.547825509066361445e-10
3.546293512414550429e-10
3.544762346574106169e-10
3.543231980747698591e-10
3.541702429012183963e-10
3.540173618847759103e-10
3.538645512575002941e-10
3.537118078012350347e-10
3.535591283133487653e-10
3.534065113162384181e-10
3.532539494903947176e-10
3.531014624042329595e-10
3.529490685951033156e-10
3.527967657090462182e-10
3.526445528942414121e-10
3.524924325639262959e-10
3.523403957256756739e-10
3.521884400729739562e-10
3.520365633260131986e-10
3.518847651228294014e-10
3.517330419237978681e-10
3.515813906877270379e-10
3.514298087476573690e-10
3.512782969798367941e-10
3.511268500060507075e-10
3.509754650582632664e-10
3.508241410260465371e-10
3.506728754175602833e-10
3.505216649273597579e-10
3.503705066027358765e-10
3.502193980552046204e-10
3.500683377338798891e-10
3.499173244367028166e-10
3.497663536496557422e-10
3.496154227091447153e-10
3.494645291957439924e-10
3.493136715797381269e-10
3.491628468672709687e-10
3.490120490790984793e-10
3.488613073173784827e-10
3.487106706526466044e-10
3.485601449638305543e-10
3.484097286223099339e-10
3.482594130358391881e-10
3.481091962259935773e-10
3.479590802663029320e-10
3.478090603359379628e-10
3.476591328748632397e-10
3.475092968626532495e-10
3.473595568995282123e-10
3.472099034013160167e-10
3.470603344051170691e-10
3.469108486014992901e-10
3.467614448671695023e-10
3.466121185664602115e-10
3.464628677565025196e-10
3.463136943410810406e-10
3.461645950206136702e-10
3.460155643786700586e-10
3.458666003398204447e-10
3.457177027756838124e-10
3.455688689992156407e-10
3.454200952881264375e-10
3.452713794703071227e-10
3.451227228311963682e-10
3.449741214810393821e-10
3.448255710513531776e-10
3.446770721233536275e-10
3.445286803319446965e-10
3.443804195994766280e-10
3.442322849547542067e-10
3.440842713480336636e-10
3.439363809558210606e-10
3.437886161750686781e-10
3.436409638190105323e-10
3.434934213097123947e-10
3.433459910250729573e-10
3.431986667275662050e-10
3.430514440399694711e-10
3.429043259619472645e-10
3.427573075741453301e-10
3.426103837205866435e-10
3.424635519352157390e-10
3.423168112077038768e-10
3.421701551672042066e-10
3.420235811487114009e-10
3.418770923556167985e-10
3.417306822502053704e-10
3.415843454725561272e-10
3.414380796973713094e-10
3.412918850708369955e-10
3.411457560148116111e-10
3.409996889046078063e-10
3.408536839480236910e-10
3.407077381797020720e-10
3.405618452895938742e-10
3.404160013218267254e-10
3.402702358227079095e-10
3.401245622136176815e-10
3.399789752098722987e-10
3.398334724433441402e-10
3.396880620219050589e-10
3.395427322527315410e-10
3.393974800950662957e-10
3.392523064187517757e-10
3.391072084887566446e-10
3.389621819460432844e-10
3.388172288953546692e-10
3.386723455717885807e-10
3.385275295609676621e-10
3.383827778303314655e-10
3.382380879850990598e-10
3.380934570067151987e-10
3.379488853683168529e-10
3.378043711115642619e-10
3.376599089532393437e-10
3.375154973285593638e-10
3.373711370458633111e-10
3.372268222571109171e-10
3.370825509190083874e-10
3.369383245384177192e-10
3.367941381356754358e-10
3.366499886413081544e-10
3.365058748492400131e-10
3.363617947243197767e-10
3.362177423787714877e-10
3.360737397153193005e-10
3.359298494931721707e-10
3.357860761505676749e-10
3.356424073958242153e-10
3.354988463730553003e-10
3.353553897279065442e-10
3.352120318097675959e-10
3.350687809574875695e-10
3.349256303727895431e-10
3.347825721270465326e-10
3.346396096836689327e-10
3.344967373467194796e-10
3.343539516876379320e-10
3.342112615963075238e-10
3.340686543656132893e-10
3.339261287332957082e-10
3.337836864706328154e-10
3.336413200175841379e-10
3.334990282651331190e-10
3.333568182838981425e-10
3.332146776766700440e-10
3.330726047851895099e-10
3.329306023119719235e-10
3.327886632639160642e-10
3.326467855370932137e-10
3.325049751924987045e-10
3.323632217082633131e-10
3.322215228328608656e-10
3.320798802703661421e-10
3.319382867153836362e-10
3.317967663103841071e-10
3.316553685417165344e-10
3.315140998961778108e-10
3.313729437612101810e-10
3.312319034779770851e-10
3.310909753912837182e-10
3.309501527605024773e-10
3.308094469835333835e-10
3.306688459918009598e-10
3.305283438513880803e-10
3.303879426982508626e-10
3.302476361357576858e-10
3.301074257193544833e-10
3.299673091035499488e-10
3.298272813748524695e-10
3.296873406531994205e-10
3.295474813759200894e-10
3.294077010710420844e-10
3.292680064781073858e-10
3.291283843774539675e-10
