2.124726613982212334e-05
2.238222601583756292e-05
2.340280324189082455e-05
2.431639018938786201e-05
2.512981356484671617e-05
2.584934673604311918e-05
2.648089570745172500e-05
2.702987535431280962e-05
2.750149234293352898e-05
2.790053485006738649e-05
2.823156781937705617e-05
2.849894030150697672e-05
2.870674103758658519e-05
2.885887839458777662e-05
2.895910127639291680e-05
2.901091966677250031e-05
2.901775929210517307e-05
2.898286320216903990e-05
2.890932890939026712e-05
2.880017817342494320e-05
2.865828221350638793e-05
2.848638110244253657e-05
2.828712435973615436e-05
2.806304969279319714e-05
2.781658886104691877e-05
2.755005475901408762e-05
2.726567675242254159e-05
2.696556835283539321e-05
2.665173533943406765e-05
2.632611364338493314e-05
2.599049631505523998e-05
2.564659503912099158e-05
2.529602823393792632e-05
2.494030036842157037e-05
2.458084844470054554e-05
2.421897596381762297e-05
2.385592514713645490e-05
2.349282600013513316e-05
2.313073959985420018e-05
2.277062848316411880e-05
2.241336241961752740e-05
2.205977155533481301e-05
2.171055832967768825e-05
2.136640329808869621e-05
2.102785650898949635e-05
2.069545890873037355e-05
2.036964430620926051e-05
2.005077920505358522e-05
1.973923208939347865e-05
1.943524134419370025e-05
1.913902756467611153e-05
1.885076653640411831e-05
1.857057913776267243e-05
1.829854853473853596e-05
1.803469554991529210e-05
1.777902680935030286e-05
1.753151678467027548e-05
1.729208218331529812e-05
1.706062854423758847e-05
1.683703128744460124e-05
1.662114165563608617e-05
1.641277924467460700e-05
1.621176532830842921e-05
1.601785638393358473e-05
1.583085089363183234e-05
1.565053830690201826e-05
1.547660612302058508e-05
1.530881334232024133e-05
1.514690804271736315e-05
1.499061065405423636e-05
1.483960058163938755e-05
1.469366863844271572e-05
1.455247161377299660e-05
1.441572316678004309e-05
1.428317422567379850e-05
1.415449893959143846e-05
1.402949674243454011e-05
1.390780592634955246e-05
1.378922651277864316e-05
1.367344756716251311e-05
1.356028782603668848e-05
1.344942619093003186e-05
1.334067492377731346e-05
1.323379976395746267e-05
1.312859662303310469e-05
1.302485342943359104e-05
1.292236771913566804e-05
1.282099776089140569e-05
1.272053778028009246e-05
1.262084537276166577e-05
1.252179132877921949e-05
1.242321784780445849e-05
1.232502257273470016e-05
1.222709643423932724e-05
1.212934029680929140e-05
1.203167406963377313e-05
1.193401502215189426e-05
1.183630698446266083e-05
1.173849892999732302e-05
1.164053530652753269e-05
1.154240500146027310e-05
1.144406789708035056e-05
1.134552016018852784e-05
1.124674554704042844e-05
1.114774680671604160e-05
1.104854752743347875e-05
1.094914247360073539e-05
1.084957535181549908e-05
1.074985064769812074e-05
1.065002287748801843e-05
1.055011163525378798e-05
1.045016465803609020e-05
1.035023229583081096e-05
1.025036064724723813e-05
1.015059392324463491e-05
1.005100121120221751e-05
9.951625068857452747e-06
9.852530538816820692e-06
9.753777720943478840e-06
9.655407608187995984e-06
9.557505037519517421e-06
9.460101901703999868e-06
9.363287739487437272e-06
9.267091598423910325e-06
9.171592722773041291e-06
9.076831387040438728e-06
8.982859536523209466e-06
8.889757453366836128e-06
8.797533499660399102e-06
8.706283723087246415e-06
8.616006572365149851e-06
8.526775995378475174e-06
8.438623837531582575e-06
8.351571004681094179e-06
8.265695587732097027e-06
8.180999920879287779e-06
8.097497779277440207e-06
8.015266133463957228e-06
7.934275951940860590e-06
7.854563832759366124e-06
7.776173521039796317e-06
7.699076215851369246e-06
7.623296847581598684e-06
7.548881052394086454e-06
7.475802232991342913e-06
7.404045250113452649e-06
7.333632999399835475e-06
7.264568263899042933e-06
7.196820364404637839e-06
7.130408701383004226e-06
7.065319234371241021e-06
7.001529383841735789e-06
6.939028328720227272e-06
6.877782315441553129e-06
6.817795243284235431e-06
6.759071458801485254e-06
6.701548670003202491e-06
6.645218383513291597e-06
6.590033863075555472e-06
6.536018415839619045e-06
6.483128551004218797e-06
6.431326564196357439e-06
6.380571803589308609e-06
6.330866033604370449e-06
6.282187075272972869e-06
6.234478306553546257e-06
6.187717340613963224e-06
6.141871016994933700e-06
6.096953344608841755e-06
6.052895600997365437e-06
6.009642441006407096e-06
5.967232741018912858e-06
5.925603754326643354e-06
5.884717744806778293e-06
5.844544736554119826e-06
5.805105079165517030e-06
5.766317848795163730e-06
5.728170755684585964e-06
5.690660391260421543e-06
5.653741902692343058e-06
5.617400631224057216e-06
5.581582565973684089e-06
5.546309142880697500e-06
5.511538976861324527e-06
5.477219463836021338e-06
5.443384371665304149e-06
5.409988246818453006e-06
5.376982893572343580e-06
5.344401381229721958e-06
5.312200414508881044e-06
5.280335619075329826e-06
5.248833003653220809e-06
5.217659820866877631e-06
5.186781360748956039e-06
5.156205391048493949e-06
5.125922483705500357e-06
5.095896530229810735e-06
5.066123037450834242e-06
5.036597673882466570e-06
5.007308333745516847e-06
4.978218787716801319e-06
4.949347303656811743e-06
4.920672806117812109e-06
4.892175667781817626e-06
4.863865075777200770e-06
4.835726773378367663e-06
4.807747666504326433e-06
4.779922441882125684e-06
4.752253569601209411e-06
4.724720246410483830e-06
4.697316129534624609e-06
4.670056896784125399e-06
4.642910422662214545e-06
4.615883330685599923e-06
4.588973878950020218e-06
4.562184948635165604e-06
4.535512316061727761e-06
4.508940879823608985e-06
4.482490318167264120e-06
4.456125431997493126e-06
4.429867390101674669e-06
4.403710398679963003e-06
4.377658669669291052e-06
4.351720967920766868e-06
4.325876843129495579e-06
4.300147222887979483e-06
4.274501236630766951e-06
4.248968582211889587e-06
4.223535396468390116e-06
4.198220985290828010e-06
4.173017380733802059e-06
4.147919574259096140e-06
4.122935892928077185e-06
4.098059510814164330e-06
4.073318247151946112e-06
4.048696931758155337e-06
4.024200773817887914e-06
3.999826474789881428e-06
3.975584988793640930e-06
3.951482397972961101e-06
3.927517204074683135e-06
3.903698664166711139e-06
3.880026167913779847e-06
3.856496277190585157e-06
3.833127015827447895e-06
3.809916977356652333e-06
3.786869392445207339e-06
3.763978778916963749e-06
3.741269328578913761e-06
3.718727362105546672e-06
3.696366581605314827e-06
3.674175360687001205e-06
3.652182251855179330e-06
3.630367206603736125e-06
3.608749496587366358e-06
3.587315102129719163e-06
3.566090421625488010e-06
3.545055493612099853e-06
3.524229689919469600e-06
3.503602338096468599e-06
3.483185922169127837e-06
3.462974511067971533e-06
3.442975095025866988e-06
3.423189239587658471e-06
3.403607246131041646e-06
3.384253774342896478e-06
3.365099986245993964e-06
3.346175836129780535e-06
3.327448787484868924e-06
3.308969707883539127e-06
3.290672685440673990e-06
3.272623878904653870e-06
3.254762623937495002e-06
3.237147892709318071e-06
3.219713874418626123e-06
3.202512709549007880e-06
3.185510655892064648e-06
3.168726599751712806e-06
3.152143821734828926e-06
3.135758743069676145e-06
3.119591132826875867e-06
3.103607268245122360e-06
3.087850042825277276e-06
3.072258378527410784e-06
3.056885800490543524e-06
3.041685836658875488e-06
3.026683950768424666e-06
3.011855494483039634e-06
2.997200900142799756e-06
2.982734305371297396e-06
2.968428024302203824e-06
2.954309227551240086e-06
2.940332499671049866e-06
2.926537156632063138e-06
2.912888233357448409e-06
2.899399810614071446e-06
2.886056627981704082e-06
2.872841798482453078e-06
2.859793962259276824e-06
2.846873960945714184e-06
2.834087661027413931e-06
2.821428343633357667e-06
2.808887676414681167e-06
2.796477153628976869e-06
2.784182091055218821e-06
2.771997544253985666e-06
2.759920775828275944e-06
2.747950292998373052e-06
2.736080107162714067e-06
2.724315534037029876e-06
2.712636673156576606e-06
2.701045559690137716e-06
2.689549314986696179e-06
2.678133279673530474e-06
2.666806103001328400e-06
2.655546622082253418e-06
2.644359826432586291e-06
2.633248889591050529e-06
2.622205900973517707e-06
2.611236478822534700e-06
2.600320495849539135e-06
2.589465241538643452e-06
2.578670990826016776e-06
2.567933230737310903e-06
2.557258401741686864e-06
2.546624255095822613e-06
2.536043529031157452e-06
2.525511495426021664e-06
2.515027091455766166e-06
2.504597694402009480e-06
2.494198915005400856e-06
2.483851670138975945e-06
2.473542371022219134e-06
2.463275828283431384e-06
2.453056149468685277e-06
2.442866711168153395e-06
2.432722001090582651e-06
2.422613617935334071e-06
2.412542422654350872e-06
2.402511728793882959e-06
2.392518329707981755e-06
2.382560935588418249e-06
2.372638600480888344e-06
2.362756365560835826e-06
2.352909284092765950e-06
2.343102117050235420e-06
2.333331898449356537e-06
2.323598078709138621e-06
2.313903175118200235e-06
2.304243711452690572e-06
2.294625590760255578e-06
2.285050987940278275e-06
2.275512282354212177e-06
2.266011206811302325e-06
2.256559707514698062e-06
2.247143699462326532e-06
2.237771044763319816e-06
2.228447228751512965e-06
2.219163106690129058e-06
2.209925622319032197e-06
2.200731081193411018e-06
2.191581849480501910e-06
2.182486849416317867e-06
2.173435926157958837e-06
2.164428848772003208e-06
2.155481722217072020e-06
2.146576264666169597e-06
2.137717307360768781e-06
2.128924408362337491e-06
2.120174731493846858e-06
2.111470618011400176e-06
2.102838143261764086e-06
2.094245711892737265e-06
2.085704745126019817e-06
2.077233081178384112e-06
2.068807856392267429e-06
2.060431725318919755e-06
2.052127970774858793e-06
2.043867444854262469e-06
2.035663980686968751e-06
2.027526951152922589e-06
2.019440780589409789e-06
2.011406427109257131e-06
2.003442600565082050e-06
1.995525291066618447e-06
1.987666930849052424e-06
1.979873144338536917e-06
1.972131789525444338e-06
1.964441376824102861e-06
1.956823422467151053e-06
1.949250888839737723e-06
1.941735000885276792e-06
1.934284725495495872e-06
1.926885073969188319e-06
1.919532388350282181e-06
1.912254226470761077e-06
1.905018565950956138e-06
1.897836451385889625e-06
1.890718504432400743e-06
1.883649859145839778e-06
1.876623953273009649e-06
1.869668666545084883e-06
1.862755017261418894e-06
1.855894261300688784e-06
1.849089729784104030e-06
1.842332090797091744e-06
1.835618966549069444e-06
1.828963332896161868e-06
1.822354615843427891e-06
1.815792281268588111e-06
1.809279454869680481e-06
1.802811617742670889e-06
1.796388729880181531e-06
1.790006815393615429e-06
1.783677769381098653e-06
1.777387907521933854e-06
1.771141962443053328e-06
1.764939362816562514e-06
1.758778131920052455e-06
1.752651306681095527e-06
1.746571776680714467e-06
1.740529738872551494e-06
1.734526981961407609e-06
1.728563248304657149e-06
1.722634598135518459e-06
1.716742477438525941e-06
1.710884072986826450e-06
1.705065221174344510e-06
1.699279300552752587e-06
1.693529692264092054e-06
1.687812120877427333e-06
1.682125579913048040e-06
1.676469661979277360e-06
1.670845996531861242e-06
1.665253617112559618e-06
1.659692136132224834e-06
1.654161432229162054e-06
1.648658204418291753e-06
1.643183900507217344e-06
1.637734001193026311e-06
1.632315057167487753e-06
1.626922965629787652e-06
1.621557429469344887e-06
1.616219629856504927e-06
1.610906007565282033e-06
1.605617616277472834e-06
1.600350746943416839e-06
1.595112413796575207e-06
1.589897117669423731e-06
1.584705780228941410e-06
1.579538995747567749e-06
1.574394671533114234e-06
1.569272774720469575e-06
1.564170076539788125e-06
1.559093721728220713e-06
1.554037941430967776e-06
1.549003784492473931e-06
1.543992149126889516e-06
1.539002686179652941e-06
1.534033240089249248e-06
1.529081669432318626e-06
1.524154889885814244e-06
1.519247997029498070e-06
1.514360438044013648e-06
1.509493691313974991e-06
1.504650352739561483e-06
1.499824719604826005e-06
1.495017657749790680e-06
1.490231063617760467e-06
1.485468134708252774e-06
1.480721507030559520e-06
1.475994667789688988e-06
1.471291269862215363e-06
1.466605690363109218e-06
1.461939874752783955e-06
1.457288951035698046e-06
1.452667520637556195e-06
1.448059159456368148e-06
1.443471788522000116e-06
1.438904316615850432e-06
1.434359566724296445e-06
1.429832958178857964e-06
1.425322149000467900e-06
1.420836058583693107e-06
1.416370014052872612e-06
1.411920638154386251e-06
1.407490859177016815e-06
1.403086086609395196e-06
1.398698209145963271e-06
1.394330423861144375e-06
1.389977277460145863e-06
1.385655213146937963e-06
1.381345596108144962e-06
1.377056638854769697e-06
1.372787288613299561e-06
1.368543076441551591e-06
1.364315597874096437e-06
1.360106346501832982e-06
1.355916495249368007e-06
1.351753235528364117e-06
1.347603970474555104e-06
1.343475383176391320e-06
1.339368376466195387e-06
1.335282480646706822e-06
1.331215821483655138e-06
1.327164955197219560e-06
1.323138272572357957e-06
1.319132621163383615e-06
1.315143270864801541e-06
1.311174237063085821e-06
1.307227145860070326e-06
1.303298999864224698e-06
1.299390594586012520e-06
1.295497310156342916e-06
1.291628562943399360e-06
1.287778900376316504e-06
1.283946234400887674e-06
1.280132986495272494e-06
1.276340858757397745e-06
1.272566817122488495e-06
1.268812005213041979e-06
1.265071903464952484e-06
1.261354762784104029e-06
1.257656310583696500e-06
1.253974225128104388e-06
1.250311237775651275e-06
1.246667306631632310e-06
1.243041190294332641e-06
1.239432921527420771e-06
1.235839508773972593e-06
1.232265789688082272e-06
1.228711682105701039e-06
1.225172307459486955e-06
1.221651138761098367e-06
1.218146898383169445e-06
1.214660755416604087e-06
1.211190091968266544e-06
1.207735185574950021e-06
1.204294956232917303e-06
1.200875988184510188e-06
1.197470242979708396e-06
1.194080541774355786e-06
1.190707153657267175e-06
1.187350975086630497e-06
1.184008029663310253e-06
1.180681030572273445e-06
1.177366469965302427e-06
1.174070687228573305e-06
1.170789354099725639e-06
1.167521727488412094e-06
1.164269435519711038e-06
1.161031928584595002e-06
1.157808658004682205e-06
1.154599177551168158e-06
1.151402314403715838e-06
1.148218351520796349e-06
1.145052557897761973e-06
1.141897784743339845e-06
1.138756533988795330e-06
1.135629191367712767e-06
1.132516190771364135e-06
1.129414214746327122e-06
1.126326336241747595e-06
1.123248154705598221e-06
1.120185310420181660e-06
1.117136158099479092e-06
1.114097481099048563e-06
1.111071801065821373e-06
1.108058292188477254e-06
1.105058931502509718e-06
1.102069517205364478e-06
1.099092418194540400e-06
1.096124423453494188e-06
1.093171886510379332e-06
1.090230898661918149e-06
1.087299917326022523e-06
1.084381087104469284e-06
1.081473305709704323e-06
1.078579079157290585e-06
1.075694159702983154e-06
1.072820489888203640e-06
1.069955248986182885e-06
1.067105309323416245e-06
1.064265800534551215e-06
1.061435471064584293e-06
1.058616611014535642e-06
1.055808064463667259e-06
1.053012801256823010e-06
1.050226015138266004e-06
1.047450107526901600e-06
1.044681837411500466e-06
1.041927763349263181e-06
1.039184347606818014e-06
1.036449060342761647e-06
1.033724665937642976e-06
1.031010190452184588e-06
1.028308944523935838e-06
1.025615356729163426e-06
1.022932740216922334e-06
1.020257414496421971e-06
1.017593855357518263e-06
1.014943206168947965e-06
1.012299352878634698e-06
1.009665967041690269e-06
1.007042289166001347e-06
1.004430357587862861e-06
1.001827377020198327e-06
9.992341834207768661e-07
9.966495227593741236e-07
9.940727192639038847e-07
9.915113868358455091e-07
9.889566838857752492e-07
9.864109891750282850e-07
9.838752252119626194e-07
9.813489836667277433e-07
9.788343910077767990e-07
9.763274824840431514e-07
9.738303280431866144e-07
9.713400977594594771e-07
9.688620189160765313e-07
9.663944852940207831e-07
9.639337136647955015e-07
9.614829128241082977e-07
9.590411631870295074e-07
9.566102912717531944e-07
9.541879609558310021e-07
9.517745483964939381e-07
9.493696076093171086e-07
9.469715891691814464e-07
9.445875111801498662e-07
9.422108447697784690e-07
9.398418476499802151e-07
9.374822488841875211e-07
9.351315436236114063e-07
9.327919553391298911e-07
9.304590451459431532e-07
9.281358752003773600e-07
9.258197873747976626e-07
9.235115143868282758e-07
9.212164562492472218e-07
9.189275995464989435e-07
9.166467866484697173e-07
9.143750411255066421e-07
9.121115124284169415e-07
9.098586412770371233e-07
9.076120602798750586e-07
9.053749042888749370e-07
9.031441947895459787e-07
9.009213819147240916e-07
8.987107989542702449e-07
8.965061318450323808e-07
8.943092832143018358e-07
8.921209680601548387e-07
8.899404845560573791e-07
8.877701150586074883e-07
8.856056336752526949e-07
8.834501902320609158e-07
8.813010689568559502e-07
8.791588608719165910e-07
8.770284764146758746e-07
8.749042149704954299e-07
8.727868339133238849e-07
8.706775929412642097e-07
8.685760906462179697e-07
8.664836511734146134e-07
8.643973532254601241e-07
8.623189621155889235e-07
8.602472938844725093e-07
8.581814148874189684e-07
8.561264306636611113e-07
8.540783518375398611e-07
8.520360704631833801e-07
8.500016148091906316e-07
8.479743871472171001e-07
8.459549915830665915e-07
8.439427849257434435e-07
8.419371023947480086e-07
8.399386158192493081e-07
8.379451721929237367e-07
8.359598203050811090e-07
8.339839569361225073e-07
8.320128693888481844e-07
8.300485350816317191e-07
8.280912644968510293e-07
8.261403800584991262e-07
8.241982802909474425e-07
8.222609649754987371e-07
8.203310252493390771e-07
8.184067176911923150e-07
8.164874354892808401e-07
8.145780794129506893e-07
8.126748484649338378e-07
8.107766439573862095e-07
8.088853428048922937e-07
8.070004088715265570e-07
8.051220164825723053e-07
8.032510118752158088e-07
8.013849593670684337e-07
7.995258160014703198e-07
7.976713102612194644e-07
7.958222779183624286e-07
7.939831240703170984e-07
7.921486881682435219e-07
7.903192001297749323e-07
7.884963462107808994e-07
7.866794707630263211e-07
7.848692905148956370e-07
7.830652547624654154e-07
7.812664576090172378e-07
7.794738506627207161e-07
7.776855204364645093e-07
7.759028816642647585e-07
7.741294336342136615e-07
7.723601444302025895e-07
7.705957902721339575e-07
7.688375911149489793e-07
7.670851085821191687e-07
7.653390697877381599e-07
7.635988122830768363e-07
7.618634678329791859e-07
7.601341352063715134e-07
7.584089006746057388e-07
7.566887431623569736e-07
7.549775869184509334e-07
7.532706141656021130e-07
7.515679327160380994e-07
7.498714332569614611e-07
7.481802449629947274e-07
7.464947679444177450e-07
7.448156251382972730e-07
7.431405414115270660e-07
7.414715405584663015e-07
7.398066980966954199e-07
7.381458977981109923e-07
7.364937034174063867e-07
7.348462730007559494e-07
7.332027608280499667e-07
7.315647783448957641e-07
7.299319885903266793e-07
7.283041318954130671e-07
7.266832519128150944e-07
7.250660016284070394e-07
7.234541381763090727e-07
7.218470301620792728e-07
7.202437296586791012e-07
7.186465287054630348e-07
7.170564806868503146e-07
7.154696070454443143e-07
7.138874031410981111e-07
7.123103936409164263e-07
7.107384482866797356e-07
7.091720756771824594e-07
7.076107485031329467e-07
7.060535358822466591e-07
7.045017455835780322e-07
7.029536691027512901e-07
7.014093567726717382e-07
6.998728923512698456e-07
6.983408178590750997e-07
6.968122960351581883e-07
6.952886850802164242e-07
6.937699506390646288e-07
6.922556960500011332e-07
6.907474848337685105e-07
6.892431867498800280e-07
6.877431956633886725e-07
6.862481681579768516e-07
6.847564372932443327e-07
6.832690203723626138e-07
6.817890216104806413e-07
6.803126786362186312e-07
6.788398120393427370e-07
6.773718366763659459e-07
6.759083358559996553e-07
6.744490588320175198e-07
6.729958454846377558e-07
6.715458977359109005e-07
6.701003145664791437e-07
6.686593423481571720e-07
6.672214322327665282e-07
6.657878660215972982e-07
6.643612514426169471e-07
6.629380330826791415e-07
6.615181759404607947e-07
6.601029750624067739e-07
6.586920249453690395e-07
6.572850701837888796e-07
6.558838584802387096e-07
6.544858568569005456e-07
6.530918799969185180e-07
6.517023716153204841e-07
6.503158581750990470e-07
6.489330225955832546e-07
6.475570727938746180e-07
6.461845652128214444e-07
6.448151159581132062e-07
6.434499046894332862e-07
6.420888613480936940e-07
6.407317872474024069e-07
6.393795666954579490e-07
6.380310566610397277e-07
6.366861019746204185e-07
6.353455310780711025e-07
6.340079598317768833e-07
6.326733997981027738e-07
6.313447440668745127e-07
6.300205840035284484e-07
6.286990468938900077e-07
6.273811880172387800e-07
6.260673731597184849e-07
6.247575041767332548e-07
6.234515133327258940e-07
6.221503831274170045e-07
6.208517315177004857e-07
6.195572769577516833e-07
6.182663552452397580e-07
6.169780816230328446e-07
6.156937073685088074e-07
6.144153216473244815e-07
6.131397808712643290e-07
6.118670465418656280e-07
6.105982178664895247e-07
6.093330295266395522e-07
6.080714356864936105e-07
6.068142514784517291e-07
6.055604817789160154e-07
6.043097277280495990e-07
6.030630395091542186e-07
6.018191601194651516e-07
6.005778836500692447e-07
5.993412396951720232e-07
5.981097688297922326e-07
5.968804765068047615e-07
5.956540711029550688e-07
5.944316502050185144e-07
5.932126183152165584e-07
5.919967152859824127e-07
5.907854985172450491e-07
5.895770475889125715e-07
5.883716808312872664e-07
5.871700819991161898e-07
5.859710072376876611e-07
5.847744739149252198e-07
5.835826948233213389e-07
5.823953867675374415e-07
5.812101628888310121e-07
5.800277830736939223e-07
5.788491986848626936e-07
5.776737729764100651e-07
5.765013629761466804e-07
5.753334188855022341e-07
5.741680769935424042e-07
5.730057051254733243e-07
5.718469143436109896e-07
5.706905451922259766e-07
5.695365823857723072e-07
5.683868214534101509e-07
5.672417652289006345e-07
5.660986921856592328e-07
5.649582142636604232e-07
5.638212594502948279e-07
5.626873453321510220e-07
5.615564521025811438e-07
5.604294407892213900e-07
5.593053819805805261e-07
5.581837528318128680e-07
5.570657291437843885e-07
5.559501639259725080e-07
5.548368850114450432e-07
5.537269213029073700e-07
5.526219421981452377e-07
5.515192740123343530e-07
5.504187865759924807e-07
5.493213301004521306e-07
5.482269419897935748e-07
5.471356571811718603e-07
5.460473474819155380e-07
5.449629231569025231e-07
5.438803512447436848e-07
5.428008191719804278e-07
5.417244302238409887e-07
5.406501045023772732e-07
5.395780001349821275e-07
5.385104392112878956e-07
5.374463123779610307e-07
5.363840099452512616e-07
5.353241708096122933e-07
5.342676078936994141e-07
5.332137462358414261e-07
5.321625755235180757e-07
5.311149618694431551e-07
5.300700483161802434e-07
5.290272769766171148e-07
5.279877397416243116e-07
5.269506369755078023e-07
5.259155281808003647e-07
5.248829752601380235e-07
5.238551859668342540e-07
5.228297485022249088e-07
5.218062231760281064e-07
5.207852055131856746e-07
5.197672282568538521e-07
5.187519168920344032e-07
5.177390270877697063e-07
5.167298421818940832e-07
5.157228150212637653e-07
5.147180394295954434e-07
5.137163444603126928e-07
5.127167225541404637e-07
5.117191064447936949e-07
5.107241155982881248e-07
5.097336432373718040e-07
5.087452579055246482e-07
5.077587253588502949e-07
5.067745813517335800e-07
5.057933099322536376e-07
5.048145991411141394e-07
5.038381669489650062e-07
5.028652326612584697e-07
5.018944478323003851e-07
5.009257083372993404e-07
4.999598971032772269e-07
4.989961983996169962e-07
4.980343256321703734e-07
4.970746997256383980e-07
4.961194448939107347e-07
4.951664187595084862e-07
4.942150561394117234e-07
4.932658511642821527e-07
4.923195333921681587e-07
4.913755093674188161e-07
4.904337969542766198e-07
4.894950672971585685e-07
4.885588932976369319e-07
4.876243711127623152e-07
4.866925245634976907e-07
4.857631502589682749e-07
4.848354271824096839e-07
4.839095043519630452e-07
4.829870966027654402e-07
4.820679589847258082e-07
4.811503164027926730e-07
4.802344999995733846e-07
4.793211710032014067e-07
4.784101797197727267e-07
4.775016292901282272e-07
4.765952474426050325e-07
4.756921102785801606e-07
4.747904581410299258e-07
4.738909418375126038e-07
4.729940211893503807e-07
4.720988369180512717e-07
4.712053517141168209e-07
4.703141240637815397e-07
4.694268722134912373e-07
4.685415089712393735e-07
4.676576459466168908e-07
4.667756994613413291e-07
4.658963997210548188e-07
4.650191413440254740e-07
4.641440412607640891e-07
4.632714537039696865e-07
4.624015058902564741e-07
4.615329255951429778e-07
4.606666189337656492e-07
4.598027070157105559e-07
4.589402944267737519e-07
4.580794285019038930e-07
4.572211495317143443e-07
4.563664810006842400e-07
4.555133793103158761e-07
4.546617870041409787e-07
4.538121189923813843e-07
4.529648959935442059e-07
4.521196711940281157e-07
4.512764124571860427e-07
4.504357010439832163e-07
4.495973228402242078e-07
4.487602680165697866e-07
4.479254526746113251e-07
4.470928953764299997e-07
4.462617408199035797e-07
4.454320517598924882e-07
4.446048345677292954e-07
4.437810923239017575e-07
4.429588625486058147e-07
4.421380384720996800e-07
4.413189783346387712e-07
4.405023420999216504e-07
4.396875415466116050e-07
4.388746846948404588e-07
4.380640584456100538e-07
4.372559319978336068e-07
4.364490067425568476e-07
4.356440548538927400e-07
4.348413181738296479e-07
4.340400102335677709e-07
4.332401621249496275e-07
4.324422306481108753e-07
4.316477927376937140e-07
4.308550920205576670e-07
4.300636230100714743e-07
4.292738065458199521e-07
4.284860776509863818e-07
4.277001921468567261e-07
4.269163384349248605e-07
4.261341944547512751e-07
4.253547527713120265e-07
4.245766475953998609e-07
4.238001191204811505e-07
4.230257639708194336e-07
4.222531509684221959e-07
4.214818226012808212e-07
4.207118789432781211e-07
4.199445122343261022e-07
4.191800601806639532e-07
4.184167881297970582e-07
4.176548423360456833e-07
4.168946338891636719e-07
4.161364896612670697e-07
4.153800803268936024e-07
4.146253724349016501e-07
4.138727588481665803e-07
4.131223803875781764e-07
4.123730764632669561e-07
4.116255449730637964e-07
4.108800465318965018e-07
4.101358671106258195e-07
4.093930855772941497e-07
4.086517578368489286e-07
4.079135038282027227e-07
4.071772636291442515e-07
4.064421313995580735e-07
4.057083321572300497e-07
4.049763124300943525e-07
4.042461488529380769e-07
4.035177652038762198e-07
4.027908882375180051e-07
4.020661920119467150e-07
4.013433875693686355e-07
4.006216456221873450e-07
3.999016639984964390e-07
3.991835781469004086e-07
3.984667045288997093e-07
3.977511459966452196e-07
3.970370102191524310e-07
3.963259092869595545e-07
3.956166220269967070e-07
3.949083880725837450e-07
3.942014297753803309e-07
3.934961501964432261e-07
3.927926441108712340e-07
3.920908161555923368e-07
3.913904457782619045e-07
3.906920663148321839e-07
3.899956303341368703e-07
3.893001705031043840e-07
3.886063175374914975e-07
3.879143120554139629e-07
3.872235640571576844e-07
3.865340335793534094e-07
3.858457664442072363e-07
3.851599469324913770e-07
3.844764353389378491e-07
3.837939310348740835e-07
3.831125725940379239e-07
3.824326479015882059e-07
3.817546131887032625e-07
3.810779502873451245e-07
3.804028774831453156e-07
3.797293769948599819e-07
3.790580756726681042e-07
3.783877421502523724e-07
3.777187348360360080e-07
3.770515113387640841e-07
3.763858181853835576e-07
3.757211300115545369e-07
3.750574776462005135e-07
3.743956867577049440e-07
3.737366309453617344e-07
3.730787763491716075e-07
3.724218778930102944e-07
3.717662465708583189e-07
3.711122148865261531e-07
3.704596960568031997e-07
3.698087831537067609e-07
3.691591278143543776e-07
3.685113774685645722e-07
3.678652896527803222e-07
3.672200852276626231e-07
3.665763268288804003e-07
3.659342613822767093e-07
3.652933884127330745e-07
3.646535916803881909e-07
3.640148617494591386e-07
3.633781626618445112e-07
3.627438633894001189e-07
3.621105425792726097e-07
3.614781861417994720e-07
3.608470508982279341e-07
3.602175540511686251e-07
3.595893590961844657e-07
3.589627624895395087e-07
3.583372906618786200e-07
3.577138429554204532e-07
3.570917451657567844e-07
3.564705310979654308e-07
3.558507784142756784e-07
3.552325855185972375e-07
3.546154567063911888e-07
3.539993942418560096e-07
3.533843786276220369e-07
3.527713182483552134e-07
3.521605068466854328e-07
3.515506289253461159e-07
3.509416709637326609e-07
3.503338793736661793e-07
3.497276264199912944e-07
3.491226236824414004e-07
3.485191618991517056e-07
3.479167775733705412e-07
3.473162339990921525e-07
3.467171101926514192e-07
3.461187770819007694e-07
3.455217561801924458e-07
3.449262825734265004e-07
3.443319470811989958e-07
3.437385554289172406e-07
3.431460585528648034e-07
3.425552811195439828e-07
3.419668793007780035e-07
3.413794453214610757e-07
3.407928266534110661e-07
3.402072782741809382e-07
3.396231024217863518e-07
3.390402989645242715e-07
3.384588093810524840e-07
3.378784514402527309e-07
3.372994852409715238e-07
3.367223145319557922e-07
3.361458810107224210e-07
3.355705513731867488e-07
3.349966539020552584e-07
3.344241247581487812e-07
3.338523392703970600e-07
3.332814778520585938e-07
3.327117706771740764e-07
3.321443183199299574e-07
3.315783611720793942e-07
3.310131896588811728e-07
3.304489087915096269e-07
3.298857094828954386e-07
3.293239990227167762e-07
3.287633374162787049e-07
3.282040781500706904e-07
3.276457803384885971e-07
3.270891957936773270e-07
3.265338921569387239e-07
3.259792870373179612e-07
3.254258443372319620e-07
3.248738228351352221e-07
3.243229133813767571e-07
3.237728045686716104e-07
3.232234675471358321e-07
3.226755447538316462e-07
3.221298141534909994e-07
3.215851867487131914e-07
3.210413032144424146e-07
3.204983135682075014e-07
3.199564110864839881e-07
3.194159607045286471e-07
3.188764659657696507e-07
3.183382885360489438e-07
3.178010429695669253e-07
3.172655188381862461e-07
3.167310991294173906e-07
3.161973602240363413e-07
3.156647440384334441e-07
3.151334762947448073e-07
3.146032575186538716e-07
3.140738100010015200e-07
3.135450776128530412e-07
3.130176983348873868e-07
3.124924268477954623e-07
3.119682380540350585e-07
3.114447636837553901e-07
3.109221154754041007e-07
3.104004496072824033e-07
3.098801950689408441e-07
3.093608615952690385e-07
3.088428200142419759e-07
3.083256372243506101e-07
3.078099549693448159e-07
3.072955275620507560e-07
3.067816937892639223e-07
3.062688696002985254e-07
3.057573460469937194e-07
3.052469601622115681e-07
3.047371977775242698e-07
3.042282298748384446e-07
3.037202492560211867e-07
3.032141093826927707e-07
3.027094783399370869e-07
3.022055293923632753e-07
3.017023081724578829e-07
3.011999969063893196e-07
3.006988388372707928e-07
3.001987601822433770e-07
2.996997813606615103e-07
2.992017149544048053e-07
2.987047639310539181e-07
2.982093284633256117e-07
2.977146607624602017e-07
2.972207361052070841e-07
2.967279656545566882e-07
2.962363206385415073e-07
2.957454974581227543e-07
2.952554411841614178e-07
2.947660453131858116e-07
2.942779332683643154e-07
2.937917631230667687e-07
2.933064867916791147e-07
2.928218525677625770e-07
2.923379876001951977e-07
2.918550184233008518e-07
2.913733007204918904e-07
2.908924297098211830e-07
2.904127453139537373e-07
2.899338739471817520e-07
2.894561917669215234e-07
2.889798386300228735e-07
2.885040354263853164e-07
2.880290890000414481e-07
2.875552827707671068e-07
2.870825413510312121e-07
2.866104552173761891e-07
2.861391803629736125e-07
2.856685529960936776e-07
2.851992189059685551e-07
2.847317428018938223e-07
2.837634133010836188e-07
2.832982793858913293e-07
2.828338756948435464e-07
2.823703367004769322e-07
2.819080253048674305e-07
2.814464939839701229e-07
2.809861032042600649e-07
2.785450016819529896e-07
2.780903488843168121e-07
2.776369839525466282e-07
2.771841717250211208e-07
2.767321447347942118e-07
2.762811929159127326e-07
2.758312419057607632e-07
2.753819894920459756e-07
2.739573588321470820e-07
2.735112960386904085e-07
2.730664007979840353e-07
2.726232872331928035e-07
2.721809903904971547e-07
2.717392635270343256e-07
2.712982073240309269e-07
2.689316627808310826e-07
2.684961836498837256e-07
2.680615911329550895e-07
2.676279782118639495e-07
2.671951259504575311e-07
2.667630582143761673e-07
2.663323216127001494e-07
2.659023234829507917e-07
2.645247302909466005e-07
2.640980145277408450e-07
2.636723398050002532e-07
2.632475288089504627e-07
2.628232320490646397e-07
2.623995038312561290e-07
2.619766186032895631e-07
2.596855500920840443e-07
2.592690738617640584e-07
2.588531388082744330e-07
2.584377309009802650e-07
2.580230418956629585e-07
2.576090696630775607e-07
2.571961269592131200e-07
2.558626559154752331e-07
2.554531853979255310e-07
2.550443332203089096e-07
2.546364776693607334e-07
2.542297352821185231e-07
2.538234433443189209e-07
2.534178166815962101e-07
2.530131721713582385e-07
2.507979226545486029e-07
2.503982723783584446e-07
2.499991884385982736e-07
2.496005713443292345e-07
2.492029467691588300e-07
2.488067747087974481e-07
2.484115489924864932e-07
2.471250231065109670e-07
2.467325372585630320e-07
2.463407415718482040e-07
2.459496681189143355e-07
2.455595306319238206e-07
2.451700839576035704e-07
2.447815341499158367e-07
2.443935369030118680e-07
2.422452830113030497e-07
2.418626009121626124e-07
2.414803237901256966e-07
2.410987165745830091e-07
2.407180480512650949e-07
2.403381325517728197e-07
2.399588064632803254e-07
2.386906756386083032e-07
2.383139796541685238e-07
2.379381908557742451e-07
2.375637754007287992e-07
2.371903286263525885e-07
2.368173801724336182e-07
2.364448553355946133e-07
2.342769865401482282e-07
2.339090839841993620e-07
2.335421107422958838e-07
2.331757590397859802e-07
2.328102817238500493e-07
2.324453868532114026e-07
2.320811811384095182e-07
2.317180382858755682e-07
2.304504063606025118e-07
2.300899304011815137e-07
2.297302649919346464e-07
2.293714098386026642e-07
2.290132124341845513e-07
2.286554271411055433e-07
2.282981008949223796e-07
2.261142436511738799e-07
2.257619878349513848e-07
2.254110682259774991e-07
2.250606258274357505e-07
2.247105746959804727e-07
2.243610958756079547e-07
2.240120983981877988e-07
2.227416926109808176e-07
2.223958872040733340e-07
2.220508149505196951e-07
2.217063835575570286e-07
2.213624905005132752e-07
2.210196217463624774e-07
2.206774438221878863e-07
2.184739708437624986e-07
2.181360827636361164e-07
2.177990686875530401e-07
2.174627222730304203e-07
2.171268851902663002e-07
2.167915023462631447e-07
2.164564846963488547e-07
2.161221432188920778e-07
2.148514078365063295e-07
2.145209385673197774e-07
2.141909281793176613e-07
2.138612747854955004e-07
2.135321719382392257e-07
2.132035054553899650e-07
2.128756841350486286e-07
2.106560920972859096e-07
2.103329864098916942e-07
2.100104039211170613e-07
2.096883630594660916e-07
2.093673299058556270e-07
2.090468900357948749e-07
2.087266965662208748e-07
2.074523671411688981e-07
2.071352417842726323e-07
2.068187355231804734e-07
2.065026861352752699e-07
2.061870801271580594e-07
2.058718184510682124e-07
2.055572149725602929e-07
2.033174947520326820e-07
2.030083040504275553e-07
2.026995449176412387e-07
2.023911232089156721e-07
2.020832289201466114e-07
2.017757555478359007e-07
2.014690551769458213e-07
2.011628403675339367e-07
1.998874022809996309e-07
1.995840581778372880e-07
1.992812168047804149e-07
1.989793057054043194e-07
1.986780311482228850e-07
1.983769783267916934e-07
1.980764043374954498e-07
1.958200124472847274e-07
1.955241699694787615e-07
1.952288328293638996e-07
1.949338820494207056e-07
1.946392977697335332e-07
1.943452650577316408e-07
1.940520792655928103e-07
1.927732761514801665e-07
1.924831922368593423e-07
1.921934517377391750e-07
1.919041844717391196e-07
1.916153863088959317e-07
1.913271319708775041e-07
1.910395302356348626e-07
1.887622979578966148e-07
1.884791676570294283e-07
1.881964847776949976e-07
1.879143737745236720e-07
1.876331625580938909e-07
1.873523647367345859e-07
1.870718377480879981e-07
1.857884263283453133e-07
1.855106791566289911e-07
1.852335179740475736e-07
1.849566811774187409e-07
1.846802991734521869e-07
1.844042109401099655e-07
1.841287524384734022e-07
1.818310772697714408e-07
1.815607039722665584e-07
1.812907128807978968e-07
1.810210189744439634e-07
1.807517972516516169e-07
1.804829633730061920e-07
1.802147935206834541e-07
1.799471416385159070e-07
1.786616644469328987e-07
1.783965830495464531e-07
1.781319280603352951e-07
1.778679483748011322e-07
1.776047252672799126e-07
1.773418111592572058e-07
1.770792232543162776e-07
1.747642989064801926e-07
1.745061147887665874e-07
1.742484976247688178e-07
1.739911589665064185e-07
1.737342754427052680e-07
1.734776743374499541e-07
1.732216817099801793e-07
1.719320654334339637e-07
1.716792036516119446e-07
1.714267097091785670e-07
1.711744942358357969e-07
1.709227322031213151e-07
1.706713513510196742e-07
1.704205707762176210e-07
1.680848162927796450e-07
1.678382519329510008e-07
1.675922223251389908e-07
1.673465896476227974e-07
1.671015007226423961e-07
1.668572108234552464e-07
1.666133029056447103e-07
1.653187506407683735e-07
1.650771150389013216e-07
1.648359389056254666e-07
1.645952584701175616e-07
1.643549408964727110e-07
1.641149852367339919e-07
1.638753062289037734e-07
1.615181756998928459e-07
1.612832972122588277e-07
1.610490755714856476e-07
1.608150926421358797e-07
1.605814038937555558e-07
1.603481277202848809e-07
1.601152578988798412e-07
1.588157409751751296e-07
1.585856268819753671e-07
1.583556598308126890e-07
1.581261005502946623e-07
1.578969212271786096e-07
1.576681533293208564e-07
1.574401909608573803e-07
1.550625378566949775e-07
1.548388057292076021e-07
1.546153588831209581e-07
1.543921941873248164e-07
1.541694705457956520e-07
1.539472491720031412e-07
1.537252716893569821e-07
1.524206010567939502e-07
1.522010777470009657e-07
1.519819780851622975e-07
1.517636776887557367e-07
1.515457543769886166e-07
1.513281598356283745e-07
1.511108092762905314e-07
1.487116928582249884e-07
1.484986810114027503e-07
1.482860861545488138e-07
1.480739338697919564e-07
1.478619050470328315e-07
1.476502982435027794e-07
1.474390844127982655e-07
1.461292315829113341e-07
1.459209841936643640e-07
1.457130749922795163e-07
1.455052406103366331e-07
1.452977066765970282e-07
1.450904687763779201e-07
1.448836368934770263e-07
1.424634110159039223e-07
1.422608582647340797e-07
1.420586478575708627e-07
1.418566670279227396e-07
1.416550856103849095e-07
1.414542628154307979e-07
1.412538113670211278e-07
1.399388703451123229e-07
1.397407459550196774e-07
1.395429395065497218e-07
1.393454211644941953e-07
1.391482645163809319e-07
1.389515604104375217e-07
1.387549740939307251e-07
1.363135019863050710e-07
1.361212471485439837e-07
1.359293366209382811e-07
1.357381070944152275e-07
1.355472907693018016e-07
1.353565640115353900e-07
1.351660904658008775e-07
1.338454144902786424e-07
1.336573683244508107e-07
1.334697538298666011e-07
1.332822619880248461e-07
1.330951113275469994e-07
1.329081174880116159e-07
1.327215057210941761e-07
1.302590968025901934e-07
1.300772928900361031e-07
1.298956518059288919e-07
1.297142257640925812e-07
1.295331196576224646e-07
1.293522476659264788e-07
1.291716149967140613e-07
1.278456094867430659e-07
1.276675544381593428e-07
1.274896472250099370e-07
1.273120217234356124e-07
1.271347302120663515e-07
1.269578037381589762e-07
1.244707110572478737e-07
1.242983287998001578e-07
1.241260344527362517e-07
1.239539722492658123e-07
1.237821553235320124e-07
1.236107101399440980e-07
1.234395766141537812e-07
1.221055281643373124e-07
1.219366858926278151e-07
1.217680432582830627e-07
1.215997335337396149e-07
1.214319785742720044e-07
1.212646196581508356e-07
1.210974575665435776e-07
1.185890608222269885e-07
1.184260339793124862e-07
1.182632354174285670e-07
1.181007058833598562e-07
1.179385923188891479e-07
1.177766329235283851e-07
1.176148676844271641e-07
1.162750639058208628e-07
1.161157122899854020e-07
1.159567536399689287e-07
1.157983870477396140e-07
1.156400667824473961e-07
1.154818478767995931e-07
1.153238419200548766e-07
1.127944296537648228e-07
1.126406862860415259e-07
1.124872395234139116e-07
1.123339303502030352e-07
1.121808543769018850e-07
1.120279528752116293e-07
1.118753681822639663e-07
1.105299750031191456e-07
1.103801659059554073e-07
1.102305211003397337e-07
1.100810212925874162e-07
1.099316918367583172e-07
1.097825737963797391e-07
1.072284001221919349e-07
1.070836089367200270e-07
1.069390179470563923e-07
1.067945381545704660e-07
1.066503140583396652e-07
1.065063213959548957e-07
1.063626201645253459e-07
1.050836052800315272e-07
1.049422723614945854e-07
1.048009693589754945e-07
1.046599133238358373e-07
1.045189530572561046e-07
1.043782044354584161e-07
1.042378357879901257e-07
1.018116840468189692e-07
1.016748222714687310e-07
1.015380776317727260e-07
1.014016681612828259e-07
1.012655678697247805e-07
1.011299412062265466e-07
1.009944913922836213e-07
9.970941015439655816e-08
9.957587117049938072e-08
9.944252340942253621e-08
9.930940751379736131e-08
9.917649821249645985e-08
9.904383927828201575e-08
9.891127922699823659e-08
9.646539064874538887e-08
9.633640146133064023e-08
9.620769571044180618e-08
9.607940090901963035e-08
9.595156475301026964e-08
9.582373458225747522e-08
9.453076603190004108e-08
9.440482261161066806e-08
9.427899950003506406e-08
9.415342148789301708e-08
9.402815668993984457e-08
9.390289612259860624e-08
9.377783651857278245e-08
9.130874522865830635e-08
9.118731099382494229e-08
9.106620340069348669e-08
9.094556449171552250e-08
9.082504916302608886e-08
9.070468730595996718e-08
9.058440279796794320e-08
8.928544735475921139e-08
8.916717204281792135e-08
8.904909953972331320e-08
8.893126310547343447e-08
8.881350953210515387e-08
8.869585301384455340e-08
8.620388753763664944e-08
8.608986473365092510e-08
8.597622106417201948e-08
8.586303085009683312e-08
8.574984836730428492e-08
8.563672833751354626e-08
8.552376400347464455e-08
8.421695412164185650e-08
8.410591494409662774e-08
8.399520060879269150e-08
8.388450401181450864e-08
8.377396901480485178e-08
8.366348966116826925e-08
8.355323422128951041e-08
8.104198489568262890e-08
8.093566085049863723e-08
8.082950249798226006e-08
8.072354508242798486e-08
8.061761616073118305e-08
8.051183176176519338e-08
7.919732463822756169e-08
7.909350917818419240e-08
7.898992324395249653e-08
7.888647450316551745e-08
7.878307493392226382e-08
7.867983461162441944e-08
7.857670773371445628e-08
7.604275267460478126e-08
7.594363692047803399e-08
7.584462187939721937e-08
7.574561984004185801e-08
7.564676852082651160e-08
7.554799249257519557e-08
7.544930992933270532e-08
7.412884844988538296e-08
7.403223625264698539e-08
7.393566844029501294e-08
7.383926860479381595e-08
7.374293320993135462e-08
7.364680217882719135e-08
7.109041644801472803e-08
7.099816360591367045e-08
7.090601933469849390e-08
7.081399208229729643e-08
7.072205160538281447e-08
7.063022701362135592e-08
7.053856230410913382e-08
6.921029285608106846e-08
6.912061863119590733e-08
6.903102685753809427e-08
6.894151502751158755e-08
6.885213205041606519e-08
6.876287470619754467e-08
6.618407583243755016e-08
6.609873408713634696e-08
6.601341912404549504e-08
6.592812787447447607e-08
6.584298957016196679e-08
6.575791273937413058e-08
6.567293261723764676e-08
6.433693671713415336e-08
6.425394430600343332e-08
6.417100856939722781e-08
6.408821858044000225e-08
6.400550126085733601e-08
6.392296954517356866e-08
6.384066527927269009e-08
6.124327234057595561e-08
6.116459127535598919e-08
6.108602537327286798e-08
6.100753491884428449e-08
6.092915546853342493e-08
6.085093738735873137e-08
5.950716015136764919e-08
5.943084765896426202e-08
5.935462970770123731e-08
5.927847420851887383e-08
5.920245306802532698e-08
5.912654215306475988e-08
5.905076080124980408e-08
5.643138478284974121e-08
5.635930390833936152e-08
5.628723021912477009e-08
5.621529097052031619e-08
5.614342557659127030e-08
5.607163751827379221e-08
5.472015681828840085e-08
5.465032073700715831e-08
5.458048904975035781e-08
5.451083608577044859e-08
5.444120315234891367e-08
5.437178970410313965e-08
5.430252411423039383e-08
5.168119117490101030e-08
5.161541788478752169e-08
5.154983384765969016e-08
5.148426500717775860e-08
5.141882908180889097e-08
5.135351214745375308e-08
5.002107795305406588e-08
4.995755006310587882e-08
4.989418868786548762e-08
4.983085684743312243e-08
4.976762921415950595e-08
4.970449952855056732e-08
4.964150415897174851e-08
4.706547638581299676e-08
4.700600763349226502e-08
4.694654630443328714e-08
4.688711602726334243e-08
4.682783547821489461e-08
4.676860323870327067e-08
4.546199331801092468e-08
4.540460557329080979e-08
4.534723574025100536e-08
4.528990856998302960e-08
4.523273013535878202e-08
4.517559078329000096e-08
4.511865465665988107e-08
4.258855322902867432e-08
4.253493915528917780e-08
4.248135706869808408e-08
4.242792779243712203e-08
4.237452489037735800e-08
4.232124732229519757e-08
4.104078799218952437e-08
4.098924494794164555e-08
4.093772245994858799e-08
4.088636585596126366e-08
4.083503072090675463e-08
4.078379926754484107e-08
4.073265758205175721e-08
3.824898759556116017e-08
3.820109597371189233e-08
3.815331882700622273e-08
3.810554947582137591e-08
3.805780679086689406e-08
3.801020456119498209e-08
3.675588024048771156e-08
3.670990406739338732e-08
3.666404119356108368e-08
3.661820835510680810e-08
3.657239578639712927e-08
3.652674023833513625e-08
3.408687240852680783e-08
3.404441995445484506e-08
3.400202404445108805e-08
3.395964944332268305e-08
3.391727484219163108e-08
3.387506689687215258e-08
3.383287273150552950e-08
3.260493239973595543e-08
3.256442133650759972e-08
3.252396367628193657e-08
3.248350655704959940e-08
3.244318801449589863e-08
3.240291669632658416e-08
3.001065487670732257e-08
2.997347025254971307e-08
2.993631685527152620e-08
2.989917230319974199e-08
2.986215897301686620e-08
2.982517822565301943e-08
2.978819747828983440e-08
2.858668407607246079e-08
2.855131796350814392e-08
2.851596069779466478e-08
2.848067864093000399e-08
2.844548586048433341e-08
2.841029308003998632e-08
2.606595445199262133e-08
2.603377670729129602e-08
2.600162482011430579e-08
2.596955251076487049e-08
2.593753585605206248e-08
2.590551920134057796e-08
2.472905693321913588e-08
2.469861434328112654e-08
2.466820053896969195e-08
2.463783910130885978e-08
2.460757536381100176e-08
2.457732844113938880e-08
2.454709651775433735e-08
2.225119290992439600e-08
2.222390061651625484e-08
2.219662601647825512e-08
2.216938970268548984e-08
2.214217159541726302e-08
2.211498059713940457e-08
2.096528008828613098e-08
2.093959575436504888e-08
2.091391142044462853e-08
2.088828443228395222e-08
2.086271156175641643e-08
2.083715148699496406e-08
1.858711925476363263e-08
1.856440973612207398e-08
1.854170021747853008e-08
1.851901067725385039e-08
1.849635613179436934e-08
1.847372539669507166e-08
1.734934459359393221e-08
1.732817712252961387e-08
1.730700965146463378e-08
1.728586652592517930e-08
1.726480749175274717e-08
1.724376826706441360e-08
1.722278888596914935e-08
1.502188385096132679e-08
1.500363965028420767e-08
1.498540067486268117e-08
1.496720994060786132e-08
1.494902818171465916e-08
1.493087022464877604e-08
1.383331516658792355e-08
1.381650653434142430e-08
1.379969790209360155e-08
1.378299291851467723e-08
1.376628972285223624e-08
1.374958652718946437e-08
1.159534382745377646e-08
1.158130292506010358e-08
1.156726202266676157e-08
1.155326687862376865e-08
1.153927794925456143e-08
1.152528901988634682e-08
1.151130009051879396e-08
1.044056259438935321e-08
1.042788669464847008e-08
1.041528669733841538e-08
1.040270689499152871e-08
1.039012709264497292e-08
1.037754729029841712e-08
8.272962250270533795e-09
8.262972453492556321e-09
8.253036476824749659e-09
8.243122345837109229e-09
8.233208214849799671e-09
8.223294083862159241e-09
7.178197949309627672e-09
7.169560859075647491e-09
7.160943842874338509e-09
7.152337889062452446e-09
7.143731935250897257e-09
7.135125981439342067e-09
5.077897553829620887e-09
5.071809943531127976e-09
5.065722333232469629e-09
5.059634722934142153e-09
5.053547112635649242e-09
5.047459502337156331e-09
4.027999925664479278e-09
4.023153686483263346e-09
4.018307447301220233e-09
4.013461208119673429e-09
4.008614968937961188e-09
4.003768729756414384e-09
3.998922490574702144e-09
2.116153468260278624e-09
2.113602506837944980e-09
2.111051545415611337e-09
2.108500583993277694e-09
2.105949622571026768e-09
2.103398661148610407e-09
6.171042073509219388e-10
6.163605166527105327e-10
6.156168259544991266e-10
6.148731352563290795e-10
6.141294445580969938e-10
6.133857538599269467e-10
0.000000000000000000e+00
0.000000000000000000e+00
0.000000000000000000e+00
0.000000000000000000e+00
0.000000000000000000e+00
0.000000000000000000e+00
0.000000000000000000e+00
0.000000000000000000e+00
0.000000000000000000e+00
0.000000000000000000e+00
0.000000000000000000e+00
0.000000000000000000e+00
0.000000000000000000e+00
0.000000000000000000e+00
0.000000000000000000e+00
0.000000000000000000e+00
0.000000000000000000e+00
0.000000000000000000e+00
0.000000000000000000e+00
0.000000000000000000e+00
0.000000000000000000e+00
0.000000000000000000e+00
0.000000000000000000e+00
0.000000000000000000e+00
0.000000000000000000e+00
0.000000000000000000e+00
0.000000000000000000e+00
0.000000000000000000e+00
0.000000000000000000e+00
0.000000000000000000e+00
0.000000000000000000e+00
0.000000000000000000e+00
0.000000000000000000e+00
0.000000000000000000e+00
0.000000000000000000e+00
0.000000000000000000e+00
0.000000000000000000e+00
0.000000000000000000e+00
0.000000000000000000e+00
0.000000000000000000e+00
0.000000000000000000e+00
0.000000000000000000e+00
0.000000000000000000e+00
0.000000000000000000e+00
0.000000000000000000e+00
0.000000000000000000e+00
0.000000000000000000e+00
0.000000000000000000e+00
0.000000000000000000e+00
0.000000000000000000e+00
0.000000000000000000e+00
0.000000000000000000e+00
0.000000000000000000e+00
0.000000000000000000e+00
0.000000000000000000e+00
0.000000000000000000e+00
0.000000000000000000e+00
0.000000000000000000e+00
0.000000000000000000e+00
0.000000000000000000e+00
0.000000000000000000e+00
0.000000000000000000e+00
0.000000000000000000e+00
0.000000000000000000e+00
0.000000000000000000e+00
0.000000000000000000e+00
0.000000000000000000e+00
0.000000000000000000e+00
0.000000000000000000e+00
0.000000000000000000e+00
0.000000000000000000e+00
0.000000000000000000e+00
0.000000000000000000e+00
0.000000000000000000e+00
0.000000000000000000e+00
0.000000000000000000e+00
0.000000000000000000e+00
