4.696741007492078346e-12
5.995178448178372819e-12
7.480801432533621146e-12
9.157159335656262227e-12
1.102645335794819357e-11
1.308970678667810330e-11
1.534677492479579874e-11
1.779659584974228512e-11
2.043711525251058661e-11
2.326546297254684383e-11
2.627794215043463316e-11
2.947014985597456755e-11
3.283711504867558055e-11
3.637319088810359480e-11
4.007225337898952093e-11
4.392766736815038116e-11
4.793256801353768198e-11
5.207942612398657465e-11
5.636073749051019848e-11
6.076856068159618791e-11
6.529480067218906055e-11
6.993124894540631378e-11
7.466954571486897720e-11
7.950118506513281129e-11
8.441781246671707455e-11
8.941090363415048388e-11
9.447187349675987883e-11
9.959253628579134649e-11
1.047645016634463002e-10
1.099797012332675368e-10
1.152301946331217867e-10
1.205080922910888800e-10
1.258061046839763935e-10
1.311167458245937443e-10
1.364332970528972673e-10
1.417488493752460933e-10
1.470573660884103034e-10
1.523525607150257011e-10
1.576291626455175558e-10
1.628814734551453023e-10
1.681051172287666151e-10
1.732950994895475684e-10
1.784476326449612198e-10
1.835588183952744208e-10
1.886253325226279807e-10
1.936443422365028815e-10
1.986130912705129343e-10
2.035295096878932862e-10
2.083918250404380722e-10
2.131987031930218516e-10
2.179490019111273401e-10
2.226420530763415672e-10
2.272776587105949800e-10
2.318556026987250425e-10
2.363762651150030995e-10
2.408404838603024427e-10
2.452489046331327201e-10
2.496028353476556987e-10
2.539039982494932512e-10
2.581538860065748088e-10
2.623544889345681821e-10
2.665081707742038910e-10
2.706173169846666182e-10
2.746841228635974101e-10
2.787116439288287649e-10
2.827028673267524696e-10
2.866603590960366279e-10
2.905873258546036163e-10
2.944872795651653846e-10
2.983633428252698976e-10
3.022187457235931047e-10
3.060568985656583955e-10
3.098813855131485613e-10
3.136954436507023003e-10
3.175024329886147809e-10
3.213058815011676339e-10
3.251092481082814653e-10
3.289155778669318749e-10
3.327282405124110565e-10
3.365503074920648727e-10
3.403850413650479103e-10
3.442352572956529502e-10
3.481040428460276763e-10
3.519939389350193503e-10
3.559073963598166239e-10
3.598475301396695619e-10
3.638160783808919743e-10
3.678153041517016216e-10
3.718476687498487235e-10
3.759144570951975073e-10
3.800174182287277362e-10
3.841584924514586638e-10
3.883382857307607556e-10
3.925580544679576961e-10
3.968190891653902304e-10
4.011214882985794108e-10
4.054661546961209139e-10
4.098531773467667828e-10
4.142824231631121580e-10
4.187541516813460341e-10
4.232672389390399861e-10
4.278218784885164173e-10
4.324168394241433559e-10
4.370511449528199840e-10
4.417236342344209353e-10
4.464328383364681477e-10
4.511772018682424457e-10
4.559545069030882016e-10
4.607632692063477653e-10
4.656010118498660622e-10
4.704654260838796954e-10
4.753539683452104208e-10
4.802639036677036949e-10
4.851920027461890445e-10
4.901359829909862528e-10
4.950920633211341594e-10
5.000573893441266138e-10
5.050282086404798084e-10
5.100009506751534906e-10
5.149724070673379625e-10
5.199388390797784925e-10
5.248962805680498352e-10
5.298411978006932962e-10
5.347690695408295586e-10
5.396766131810929655e-10
5.445599619472578739e-10
5.494152120550528019e-10
5.542382039612548221e-10
5.590253633509391549e-10
5.637717371063025022e-10
5.684754921289329974e-10
5.731302536382816928e-10
5.777357639907488353e-10
5.822855703781691674e-10
5.867774051133483880e-10
5.912066611682045131e-10
5.955716872970054959e-10
5.998689893485540804e-10
6.040939804065068242e-10
6.082464478417711647e-10
6.123211621946917402e-10
6.163180696230898626e-10
6.202317391449371287e-10
6.240624623830893662e-10
6.278067467665951614e-10
6.314624888214789063e-10
6.350308439642081269e-10
6.385071419383383045e-10
6.418931662312968874e-10
6.451843683357141239e-10
6.483826052866235744e-10
6.514868820003067164e-10
6.544955026929803452e-10
6.574100660890398219e-10
6.602287555675110822e-10
6.629539768872527855e-10
6.655854156044886202e-10
6.681224807602131550e-10
6.705677254559897131e-10
6.729204233875358034e-10
6.751831160401519712e-10
6.773577560444808081e-10
6.794447388577060748e-10
6.814477797370645068e-10
6.833670150853008587e-10
6.852040053925373461e-10
6.869629142624610873e-10
6.886448689291652663e-10
6.902531696831518030e-10
6.917909042202407685e-10
6.932602279388509265e-10
6.946645417662627536e-10
6.960073798150997704e-10
6.972899812879463651e-10
6.985173973440225025e-10
6.996923482786073820e-10
7.008173567609587188e-10
7.018968970838017063e-10
7.029357177429554095e-10
7.039346585067360711e-10
7.048992896623281824e-10
7.058330334809190018e-10
7.067379851818833687e-10
7.076188610195253043e-10
7.084797131054967556e-10
7.093231661566732473e-10
7.101528810031306982e-10
7.109734400309097719e-10
7.117873021065114318e-10
7.125975039978997952e-10
7.134089389416192563e-10
7.142232298501497764e-10
7.150436198048586222e-10
7.158758899300187687e-10
7.167197552030139315e-10
7.175793423405698650e-10
7.184600720716458442e-10
7.193602676508476426e-10
7.202854581532364008e-10
7.212378607921071862e-10
7.222195556328860163e-10
7.232318536311123343e-10
7.242785265424439471e-10
7.253614039117248094e-10
7.264806526322387991e-10
7.276409159691961748e-10
7.288413481429937462e-10
7.300851427537162818e-10
7.313715556180686587e-10
7.327049458428831553e-10
7.340824706267701086e-10
7.355075268166934698e-10
7.369804127733914641e-10
7.385025310987214500e-10
7.400722140946598691e-10
7.416916453247944704e-10
7.433603131468143987e-10
7.450779275511968930e-10
7.468441737857927094e-10
7.486593389643307207e-10
7.505241268533995760e-10
7.524357613501602525e-10
7.543945763073549546e-10
7.563995249179923291e-10
7.584493485586106941e-10
7.605429210909657411e-10
7.626799191496419440e-10
7.648587975281678292e-10
7.670775871541972053e-10
7.693353833436028454e-10
7.716290028036321580e-10
7.739581203159850449e-10
7.763222205511103525e-10
7.787162779103307883e-10
7.811399469140534578e-10
7.835902969434244025e-10
7.860655416059578631e-10
7.885639448599828385e-10
7.910830562749171246e-10
7.936204313110279674e-10
7.961752931279296606e-10
7.987409409260623250e-10
8.013188287896811554e-10
8.039066773795948702e-10
8.065011420498918707e-10
8.090957943135021419e-10
8.116935571726005621e-10
8.142915993322106609e-10
8.168844854176441101e-10
8.194693752513281497e-10
8.220478530542041525e-10
8.246172096026399822e-10
8.271712197477655458e-10
8.297080349149505883e-10
8.322292085070338368e-10
8.347317307717699801e-10
8.372099698082685479e-10
8.396621942745679075e-10
8.420900162113477935e-10
8.444901421712060572e-10
8.468596106258653546e-10
8.491952371992973642e-10
8.514979845980479440e-10
8.537664217301742059e-10
8.559988286827036046e-10
8.581910335913925528e-10
8.603420973838996541e-10
8.624529848611920776e-10
8.645230977215475302e-10
8.665477761766575816e-10
8.685287604113754847e-10
8.704639657472543823e-10
8.723534725935290039e-10
8.741949293008641518e-10
8.759896560031953463e-10
8.777382034453153593e-10
8.794366672546618570e-10
8.810863380665862271e-10
8.826879420371401950e-10
8.842386514659433603e-10
8.857412247257146239e-10
8.871960676014840024e-10
8.886000168321663622e-10
8.899559798748967662e-10
8.912657568890933443e-10
8.925250630666099266e-10
8.937373367206436993e-10
8.949050075142495354e-10
8.960244905677518720e-10
8.970992123577242017e-10
8.981304510317376406e-10
8.991163912201769549e-10
9.000603075378578510e-10
9.009651668731880422e-10
9.018253509565518088e-10
9.026477129780006635e-10
9.034342054709007583e-10
9.041814798956359151e-10
9.048936803139167169e-10
9.055724086622462795e-10
9.062164584586582694e-10
9.068308464490121914e-10
9.074133778855766703e-10
9.079668566340190640e-10
9.084942765693491344e-10
9.089951133907456762e-10
9.094726661684537699e-10
9.099280819968422346e-10
9.103614110824655299e-10
9.107752848132453844e-10
9.111730433570684326e-10
9.115527225504091103e-10
9.119193492320538842e-10
9.122701521146783857e-10
9.126097479679052365e-10
9.129414808910450866e-10
9.132613760814077825e-10
9.135757325729592193e-10
9.138820775919762310e-10
9.141850183809460162e-10
9.144875760277970007e-10
9.147862792624711609e-10
9.150861660483415856e-10
9.153864769171389210e-10
9.156894623387893261e-10
9.159980357969349344e-10
9.163092848303288496e-10
9.166266752820625325e-10
9.169518110030659087e-10
9.172844828112734644e-10
9.176281142709211916e-10
9.179803890817410618e-10
9.183420837294237348e-10
9.187172918031040490e-10
9.191052441723813513e-10
9.195075555374864816e-10
9.199239481013912426e-10
9.203545109951227425e-10
9.208009196855848528e-10
9.212640793188024544e-10
9.217450353968067660e-10
9.222408554538149575e-10
9.227552686020081525e-10
9.232860054310093980e-10
9.238376171825166783e-10
9.244068771817938682e-10
9.249952121234917195e-10
9.256011513876837204e-10
9.262246440749689303e-10
9.268693815053006466e-10
9.275322561788314448e-10
9.282155988754605402e-10
9.289144420817949981e-10
9.296336907657855323e-10
9.303689588015723359e-10
9.311255861720520086e-10
9.318985525883850461e-10
9.326883022908972701e-10
9.334940806135990910e-10
9.343157297390323121e-10
9.351551903196025108e-10
9.360100326856373692e-10
9.368810168672273131e-10
9.377632316283778193e-10
9.386609044840588544e-10
9.395691793004160917e-10
9.404939478903998666e-10
9.414291949813755701e-10
9.423771354520037089e-10
9.433329510685221347e-10
9.443008496093713986e-10
9.452746995353952247e-10
9.462604895468782243e-10
9.472525898122049476e-10
9.482516461437050947e-10
9.492563708825539941e-10
9.502684393904381435e-10
9.512844593579755598e-10
9.523055275737189293e-10
9.533291006769838221e-10
9.543542301940248719e-10
9.553818335965198309e-10
9.564121910935555627e-10
9.574430008936119831e-10
9.584735371192317971e-10
9.595025464528206439e-10
9.605289965445190443e-10
9.615543595925141190e-10
9.625786583945652943e-10
9.635992543219426316e-10
9.646155228645333095e-10
9.656269150516815343e-10
9.666329021508632509e-10
9.676346745107141256e-10
9.686321769880658033e-10
9.696216770687087367e-10
9.706039424794835157e-10
9.715790268263260449e-10
9.725458531511807714e-10
9.735053560384379601e-10
9.744562089471519381e-10
9.753981471937541949e-10
9.763293656537576916e-10
9.772518555841617760e-10
9.781633682398773024e-10
9.790667329336251209e-10
9.799586403659138242e-10
9.808414251329231015e-10
9.817117135987078622e-10
9.825715012120879264e-10
9.834190325525357744e-10
9.842559471598542966e-10
9.850825993638071973e-10
9.858984045898998847e-10
9.867025049297452830e-10
9.874923189630863620e-10
9.882718858532206321e-10
9.890370520582859459e-10
9.897933525362519606e-10
9.905360174877592428e-10
9.912696713728940055e-10
9.919878243337404826e-10
9.926948995121600204e-10
9.933896821451157372e-10
9.940743298326503150e-10
9.947481404016558368e-10
9.954095438418229808e-10
9.960619682675428528e-10
9.966993407358102812e-10
9.973276703392280822e-10
9.979420742554557737e-10
9.985497615379014286e-10
9.991454196875714798e-10
9.997315971112829658e-10
1.000306332335501674e-09
1.000870388891277256e-09
1.001426137145718682e-09
1.001969374571327929e-09
1.002505498796556741e-09
1.003031525945023729e-09
1.003550426488483020e-09
1.004058203922995655e-09
1.004557524678170214e-09
1.005049933478728184e-09
1.005533189557241118e-09
1.006009181166869766e-09
1.006476605037575192e-09
1.006938523168646303e-09
1.007391274048410354e-09
1.007837304796080122e-09
1.008277810426913416e-09
1.008711179006109622e-09
1.009138249452966800e-09
1.009558500235071820e-09
1.009974327354853452e-09
1.010383532136465028e-09
1.010787801126398416e-09
1.011188193719017788e-09
1.011583044321308807e-09
1.011973107369304852e-09
1.012359017969302393e-09
1.012741187251241691e-09
1.013118942239836091e-09
1.013494326129762987e-09
1.013866684551674677e-09
1.014235467353039709e-09
1.014600829351628505e-09
1.014963448978149298e-09
1.015322653023388754e-09
1.015679763328252306e-09
1.016036022102953050e-09
1.016390329300839302e-09
1.016743056416003350e-09
1.017093262135106081e-09
1.017441445235814592e-09
1.017787626312940903e-09
1.018132580699747643e-09
1.018478676527640024e-09
1.018824028757219411e-09
1.019168861716228333e-09
1.019512916787310022e-09
1.019855629216209978e-09
1.020198393572200068e-09
1.020539884805244955e-09
1.020882602671368514e-09
1.021226285723925407e-09
1.021569679344993352e-09
1.021915328413960381e-09
1.022258185241794638e-09
1.022601486943905937e-09
1.022945635393752616e-09
1.023288354521492045e-09
1.023635250737286066e-09
1.023983070418839430e-09
1.024330253747369706e-09
1.024679731308643630e-09
1.025028883973225278e-09
1.025378510998094956e-09
1.025728753737169694e-09
1.026079528188273053e-09
1.026433702074753936e-09
1.026789214777871654e-09
1.027145794826875335e-09
1.027502339152595338e-09
1.027860330135812124e-09
1.028219608536316843e-09
1.028578919952908531e-09
1.028940591598352730e-09
1.029303772969183208e-09
1.029668338171488584e-09
1.030035434279785343e-09
1.030401380597766231e-09
1.030769071786413105e-09
1.031138735816371914e-09
1.031508007155238931e-09
1.031880042244491447e-09
1.032252719290750265e-09
1.032626840797183286e-09
1.033003528507720534e-09
1.033379284750022320e-09
1.033757058261506741e-09
1.034136226296933530e-09
1.034515380278230840e-09
1.034896514111030339e-09
1.035278315669828327e-09
1.035661426919902909e-09
1.036045965009881159e-09
1.036430789434053273e-09
1.036817559304638922e-09
1.037204711294286390e-09
1.037592844525942883e-09
1.037982175478399533e-09
1.038372028650490967e-09
1.038763188773244191e-09
1.039154529285560167e-09
1.039546963315756687e-09
1.039940385178275607e-09
1.040334221145276273e-09
1.040730223411612687e-09
1.041126239839281188e-09
1.041522056327800340e-09
1.041918474187212729e-09
1.042315391312990521e-09
1.042711914804359751e-09
1.043110389638285922e-09
1.043509752148182437e-09
1.043908822349655833e-09
1.044308749651195410e-09
1.044708359801431094e-09
1.045107424609356024e-09
1.045506802961084758e-09
1.045906375592393091e-09
1.046306270281509837e-09
1.046706414864205742e-09
1.047106473298687827e-09
1.047507339826424394e-09
1.047908967158492440e-09
1.048308031392354025e-09
1.048707154757387134e-09
1.049106763927248356e-09
1.049503891663798016e-09
1.049903065974885052e-09
1.050302157678422163e-09
1.050699512379435273e-09
1.051097292051105527e-09
1.051494685475090088e-09
1.051889344760100719e-09
1.052283215657946036e-09
1.052677493902538366e-09
1.053067888939473260e-09
1.053459677064695851e-09
1.053850794228320271e-09
1.054239241217524038e-09
1.054627959583841833e-09
1.055014607397641528e-09
1.055398981022276434e-09
1.055781531158352958e-09
1.056163852837732207e-09
1.056542574514589062e-09
1.056920978714894608e-09
1.057298041502539683e-09
1.057672297944629925e-09
1.058046027968316593e-09
1.058416933247304625e-09
1.058785480137089829e-09
1.059151700793491337e-09
1.059516784016993580e-09
1.059878134687574223e-09
1.060238171178596267e-09
1.060596267165443500e-09
1.060951002075594318e-09
1.061304461672094799e-09
1.061655203309935875e-09
1.062002551234173160e-09
1.062347556306306498e-09
1.062690629761493526e-09
1.063029868063253623e-09
1.063366609471365636e-09
1.063700834999718402e-09
1.064031636752738683e-09
1.064360279698363461e-09
1.064686076766810185e-09
1.065008599863656848e-09
1.065328764960075570e-09
1.065646324733364536e-09
1.065960340133681665e-09
1.066271140853381550e-09
1.066579134546260648e-09
1.066884284623804360e-09
1.067186078001429715e-09
1.067484446168067915e-09
1.067781007578688036e-09
1.068074654340995720e-09
1.068365271362404028e-09
1.068652589379741704e-09
1.068937502397572522e-09
1.069219011600931654e-09
1.069497050443800564e-09
1.069772509967120328e-09
1.070045179354647412e-09
1.070314649015328368e-09
1.070582181645331340e-09
1.070847344129248000e-09
1.071109417132288828e-09
1.071369452746798418e-09
1.071625563306417947e-09
1.071879721104700347e-09
1.072130916784429318e-09
1.072379462601819323e-09
1.072624785866148759e-09
1.072869181605412714e-09
1.073111069632333354e-09
1.073351182162060391e-09
1.073588034022244232e-09
1.073824894325460586e-09
1.074057429237726429e-09
1.074288277681751689e-09
1.074517385446269691e-09
1.074744132818980600e-09
1.074968255878976432e-09
1.075192351377645126e-09
1.075414370731062162e-09
1.075635197797428484e-09
1.075853446320802819e-09
1.076072259196421874e-09
1.076287867228751838e-09
1.076502045051244320e-09
1.076715436245653779e-09
1.076927203295249600e-09
1.077137176647196800e-09
1.077347483470886815e-09
1.077556530950475398e-09
1.077765018058874112e-09
1.077971867668455380e-09
1.078179584568140795e-09
1.078385431699008864e-09
1.078590712457491720e-09
1.078795554709830197e-09
1.078999658370945364e-09
1.079203093442650920e-09
1.079406897830151338e-09
1.079610300186532795e-09
1.079813826411391185e-09
1.080016742654571596e-09
1.080220339256783682e-09
1.080423401781561468e-09
1.080626636293070470e-09
1.080829629586801452e-09
1.081032847989629770e-09
1.081236015109079907e-09
1.081439649408724921e-09
1.081643617979830966e-09
1.081848016478556693e-09
1.082052607300745307e-09
1.082257908510937936e-09
1.082463526030860903e-09
1.082669599591833746e-09
1.082876224953247259e-09
1.083083263902154634e-09
1.083290659748394335e-09
1.083498923351268049e-09
1.083707382406001725e-09
1.083916419272366740e-09
1.084126227046578109e-09
1.084336818465397467e-09
1.084547362804074209e-09
1.084759513076025350e-09
1.084972115663735761e-09
1.085185231656975221e-09
1.085399198683076506e-09
1.085613934214560772e-09
1.085829449109497050e-09
1.086045171305159256e-09
1.086261562245410157e-09
1.086478757012814248e-09
1.086696780880551658e-09
1.086914841619037692e-09
1.087134049714770544e-09
1.087354236969340765e-09
1.087574176472729615e-09
1.087795333234593819e-09
1.088017204917742669e-09
1.088238958653538846e-09
1.088461180524592637e-09
1.088683897115496311e-09
1.088907146323695068e-09
1.089130467793399522e-09
1.089354044179158376e-09
1.089578119240179368e-09
1.089803160461059839e-09
1.090027464996044822e-09
1.090252567138281099e-09
1.090478112601514665e-09
1.090703098705034816e-09
1.090928010049294693e-09
1.091152926644993407e-09
1.091378093294578882e-09
1.091602748477381228e-09
1.091827354229689964e-09
1.092051901096003510e-09
1.092277005357807389e-09
1.092500977627244328e-09
1.092725432446222798e-09
1.092949595138592447e-09
1.093173223049927966e-09
1.093396219413167140e-09
1.093618921464386315e-09
1.093841278392196567e-09
1.094063011190562516e-09
1.094283892964669319e-09
1.094504347082263528e-09
1.094724670323010348e-09
1.094943764431269556e-09
1.095162813041617224e-09
1.095380878933603911e-09
1.095598261996432177e-09
1.095814419437327352e-09
1.096030019345254776e-09
1.096244748704979056e-09
1.096458501230408924e-09
1.096671091368058500e-09
1.096882588347485662e-09
1.097093555870936605e-09
1.097303119685762530e-09
1.097511765975971144e-09
1.097719476520262476e-09
1.097926056920935538e-09
1.098131537044338963e-09
1.098335669306547298e-09
1.098538708589865976e-09
1.098740603189716448e-09
1.098941134493843346e-09
1.099140532219567197e-09
1.099338572900075054e-09
1.099535616951525568e-09
1.099731306169310174e-09
1.099925818851879035e-09
1.100118965494966228e-09
1.100310894618023559e-09
1.100501648370370010e-09
1.100691249512707318e-09
1.100879472581408536e-09
1.101066151113158268e-09
1.101252039020053693e-09
1.101436060154014515e-09
1.101619126934630176e-09
1.101800474444661756e-09
1.101980900597251938e-09
1.102160073454250764e-09
1.102337525482918978e-09
1.102514168027842101e-09
1.102689306409506820e-09
1.102863592857840900e-09
1.103036490830908122e-09
1.103207773910018805e-09
1.103378610516243193e-09
1.103547352826226306e-09
1.103715532475052742e-09
1.103881820545452365e-09
1.104047426649608384e-09
1.104211631958138629e-09
1.104374528076994603e-09
1.104536791130870424e-09
1.104697725362932751e-09
1.104857916937186441e-09
1.105016918452483116e-09
1.105174723388158006e-09
1.105332138642024172e-09
1.105488045203156336e-09
1.105643255779153310e-09
1.105797120164032851e-09
1.105950474836413906e-09
1.106102630950722588e-09
1.106253906434158202e-09
1.106404554501264632e-09
1.106554492586181854e-09
1.106703845356112399e-09
1.106852349770764763e-09
1.106999975936824225e-09
1.107147153746176264e-09
1.107293520391117643e-09
1.107439273125769443e-09
1.107583996356890251e-09
1.107728393877042187e-09
1.107871905699178061e-09
1.108014999871701520e-09
1.108157330995917934e-09
1.108299489245011153e-09
1.108441094373648881e-09
1.108582383468172851e-09
1.108723140567110686e-09
1.108863406905085050e-09
1.109003357278925136e-09
1.109142790193223992e-09
1.109281895483119783e-09
1.109420546774605502e-09
1.109558719254909751e-09
1.109696479446724571e-09
1.109834005161456181e-09
1.109971519630832800e-09
1.110108465161082766e-09
1.110245386477109225e-09
1.110382045773585054e-09
1.110518655690687036e-09
1.110654846671745314e-09
1.110790917984584375e-09
1.110926792452591322e-09
1.111062520761589061e-09
1.111197949683979180e-09
1.111333165262592687e-09
1.111468302270297657e-09
1.111603369757442610e-09
1.111738296758052123e-09
1.111873044870928005e-09
1.112007851436356437e-09
1.112142574576153318e-09
1.112277267115561489e-09
1.112411598883950527e-09
1.112546015791558473e-09
1.112680284601080420e-09
1.112814613260924716e-09
1.112948505500608701e-09
1.113082576495015675e-09
1.113216482078446430e-09
1.113350417928912106e-09
1.113484109441474490e-09
1.113617669305595409e-09
1.113751289333705565e-09
1.113884816286460579e-09
1.114018309301980295e-09
1.114151416784994675e-09
1.114284514041078834e-09
1.114417500064200789e-09
1.114550661110964863e-09
1.114683257471634121e-09
1.114815962351285993e-09
1.114948416601664270e-09
1.115081029617946035e-09
1.115213329230052081e-09
1.115345345632721747e-09
1.115477267760955255e-09
1.115609200602666620e-09
1.115741000397174105e-09
1.115872380979359561e-09
1.116003594172118208e-09
1.116134662414874832e-09
1.116265782721040953e-09
1.116396458722692038e-09
1.116526932853892479e-09
1.116657387387860720e-09
1.116787492750032684e-09
1.116917427734174286e-09
1.117046995452936329e-09
1.117176286342967799e-09
1.117305569418293150e-09
1.117434368289715745e-09
1.117562994261199726e-09
1.117691187231591741e-09
1.117819178594576547e-09
1.117946882693120172e-09
1.118074414136405209e-09
1.118201348876742641e-09
1.118328327045385721e-09
1.118454792696560858e-09
1.118580918370713971e-09
1.118706645867417162e-09
1.118831836887531402e-09
1.118956751562319421e-09
1.119081271333142072e-09
1.119205247357285371e-09
1.119328849893169361e-09
1.119451940463811186e-09
1.119574578478149618e-09
1.119696950112041232e-09
1.119818750357855270e-09
1.119940097876966711e-09
1.120061159131202023e-09
1.120181512039742251e-09
1.120301627661101293e-09
1.120421128279465166e-09
1.120540110951574735e-09
1.120658663071708696e-09
1.120776777826711214e-09
1.120894312239075154e-09
1.121011372730218532e-09
1.121127834677441134e-09
1.121243824524398576e-09
1.121359466629258711e-09
1.121474356281002831e-09
1.121588866518069427e-09
1.121702964909188222e-09
1.121816392274023322e-09
1.121929362636128364e-09
1.122041856929817411e-09
1.122153772021219073e-09
1.122265301967732235e-09
1.122376225481006810e-09
1.122486580783073671e-09
1.122596523339054789e-09
1.122705834214756100e-09
1.122814615689240548e-09
1.122923009117417781e-09
1.123030686501329968e-09
1.123137984242262782e-09
1.123244786568183125e-09
1.123350948495340005e-09
1.123456581850114997e-09
1.123561825168551655e-09
1.123666375055855982e-09
1.123770563190277787e-09
1.123874165211152753e-09
1.123977166367699888e-09
1.124079688810011120e-09
1.124181768093287027e-09
1.124283163848106024e-09
1.124384188128685069e-09
1.124484584847185704e-09
1.124584545647790097e-09
1.124683906881251296e-09
1.124782899482003382e-09
1.124881298950746568e-09
1.124979484647233585e-09
1.125076943236245736e-09
1.125174177426543261e-09
1.125270875854274141e-09
1.125367232575844645e-09
1.125462957160035335e-09
1.125558426952248716e-09
1.125653227971418390e-09
1.125747732922463624e-09
1.125841751854771838e-09
1.125935266867658268e-09
1.126028356295126923e-09
1.126121081842948983e-09
1.126213329033298139e-09
1.126305232418598833e-09
1.126396822449602800e-09
1.126487901989235016e-09
1.126578830085580117e-09
1.126669317390280807e-09
1.126759397290993585e-09
1.126849025331971766e-09
1.126938359445320777e-09
1.127027199568641360e-09
1.127115805075498799e-09
1.127203980500550090e-09
1.127291689200521276e-09
1.127379061027879278e-09
1.127466151065160111e-09
1.127552770372483187e-09
1.127639204368767019e-09
1.127725228272725949e-09
1.127810859338272221e-09
1.127896283180599387e-09
1.127981369867086726e-09
1.128066092814300021e-09
1.128150454870222122e-09
1.128234547236147772e-09
1.128318241348936473e-09
1.128401677424139296e-09
1.128484862671462458e-09
1.128567557366685254e-09
1.128649953454752719e-09
1.128732163166206877e-09
1.128813953637876611e-09
1.128895669787616461e-09
1.128977032530064426e-09
1.129058036357024807e-09
1.129138896364242753e-09
1.129219530754557184e-09
1.129299860230215961e-09
1.129379846604674258e-09
1.129459580365783544e-09
1.129538987928466423e-09
1.129618147587601262e-09
1.129697111322059701e-09
1.129775627199758680e-09
1.129853889925365914e-09
1.129932040072105369e-09
1.130009748334081234e-09
1.130087313181550445e-09
1.130164639489487022e-09
1.130241563599048719e-09
1.130318404944888791e-09
1.130395081929113968e-09
1.130471360172579225e-09
1.130547415678143090e-09
1.130623146056314005e-09
1.130698546163021178e-09
1.130773738147529357e-09
1.130848819032168692e-09
1.130923500191785897e-09
1.130997764196610129e-09
1.131071943096626167e-09
1.131145784743939529e-09
1.131219365723480818e-09
1.131292786254054227e-09
1.131365754398723451e-09
1.131438446555656631e-09
1.131510946740016941e-09
1.131583213911651880e-09
1.131655146350507162e-09
1.131726787707896326e-09
1.131798176543174500e-09
1.131869265721936018e-09
1.131940081841346298e-09
1.132010762596288928e-09
1.132081049925686101e-09
1.132151015353611995e-09
1.132220833936216928e-09
1.132290307593026386e-09
1.132359560152233607e-09
1.132428619935261993e-09
1.132497271333514415e-09
1.132565710873772042e-09
1.132633904167241678e-09
1.132701835166702156e-09
1.132769469365569763e-09
1.132836793828145924e-09
1.132903848352075143e-09
1.132970537454410388e-09
1.133036970627974008e-09
1.133103196784369213e-09
1.133168989293313521e-09
1.133234547290681187e-09
1.133299977258439850e-09
1.133364929493495125e-09
1.133429613855456165e-09
1.133494102599790248e-09
1.133558130448268722e-09
1.133621984510567273e-09
1.133685631613517335e-09
1.133748921154909039e-09
1.133811832362913716e-09
1.133874462335465825e-09
1.133936761644884171e-09
1.133998656439242896e-09
1.134060385483398631e-09
1.134121890607281007e-09
1.134182851348878446e-09
1.134243566332055328e-09
1.134304036341640617e-09
1.134364127193470680e-09
1.134423931033315085e-09
1.134483527824061904e-09
1.134542645290196247e-09
1.134601439711199396e-09
1.134659991039454230e-09
1.134718247976941470e-09
1.134776179746834783e-09
1.134833720558331534e-09
1.134891018036453128e-09
1.134947975162426292e-09
1.135004590898801099e-09
1.135061004286945742e-09
1.135117090035549915e-09
1.135172772927591594e-09
1.135228182710485761e-09
1.135283409155414601e-09
1.135338176456042779e-09
1.135392723338184001e-09
1.135447047606252769e-09
1.135500923292703706e-09
1.135554629802852275e-09
1.135608002552985586e-09
1.135661069529767049e-09
1.135713813726528704e-09
1.135766227411117060e-09
1.135818406212890115e-09
1.135870118220099894e-09
1.135921570439575054e-09
1.135972785886706241e-09
1.136023575441122056e-09
1.136074050759962919e-09
1.136124316342113667e-09
1.136174309284045593e-09
1.136223823942289125e-09
1.136273164053015699e-09
1.136322203235352708e-09
1.136370801830772507e-09
1.136419307731836554e-09
1.136467547396631364e-09
1.136515360029931251e-09
1.136562838171657347e-09
1.136610043129045213e-09
1.136656877468076907e-09
1.136703349658833747e-09
1.136749686563456941e-09
1.136795720877967438e-09
1.136841271442366463e-09
1.136886530346521096e-09
1.136931533149685101e-09
1.136976214423774539e-09
1.137020597450366778e-09
1.137064847699498732e-09
1.137108690950705739e-09
1.137152123628665035e-09
1.137195426557306833e-09
1.137238375875666624e-09
1.137281131243333828e-09
1.137323578349159029e-09
1.137365654486730659e-09
1.137407530863493079e-09
1.137449006402758163e-09
1.137490235167080434e-09
1.137531274988130675e-09
1.137572010618142861e-09
1.137612350303844623e-09
1.137652454805802779e-09
1.137692401733990147e-09
1.137731909980091818e-09
1.137771258587200866e-09
1.137810420815463219e-09
1.137849146992818687e-09
1.137887733382275461e-09
1.137926069542235030e-09
1.137964152097552342e-09
1.138001902271185450e-09
1.138039365318268386e-09
1.138076628497174069e-09
1.138113510586609642e-09
1.138150151993370332e-09
1.138186607521480443e-09
1.138222701524927164e-09
1.138258458112882064e-09
1.138293990028656427e-09
1.138329404214378465e-09
1.138364423205712024e-09
1.138399135127170842e-09
1.138433714940193055e-09
1.138467952672755665e-09
1.138501859818781438e-09
1.138535686681965679e-09
1.138569309934559421e-09
1.138602532365868567e-09
1.138635487879394368e-09
1.138668207401434694e-09
1.138700606832288513e-09
1.138732674251538734e-09
1.138764607364864336e-09
1.138796344649797361e-09
1.138827709947803890e-09
1.138858702761086630e-09
1.138889524501838166e-09
1.138920132122834957e-09
1.138950341519149813e-09
1.138980500244448295e-09
1.139010429252591684e-09
1.139039886284712441e-09
1.139069169857472335e-09
1.139098254842199693e-09
1.139127087619061975e-09
1.139155742905133244e-09
1.139184085347939968e-09
1.139212116782086029e-09
1.139239967173362090e-09
1.139267474422988539e-09
1.139294755974647775e-09
1.139321905245651402e-09
1.139348759519398611e-09
1.139375232947114963e-09
1.139401541031022162e-09
1.139427698467224559e-09
1.139453491402815875e-09
1.139479058512061547e-09
1.139504500840450070e-09
1.139529625453728395e-09
1.139554438167307101e-09
1.139579163652622262e-09
1.139603661442329029e-09
1.139627814489791699e-09
1.139651753996277900e-09
1.139675428662610300e-09
1.139698898980507096e-09
1.139722027800362158e-09
1.139744950067510720e-09
1.139767734022698955e-09
1.139790141815518398e-09
1.139812259113342778e-09
1.139834203751772667e-09
1.139856003650883434e-09
1.139877482088169418e-09
1.139898625485295429e-09
1.139919620134171479e-09
1.139940382874360121e-09
1.139960746157119561e-09
1.139981012947358030e-09
1.140001086768519147e-09
1.140020868614859085e-09
1.140040309282779877e-09
1.140059523833518321e-09
1.140078528024699649e-09
1.140097155402603761e-09
1.140115556859780919e-09
1.140133795978047935e-09
1.140151823532051991e-09
1.140169476061970495e-09
1.140186829016932353e-09
1.140203997280247812e-09
1.140220971052473589e-09
1.140237541036317913e-09
1.140254051818845796e-09
1.140270360817528846e-09
1.140286219316527660e-09
1.140301861464700183e-09
1.140317357011156434e-09
1.140332569936880746e-09
1.140347612221779414e-09
1.140362387107558340e-09
1.140376799444045250e-09
1.140391062494035775e-09
1.140404978690238254e-09
1.140418638938478518e-09
1.140432182570051561e-09
1.140445483176291509e-09
1.140458403964107075e-09
1.140471070809625257e-09
1.140483556514996999e-09
1.140495883848864970e-09
1.140507826707943455e-09
1.140519588713493583e-09
1.140531204200459091e-09
1.140542477936679188e-09
1.140553472947443569e-09
1.140564390567189838e-09
1.140575071346018862e-09
1.140585433029338682e-09
1.140595568088745309e-09
1.140605432291665387e-09
1.140615104674131109e-09
1.140624459978002116e-09
1.140633602441105040e-09
1.140642556807307138e-09
1.140651278827739592e-09
1.140659669475896344e-09
1.140667784197114828e-09
1.140675752375015992e-09
1.140683584233304054e-09
1.140690997471779560e-09
1.140698198278114207e-09
1.140705260783076440e-09
1.140712008753024340e-09
1.140718424829407317e-09
1.140724756821805693e-09
1.140730861445083863e-09
1.140736690013541641e-09
1.140742210856253171e-09
1.140747504531676565e-09
1.140752589281543153e-09
1.140757356954303949e-09
1.140761846382283682e-09
1.140766158245191583e-09
1.140770282983218594e-09
1.140774144347021287e-09
1.140777626726445809e-09
1.140780922703448989e-09
1.140784053193458050e-09
1.140786853076333477e-09
1.140789400269759275e-09
1.140791910682185546e-09
1.140794143026847404e-09
1.140795941178367316e-09
1.140797649419242391e-09
1.140799140560610002e-09
1.140800416195620007e-09
1.140801508370738263e-09
1.140802320466223421e-09
1.140802810184277577e-09
1.140803161839849079e-09
1.140803169972357989e-09
1.140802954206513826e-09
1.140802627786485733e-09
1.140802077752902852e-09
1.140801175943641845e-09
1.140799985930179762e-09
1.140798642869196486e-09
1.140797162352467535e-09
1.140795365190917381e-09
1.140793315141890560e-09
1.140791145203539143e-09
1.140788770645767753e-09
1.140786014602472175e-09
1.140783155215532204e-09
1.140780166344551558e-09
1.140776961139122795e-09
1.140773402877209445e-09
1.140769688531691180e-09
1.140765715499581128e-09
1.140761548334633319e-09
1.140757089759497817e-09
1.140752439157774551e-09
1.140747622315247475e-09
1.140742615284872419e-09
1.140737273960785174e-09
1.140731657944326725e-09
1.140725925072476731e-09
1.140720054926529925e-09
1.140713836798272563e-09
1.140707362285301622e-09
1.140700760152341517e-09
1.140693958758189293e-09
1.140686770713514417e-09
1.140679452764094808e-09
1.140671971446917809e-09
1.140664266497491740e-09
1.140656262596637770e-09
1.140648031117965925e-09
1.140639570907972842e-09
1.140630933229770776e-09
1.140621970194881296e-09
1.140612787065263352e-09
1.140603418669191200e-09
1.140593880810198599e-09
1.140584103728504895e-09
1.140573963613122209e-09
1.140563642641481470e-09
1.140553169260241225e-09
1.140542456368523743e-09
1.140531426878803480e-09
1.140520355986294735e-09
1.140509113269016736e-09
1.140497472341532462e-09
1.140485601388933754e-09
1.140473656373643566e-09
1.140461471884437524e-09
1.140449137702672134e-09
1.140436553744373642e-09
1.140423690314833394e-09
1.140410606696762401e-09
1.140397341812069052e-09
1.140383757213466273e-09
1.140370004921613247e-09
1.140356144979648122e-09
1.140342048054159813e-09
1.140327624356264471e-09
1.140312935634581233e-09
1.140298127111585416e-09
1.140283192606583483e-09
1.140267949079974155e-09
1.140252458317765130e-09
1.140236850084990340e-09
1.140221086630946422e-09
1.140204959810521481e-09
1.140188667631563571e-09
1.140172302177472842e-09
1.140155733984639981e-09
1.140138907927929169e-09
1.140121852450193924e-09
1.140104582263255031e-09
1.140087101374719838e-09
1.140069420986599073e-09
1.140051436209165061e-09
1.140033296013510219e-09
1.140015061333315344e-09
1.139996576517011955e-09
1.139977777583089570e-09
1.139958749025483502e-09
1.139939589049309461e-09
1.139920302115387053e-09
1.139900688373902436e-09
1.139880827396818123e-09
1.139860855151368277e-09
1.139840723927512244e-09
1.139820188218623246e-09
1.139799472129932226e-09
1.139778657080909598e-09
1.139757613486846804e-09
1.139736365753707820e-09
1.139714837006635235e-09
1.139693096451115974e-09
1.139671144993988142e-09
1.139649012538906217e-09
1.139626562842026841e-09
1.139603943778262683e-09
1.139581164634866789e-09
1.139558204414024746e-09
1.139534983448730987e-09
1.139511447246311992e-09
1.139487753410068896e-09
1.139463905762982336e-09
1.139439851651945755e-09
1.139415483810327986e-09
1.139391055895628130e-09
1.139366481788666406e-09
1.139341583826680951e-09
1.139316402341923099e-09
1.139291179541065292e-09
1.139265717509400014e-09
1.139240114721869290e-09
1.139214270711018434e-09
1.139188216700061798e-09
1.139161895433501255e-09
1.139135453091025527e-09
1.139108714612224318e-09
1.139081755679905055e-09
1.139054628205441441e-09
1.139027402204585166e-09
1.138999900780998566e-09
1.138972100755881464e-09
1.138944084838899232e-09
1.138915952594845712e-09
1.138887716437303076e-09
1.138859148959018089e-09
1.138830349495903720e-09
1.138801447241949761e-09
1.138772408815000463e-09
1.138743018145140069e-09
1.138713434211353792e-09
1.138683799221167694e-09
1.138653992145939962e-09
1.138623998116437343e-09
1.138593665318464933e-09
1.138563191711852955e-09
1.138532488500210215e-09
1.138501620303878785e-09
1.138470466330459633e-09
1.138439124624554073e-09
1.138407627596752865e-09
1.138376050992729164e-09
1.138344179633316655e-09
1.138311976351429260e-09
1.138279620317241431e-09
1.138247118889021025e-09
1.138214501138816492e-09
1.138181544165978655e-09
1.138148389814115464e-09
1.138115139250269608e-09
1.138081740924007645e-09
1.138047950451228246e-09
1.138013950787284348e-09
1.137979897570509539e-09
1.137945611956928043e-09
1.137911176015967439e-09
1.137876464172718548e-09
1.137841561858188240e-09
1.137806423108141904e-09
1.137771141416653508e-09
1.137735637512564767e-09
1.137699883499788550e-09
1.137663957884423792e-09
1.137627916668335042e-09
1.137591682049850375e-09
1.137555181518689525e-09
1.137518404178030052e-09
1.137481489885377897e-09
1.137444446356508379e-09
1.137407200714907017e-09
1.137369665904736063e-09
1.137332057046349290e-09
1.137294321514971077e-09
1.137256323113535128e-09
1.137218029917626088e-09
1.137179671805947423e-09
1.137141146117071949e-09
1.137102435389216936e-09
1.137063540434425592e-09
1.137024443910815015e-09
1.136985121059339186e-09
1.136945605437061197e-09
1.136905940589250034e-09
1.136865969482159771e-09
1.136825847053956971e-09
1.136785576131407298e-09
1.136745179417061692e-09
1.136704507854090464e-09
1.136663564233442359e-09
1.136622456290842671e-09
1.136581231999127331e-09
1.136539917976885733e-09
1.136498263514028738e-09
1.136456389508503621e-09
1.136414428366904237e-09
1.136372350734617241e-09
1.136329940331168050e-09
1.136287312743218587e-09
1.136244655305174589e-09
1.136201843851104977e-09
1.136158861634945044e-09
1.136115581705150279e-09
1.136072144327812487e-09
1.136028483792696424e-09
1.135984662733380405e-09
1.135940629278443551e-09
1.135896317178659731e-09
1.135851886605229574e-09
1.135807345317231304e-09
1.135762663527022522e-09
1.135717680523046865e-09
1.135672400350548399e-09
1.135627001764291472e-09
1.135581450599442041e-09
1.135535786101005240e-09
1.135489795480118573e-09
1.135443640771331075e-09
1.135397404718760192e-09
1.135351020927885517e-09
1.135304288684406749e-09
1.135257313738153965e-09
1.135210307195752452e-09
1.135163090559773748e-09
1.135115700467577468e-09
1.135068133187669152e-09
1.135020381473119452e-09
1.134972386407823803e-09
1.134924212124749458e-09
1.134875901239000804e-09
1.134827344614559850e-09
1.134778609565440971e-09
1.134729718748162504e-09
1.134680717460416922e-09
1.134631549020107699e-09
1.134582070926845478e-09
1.134532384807171776e-09
1.134482570257409577e-09
1.134432639656151312e-09
1.134382535270160690e-09
1.134332147716216795e-09
1.134281666843933453e-09
1.134231087868567130e-09
1.134180305214616063e-09
1.134129230515492106e-09
1.134078030418392906e-09
1.134026743034134900e-09
1.133975261514598954e-09
1.133923649395858790e-09
1.133871780119197970e-09
1.133819759398919163e-09
1.133767518543214607e-09
1.133715168290061627e-09
1.133662599882166874e-09
1.133609761714420269e-09
1.133556794655845565e-09
1.133503705448336986e-09
1.133450473500349876e-09
1.133396966715689904e-09
1.133343237480201572e-09
1.133289355171797600e-09
1.133235363049666560e-09
1.133181301722462188e-09
1.133126909451709826e-09
1.133072291046487041e-09
1.133017592538996251e-09
1.132962783820731700e-09
1.132907726638090653e-09
1.132852386693476577e-09
1.132796996996306120e-09
1.132741513945103375e-09
1.132685873915658522e-09
1.132630042158238108e-09
1.132573925603566767e-09
1.132517659097345828e-09
1.132461204739234959e-09
1.132404620905644735e-09
1.132347771585086830e-09
1.132290717791023612e-09
1.132233564188355066e-09
1.132176322818845679e-09
1.132118911278059723e-09
1.132061217720094162e-09
1.132003248343592352e-09
1.131945165911559936e-09
1.131886943492733248e-09
1.131828616412232579e-09
1.131769993085350048e-09
1.131711210698666758e-09
1.131652375782126822e-09
1.131593388559757188e-09
1.131534145103799874e-09
1.131474607460974986e-09
1.131414989004878999e-09
1.131355265733460232e-09
1.131295336156620608e-09
1.131235285325112070e-09
1.131175041691037635e-09
1.131114638004173475e-09
1.131053984908003047e-09
1.130993200391734361e-09
1.130932285789692463e-09
1.130871109585619350e-09
1.130809777974037396e-09
1.130748316384463864e-09
1.130686756113484025e-09
1.130625033873385137e-09
1.130563030814401837e-09
1.130500824917621526e-09
1.130438513163891249e-09
1.130376059238906780e-09
1.130313513576118220e-09
1.130250658574084909e-09
1.130187665305586205e-09
1.130124605738230533e-09
1.130061420428833840e-09
1.129997973862877916e-09
1.129934292966001596e-09
1.129870592708632166e-09
1.129806732394130314e-09
1.129742703583020402e-09
1.129678517623186460e-09
1.129614121989197258e-09
1.129549568485885635e-09
1.129484813922222701e-09
1.129419978909537650e-09
1.129354918017691472e-09
1.129289627650475094e-09
1.129224215754255350e-09
1.129158680910003901e-09
1.129093028002553136e-09
1.129027114119991341e-09
1.128960998672415345e-09
1.128894702562017480e-09
1.128828313643816044e-09
1.128761850966374336e-09
1.128695186138067756e-09
1.128628234740358506e-09
1.128561163309436593e-09
1.128494007366174599e-09
1.128426742710287009e-09
1.128359135491610801e-09
1.128291364265642514e-09
1.128223573499186616e-09
1.128155658937376552e-09
1.128087590437792160e-09
1.128019311780441362e-09
1.127950817167243014e-09
1.127882168078147989e-09
1.127813350912776734e-09
1.127744411308007132e-09
1.127675225548432022e-09
1.127605835706153080e-09
1.127536364522117345e-09
1.127466792153502692e-09
1.127397087498359449e-09
1.127327172253702880e-09
1.127256955149085941e-09
1.127186599874990535e-09
1.127116137402134133e-09
1.127045531779179360e-09
1.126974776531535409e-09
1.126903760411226747e-09
1.126832669681418861e-09
1.126761518505429073e-09
1.126690213077667195e-09
1.126618583210230329e-09
1.126546757763589046e-09
1.126474904937600360e-09
1.126402897052014998e-09
1.126330704951197910e-09
1.126258415579069306e-09
1.126185957684690043e-09
1.126113344418536142e-09
1.126040484593747159e-09
1.125967506721185777e-09
1.125894412684755843e-09
1.125821086791999034e-09
1.125747609337171974e-09
1.125673981323065721e-09
1.125600288167204099e-09
1.125526441213403030e-09
1.125452391456505178e-09
1.125378090366899338e-09
1.125303678982354110e-09
1.125229137629495316e-09
1.125154530325484925e-09
1.125079714875370019e-09
1.125004668238406867e-09
1.124929521922168077e-09
1.124854310441798682e-09
1.124778962892824141e-09
1.124703345697693723e-09
1.124627542103781557e-09
1.124551726824206159e-09
1.124475772789012114e-09
1.124399656847440667e-09
1.124323398798101141e-09
1.124246923789916212e-09
1.124170324139385530e-09
1.124093540502958945e-09
1.124016647046022413e-09
1.123939608402841073e-09
1.123862324857247032e-09
1.123784949824608704e-09
1.123707414463067762e-09
1.123629826869331117e-09
1.123552000159475593e-09
1.123473987288197797e-09
1.123395773433537846e-09
1.123317456795813804e-09
1.123239033994710737e-09
1.123160552586124192e-09
1.123081826838352225e-09
1.123002875659006559e-09
1.122923825911991922e-09
1.122844683689493523e-09
1.122765446418276555e-09
1.122685891383187091e-09
1.122606176287366969e-09
1.122526442838352929e-09
1.122446589951530830e-09
1.122366595062240743e-09
1.122286453487523707e-09
1.122206055049362312e-09
1.122125537940272005e-09
1.122044864530359154e-09
1.121964064600772790e-09
1.121883108920025399e-09
1.121801909742410604e-09
1.121720599848821488e-09
1.121639181571162916e-09
1.121557681941325076e-09
1.121476025231377837e-09
1.121394165154072559e-09
1.121312052120800059e-09
1.121229824935899924e-09
1.121147484632810251e-09
1.121065034550941891e-09
1.120982429093659298e-09
1.120899576338448950e-09
1.120816654497734228e-09
1.120733696451903120e-09
1.120650602281094507e-09
1.120567219468009968e-09
1.120483627379305788e-09
1.120399988108426262e-09
1.120316271934854701e-09
1.120232350547120307e-09
1.120148325002126668e-09
1.120064183839493195e-09
1.119979914591829616e-09
1.119895429373842827e-09
1.119810742165836436e-09
1.119725993547941370e-09
1.119641103097522573e-09
1.119555975311367086e-09
1.119470733104584829e-09
1.119385395942762207e-09
1.119299982565758715e-09
1.119214398661625555e-09
1.119128614429692235e-09
1.119042614613770410e-09
1.118956519263450918e-09
1.118870304412085410e-09
1.118784022820438000e-09
1.118697574916435657e-09
1.118610911367026647e-09
1.118524127052226055e-09
1.118437280255427995e-09
1.118350335261910108e-09
1.118263177534578593e-09
1.118175797305671187e-09
1.118088355577001931e-09
1.118000861701750166e-09
1.117913229424168593e-09
1.117825479705055293e-09
1.117737509257179590e-09
1.117649423735866176e-09
1.117561192900756706e-09
1.117472797895731447e-09
1.117384315231109313e-09
1.117295686517617070e-09
1.117206835973475131e-09
1.117117913314734772e-09
1.117028843851494815e-09
1.116939733923241036e-09
1.116850415675381610e-09
1.116760907057074083e-09
1.116671231602682218e-09
1.116581441678322258e-09
1.116491559485769998e-09
1.116401591772709928e-09
1.116311512134378839e-09
1.116221163456504776e-09
1.116130688397013644e-09
1.116040136545135010e-09
1.115949503813852186e-09
1.115858689745016269e-09
1.115767628471682648e-09
1.115676472219030910e-09
1.115585291060095006e-09
1.115493970544428303e-09
1.115402511242123678e-09
1.115310906009938876e-09
1.115219104617827508e-09
1.115127182667698737e-09
1.115035118141865813e-09
1.114942935703049571e-09
1.114850621275820632e-09
1.114758089568097110e-09
1.114665438943937470e-09
1.114572682562916718e-09
1.114479833934920848e-09
1.114386863868332455e-09
1.114293770300990271e-09
1.114200435691315073e-09
1.114106917554539701e-09
1.114013310704835661e-09
1.113919599312613007e-09
1.113825830213706561e-09
1.113731806601582672e-09
1.113637627507296892e-09
1.113543417494778253e-09
1.113449156756525244e-09
1.113354759292927040e-09
1.113260070511744014e-09
1.113165217961827797e-09
1.113070339415279289e-09
1.112975381862394370e-09
1.112880238131709004e-09
1.112784999291755447e-09
1.112689668470310392e-09
1.112594217480532719e-09
1.112498564749261861e-09
1.112402724932359833e-09
1.112306816568778882e-09
1.112210805762022351e-09
1.112114576109373288e-09
1.112018237137568446e-09
1.111921771576524200e-09
1.111825269375059771e-09
1.111728643292545265e-09
1.111631854019414099e-09
1.111534841132479989e-09
1.111437675461192196e-09
1.111340438004523869e-09
1.111243086578952103e-09
1.111145687968309859e-09
1.111048105322140878e-09
1.110950350476944775e-09
1.110852488011415076e-09
1.110754561926307771e-09
1.110656551255282671e-09
1.110558351225451358e-09
1.110459942647836626e-09
1.110361456687765103e-09
1.110262949972119008e-09
1.110164332875589459e-09
1.110065579775140288e-09
1.109966695734316256e-09
1.109867628972065965e-09
1.109768483882842701e-09
1.109669176099187067e-09
1.109569746490852358e-09
1.109470222422793034e-09
1.109370554821113049e-09
1.109270719509970076e-09
1.109170808806980456e-09
1.109070780792036952e-09
1.108970720312363716e-09
1.108870441824194240e-09
1.108770009243278147e-09
1.108669410560690023e-09
1.108568727427593568e-09
1.108467958111169478e-09
1.108367100768376627e-09
1.108266161706260394e-09
1.108164979171099557e-09
1.108063667838209800e-09
1.107962290753312178e-09
1.107860827373955204e-09
1.107759260155762163e-09
1.107657439027200909e-09
1.107555479858449520e-09
1.107453503206863652e-09
1.107351429515907712e-09
1.107249223405867489e-09
1.107146914951789284e-09
1.107044418015509522e-09
1.106941811284486487e-09
1.106839073732905702e-09
1.106736195674358118e-09
1.106633228070283221e-09
1.106530147948469193e-09
1.106426856339774951e-09
1.106323465412124945e-09
1.106219970943134380e-09
1.106116389968587970e-09
1.106012704886247718e-09
1.105908907182729399e-09
1.105804924220615088e-09
1.105700754885237551e-09
1.105596490089495013e-09
1.105492125737644029e-09
1.105387695072170903e-09
1.105283140803952617e-09
1.105178361887128441e-09
1.105073503902218821e-09
1.104968638970150109e-09
1.104863677525956247e-09
1.104758562407403722e-09
1.104653199192115125e-09
1.104547717519475649e-09
1.104442232025964847e-09
1.104336638867866286e-09
1.104230903571104449e-09
1.099359787612991167e-09
1.099254629181483330e-09
1.099149366501809101e-09
1.099043923220441651e-09
1.098938315176028555e-09
1.098832635050021547e-09
1.079775469081604993e-09
1.079672525249377412e-09
1.079569459628618548e-09
1.079466296021409169e-09
1.079363073067464998e-09
1.079259777486277223e-09
1.069736098410608091e-09
1.069633963891726395e-09
1.069531659383465148e-09
1.069429253310990441e-09
1.069326777648762058e-09
1.069224203978783259e-09
1.050392891887312636e-09
1.050293026314180543e-09
1.050193017782690546e-09
1.050092929857040508e-09
1.049992783406542335e-09
1.049892556127552939e-09
1.040484245971289018e-09
1.040385120759629464e-09
1.040285928566937090e-09
1.040186725943621270e-09
1.040087427852351065e-09
1.039987991948551509e-09
1.039888493000002835e-09
1.021289491375265005e-09
1.021192639325660073e-09
1.021095644312940947e-09
1.020998512103052807e-09
1.020901309350126694e-09
1.020804050603587158e-09
1.011514348542810608e-09
1.011418288051512623e-09
1.011322111763593598e-09
1.011225887874614966e-09
1.011129593379070889e-09
1.011033129266357858e-09
9.926674183527406688e-10
9.925735133085203474e-10
9.924795524056824795e-10
9.923854989066131607e-10
9.922913671857882422e-10
9.921971874720269015e-10
9.830265590856970499e-10
9.829334886356541626e-10
9.828403624080367492e-10
9.827471678013065244e-10
9.826539022781696774e-10
9.825603938077855843e-10
9.644314830805241273e-10
9.643405938282703984e-10
9.642496801354351874e-10
9.641586246007497837e-10
9.640674478248371501e-10
9.639762107765332598e-10
9.549263867974552564e-10
9.548363275444320178e-10
9.547461343586873724e-10
9.546558106240931289e-10
9.545654196895527168e-10
9.544749529909343820e-10
9.365864805728180286e-10
9.364985176421115786e-10
9.364104537842654973e-10
9.363223132234914981e-10
9.362340839279099040e-10
9.361457494381774889e-10
9.272184637969126548e-10
9.271312381618165211e-10
9.270439148286457134e-10
9.269564933650329256e-10
