-1.118377208149121090e-13
-1.301595489540949060e-13
-1.487588529272432325e-13
-1.673242890655453464e-13
-1.855330958780403280e-13
-2.030515370068360266e-13
-2.195397042513357740e-13
-2.346480347242693811e-13
-2.480233298314203298e-13
-2.593115259130873426e-13
-2.681520018352633297e-13
-2.741852186643364533e-13
-2.770493010950547697e-13
-2.763844478948342508e-13
-2.718320286225298760e-13
-2.630328500233078437e-13
-2.496379189719039167e-13
-2.312983361453352203e-13
-2.076778099420793157e-13
-1.784363835233196426e-13
-1.432353542214842677e-13
-1.017582644063424766e-13
-5.369620926840060999e-14
1.267317460792080361e-15
6.343986219472730279e-14
1.330964323777046269e-13
2.105180214292444542e-13
2.959977927463474312e-13
3.897736567080735335e-13
4.921170875394540133e-13
6.032484997569765391e-13
7.234034482601890584e-13
8.528185857827480952e-13
9.916551063341109392e-13
1.140180412425461384e-12
1.298506365014524057e-12
1.466872615033803943e-12
1.645402060842811109e-12
1.834256566963607481e-12
2.033580185907252029e-12
2.243521872222550039e-12
2.464138487462862069e-12
2.695607588924522430e-12
2.938003923129222847e-12
3.191377448477239879e-12
3.455842040938269829e-12
3.731396658264740071e-12
4.018214136371487008e-12
4.316228817135642733e-12
4.625477544008871779e-12
4.946086915329564162e-12
5.277896949569604572e-12
5.621009151220012251e-12
5.975453415415305476e-12
6.341082166847632132e-12
6.717976978760279748e-12
7.106104575662438787e-12
7.505324771781540506e-12
7.915668535767104579e-12
8.337071956998023967e-12
8.769400248544155979e-12
9.212615691465873333e-12
9.666648555926464527e-12
1.013136090393395979e-11
1.060669121508835013e-11
1.109251975598858683e-11
1.158872475042838044e-11
1.209523789992434656e-11
1.261188259909960104e-11
1.313847826466569231e-11
1.367493461713795122e-11
1.422120385904273101e-11
1.477703790071635680e-11
1.534227271671012977e-11
1.591677697340753175e-11
1.650047757798634476e-11
1.709308696391903529e-11
1.769446207925220968e-11
1.830445823222962795e-11
1.892296847782795242e-11
1.954973673234462268e-11
2.018457586022812547e-11
2.082728961320899838e-11
2.147783377914525139e-11
2.213598635582992249e-11
2.280145374907035450e-11
2.347404848632163968e-11
2.415375104976092294e-11
2.484032755903308536e-11
2.553351728548555801e-11
2.623314916155022649e-11
2.693903687157698779e-11
2.765100978574170766e-11
2.836902074581591351e-11
2.909271935511428414e-11
2.982188739478853998e-11
3.055643369944358715e-11
3.129612286704284863e-11
3.204093629694132608e-11
3.279058364328461487e-11
3.354482113131399713e-11
3.430354092662152764e-11
3.506652336858312886e-11
3.583377482880561672e-11
3.660502416310903742e-11
3.738008269688961706e-11
3.815878231561402160e-11
3.894093286816108375e-11
3.972651794260571888e-11
4.051531480369350613e-11
4.130722835328182791e-11
4.210201341652606152e-11
4.289955850767760182e-11
4.369972336453239229e-11
4.450242249847042748e-11
4.530752222734400051e-11
4.611490287681275033e-11
4.692441630875512960e-11
4.773592489090513424e-11
4.854931542475398279e-11
4.936447104308144741e-11
5.018132599743653286e-11
5.099978001318036758e-11
5.181975794426301711e-11
5.264115980787491061e-11
5.346381792375254852e-11
5.428763498071430244e-11
5.511256986904178132e-11
5.593856696745622942e-11
5.676560222435786071e-11
5.759365252269552581e-11
5.842251764323652016e-11
5.925208888998157897e-11
6.008230937705821956e-11
6.091318346800963512e-11
6.174469485860963094e-11
6.257692152287321319e-11
6.340978321815982772e-11
6.424304339248641639e-11
6.507664099793853933e-11
6.591058715877193347e-11
6.674488348699620241e-11
6.757959951442100768e-11
6.841481468810459032e-11
6.925045046253285892e-11
7.008631121478490061e-11
7.092235689128653047e-11
7.175861543816929456e-11
7.259509645800751374e-11
7.343189033972184088e-11
7.426910523734280343e-11
7.510671128352915168e-11
7.594456722246747730e-11
7.678263420437952790e-11
7.762093082122493125e-11
7.845950429550407416e-11
7.929837343110023150e-11
8.013769735142435109e-11
8.097748896992384777e-11
8.181769482277244590e-11
8.265828324475182146e-11
8.349922933483043033e-11
8.434062530238801749e-11
8.518248582053331484e-11
8.602485586919736343e-11
8.686786567721426176e-11
8.771149766707871114e-11
8.855576073784788268e-11
8.940067319138916332e-11
9.024620466008245599e-11
9.109248283141486323e-11
9.193952595166720899e-11
9.278733842954672205e-11
9.363605315509296764e-11
9.448565003029858962e-11
9.533613297575156317e-11
9.618760325275179450e-11
9.704001245063665202e-11
9.789345201447100763e-11
9.874805395533230767e-11
9.960375882168196349e-11
1.004606346028032691e-10
1.013187290544799523e-10
1.021779701730385140e-10
1.030384882481108278e-10
1.039003345044279693e-10
1.047634388438924165e-10
1.056280001325520971e-10
1.064940886682686767e-10
1.073616318862920339e-10
1.082306783518848567e-10
1.091012437456618632e-10
1.099732355143015968e-10
1.108467839561213145e-10
1.117219745058915832e-10
1.125987055288404243e-10
1.134771373539118104e-10
1.143574184840139325e-10
1.152394775564555483e-10
1.161232506293481269e-10
1.170087802385521534e-10
1.178959903694780566e-10
1.187848314285122110e-10
1.196755057437015488e-10
1.205679618801284526e-10
1.214621314837229782e-10
1.223582760144480710e-10
1.232564131991978482e-10
1.241564440192417493e-10
1.250582914611696136e-10
1.259619546998687799e-10
1.268673353471684689e-10
1.277743865644628031e-10
1.286832793376771768e-10
1.295939523183824336e-10
1.305063234834317509e-10
1.314205877504918253e-10
1.323367664196289181e-10
1.332547839452648394e-10
1.341745014044836625e-10
1.350959108049835908e-10
1.360189439577172383e-10
1.369434828819965546e-10
1.378695916829955235e-10
1.387972774445234749e-10
1.397264536687173443e-10
1.406571152555123470e-10
1.415893694660802572e-10
1.425231662812229984e-10
1.434584146484556690e-10
1.443949550187828702e-10
1.453327484225678917e-10
1.462717291999507883e-10
1.472117962199125875e-10
1.481529417003380862e-10
1.490951429827650733e-10
1.500383464001289964e-10
1.509824808138218414e-10
1.519275302444512530e-10
1.528734720926157155e-10
1.538202635045692087e-10
1.547676771939096395e-10
1.557156152136843414e-10
1.566640559424674369e-10
1.576129417578648390e-10
1.585621214002235291e-10
1.595115561969473549e-10
1.604612375234376597e-10
1.614111269381298364e-10
1.623610141033043372e-10
1.633108466581802333e-10
1.642606257544410917e-10
1.652103121358320940e-10
1.661595702611700211e-10
1.671083324243155029e-10
1.680566086534272593e-10
1.690043825192094000e-10
1.699514015406618109e-10
1.708976134647024791e-10
1.718430442849858456e-10
1.727877133821055083e-10
1.737312460142099413e-10
1.746735274593718353e-10
1.756145796760104493e-10
1.765544666233850812e-10
1.774928291499308519e-10
1.784294556776535773e-10
1.793643898645669616e-10
1.802977071416019357e-10
1.812292455903869800e-10
1.821587473415020343e-10
1.830862390243725583e-10
1.840118251903266397e-10
1.849354336706682472e-10
1.858564896432794932e-10
1.867749585038039140e-10
1.876909442668120719e-10
1.886045330375871642e-10
1.895152320223693379e-10
1.904228938855676823e-10
1.913276024673139538e-10
1.922294775322766298e-10
1.931283962967434331e-10
1.940240247481608651e-10
1.949164147227119099e-10
1.958057146069204466e-10
1.966919662765568314e-10
1.975744952411049629e-10
1.984531379701837440e-10
1.993279951223265556e-10
2.001992320327399251e-10
2.010666799302745225e-10
2.019298585559346509e-10
2.027888214673488676e-10
2.036437279234203046e-10
2.044947448487829850e-10
2.053415544621522616e-10
2.061839743858367802e-10
2.070220927766103236e-10
2.078561510363813174e-10
2.086861686517051961e-10
2.095112811407559918e-10
2.103314322725401000e-10
2.111467476795798792e-10
2.119574227155489269e-10
2.127634473175469373e-10
2.135642273002332176e-10
2.143598633898872668e-10
2.151504984404354366e-10
2.159363619287368519e-10
2.167174133999520125e-10
2.174932615387559213e-10
2.182639829216832986e-10
2.190297756009604391e-10
2.197908835285281610e-10
2.205468743644599610e-10
2.212971935149262412e-10
2.220419706746091935e-10
2.227813860845927020e-10
2.235156082380933591e-10
2.242444669204489737e-10
2.249676237850932275e-10
2.256852035239199938e-10
2.263973596460999669e-10
2.271043297979761554e-10
2.278061328155678009e-10
2.285024180763692684e-10
2.291932432149342003e-10
2.298788119507100630e-10
2.305593986371308049e-10
2.312348526442346487e-10
2.319045086272279360e-10
2.325684927875264398e-10
2.332269088443972694e-10
2.338800120121347960e-10
2.345279501048952736e-10
2.351702968416847498e-10
2.358071234557820601e-10
2.364385118348418428e-10
2.370647114390833331e-10
2.376859784095327012e-10
2.383020554995128111e-10
2.389128555658355918e-10
2.395184648345113027e-10
2.401191459276088800e-10
2.407150182571697060e-10
2.413060401541358595e-10
2.418917666925728679e-10
2.424722597107662465e-10
2.430476377244244657e-10
2.436181546762998592e-10
2.441839592482197844e-10
2.447449381174742974e-10
2.453010171542048526e-10
2.458522870009456918e-10
2.463989672948703221e-10
2.469412067073836252e-10
2.474792047489899569e-10
2.480126616779730593e-10
2.485416343941020362e-10
2.490662765819925900e-10
2.495867487104235757e-10
2.501032786841973641e-10
2.506155641038663888e-10
2.511235512094323560e-10
2.516273475895064853e-10
2.521270261467008064e-10
2.526227170473145635e-10
2.531147383818325165e-10
2.536029792151602006e-10
2.540874874099117324e-10
2.545682920126583989e-10
2.550455833968675096e-10
2.555194811491569150e-10
2.559902003781344229e-10
2.564575679143659758e-10
2.569216641325101537e-10
2.573824953781175897e-10
2.578402182306466167e-10
2.582949504136975507e-10
2.587468575343297759e-10
2.591957166080180004e-10
2.596416469443159286e-10
2.600846733261337389e-10
2.605248871247104336e-10
2.609624002140318320e-10
2.613975406198076206e-10
2.618302388562608293e-10
2.622605875583555897e-10
2.626886135023005612e-10
2.631143957191234958e-10
2.635380524300979251e-10
2.639597999710781725e-10
2.643795309480058984e-10
2.647973150742155626e-10
2.652131366812520022e-10
2.656271059746363818e-10
2.660392840300764099e-10
2.664498242646775785e-10
2.668587335729075754e-10
2.672660349658557069e-10
2.676717408497422362e-10
2.680759177060656109e-10
2.684785815645934856e-10
2.688799304202285387e-10
2.692801823676178710e-10
2.696793530951930573e-10
2.700774570128953177e-10
2.704745141544600617e-10
2.708706043838445591e-10
2.712657657934604805e-10
2.716601460663145938e-10
2.720537194258873687e-10
2.724465102468753513e-10
2.728385146199816078e-10
2.732297703683705193e-10
2.736203038192157500e-10
2.740102258372600536e-10
2.743996179358174824e-10
2.747884886613181251e-10
2.751768570069868989e-10
2.755647154417165578e-10
2.759520936452437885e-10
2.763390264277689500e-10
2.767257535010223225e-10
2.771123321000293121e-10
2.774987717813316128e-10
2.778850643797880391e-10
2.782712384373483452e-10
2.786572963494448669e-10
2.790432900443257908e-10
2.794292168312553022e-10
2.798150777646405281e-10
2.802008680770673669e-10
2.805865911506291893e-10
2.809722519559783731e-10
2.813578398309222587e-10
2.817434069234495622e-10
2.821290043080340010e-10
2.825146439383866840e-10
2.829003206388798777e-10
2.832860326255331549e-10
2.836717753558841817e-10
2.840575469017748986e-10
2.844434432776573438e-10
2.848295268090677204e-10
2.852157955860873532e-10
2.856022429583081943e-10
2.859888747214952826e-10
2.863756970144868162e-10
2.867627059106150683e-10
2.871498117071056911e-10
2.875369378986442150e-10
2.879240679603953890e-10
2.883112102303397875e-10
2.886983671742614576e-10
2.890855171533637290e-10
2.894726645798279891e-10
2.898597591269931534e-10
2.902467649962607490e-10
2.906336920759546134e-10
2.910205333821474759e-10
2.914072917228280028e-10
2.917939628942643212e-10
2.921805457647492760e-10
2.925670290354506490e-10
2.929533423998214041e-10
2.933394832991437525e-10
2.937254421534254298e-10
2.941112295432163694e-10
2.944968671741907938e-10
2.948823572784955862e-10
2.952676550186402069e-10
2.956524376869831529e-10
2.960366808957997833e-10
2.964203754090395325e-10
2.968035333332764868e-10
2.971861419643812854e-10
2.975682340141625095e-10
2.979497919728609525e-10
2.983306737300201971e-10
2.987107307549387839e-10
2.990899770623723950e-10
2.994684259401090316e-10
2.998460991198791057e-10
3.002229914251863439e-10
3.005991403491500631e-10
3.009745311153053137e-10
3.013488745155846303e-10
3.017221716625872957e-10
3.020944112774575036e-10
3.024656045799903646e-10
3.028357808747134397e-10
3.032049837727392921e-10
3.035732355330018973e-10
3.039402903205664910e-10
3.043058107199412524e-10
3.046697930519922530e-10
3.050322449824503835e-10
3.053931795003260077e-10
3.057526768300203472e-10
3.061107130675853425e-10
3.064673495076006921e-10
3.068223210978234348e-10
3.071754610178444083e-10
3.075267572462063597e-10
3.078762568768658214e-10
3.082240098013455168e-10
3.085700242151855189e-10
3.089143554990790958e-10
3.092570731309864641e-10
3.095978156707407331e-10
3.099364126752537853e-10
3.102728920263852463e-10
3.106073098587207943e-10
3.109396947202899610e-10
3.112700695570415798e-10
3.115985306604917313e-10
3.119251023814521218e-10
3.122493053259925390e-10
3.125709522578108646e-10
3.128900724801318500e-10
3.132067161997581090e-10
3.135209331084482468e-10
3.138327423857289341e-10
3.141421943400219227e-10
3.144494127925100936e-10
3.147540851192972010e-10
3.150560727240382241e-10
3.153553742943697620e-10
3.156520031497815126e-10
3.159460285741150824e-10
3.162375497046566931e-10
3.165266118001386112e-10
3.168131997371142997e-10
3.170973197404073815e-10
3.173785457730835438e-10
3.176569343918387316e-10
3.179324778792639456e-10
3.182052030984218095e-10
3.184752145472252229e-10
3.187425691949264612e-10
3.190073149115222282e-10
3.192695477066874906e-10
3.195286829238299809e-10
3.197847726101878168e-10
3.200378197387721967e-10
3.202878856827656571e-10
3.205349920310238385e-10
3.207791787763231510e-10
3.210205356544424486e-10
3.212591788117140553e-10
3.214950300113897229e-10
3.217278689266754675e-10
3.219577271949963316e-10
3.221846416671865659e-10
3.224086081212749649e-10
3.226297542847014548e-10
3.228481520286872389e-10
3.230638187353161962e-10
3.232769673943936748e-10
3.234872078548720692e-10
3.236944394100140224e-10
3.238987494622666372e-10
3.241001392393106991e-10
3.242986719964541512e-10
3.244944349520136920e-10
3.246874751096177309e-10
3.248778658235189122e-10
3.250656342116962451e-10
3.252505208344099944e-10
3.254325356051716472e-10
3.256116786238632626e-10
3.257880119750013446e-10
3.259615588959297767e-10
3.261323934622233766e-10
3.263005563653986973e-10
3.264660933427533484e-10
3.266292157147594841e-10
3.267897844872809268e-10
3.269477730977697690e-10
3.271032280317705233e-10
3.272561715417031178e-10
3.274066408093154073e-10
3.275547284435153854e-10
3.277004659566583862e-10
3.278439009755500132e-10
3.279852012946667420e-10
3.281241711126027630e-10
3.282608033064644625e-10
3.283951038743866164e-10
3.285271230679016299e-10
3.286568673997540174e-10
3.287844280965709305e-10
3.289098337320038206e-10
3.290331298049361654e-10
3.291544934240635739e-10
3.292737627569999512e-10
3.293909834819821597e-10
3.295061724790782681e-10
3.296193233597448793e-10
3.297304742172622035e-10
3.298396812539620112e-10
3.299469895956900037e-10
3.300524118549446093e-10
3.301561291005279401e-10
3.302582545930493557e-10
3.303587748979376553e-10
3.304576953406436611e-10
3.305550243294996587e-10
3.306507935275526100e-10
3.307450154365621392e-10
3.308377546559012869e-10
3.309290561120859061e-10
3.310189585832397159e-10
3.311076314984308001e-10
3.311949963169220354e-10
3.312810555857059255e-10
3.313658145915832784e-10
3.314492955170565809e-10
3.315315155131781669e-10
3.316125067758440695e-10
3.316923030838638214e-10
3.317709109482448578e-10
3.318484367060327725e-10
3.319249917435283751e-10
3.320005741438646730e-10
3.320751966372272164e-10
3.321488624645716838e-10
3.322215852880266624e-10
3.322933709198594444e-10
3.323642557084540969e-10
3.324342410938493483e-10
3.325033518459272825e-10
3.325717918070337255e-10
3.326396659219452233e-10
3.327069758534809227e-10
3.327737303704170613e-10
3.328399373634362974e-10
3.329056025926935445e-10
3.329707342919446200e-10
3.330353589755334812e-10
3.330994941063181937e-10
3.331631520514347368e-10
3.332264489259480074e-10
3.332893948049178664e-10
3.333519919222282760e-10
3.334142417153123456e-10
3.334761506104948953e-10
3.335377221066878775e-10
3.335989586436191499e-10
3.336598697778304064e-10
3.337204629014625502e-10
3.337807443891622924e-10
3.338408087806012535e-10
3.339007357968619320e-10
3.339605379149505721e-10
3.340202133170137005e-10
3.340797626097262579e-10
3.341391876296153200e-10
3.341984887253995534e-10
3.342576695501566974e-10
3.343167264772994718e-10
3.343756626548498133e-10
3.344345710947181103e-10
3.344935592574059850e-10
3.345526294154474138e-10
3.346117849036003567e-10
3.346710218863937495e-10
3.347303419602034562e-10
3.347897421198823115e-10
3.348492280395998043e-10
3.349088017929943326e-10
3.349684664247316158e-10
3.350282311239610785e-10
3.350880933128570598e-10
3.351480420378318498e-10
3.352080781326835059e-10
3.352682024542263862e-10
3.353284140214449636e-10
3.353887083865477254e-10
3.354490852229637657e-10
3.355095367212188830e-10
3.355700625703758850e-10
3.356306631847281814e-10
3.356913367824666943e-10
3.357521059973002551e-10
3.358129719179433066e-10
3.358739307566944648e-10
3.359349820310799580e-10
3.359961281039618855e-10
3.360573663471392869e-10
3.361186915224495743e-10
3.361801003541954834e-10
3.362415929513787394e-10
3.363031722535717647e-10
3.363648352334796329e-10
3.364265662143960545e-10
3.364883643086735141e-10
3.365502217407108562e-10
3.366121430412451294e-10
3.366741293967014863e-10
3.367361799194324115e-10
3.367982971147405059e-10
3.368604812801005972e-10
3.369227314045325408e-10
3.369850212095008925e-10
3.370472330235177150e-10
3.371093006612565789e-10
3.371712342729060244e-10
3.372330277869396757e-10
3.372946718982580656e-10
3.373561853377871391e-10
3.374175616092846348e-10
3.374787938703952438e-10
3.375398921588316224e-10
3.376008561727762445e-10
3.376616464549073903e-10
3.377221924533155744e-10
3.377824487364291413e-10
3.378424172528167805e-10
3.379020938356595538e-10
3.379614808877723840e-10
3.380205867271594340e-10
3.380794002252222556e-10
3.381379442927338264e-10
3.381962235420739217e-10
3.382542187568029360e-10
3.383119492632307395e-10
3.383693156596007892e-10
3.384262221581499972e-10
3.384826472021586896e-10
3.385385957140752942e-10
3.385940883655775884e-10
3.386491166666905601e-10
3.387036975991013129e-10
3.387578423274526900e-10
3.388115374814454243e-10
3.388648218982639304e-10
3.389176868047892725e-10
3.389700418976519397e-10
3.390216491214267516e-10
3.390725167133436840e-10
3.391226504656936173e-10
3.391720626266225997e-10
3.392207637054603137e-10
3.392687051091508025e-10
3.393159539923107373e-10
3.393624957152701624e-10
3.394083489603168026e-10
3.394535391782678221e-10
3.394980064190428900e-10
3.395416813054323883e-10
3.395844877181877187e-10
3.396264196513572488e-10
3.396674499752366841e-10
3.397076157556238370e-10
3.397469126515575709e-10
3.397853745165418278e-10
3.398229916872045377e-10
3.398597966035013735e-10
3.398958173466218086e-10
3.399309899099711086e-10
3.399654163964641069e-10
3.399988383673530072e-10
3.400312352438937736e-10
3.400626329446121682e-10
3.400930337724410548e-10
3.401223872726097517e-10
3.401507591979119457e-10
3.401781276720053744e-10
3.402045793738436177e-10
3.402300558263895794e-10
3.402546326894343866e-10
3.402782895357941712e-10
3.403010103404782468e-10
3.403225551372742179e-10
3.403429307785255994e-10
3.403621470704792326e-10
3.403802327574546085e-10
3.403971215868134756e-10
3.404128914392028284e-10
3.404274925933337136e-10
3.404410401402627889e-10
3.404534554884433617e-10
3.404648281104867744e-10
3.404751180492267422e-10
3.404843963132074682e-10
3.404925300284573704e-10
3.404995056238273892e-10
3.405053510862704468e-10
3.405100682349428260e-10
3.405136401648060466e-10
3.405160615491064772e-10
3.405173980453155788e-10
3.405176576793910591e-10
3.405168655076159495e-10
3.405150362979869377e-10
3.405121304133945979e-10
3.405083086750277452e-10
3.405033761660881969e-10
3.404973365694011748e-10
3.404901942313561883e-10
3.404818845045933814e-10
3.404724633968916444e-10
3.404619638658562777e-10
3.404503793281739207e-10
3.404377165413001323e-10
3.404239980657692790e-10
3.404092661469153354e-10
3.403935003215100383e-10
3.403767528680401852e-10
3.403590646111260293e-10
3.403402440681751369e-10
3.403203430881814518e-10
3.402993780079413927e-10
3.402773700769287345e-10
3.402542772187404634e-10
3.402301412179502733e-10
3.402049314893688992e-10
3.401787435630202899e-10
3.401515321489047518e-10
3.401233574257456768e-10
3.400941564113908397e-10
3.400641116991465613e-10
3.400331388699994131e-10
3.400013160019720236e-10
3.399685860845564843e-10
3.399349524297115895e-10
3.399004476971335417e-10
3.398651001032868639e-10
3.398288731417132739e-10
3.397917688808399319e-10
3.397538454348714980e-10
3.397151188466037215e-10
3.396756042123412754e-10
3.396352802354921088e-10
3.395942777420113250e-10
3.395525535741640544e-10
3.395100813535327939e-10
3.394669060665626318e-10
3.394229600157996201e-10
3.393782930091695414e-10
3.393329339058562545e-10
3.392868580829780102e-10
3.392400599443167525e-10
3.391925787283222113e-10
3.391444353146874086e-10
3.390956330112455754e-10
3.390461667374740690e-10
3.389961322535598435e-10
3.389455118019927593e-10
3.388943021680904618e-10
3.388425315340101583e-10
3.387901643043916522e-10
3.387372246632870380e-10
3.386837422841360902e-10
3.386296871141643451e-10
3.385750638380575032e-10
3.385198960614202567e-10
3.384641943307123579e-10
3.384079809548088115e-10
3.383512084879945297e-10
3.382940282589714325e-10
3.382364618268476778e-10
3.381785677583370800e-10
3.381203051319772156e-10
3.380616982277938097e-10
3.380027571321377386e-10
3.379434683791703744e-10
3.378838294525152360e-10
3.378238574074681615e-10
3.377635651561737563e-10
3.377029699332812949e-10
3.376420466490689699e-10
3.375808101006295472e-10
3.375193071070267623e-10
3.374576078119564684e-10
3.373956766958385527e-10
3.373335563575026245e-10
3.372712208354302096e-10
3.372086841498053631e-10
3.371459327535810004e-10
3.370829860864114153e-10
3.370198431512130973e-10
3.369564952871258595e-10
3.368929552063130546e-10
3.368292256778961998e-10
3.367653131251602262e-10
3.367012105170595876e-10
3.366369669960015647e-10
3.365726045347363206e-10
3.365081519307813996e-10
3.364436044668808645e-10
3.363789624346469007e-10
3.363142180573926780e-10
3.362493913228210048e-10
3.361844613620956047e-10
3.361194400320854165e-10
3.360543371633563917e-10
3.359891350381340790e-10
3.359238345933556187e-10
3.358584562809582584e-10
3.357929854838540734e-10
3.357274861130984372e-10
3.356620139313249260e-10
3.355965654949909895e-10
3.355311451513546768e-10
3.354657580916774352e-10
3.354003947244588501e-10
3.353350600058032604e-10
3.352697562075932377e-10
3.352044733550852500e-10
3.351392327114325718e-10
3.350740145416774306e-10
3.350088247990076759e-10
3.349436794139603079e-10
3.348785590591397818e-10
3.348134855044922539e-10
3.347484599753100259e-10
3.346834645447177275e-10
3.346184964066809067e-10
3.345535711955645453e-10
3.344886762215701868e-10
3.344238083117053795e-10
3.343589811962790728e-10
3.342941850455938549e-10
3.342294121815421453e-10
3.341646812075916961e-10
3.340999726007084080e-10
3.340352868774562336e-10
3.339706413971198863e-10
3.339060132814966252e-10
3.338414016904914803e-10
3.337768155348869208e-10
3.337122461696736084e-10
3.336476955807674372e-10
3.335831634921899356e-10
3.335186527805444018e-10
3.334541602259372435e-10
3.333896855515214496e-10
3.333252293431270094e-10
3.332607889013327118e-10
3.331963589501944944e-10
3.331319455868606523e-10
3.330675437447051770e-10
3.330031575330062552e-10
3.329387912781769846e-10
3.328744241485111585e-10
3.328100679806841689e-10
3.327457104271021786e-10
3.326813605635701891e-10
3.326170134181330129e-10
3.325526659537246527e-10
3.324883269558407343e-10
3.324239907090561356e-10
3.323596552033529875e-10
3.322953293610219094e-10
3.322310119472166636e-10
3.321667011162905084e-10
3.321023945640077704e-10
3.320380881608967162e-10
3.319737214255478880e-10
3.319092371945904002e-10
3.318446408190969944e-10
3.317799551668479358e-10
3.317151331931763168e-10
3.316502136660005153e-10
3.315851865387053438e-10
3.315200505225951068e-10
3.314548153520449900e-10
3.313894535529747307e-10
3.313239991282770894e-10
3.312584419460028587e-10
3.311927700404985093e-10
3.311269976401804760e-10
3.310611015680683803e-10
3.309950448410928109e-10
3.309288042225612891e-10
3.308623565048774141e-10
3.307957414760593751e-10
3.307289267169964506e-10
3.306619258355335001e-10
3.305947467638259500e-10
3.305273774524061954e-10
3.304598352394968634e-10
3.303921061014397402e-10
3.303241896070048930e-10
3.302561064183161633e-10
3.301878563649226461e-10
3.301194102591153625e-10
3.300507996601507870e-10
3.299820009591672039e-10
3.299129363337097747e-10
3.298436330696027946e-10
3.297740980313493336e-10
3.297043054954107795e-10
3.296342852672449324e-10
3.295640157137006299e-10
3.294935017674316404e-10
3.294227662158783124e-10
3.293517867603710332e-10
3.292805914593000076e-10
3.292091688420793545e-10
3.291375233449924363e-10
3.290656680384752086e-10
3.289936030879844731e-10
3.289212808380528182e-10
3.288486130845710504e-10
3.287756401846679599e-10
3.287022745715253164e-10
3.286285925296313854e-10
3.285545790234792688e-10
3.284802036253025121e-10
3.284055247956359581e-10
3.283304930770095704e-10
3.282551197676041624e-10
3.281794300274932525e-10
3.281034205232216903e-10
3.280270944486268786e-10
3.279504528453049846e-10
3.278734836640055384e-10
3.277961968929344366e-10
3.277185992061674322e-10
3.276406187678763124e-10
3.275622715211919023e-10
3.274835726078000713e-10
3.274044915919003733e-10
3.273250811128578275e-10
3.272452911744906837e-10
3.271651480451290453e-10
3.270846643919893382e-10
3.270038046025577078e-10
3.269226224924189855e-10
3.268411164133020633e-10
3.267592507776636015e-10
3.266770581290326254e-10
3.265945309515013328e-10
3.265117090035575647e-10
3.264285897564481500e-10
3.263450824592885267e-10
3.262612406464738164e-10
3.261770735130160865e-10
3.260925356712049335e-10
3.260076906206250751e-10
3.259224735423800756e-10
3.258369280538794108e-10
3.257510627108899708e-10
3.256648388838083157e-10
3.255783145222508431e-10
3.254914787729461720e-10
3.254043266116096014e-10
3.253168599038642849e-10
3.252290790657407115e-10
3.251410110630063181e-10
3.250526518076621390e-10
3.249639128782469352e-10
3.248748386436741087e-10
3.247854279980755589e-10
3.246956602552254691e-10
3.246055735251234379e-10
3.245151226847465179e-10
3.244243584652781324e-10
3.243332513991224025e-10
3.242417934238429555e-10
3.241500280884517702e-10
3.240579369805598160e-10
3.239655176237434352e-10
3.238727955643591528e-10
3.237797555024297492e-10
3.236863978535514439e-10
3.235927774455920221e-10
3.234988812951866276e-10
3.234047276368907993e-10
3.233102836255751208e-10
3.232155792833980331e-10
3.231206118497062805e-10
3.230253628560900252e-10
3.229298652121677521e-10
3.228340869930277968e-10
3.227380611538869754e-10
3.226417742121872720e-10
3.225452276322865249e-10
3.224484547667584369e-10
3.223514072663895564e-10
3.222541289915633241e-10
3.221566022397047328e-10
3.220588805923271798e-10
3.219609929166485157e-10
3.218628869389589110e-10
3.217646064942370219e-10
3.216661345847277617e-10
3.215674793760065857e-10
3.214686436376292811e-10
3.213696085355308205e-10
3.212704088432157629e-10
3.211710088571907263e-10
3.210714339505385769e-10
3.209716884700830937e-10
3.208717620202732875e-10
3.207716744007731342e-10
3.206714179790733843e-10
3.205709874210378193e-10
3.204704014072170847e-10
3.203696785363019647e-10
3.202688154149080733e-10
3.201678091735975644e-10
3.200666656804414022e-10
3.199653895117749667e-10
3.198639696015346640e-10
3.197624162097792991e-10
3.196607204398401720e-10
3.195589017876095183e-10
3.194569407578465070e-10
3.193548441603362106e-10
3.192526243743741633e-10
3.191502607615042289e-10
3.190477735862762273e-10
3.189451630323862929e-10
3.188424118337005892e-10
3.187395391966705155e-10
3.186365740584313639e-10
3.185335432227679275e-10
3.184304622070094714e-10
3.183273239369006020e-10
3.182241392804778743e-10
3.181209060846315129e-10
3.180176147708891979e-10
3.179142748992667817e-10
3.178108905082564703e-10
3.177074511300013492e-10
3.176039634207721087e-10
3.175004293015613046e-10
3.173968428135355801e-10
3.172932262911918595e-10
3.171895429481849605e-10
3.170858349575429325e-10
3.169820674500047207e-10
3.168782839500460589e-10
3.167744925439881602e-10
3.166707048563656088e-10
3.165669162926036924e-10
3.164631249093449593e-10
3.163593365321019313e-10
3.162555421669294683e-10
3.161517538615580957e-10
3.160479598270821018e-10
3.159441709208984311e-10
3.158403770225660262e-10
3.157365890745987168e-10
3.156327993315770999e-10
3.155290132183997867e-10
3.154252265754132912e-10
3.153214440406193079e-10
3.152176609632051826e-10
3.151138802234655068e-10
3.150101082672672426e-10
3.149063389740115243e-10
3.148025799060730252e-10
3.146988222128156464e-10
3.145950763151951616e-10
3.144913335547398680e-10
3.143875981803456999e-10
3.142838679492261639e-10
3.141801424783552772e-10
3.140764244033165872e-10
3.139727101974048726e-10
3.138690056592079262e-10
3.137653009310179329e-10
3.136616031283459194e-10
3.135579025982422914e-10
3.134542079480434803e-10
3.133505122357292530e-10
3.132468192869996029e-10
3.131431437368560850e-10
3.130394888143119577e-10
3.129358755783051119e-10
3.128322875333135095e-10
3.127287365286063675e-10
3.126252150167913215e-10
3.125217256439829619e-10
3.124182687133016243e-10
3.123148415425883229e-10
3.122114497406549387e-10
3.121080884533419731e-10
3.120047571360750701e-10
3.119014588217946636e-10
3.117981878867065640e-10
3.116949522400584645e-10
3.115917452075574769e-10
3.114885717839579545e-10
3.113854267513994232e-10
3.112823160692580774e-10
3.111792331188275662e-10
3.110761543028628914e-10
3.109731019998307969e-10
3.108700525823045319e-10
3.107670260591575588e-10
3.106640039823907215e-10
3.105610023576696995e-10
3.104580076739918034e-10
3.103550341183006999e-10
3.102520651577271461e-10
3.101491187964465403e-10
3.100461729597638791e-10
3.099432536097404739e-10
3.098403343301773473e-10
3.097374420585058301e-10
3.096345495117243810e-10
3.095316810557355822e-10
3.094288083365199448e-10
3.093259353836671435e-10
3.092230274261696704e-10
3.091201027041200047e-10
3.090171431091179908e-10
3.089141646512805737e-10
3.088111537584815867e-10
3.087081219193291601e-10
3.086050601405295585e-10
3.085019749260333324e-10
3.083988626184200443e-10
3.082957243797957370e-10
3.081925619121724085e-10
3.080893701999507545e-10
3.079861534647762781e-10
3.078829061879480866e-10
3.077796336986082955e-10
3.076763308872467515e-10
3.075730030363215644e-10
3.074696448348213837e-10
3.073662588474352081e-10
3.072628353793064056e-10
3.071593817963025552e-10
3.070558915851363050e-10
3.069523707506736132e-10
3.068488143796942858e-10
3.067452284556764921e-10
3.066416057041665023e-10
3.065379549612522729e-10
3.064342655166458131e-10
3.063305504471885583e-10
3.062267942579161391e-10
3.061230154291808133e-10
3.060192001636875116e-10
3.059153621218277421e-10
3.058114890490499768e-10
3.057075926275381187e-10
3.056036631781778169e-10
3.054997074130434338e-10
3.053957104671875438e-10
3.052916372374947933e-10
3.051875104039237496e-10
3.050833068392179292e-10
3.049790501981630815e-10
3.048747183939046478e-10
3.047703330410287558e-10
3.046658733960945400e-10
3.045613568588823746e-10
3.044567717916124456e-10
3.043521256707825691e-10
3.042474162064879757e-10
3.041426431366468283e-10
3.040378146057724956e-10
3.039329205193715425e-10
3.038279721476143787e-10
3.037229561808909448e-10
3.036178900793451201e-10
3.035127494312588561e-10
3.034075457371827031e-10
3.033022468043690842e-10
3.031968713971827205e-10
3.030914034094244689e-10
3.029858554592382655e-10
3.028802196652782532e-10
3.027745007601083801e-10
3.026686984241060577e-10
3.025628101585913000e-10
3.024568395642037651e-10
3.023507834293009876e-10
3.022446455955423766e-10
3.021384265844859880e-10
3.020321231740668804e-10
3.019257417952782742e-10
3.018192744440930878e-10
3.017127322207736634e-10
3.016061036174954312e-10
3.014993988983341920e-10
3.013926204661048685e-10
3.012857782169481553e-10
3.011788670763126195e-10
3.010718924540059961e-10
3.009648497612076480e-10
3.008577439471821642e-10
3.007505708474990907e-10
3.006433344590692979e-10
3.005360301981748189e-10
3.004286654070155274e-10
3.003212316675966342e-10
3.002137396112776416e-10
3.001061784286484204e-10
2.999985617473131071e-10
2.998908801935576026e-10
2.997831469119694343e-10
2.996753486201889740e-10
2.995674987818835003e-10
2.994595849641251561e-10
2.993516194829146491e-10
2.992436015971705288e-10
2.991355357560956848e-10
2.990273945236084637e-10
2.989191991771930440e-10
2.988109334570273332e-10
2.987026109500026720e-10
2.985942216222062650e-10
2.984857730047453583e-10
2.983772605054337235e-10
2.982686873277712670e-10
2.981600526780213223e-10
2.980513562145221074e-10
2.979425979209885040e-10
2.978337791982663889e-10
2.977248994387037144e-10
2.976159637641873238e-10
2.975069663290111486e-10
2.973979150138696413e-10
2.972888012742869270e-10
2.971796343842036135e-10
2.970704074955103164e-10
2.969611351831707881e-10
2.968518130141586898e-10
2.967424509109966075e-10
2.966330366876390775e-10
2.965235831625369913e-10
2.964140805161982779e-10
2.963045374108945011e-10
2.961949478713986182e-10
2.960853166847754400e-10
2.959756427567735837e-10
2.958659224849077442e-10
2.957561638032875619e-10
2.956463549205102736e-10
2.955365102401116194e-10
2.954266147858625320e-10
2.953166846432257704e-10
2.952067037064364615e-10
2.950966899349402120e-10
2.949866239520518523e-10
2.948765286245745406e-10
2.947664062083228653e-10
2.946562751815863023e-10
2.945461424022453069e-10
2.944360015829414020e-10
2.943258631399619608e-10
2.942157140237159796e-10
2.941055655726627975e-10
2.939954079994463105e-10
2.938852499757834512e-10
2.937750859120787782e-10
2.936649180352679367e-10
2.935547485398249028e-10
2.934445746697648210e-10
2.933343972910217157e-10
2.932242186590844727e-10
2.931140363182658185e-10
2.930038550054723994e-10
2.928936680383773357e-10
2.927834846988466593e-10
2.926732920867867522e-10
2.925631110382465196e-10
2.924529301819792504e-10
2.923427613277356080e-10
2.922325918231729078e-10
2.921224318077315117e-10
2.920122725727815525e-10
2.919021205515961671e-10
2.917919727998259652e-10
2.916818292629700843e-10
2.915716930130532421e-10
2.914615604656123314e-10
2.913514353122665381e-10
2.912413133278962003e-10
2.911311961278764869e-10
2.910210852621163913e-10
2.909109750787027529e-10
2.908008730048437628e-10
2.906907685844077918e-10
2.905806752640170281e-10
2.904705768056714376e-10
2.903604917186022215e-10
2.902504015771751192e-10
2.901403267288854867e-10
2.900302565009010535e-10
2.899202201373858753e-10
2.898101956936001928e-10
2.897002003027912770e-10
2.895902206260358554e-10
2.894802625529012485e-10
2.893703266364300740e-10
2.892604063383644656e-10
2.891505154994264746e-10
2.890406392557543499e-10
2.889307888038011993e-10
2.888209561525680358e-10
2.887111444588707598e-10
2.886013540362521825e-10
2.884915753279534752e-10
2.883818242470322779e-10
2.882720838766162579e-10
2.881623675536744735e-10
2.880526652599278431e-10
2.879429808937079875e-10
2.878333233682944276e-10
2.877236941716041394e-10
2.876141127559938090e-10
2.875045673719677109e-10
2.873950641035374780e-10
2.872856019334260534e-10
2.871761767302074893e-10
2.870667979340391674e-10
2.869574514949895498e-10
2.868481516796908155e-10
2.867388856450472606e-10
2.866296641785383885e-10
2.865204813170967114e-10
2.864113383083794267e-10
2.863022336127914495e-10
2.861931677727357868e-10
2.860841403656679024e-10
2.859751514379460996e-10
2.858662015109112993e-10
2.857572932632483285e-10
2.856484241742380078e-10
2.855395912401445487e-10
2.854307945694268391e-10
2.853220270867438108e-10
2.852132879619886997e-10
2.851045757153870890e-10
2.849958943310388891e-10
2.848872395643908641e-10
2.847786129602493366e-10
2.846700138181370844e-10
2.845614401705946809e-10
2.844528961738014536e-10
2.843443760745508061e-10
2.842358878665559117e-10
2.841274232447321351e-10
2.840189843374358717e-10
2.839105752020501164e-10
2.838021840884276356e-10
2.836938265631873708e-10
2.835854826133302964e-10
2.834771741896759493e-10
2.833688793353250151e-10
2.832606152395455720e-10
2.831523711064984227e-10
2.830441441673877521e-10
2.829359391628115002e-10
2.828277547426247917e-10
2.827196029159081379e-10
2.826114665176040033e-10
2.825033699017811174e-10
2.823952898532433577e-10
2.822872427126955711e-10
2.821792174608667370e-10
2.820712149050644537e-10
2.819632418149038352e-10
2.818552902708232800e-10
2.817473692178040057e-10
2.816394698896753938e-10
2.815315968458363010e-10
2.814237482682161194e-10
2.813159197767694284e-10
2.812081180289611603e-10
2.811003377316935948e-10
2.809925783728540448e-10
2.808848454027459060e-10
2.807771290803713779e-10
2.806694449420590302e-10
2.805617796724447283e-10
2.804541428761655488e-10
2.803465344863439391e-10
2.802389510083020775e-10
2.801313986788060067e-10
2.800238713138534674e-10
2.799163735361381428e-10
2.798089018667244922e-10
2.797014557631009410e-10
2.795940388025651446e-10
2.794866445049428251e-10
2.793792836305716219e-10
2.792719466824048068e-10
2.791646372459911615e-10
2.790573539035482862e-10
2.789500949416645997e-10
2.788428650947496969e-10
2.787356589006663295e-10
2.786284852869163547e-10
2.785213323723117236e-10
2.784142098333611684e-10
2.783071107017711318e-10
2.782000347682235598e-10
2.780929740447593541e-10
2.779859287339653865e-10
2.778788913690063446e-10
2.777718664063591374e-10
2.776648501196629934e-10
2.775578464627275033e-10
2.774508534526766616e-10
2.773438712676696628e-10
2.772368996064318180e-10
2.771299393041725616e-10
2.770229887978462383e-10
2.769160500519809534e-10
2.768091207236910196e-10
2.767021992735984867e-10
2.765952931574647867e-10
2.764883906418621775e-10
2.763815043851045538e-10
2.762746189974294105e-10
2.761677466016959522e-10
2.760608807880816124e-10
2.759540216170584636e-10
2.758471761888295214e-10
2.757403280144953623e-10
2.756334922134855275e-10
2.755266580235081633e-10
2.754198505334165376e-10
2.753130538401412163e-10
2.752062681293325480e-10
2.750995025560497768e-10
2.749927450680025439e-10
2.748860128983201795e-10
2.747792903116699682e-10
2.746725814280782748e-10
2.745658893584369663e-10
2.744592102731376209e-10
2.743525490698752867e-10
2.742459014476416505e-10
2.741392644404823983e-10
2.740326469572257852e-10
2.739260405156050884e-10
2.738194485290896731e-10
2.737128717676399329e-10
2.736063021141014975e-10
2.734997558642322873e-10
2.733932160975772437e-10
2.732866913870569145e-10
2.731801833813766776e-10
2.730736876852916686e-10
2.729672249122875089e-10
2.728607759269159148e-10
2.727543517221745827e-10
2.726479509415131574e-10
2.725415678442102998e-10
2.724352126125905167e-10
2.723288763330485851e-10
2.722225608448257668e-10
2.721162677170474948e-10
2.720099932415923299e-10
2.719037445446109096e-10
2.717975177581705003e-10
2.716913099061114472e-10
2.715851240440647826e-10
2.714789557260846403e-10
2.713728158364926940e-10
2.712666935812953929e-10
2.711605938432054763e-10
2.710545128318073737e-10
2.709484517672907164e-10
2.708424169967260818e-10
2.707363995096660767e-10
2.706303989407812137e-10
2.705244123522361497e-10
2.704184443054925232e-10
2.703124963870465599e-10
2.702065635391747828e-10
2.701006497228522345e-10
2.699947514727143062e-10
2.698888700233901006e-10
2.697830093131640624e-10
2.696771633187137661e-10
2.695713364736083877e-10
2.694655250821031780e-10
2.693597292061901541e-10
2.692539544167911548e-10
2.691481915845774232e-10
2.690424512201814512e-10
2.689367238792117264e-10
2.688310115672348522e-10
2.687253147320915822e-10
2.686196273520880028e-10
2.685139603666980547e-10
2.684083054937448356e-10
2.683026671350958244e-10
2.681970418796701400e-10
2.680914274112896891e-10
2.679858348013378706e-10
2.678802623816757324e-10
2.677747348113379864e-10
2.676692305380562244e-10
2.675637599617241337e-10
2.674583224538447152e-10
2.673529083116359124e-10
2.672475403404517038e-10
2.671421935631547332e-10
2.670368763092573136e-10
2.669315987673808642e-10
2.668263455459172334e-10
2.667211256975465545e-10
2.666159341320836812e-10
2.665107756393076107e-10
2.664056505719540058e-10
2.663005522442218279e-10
2.661954777039448301e-10
2.660904428877397900e-10
2.659854320574512384e-10
2.658804476069915667e-10
2.657754965013973086e-10
2.656705709094807713e-10
2.655656807152230941e-10
2.654608185855440698e-10
2.653559852089785004e-10
2.652512024767423900e-10
2.651464534606723906e-10
2.650417449819531574e-10
2.649370793717450926e-10
2.648324475096219707e-10
2.647278581659885411e-10
2.646233107235302524e-10
2.645187945528418164e-10
2.644143228227213030e-10
2.643098898268632565e-10
2.642054936462293353e-10
2.641011397000726431e-10
2.639968141168379712e-10
2.638925380890011806e-10
2.637882974278815253e-10
2.636840893847681698e-10
2.635799213257458277e-10
2.634757877977969168e-10
2.633716986639490576e-10
2.632676395107868715e-10
2.631636156524701654e-10
2.630596339768440120e-10
2.629556852817308919e-10
2.628517683821170292e-10
2.627478794805299693e-10
2.626440253861033796e-10
2.625402151844133327e-10
2.624364337504933471e-10
2.623326904648972717e-10
2.622289815057249741e-10
2.621253017525009879e-10
2.620216695847184049e-10
2.619180626176135687e-10
2.618144917833864006e-10
2.617109603757563626e-10
2.616074565590251695e-10
2.615039941998624945e-10
2.614005618540642967e-10
2.612971631648286769e-10
2.611938021797675589e-10
2.610904668135859743e-10
2.609871697118954772e-10
2.608839016947748763e-10
2.607806613714750680e-10
2.606774539290233689e-10
2.605742769331202941e-10
2.604711347710852835e-10
2.603680189575031583e-10
2.602649291854537221e-10
2.601618777515041080e-10
2.600588585021595117e-10
2.599559022591776831e-10
2.598529812121363826e-10
2.597501010242397861e-10
2.596472816029593525e-10
2.595444977621653741e-10
2.594417630072150323e-10
2.593390741456823013e-10
2.592364257924042584e-10
2.591338307057939921e-10
2.590312748547021344e-10
2.589287635924813433e-10
2.588263050873126933e-10
2.587238816472607875e-10
2.586215028030282656e-10
2.585191775412862481e-10
2.584168899280235760e-10
2.583146415457194794e-10
2.582124418364855540e-10
2.581102842405675774e-10
2.580081627356202311e-10
2.579060885413300584e-10
2.578040586079286695e-10
2.577020691540115932e-10
2.576001198378084797e-10
2.574982054721834450e-10
2.573963478296882645e-10
2.572945337176400280e-10
2.571927562945519662e-10
2.570910332864496567e-10
2.569893517178936678e-10
2.568877122207465899e-10
2.567861219165992271e-10
2.566845760320662681e-10
2.565830710339284443e-10
2.564816142609114709e-10
2.563801956908278376e-10
2.562788246681869982e-10
2.561775028657963052e-10
2.560762118307710672e-10
2.559749768398948172e-10
2.558737813104658504e-10
2.557726217558403367e-10
2.556715104489177041e-10
2.555704382150965666e-10
2.554694125341317641e-10
2.553684230986290809e-10
2.552674711297552554e-10
2.551665727090646184e-10
2.550657068192006143e-10
2.549648731513974001e-10
2.548640781700869725e-10
2.547633140825145178e-10
2.546625945666594719e-10
2.545619075666487501e-10
2.544612525582101104e-10
2.543606486802659948e-10
2.542600736688883251e-10
2.541595323578259179e-10
2.540590382578643276e-10
2.539585725283159120e-10
2.538581458154139149e-10
2.537577593465134194e-10
2.536574019822135157e-10
2.535570893580734278e-10
2.534568086467397330e-10
2.533565612884682946e-10
2.532563571112737288e-10
2.531561802194149047e-10
2.530560416469823005e-10
2.529559345479835973e-10
2.528558553841511402e-10
2.527558176906981609e-10
2.526558084405614026e-10
2.525558303562326606e-10
2.524558864362364854e-10
2.523559761485380619e-10
2.522560948339650418e-10
2.521562436812767778e-10
2.520564354799366508e-10
2.519566822702925992e-10
2.518569639881560422e-10
2.517572904326083690e-10
2.516576633206438869e-10
2.515580749917429429e-10
2.514585357810387373e-10
2.513590378889367069e-10
2.512595787008068235e-10
2.511601690435385764e-10
2.510607985634880142e-10
2.509614704131283394e-10
2.508621899244787051e-10
2.507629420852656488e-10
2.506637456530141420e-10
2.505645905093459089e-10
2.504654703046390369e-10
2.503663966355805581e-10
2.502673624678679024e-10
2.501683689036235931e-10
2.500694142243876626e-10
2.499705029860305255e-10
2.498716310769397945e-10
2.497727930774280964e-10
2.496740067554280465e-10
2.495752519294982121e-10
2.494765258439794405e-10
2.493778544485563532e-10
2.492792230392870610e-10
2.491806254782019055e-10
2.490820759547416050e-10
2.489835653331719225e-10
2.488850932650998936e-10
2.487866661325005329e-10
2.486882798207758480e-10
2.485899285232497710e-10
2.484916208410703880e-10
2.483933569147782702e-10
2.482951269815535584e-10
2.481969421854112794e-10
2.480987949848217113e-10
2.480006845410469775e-10
2.479026212095766763e-10
2.478045885677918156e-10
2.477066013607813504e-10
2.476086484448016725e-10
2.475107258421040674e-10
2.474128565467327509e-10
2.473150148978468165e-10
2.472172065500736111e-10
2.471194490647961663e-10
2.470217197991859844e-10
2.469240182913971101e-10
2.468263535688677433e-10
2.467287155889454088e-10
2.466311230620910859e-10
2.465335633383505741e-10
2.464360363620830526e-10
2.463385572499495921e-10
2.462411083615300537e-10
2.461436893153183991e-10
2.460463210927353560e-10
2.459489816759209838e-10
2.458516710922885648e-10
2.457544135865251175e-10
2.456571808553121547e-10
2.455599823664917592e-10
2.454628302163783928e-10
2.453657038924541675e-10
2.452686168448154303e-10
2.451715679466948452e-10
2.450745460033763838e-10
2.449775631788663164e-10
2.448806120359682458e-10
2.447836884459704108e-10
2.446868051491551347e-10
2.445899513874104111e-10
2.444931267772759875e-10
2.443963399266311325e-10
2.442995843742465894e-10
2.442028564413684157e-10
2.441061621272713454e-10
2.440095074871966361e-10
2.439129119438077745e-10
2.438163504827830509e-10
2.437198266803887299e-10
2.436233691587516315e-10
2.435269430702156246e-10
2.434305553222222076e-10
2.433342283944229927e-10
2.432379357424008377e-10
2.431416844292829721e-10
2.430454886392988761e-10
2.429493256987868947e-10
2.428532102255949249e-10
2.427571447941830366e-10
2.426611103781589551e-10
2.425651300658034476e-10
2.424691918072146396e-10
2.423732881346886789e-10
2.422774361088412091e-10
2.421816222085184839e-10
2.420858454714328622e-10
2.419901207041224788e-10
2.418944277139091692e-10
2.417987794625528659e-10
2.417031786698854616e-10
2.416076112198578380e-10
2.415120829666443250e-10
2.414165991237084146e-10
2.413211505362079978e-10
2.412257495903326423e-10
2.411303898940105604e-10
2.410350751961302707e-10
2.409398050202977789e-10
2.408445765633556704e-10
2.407493886064714071e-10
2.406542479209428984e-10
2.405591505161019027e-10
2.404640901754844912e-10
2.403690757020113662e-10
2.402741084021290024e-10
2.401791745397743752e-10
2.400842888604164257e-10
2.399894463432988953e-10
2.398946369545632723e-10
2.397998793563580187e-10
2.397051613195906746e-10
2.396104746465498180e-10
2.395158372662821681e-10
2.394212379795661471e-10
2.393266739709762178e-10
2.392321535815871275e-10
2.391376699220338587e-10
2.390432259989835214e-10
2.389488232074193499e-10
2.388544577881389174e-10
2.387601224407951043e-10
2.386658210328863742e-10
2.385715567147688641e-10
2.384773464344738181e-10
2.383831701430662793e-10
2.382890314550283083e-10
2.381949475828614187e-10
2.381008983677604923e-10
2.380068850272009739e-10
2.379129251051408186e-10
2.378190018578185012e-10
2.377251151100061489e-10
2.376312770692455815e-10
2.375374792195598812e-10
2.374437163340231917e-10
2.373499998716590116e-10
2.372563264382144153e-10
2.371626852983765619e-10
2.370690907495022202e-10
2.369755388009774321e-10
2.368820167435701665e-10
2.367885374295500770e-10
2.366950991710189346e-10
2.366016925109371181e-10
2.365083277638642952e-10
2.364150012766141591e-10
2.363217074789705595e-10
2.362284559096701277e-10
2.361352412928773685e-10
2.360420571852766553e-10
2.359489152613978856e-10
2.358558122478237118e-10
2.357627679179990692e-10
2.356697660324039793e-10
2.355768114930761883e-10
2.354839104903148681e-10
2.353910541813550602e-10
2.352982428823451947e-10
2.352054842178690969e-10
2.351127758896080195e-10
2.350201040605854886e-10
2.349274855676596220e-10
2.348349237726216761e-10
2.347423913191327935e-10
2.346499152283298131e-10
2.345574942629237294e-10
2.344651026745139831e-10
2.343727706320964987e-10
2.342804842469624096e-10
2.341882327122529218e-10
2.340960394051468012e-10
2.340038847859991279e-10
2.339117709434306087e-10
2.338197132090115925e-10
2.337276879220936873e-10
2.336357138471501815e-10
2.335437866380087008e-10
2.334518910766061709e-10
2.333600528275833592e-10
2.332682508732580080e-10
2.331764778540594507e-10
2.330847614008393558e-10
2.329930913482640233e-10
2.329014555202761954e-10
2.328098659090741442e-10
2.327183295542259613e-10
2.326268299612952832e-10
2.325353716570564463e-10
2.324439625004904119e-10
2.323525978736261811e-10
2.322612705702989018e-10
2.321699902827595872e-10
2.320787577627292983e-10
2.319875584971277327e-10
2.318964086540917667e-10
2.318053044103641748e-10
2.317142320678805420e-10
2.316232138815578479e-10
2.315322359241457791e-10
2.314412859198135865e-10
2.313503956610749226e-10
2.312595366149368482e-10
2.311687087512176107e-10
2.310779393217598919e-10
2.309871978828921051e-10
2.308964947795728052e-10
2.308058403627317573e-10
2.307152180923342666e-10
2.306246347951562122e-10
2.305340878553733236e-10
2.304435697367214009e-10
2.303530928216444343e-10
2.302626728013967526e-10
2.301722853307578736e-10
2.300819360805859789e-10
2.299916443322982958e-10
2.299013875040812367e-10
2.298111700857962032e-10
2.297210016217167667e-10
2.296308766555683213e-10
2.295407868107202785e-10
2.294507407044972754e-10
