7.676232113705924409e-08
9.487480747707800207e-08
1.148930308614431729e-07
1.366985906004489710e-07
1.601529747090419130e-07
1.851061146290527835e-07
2.114019109948390522e-07
2.388841834821308481e-07
2.674011022776049365e-07
2.968104714064959125e-07
3.269769175575600930e-07
3.577799337731290447e-07
3.891101186877194165e-07
4.208705065657507939e-07
4.529760727407695561e-07
4.853516353327921942e-07
5.179339390189421196e-07
5.506650966786103905e-07
5.834961454896625429e-07
6.163816464319326522e-07
6.492819385624651250e-07
6.821598507171141341e-07
7.149803548092721400e-07
7.477104316039472944e-07
7.803181044465548100e-07
8.127731541447805864e-07
8.450472026008357021e-07
8.771095754572630511e-07
9.089320134763675940e-07
9.404919944874567739e-07
9.717692845750446551e-07
1.002730722020622504e-06
1.033371219667454785e-06
1.063658950865930503e-06
1.093591372080098653e-06
1.123142984726150502e-06
1.152316738158017924e-06
1.181085155610362675e-06
1.209457157893903028e-06
1.237417361063332635e-06
1.264957289873194545e-06
1.292079284414766527e-06
1.318776751149154271e-06
1.345038649656907669e-06
1.370867031092878456e-06
1.396256236126382122e-06
1.421201105973753026e-06
1.445696979189717098e-06
1.469735482872355685e-06
1.493314361954190516e-06
1.516426609894855648e-06
1.539067042110321906e-06
1.561230365537637552e-06
1.582911509780177112e-06
1.604103267559367128e-06
1.624802136917892981e-06
1.645005411153306148e-06
1.664708550895893847e-06
1.683909315904902766e-06
1.702608266853854667e-06
1.720804431115861808e-06
1.738500424843074775e-06
1.755696286422701051e-06
1.772394009317265867e-06
1.788595425849226064e-06
1.804307482595269622e-06
1.819538732453706004e-06
1.834285608472362798e-06
1.848558652264129342e-06
1.862370978375427999e-06
1.875724174695726093e-06
1.888626416891541472e-06
1.901090179296057867e-06
1.913110699503114599e-06
1.924706948549279030e-06
1.935887956008111508e-06
1.946661963996843128e-06
1.957033864107482217e-06
1.967009155283884615e-06
1.976606857554025666e-06
1.985833534682940216e-06
1.994690380839797994e-06
2.003191710011504337e-06
2.011349751528363765e-06
2.019171760151825706e-06
2.026660707243301626e-06
2.033834954794261384e-06
2.040700758387031164e-06
2.047262964094232609e-06
2.053538042001585270e-06
2.059529768344402245e-06
2.065248099671021016e-06
2.070705390004835497e-06
2.075904201636179970e-06
2.080857939642638234e-06
2.085572011101478143e-06
2.090055281874501376e-06
2.094320055047308501e-06
2.098365464358621229e-06
2.102203597978357136e-06
2.105840314714534273e-06
2.109280439341750851e-06
2.112534159879578524e-06
2.115603914281018138e-06
2.118493615572839009e-06
2.121212307604593037e-06
2.123760402036833687e-06
2.126146746346415106e-06
2.128372777399143161e-06
2.130440061856243921e-06
2.132359151542109829e-06
2.134123299122726131e-06
2.135746936006342317e-06
2.137218271672013015e-06
2.138556583868109562e-06
2.139745188861629490e-06
2.140805602334084721e-06
2.141721080531328511e-06
2.142510272368510385e-06
2.143160568639324988e-06
2.143685739515784145e-06
2.144075677813797182e-06
2.144343747104051575e-06
2.144478175005628633e-06
2.144493927587167116e-06
2.144377645998559382e-06
2.144147160267088878e-06
2.143783745832708696e-06
2.143311137791034264e-06
2.142706472582464338e-06
2.141995783258954111e-06
2.141156152900564273e-06
2.140212239215596031e-06
2.139145124255191315e-06
2.137973379798515537e-06
2.136687764067581257e-06
2.135295012154707419e-06
2.133795748887121366e-06
2.132191246014668814e-06
2.130487881545517333e-06
2.128676441320833668e-06
2.126773530168101760e-06
2.124768944525070610e-06
2.122675460015243147e-06
2.120488035947440415e-06
2.118213873491531241e-06
2.115853976699440693e-06
2.113407496448330349e-06
2.110882798068719411e-06
2.108277669495216110e-06
2.105598458628952377e-06
2.102844358782365140e-06
2.100021458036216934e-06
2.097130401930476133e-06
2.094172481757846537e-06
2.091153390639811521e-06
2.088072916761220012e-06
2.084935646797125411e-06
2.081743130340436389e-06
2.078494700890101107e-06
2.075198031326763928e-06
2.071852885062492500e-06
2.068458493918366535e-06
2.065022081076867052e-06
2.061540544040244425e-06
2.058020164983424642e-06
2.054462097859999776e-06
2.050861585297384388e-06
2.047229812924167369e-06
2.043565642514496172e-06
2.039861961794543715e-06
2.036132168318041057e-06
2.032370788238882065e-06
2.028579163414705483e-06
2.024763088291503436e-06
2.020915168869879082e-06
2.017044451074729390e-06
2.013150917534663067e-06
2.009227129817997307e-06
2.005284009048632825e-06
2.001321094961832039e-06
1.997327569661828215e-06
1.993318633235213614e-06
1.989290979418360742e-06
1.985233779694882424e-06
1.981163877479943607e-06
1.977076310554477430e-06
1.972961263755273638e-06
1.968834039234358792e-06
1.964689871842846706e-06
1.960519982055603448e-06
1.956338766900005571e-06
1.952140619157491355e-06
1.947919375140713452e-06
1.943687075822002211e-06
1.939438586794012934e-06
1.935169653620201807e-06
1.930888567896316015e-06
1.926592907778846483e-06
1.922277901091058571e-06
1.917951119818387485e-06
1.913610684831434399e-06
1.909253530895954044e-06
1.904883301756321494e-06
1.900502248542777607e-06
1.896106701542627941e-06
1.891696731008019634e-06
1.887278431632631884e-06
1.882846462099609148e-06
1.878401229295903969e-06
1.873948042358727095e-06
1.869484492722397050e-06
1.865008471168588417e-06
1.860524378824835535e-06
1.856033022461824208e-06
1.851531695258749154e-06
1.847020804693319691e-06
1.842505428601178813e-06
1.837982433497733854e-06
1.833450180172947413e-06
1.828914091426696818e-06
1.824373392203751122e-06
1.819826856415611685e-06
1.815273401781453728e-06
1.810719338177453970e-06
1.806161416492523159e-06
1.801598330201535942e-06
1.797033207785612449e-06
1.792468373694833763e-06
1.787900464852368677e-06
1.783328577894548896e-06
1.778758933210410205e-06
1.774188990275594633e-06
1.769619048443957947e-06
1.765046327204050300e-06
1.760478273647423050e-06
1.755911085910803805e-06
1.751343499573217475e-06
1.746777331451042273e-06
1.742216430004120299e-06
1.737656761644811732e-06
1.733097500930827387e-06
1.728542638512371003e-06
1.723993201690906920e-06
1.719446271142915879e-06
1.714900877560282849e-06
1.710361383922100142e-06
1.705827621002766378e-06
1.701297014673895272e-06
1.696768741325329478e-06
1.692247888622806535e-06
1.687733149167893815e-06
1.683221350780755988e-06
1.678713171062820559e-06
1.674213296675467218e-06
1.669719625686996039e-06
1.665229932134697410e-06
1.660744745492652402e-06
1.656267356441957531e-06
1.651797386864001825e-06
1.647331081421615174e-06
1.642870042503457683e-06
1.638416621331625576e-06
1.633971623263709756e-06
1.629530144270854138e-06
1.625094553703379072e-06
1.620666234211403029e-06
1.616247174871588118e-06
1.611832445636474139e-06
1.607423880361166877e-06
1.603021891140307879e-06
1.598629328191548573e-06
1.594242898163586723e-06
1.589861481181481622e-06
1.585487410270007812e-06
1.581122078226307120e-06
1.576764682504783444e-06
1.572411840164029559e-06
1.568066471046827894e-06
1.563729034304646229e-06
1.559401485799052595e-06
1.555079128075472369e-06
1.550764144487909819e-06
1.546456399101454912e-06
1.542158472072127558e-06
1.537868504068913349e-06
1.533584285102279101e-06
1.529307951641977976e-06
1.525040395030447982e-06
1.520782937606072353e-06
1.516531405630276689e-06
1.512287972559240480e-06
1.508052337415639082e-06
1.503827343687390620e-06
1.499611013344844518e-06
1.495401380251303704e-06
1.491200555260534855e-06
1.487008278068139009e-06
1.482827052183484380e-06
1.478653683522561666e-06
1.474487855913252201e-06
1.470330942065946743e-06
1.466183988110038452e-06
1.462047997642326345e-06
1.457918870748629846e-06
1.453798780086735303e-06
1.449687701407742422e-06
1.445587682984213081e-06
1.441498077611148667e-06
1.437415545729782996e-06
1.433342719671027930e-06
1.429279208576351482e-06
1.425226846951649039e-06
1.421185208545841971e-06
1.417150238768986349e-06
1.413125478496840049e-06
1.409110364535844365e-06
1.405106714578934425e-06
1.401113515030918208e-06
1.397127354892528200e-06
1.393151968192134492e-06
1.389186020739448833e-06
1.385231682436704390e-06
1.381287993142946949e-06
1.377351610994193645e-06
1.373425738558499044e-06
1.369509709401856507e-06
1.365604959742702617e-06
1.361711460476782019e-06
1.357825005414612161e-06
1.353948555093965517e-06
1.350082547156714123e-06
1.346227548267068540e-06
1.342384047080462092e-06
1.338548015525662696e-06
1.334721725968336788e-06
1.330906351908014339e-06
1.327100875720762215e-06
1.323307207883878763e-06
1.319522424811811893e-06
1.315746127565115070e-06
1.311980901703503597e-06
1.308225165749801975e-06
1.304481143157799970e-06
1.300747709837216099e-06
1.297021153326058984e-06
1.293305413298599670e-06
1.289599671472950247e-06
1.285904908989974267e-06
1.282221579433763045e-06
1.278545816929639505e-06
1.274879797160494899e-06
1.271224730627507342e-06
1.267578874402831893e-06
1.263944822255716543e-06
1.260320893153155318e-06
1.256704267115717502e-06
1.253098323264903912e-06
1.249502477856556189e-06
1.245917025009476006e-06
1.242343062069636573e-06
1.238777551203022246e-06
1.235220401523420666e-06
1.231674558205854027e-06
1.228137962269227732e-06
1.224612587781667963e-06
1.221098063278016235e-06
1.217590676588751694e-06
1.214093267618598518e-06
1.210607037935209194e-06
1.207129757235677073e-06
1.203664020521731999e-06
1.200208533019755876e-06
1.196760083371495589e-06
1.193321528113509646e-06
1.189894317613488665e-06
1.186476438188234931e-06
1.183069529763740443e-06
1.179672731714345853e-06
1.176282673420382879e-06
1.172903231484045867e-06
1.169534276742404914e-06
1.166175115084317463e-06
1.162826969957152320e-06
1.159488270052136452e-06
1.156156781403295541e-06
1.152835874068446516e-06
1.149525305708587489e-06
1.146224244391487821e-06
1.142934013306090314e-06
1.139653656420739574e-06
1.136380126303420485e-06
1.133116491781491868e-06
1.129864084748919346e-06
1.126620532704567177e-06
1.123387654994086141e-06
1.120164932164706976e-06
1.116948588458305301e-06
1.113742138515846022e-06
1.110546988867594865e-06
1.107360148272855192e-06
1.104184118540389802e-06
1.101018251040987239e-06
1.097859117812592308e-06
1.094709479377394103e-06
1.091570833066181256e-06
1.088440491230714892e-06
1.085320051114907014e-06
1.082210190678333526e-06
1.079108709266749636e-06
1.076014429588768456e-06
1.072930689978370883e-06
1.069856486785224355e-06
1.066791512067780441e-06
1.063736529361174349e-06
1.060691325446566615e-06
1.057652200394934496e-06
1.054622681450335695e-06
1.051604107613089848e-06
1.048593528935258874e-06
1.045592774609691813e-06
1.042602011132092003e-06
1.039619089019128405e-06
1.036146280879251410e-06
1.033183586181227652e-06
1.030230323924212142e-06
1.027285579879848896e-06
1.024350777450371597e-06
1.021425570984496315e-06
1.018506432791249376e-06
1.015596190424539701e-06
1.010644629827918073e-06
1.007763114624320813e-06
1.004890960466725883e-06
1.002028404254350032e-06
9.991747855982655245e-07
9.963270480335594063e-07
9.934885039346155256e-07
9.895974191458763071e-07
9.867818182853020078e-07
9.839752515787900326e-07
9.811785425656891609e-07
9.783898676677323864e-07
9.756074868084074756e-07
9.728340422855488435e-07
9.700709295452956036e-07
9.651249086203574199e-07
9.623883175153155354e-07
9.596611965664907143e-07
9.569421426378167415e-07
9.542290587117859919e-07
9.515247916048383301e-07
9.488308055857451623e-07
9.461434109207387457e-07
9.423371247497277637e-07
9.396728735947138384e-07
9.370165329204654382e-07
9.343660514700227020e-07
9.317243184003472914e-07
9.290927413159792422e-07
9.264675258922061463e-07
9.215193051817124190e-07
9.189223877397929667e-07
9.163334384629266711e-07
9.137500506976088269e-07
9.111752357543546357e-07
9.086102503623301900e-07
9.060515798892935392e-07
9.035008819295454212e-07
8.997597850796824729e-07
8.972314761136646237e-07
8.947082743581236590e-07
8.921932113510879023e-07
8.896872978422317626e-07
8.871889035882251369e-07
8.846975614367308437e-07
8.797390206202250593e-07
8.772750593103490615e-07
8.748178043572897957e-07
8.723666577807496202e-07
8.699238648256383619e-07
8.674907941017701775e-07
8.650635385345824658e-07
8.626434615462116399e-07
8.589599893660632577e-07
8.565613057368396891e-07
8.541674582598369074e-07
8.517816976366034235e-07
8.494049548075450588e-07
8.470351195467664601e-07
8.446721037455016071e-07
8.396943919727965516e-07
8.373575543219655841e-07
8.350277290918718943e-07
8.327031223893412166e-07
8.303864676501840339e-07
8.280793923871488549e-07
8.257777333774361959e-07
8.234835165076265890e-07
8.198503961420693751e-07
8.175759111874388452e-07
8.153068489497335885e-07
8.130442494929151413e-07
8.107895550290171749e-07
8.085441035887594398e-07
8.063038786290444646e-07
8.012988643999482753e-07
7.990836069105855486e-07
7.968758759972468203e-07
7.946728179235668833e-07
7.924768328551608196e-07
7.902885275917718079e-07
7.881089046743964382e-07
7.845079075959202425e-07
7.823457413743299287e-07
7.801896170048304044e-07
7.780409598432227106e-07
7.758965448157465309e-07
7.737591727013875665e-07
7.716293284429110192e-07
7.695080816450170586e-07
7.644681189837950106e-07
7.623701039510661358e-07
7.602778767254151630e-07
7.581928084113801427e-07
7.561122545360684476e-07
7.540381754278112399e-07
7.519714196369055023e-07
7.484099781636995882e-07
7.463626990084258249e-07
7.443213322855883797e-07
7.422851823759396961e-07
7.402558804630776466e-07
7.382319240248583572e-07
7.362133212610659066e-07
7.342017040307172632e-07
7.291204481308690163e-07
7.271347088307180393e-07
7.251548194311420623e-07
7.231800165308414240e-07
7.212113276990356253e-07
7.192490273401194122e-07
7.172907167275702685e-07
7.137578795909843526e-07
7.118206977739718205e-07
7.098894747290694319e-07
7.079631050540185022e-07
7.060417498480106677e-07
7.041259899865110052e-07
7.022169531568485937e-07
7.003120352859127146e-07
6.951773889635215336e-07
6.932978216190014386e-07
6.914263647606532523e-07
6.895585472426868097e-07
6.876963797695451996e-07
6.858390617888803113e-07
6.839875292198555629e-07
6.804814051666392043e-07
6.786461816563187898e-07
6.768171485045355712e-07
6.749948071248590140e-07
6.731792371786976228e-07
6.713677590026048177e-07
6.695612863328672999e-07
6.643514288453667624e-07
6.625692946339436144e-07
6.607920488095813267e-07
6.590185791566509232e-07
6.572513622151303840e-07
6.554914670477079426e-07
6.537366660390434597e-07
6.519864979685675659e-07
6.484998265740295905e-07
6.467659478211696720e-07
6.450377868095838471e-07
6.433137741944137946e-07
6.415940726847231349e-07
6.398803560569942041e-07
6.381739728293304999e-07
6.329020931353006804e-07
6.312184374280820391e-07
6.295389030361170106e-07
6.278642512337935612e-07
6.261952767011271267e-07
6.245303430755649422e-07
6.228695038328949238e-07
6.193851878511655157e-07
6.177440749114867875e-07
6.161074000250512850e-07
6.144748878376186677e-07
6.128463956863415170e-07
6.112224867700804357e-07
6.096040424650348563e-07
6.079899432605697661e-07
6.026454484032050120e-07
6.010544284855867510e-07
5.994696882680103172e-07
5.978903421329379420e-07
5.963142609686492682e-07
5.947426673991476306e-07
5.931752215579973506e-07
5.897009722190442804e-07
5.881504802564212021e-07
5.866025656118256742e-07
5.850599941134812960e-07
5.835225583835821406e-07
5.819923288331824893e-07
5.804643325528131833e-07
5.750272977474712355e-07
5.735220410265647617e-07
5.720211890718870325e-07
5.705254674391146201e-07
5.690327991211234312e-07
5.675439349451965370e-07
5.660602928630939905e-07
5.645831677368593627e-07
5.611148877016984180e-07
5.596526307807549716e-07
5.581938027921513253e-07
5.567388172094173466e-07
5.552884454499446579e-07
5.538427044079356234e-07
5.523992820480064784e-07
5.468793897061298548e-07
5.454603113633398965e-07
5.440481240107864108e-07
5.426378808947749863e-07
5.412320323172405690e-07
5.398291879106864139e-07
5.384305901866963392e-07
5.349500465245938853e-07
5.335670325590733100e-07
5.321867436674374451e-07
5.308110247997791318e-07
5.294404156394595079e-07
5.280757668318745993e-07
5.267130238823471176e-07
5.210887431116376809e-07
5.197480396700261022e-07
5.184114166028152393e-07
5.170793617761948209e-07
5.157502607364042896e-07
5.144240884945587443e-07
5.131022440603218709e-07
5.117857961136048551e-07
5.083026312514099471e-07
5.070008684308492899e-07
5.057031332161330741e-07
5.044078809489830909e-07
5.031165899068335090e-07
5.018297353384142058e-07
5.005457541011275500e-07
4.948274064672143788e-07
4.935654530184055643e-07
4.923085514464980959e-07
4.910569104767153495e-07
4.898069665572418223e-07
4.885610622658689942e-07
4.873174702570263572e-07
4.838121878909652456e-07
4.825842913155699848e-07
4.813594523735167948e-07
4.801367415631507484e-07
4.789178992667954781e-07
4.777032817621708733e-07
4.764949283446980823e-07
4.706626429405747750e-07
4.694748027239079038e-07
4.682890463619422077e-07
4.671069361927244614e-07
4.659284478888495032e-07
4.647536898349998555e-07
4.635808082729255486e-07
4.624112527085547185e-07
4.588933634110462147e-07
4.577413493116730699e-07
4.565918267903173622e-07
4.554447871016775781e-07
4.543005506470669128e-07
4.531589026909889412e-07
4.520208505755777408e-07
4.460868557104670092e-07
4.449707002535242584e-07
4.438568030159021457e-07
4.427464521549673889e-07
4.416402127620029137e-07
4.405396222661296570e-07
4.394401334985870737e-07
4.358962025211520747e-07
4.348097302972037843e-07
4.337266796585944574e-07
4.326469158205426062e-07
4.315702215040827538e-07
4.304954145705967941e-07
4.294234876420485782e-07
4.233748133070106396e-07
4.223270554991472065e-07
4.212829216243601408e-07
4.202403500356251027e-07
4.192007149007259333e-07
4.181629835287848299e-07
4.171286327271003786e-07
4.135767029744745359e-07
4.125561869156622747e-07
4.115373908645700759e-07
4.105217469759167725e-07
4.095091386253846102e-07
4.085014536013016103e-07
4.074964706815489897e-07
4.013906684763414294e-07
4.004060047727801136e-07
3.994233506157515953e-07
3.984439322068945032e-07
3.974676845049147396e-07
3.964936333453153964e-07
3.955213080255755948e-07
3.945520669345138477e-07
3.910123117333706259e-07
3.900586680614691006e-07
3.891077608581793670e-07
3.881585169116629571e-07
3.872113602737385438e-07
3.862659956050956224e-07
3.853238261514343179e-07
3.791785263878391659e-07
3.782575409679377654e-07
3.773382766385822242e-07
3.764217302722251204e-07
3.755077499685625273e-07
3.745977626183537059e-07
3.736915808028657580e-07
3.701542752172920738e-07
3.692595571358247972e-07
3.683661374531588401e-07
3.674757580391138872e-07
3.665880129242571435e-07
3.657024697326430621e-07
3.648186225564024811e-07
3.586147611076772291e-07
3.577518034244507109e-07
3.568914065391894962e-07
3.560364532943957255e-07
3.551823271359699163e-07
3.543300753175218191e-07
3.534793106575262638e-07
3.499413505331229033e-07
3.491036984616205057e-07
3.482682572209751312e-07
3.474347612138376966e-07
3.466027325400859989e-07
3.457730178178288303e-07
3.449456628539645508e-07
3.386876656802019443e-07
3.378833845480927843e-07
3.370800536559493869e-07
3.362788783720038975e-07
3.354789411106444797e-07
3.346814928827219284e-07
3.338865509489677106e-07
3.303487957209872580e-07
3.295656009511060121e-07
3.287838489026876630e-07
3.280045840524952683e-07
3.272274350192629707e-07
3.264548861509956441e-07
3.256836641813458285e-07
3.193699006021344289e-07
3.186177230450768988e-07
3.178670367671445799e-07
3.171189336676857023e-07
3.163730878766979416e-07
3.156290953019486381e-07
3.148864419196775001e-07
3.113467658608500231e-07
3.106160490923167173e-07
3.098874891476161651e-07
3.091634633699849566e-07
3.084404271798913104e-07
3.077185564401400857e-07
3.069979038430912788e-07
3.006293373406494303e-07
2.999286650130994581e-07
2.992301696298272738e-07
2.985334311449219562e-07
2.978380192303315379e-07
2.971440085476692754e-07
2.964521169365160858e-07
2.930780138746476174e-07
2.923995575217447459e-07
2.917222448185720661e-07
2.910460100345624193e-07
2.903710459534902229e-07
2.896973378088346547e-07
2.890253755854021445e-07
2.829396485837167262e-07
2.822857018358002759e-07
2.816331306005198764e-07
2.809818012750347616e-07
2.803323968654086709e-07
2.796849558589901424e-07
2.790409641361689559e-07
2.756678181084805208e-07
2.750338009536983393e-07
2.744011628604532862e-07
2.737694874684785054e-07
2.731392862697812378e-07
2.725113152539235389e-07
2.718847403925486435e-07
2.657510350071572197e-07
2.651411062772286880e-07
2.645327257496904772e-07
2.639261811044560221e-07
2.633219652479601462e-07
2.627216071376788185e-07
2.621215528967614962e-07
2.587459576467996616e-07
2.581550551195703328e-07
2.575654891335123946e-07
2.569776984639500443e-07
2.563917756674277254e-07
2.558070661124146229e-07
2.552233044638444528e-07
2.490431427287916222e-07
2.484761947814316980e-07
2.479111074750895502e-07
2.473490459082447672e-07
2.467893808175227719e-07
2.462301329281347681e-07
2.456719985054575911e-07
2.422944002346940964e-07
2.417453944418559794e-07
2.411982994852345099e-07
2.406527405332647467e-07
2.401085386856795645e-07
2.395650327922721598e-07
2.390224119657537103e-07
2.327986272790174861e-07
2.322732319693919343e-07
2.317512954604629985e-07
2.312309833803842380e-07
2.307111979826595785e-07
2.301925217017426413e-07
2.296744788977454014e-07
2.262956033557254021e-07
2.257876167099429609e-07
2.252810946860776961e-07
2.247758507767594534e-07
2.242712529602386074e-07
2.237675010374056752e-07
2.232651126607101209e-07
2.169995834070012572e-07
2.165157469788892259e-07
2.160336185018201215e-07
2.155519402332424773e-07
2.150713324445533779e-07
2.145913610812221265e-07
2.141123934400586314e-07
2.107330806550642431e-07
2.102642084821021918e-07
2.097965321860992586e-07
2.093295910571981044e-07
2.088634257528885592e-07
2.083984900906394225e-07
2.079346536928691134e-07
2.016304866231194723e-07
2.011853764514523071e-07
2.007405068525455357e-07
2.002966319783985674e-07
1.998533967301967597e-07
1.994111340889998903e-07
1.989700860456664663e-07
1.955905001593542476e-07
1.951589153918647219e-07
1.947283388846278464e-07
1.942984798391116814e-07
1.938696114242785849e-07
1.934418496944277336e-07
1.930151723510197708e-07
1.866746712956554672e-07
1.862654343145699776e-07
1.858569029272657441e-07
1.854493146068268005e-07
1.850423398345504700e-07
1.846363283903895032e-07
1.842316899142839371e-07
1.808517784669877389e-07
1.804562844625422818e-07
1.800613864541689391e-07
1.796672094458131937e-07
1.792741967364316904e-07
1.788822220846371050e-07
1.724904243218413725e-07
1.721158768033720295e-07
1.717414642121567838e-07
1.713679677502288496e-07
1.709951784408569461e-07
1.706232174269456848e-07
1.702521663089757036e-07
1.668649782049929105e-07
1.665028404958811923e-07
1.661417816143876251e-07
1.657813290784952542e-07
1.654216348384931144e-07
1.650631290202264770e-07
1.647055443436134796e-07
1.582815241134150725e-07
1.579405791055010301e-07
1.575998473647437518e-07
1.572600187460241152e-07
1.569207879611102868e-07
1.565824505579762141e-07
1.562450224638323642e-07
1.528588540380472962e-07
1.525299365277310758e-07
1.522020583821833575e-07
1.518747648731285692e-07
1.515481991773332384e-07
1.512227789604927382e-07
1.508982494840024965e-07
1.444440077756006125e-07
1.441355117433867540e-07
1.438271519806280689e-07
1.435196673139018477e-07
1.432128530187186302e-07
1.429067712427938816e-07
1.426015261338760684e-07
1.392169647358749841e-07
1.389199316861518143e-07
1.386239920977157674e-07
1.383285875772477702e-07
1.380338270586682133e-07
1.377400921027199278e-07
1.312434938186305770e-07
1.309652413866509090e-07
1.306879812228481969e-07
1.304108587954720963e-07
1.301343839980321662e-07
1.298587595968752106e-07
1.295836260259103912e-07
1.261933557517045650e-07
1.259269589249786857e-07
1.256608092391612066e-07
1.253953149029243564e-07
1.251306189195192223e-07
1.248665312915106720e-07
1.246032302597812012e-07
1.180818418597877584e-07
1.178336398354075480e-07
1.175862059991404975e-07
1.173393014653203647e-07
1.170926446827060349e-07
1.168468110256195339e-07
1.166015199879321826e-07
1.132470412557235991e-07
1.130098592133344019e-07
1.127734642303884112e-07
1.125371638868143719e-07
1.123019034962854191e-07
1.120671480934120121e-07
1.056731009048292492e-07
1.054531470715385650e-07
1.052335871189343431e-07
1.050142218669848588e-07
1.047957952847704040e-07
1.045776133825841996e-07
1.043598507324048268e-07
1.011006595620783388e-07
1.008906569639928674e-07
1.006812028680725094e-07
1.004723429179836408e-07
1.002641266935608582e-07
1.000560842487091952e-07
9.984901481848283565e-08
9.363482972459354670e-08
9.344151424998967221e-08
9.324869171677596338e-08
9.305621370453682086e-08
9.286393089586093023e-08
9.267259852258032157e-08
9.248145614177475263e-08
8.932621286207253673e-08
8.914248997795122527e-08
8.895898898927866311e-08
8.877602904793244269e-08
8.859361107335666386e-08
8.841186671362731093e-08
8.236892622929078401e-08
8.220055428611974178e-08
8.203240593325234130e-08
8.186450440329557328e-08
8.169704069646563426e-08
8.152995982833448284e-08
8.136304560043203977e-08
7.830720688505580015e-08
7.814748890015323049e-08
7.798788370576494686e-08
7.782891919498395263e-08
7.767023087886880683e-08
7.751202962890342009e-08
7.735428530008110900e-08
7.150092373770776605e-08
7.135582497924039472e-08
7.121108835742052386e-08
7.106679560500341508e-08
7.092262949047664832e-08
7.077878607020785378e-08
6.782376714655721483e-08
6.768641607810130983e-08
6.754947660484192616e-08
6.741307651154796655e-08
6.727668279597533517e-08
6.714070615177107007e-08
6.700529850615579307e-08
6.133278192129365951e-08
6.120935898323026403e-08
6.108650070952388062e-08
6.096372456084268996e-08
6.084103030554047895e-08
6.071888326950887868e-08
6.059689645538509881e-08
5.775016234081476705e-08
5.763438581764111451e-08
5.751884876669993054e-08
5.740334195218391585e-08
5.728851008098979672e-08
5.717391207108033616e-08
5.168698356374499100e-08
5.158385081265903905e-08
5.148106720834168415e-08
5.137829986078815143e-08
5.127584261121983298e-08
5.117389487147496122e-08
5.107194713176216421e-08
4.832888943167761278e-08
4.823292959587810928e-08
4.813705079989423916e-08
4.804127175153543213e-08
4.794593101395774557e-08
4.785073052615196813e-08
4.775559941783806616e-08
4.246946934056825294e-08
4.238553278964466798e-08
4.230159623875315117e-08
4.221790462017792684e-08
4.213451747042480884e-08
4.205115386749228325e-08
3.941313635794534431e-08
3.933561942775250190e-08
3.925810249751691081e-08
3.918064073653461703e-08
3.910358618645694347e-08
3.902661926536956294e-08
3.894975263550083025e-08
3.385636982088094138e-08
3.378993983361144276e-08
3.372353940946448825e-08
3.365748031966557135e-08
3.359155023386209374e-08
3.352562014804792895e-08
3.099352180619792129e-08
3.093294480020558951e-08
3.087236779418119621e-08
3.081200670717622728e-08
3.075197531883533607e-08
3.069200188169359316e-08
3.063203616269977347e-08
2.573470816587852324e-08
2.568466956639454215e-08
2.563469816310222309e-08
2.558482703488706520e-08
2.553506236916135025e-08
2.548529770342494481e-08
2.543575705094158274e-08
2.301545756534437314e-08
2.297076284438393899e-08
2.292606812343953891e-08
2.288169620729015297e-08
2.283734092645426079e-08
2.279308529502094851e-08
1.809448368003228363e-08
1.805964868472644394e-08
1.802481368941525736e-08
1.799006510515592945e-08
1.795539526060546998e-08
1.792073668205643013e-08
1.788616410609440852e-08
1.557302646801802782e-08
1.554297394518514353e-08
1.551295334443916471e-08
1.548320207666601609e-08
1.545345080890355464e-08
1.542369954112505912e-08
1.092588942793067570e-08
1.090493964757029310e-08
1.088398986721258229e-08
1.086320368892122080e-08
1.084248789439407995e-08
1.082177209986426731e-08
1.080105630534247005e-08
8.595617821085874676e-09
8.579184290810826863e-09
8.562779500600762587e-09
8.546440849489440935e-09
8.530102198367427146e-09
8.513763547253432046e-09
4.484763322859384328e-09
4.476236042689308082e-09
4.467708762521905284e-09
4.459181482353165762e-09
4.450654202181753619e-09
4.442126922015686718e-09
4.433599641845611299e-09
1.293256610237678286e-09
1.290796448189339312e-09
1.288336286141000337e-09
1.285876124092327181e-09
1.283415962044990336e-09
1.280955799996651154e-09
0.000000000000000000e+00
0.000000000000000000e+00
0.000000000000000000e+00
0.000000000000000000e+00
0.000000000000000000e+00
0.000000000000000000e+00
0.000000000000000000e+00
0.000000000000000000e+00
0.000000000000000000e+00
0.000000000000000000e+00
0.000000000000000000e+00
0.000000000000000000e+00
0.000000000000000000e+00
0.000000000000000000e+00
0.000000000000000000e+00
0.000000000000000000e+00
0.000000000000000000e+00
0.000000000000000000e+00
0.000000000000000000e+00
0.000000000000000000e+00
0.000000000000000000e+00
0.000000000000000000e+00
0.000000000000000000e+00
0.000000000000000000e+00
0.000000000000000000e+00
0.000000000000000000e+00
0.000000000000000000e+00
0.000000000000000000e+00
0.000000000000000000e+00
0.000000000000000000e+00
0.000000000000000000e+00
0.000000000000000000e+00
0.000000000000000000e+00
0.000000000000000000e+00
0.000000000000000000e+00
0.000000000000000000e+00
0.000000000000000000e+00
0.000000000000000000e+00
0.000000000000000000e+00
0.000000000000000000e+00
0.000000000000000000e+00
0.000000000000000000e+00
0.000000000000000000e+00
0.000000000000000000e+00
0.000000000000000000e+00
0.000000000000000000e+00
0.000000000000000000e+00
0.000000000000000000e+00
0.000000000000000000e+00
0.000000000000000000e+00
0.000000000000000000e+00
0.000000000000000000e+00
0.000000000000000000e+00
0.000000000000000000e+00
0.000000000000000000e+00
0.000000000000000000e+00
0.000000000000000000e+00
0.000000000000000000e+00
0.000000000000000000e+00
0.000000000000000000e+00
0.000000000000000000e+00
0.000000000000000000e+00
0.000000000000000000e+00
0.000000000000000000e+00
0.000000000000000000e+00
0.000000000000000000e+00
0.000000000000000000e+00
0.000000000000000000e+00
0.000000000000000000e+00
0.000000000000000000e+00
0.000000000000000000e+00
0.000000000000000000e+00
0.000000000000000000e+00
0.000000000000000000e+00
0.000000000000000000e+00
0.000000000000000000e+00
0.000000000000000000e+00
0.000000000000000000e+00
0.000000000000000000e+00
0.000000000000000000e+00
0.000000000000000000e+00
0.000000000000000000e+00
0.000000000000000000e+00
0.000000000000000000e+00
0.000000000000000000e+00
0.000000000000000000e+00
0.000000000000000000e+00
0.000000000000000000e+00
0.000000000000000000e+00
0.000000000000000000e+00
0.000000000000000000e+00
0.000000000000000000e+00
0.000000000000000000e+00
0.000000000000000000e+00
0.000000000000000000e+00
0.000000000000000000e+00
0.000000000000000000e+00
0.000000000000000000e+00
0.000000000000000000e+00
0.000000000000000000e+00
0.000000000000000000e+00
0.000000000000000000e+00
0.000000000000000000e+00
0.000000000000000000e+00
0.000000000000000000e+00
0.000000000000000000e+00
0.000000000000000000e+00
0.000000000000000000e+00
0.000000000000000000e+00
0.000000000000000000e+00
0.000000000000000000e+00
0.000000000000000000e+00
0.000000000000000000e+00
0.000000000000000000e+00
0.000000000000000000e+00
0.000000000000000000e+00
0.000000000000000000e+00
0.000000000000000000e+00
0.000000000000000000e+00
0.000000000000000000e+00
0.000000000000000000e+00
0.000000000000000000e+00
0.000000000000000000e+00
0.000000000000000000e+00
0.000000000000000000e+00
0.000000000000000000e+00
0.000000000000000000e+00
0.000000000000000000e+00
0.000000000000000000e+00
0.000000000000000000e+00
0.000000000000000000e+00
0.000000000000000000e+00
0.000000000000000000e+00
0.000000000000000000e+00
0.000000000000000000e+00
0.000000000000000000e+00
0.000000000000000000e+00
0.000000000000000000e+00
0.000000000000000000e+00
0.000000000000000000e+00
0.000000000000000000e+00
0.000000000000000000e+00
0.000000000000000000e+00
0.000000000000000000e+00
0.000000000000000000e+00
0.000000000000000000e+00
0.000000000000000000e+00
0.000000000000000000e+00
0.000000000000000000e+00
0.000000000000000000e+00
0.000000000000000000e+00
0.000000000000000000e+00
0.000000000000000000e+00
0.000000000000000000e+00
0.000000000000000000e+00
0.000000000000000000e+00
0.000000000000000000e+00
0.000000000000000000e+00
0.000000000000000000e+00
0.000000000000000000e+00
0.000000000000000000e+00
0.000000000000000000e+00
0.000000000000000000e+00
0.000000000000000000e+00
0.000000000000000000e+00
0.000000000000000000e+00
0.000000000000000000e+00
0.000000000000000000e+00
0.000000000000000000e+00
0.000000000000000000e+00
0.000000000000000000e+00
0.000000000000000000e+00
0.000000000000000000e+00
0.000000000000000000e+00
0.000000000000000000e+00
0.000000000000000000e+00
0.000000000000000000e+00
0.000000000000000000e+00
0.000000000000000000e+00
0.000000000000000000e+00
0.000000000000000000e+00
0.000000000000000000e+00
0.000000000000000000e+00
0.000000000000000000e+00
0.000000000000000000e+00
0.000000000000000000e+00
0.000000000000000000e+00
0.000000000000000000e+00
0.000000000000000000e+00
0.000000000000000000e+00
0.000000000000000000e+00
0.000000000000000000e+00
0.000000000000000000e+00
0.000000000000000000e+00
0.000000000000000000e+00
0.000000000000000000e+00
0.000000000000000000e+00
0.000000000000000000e+00
0.000000000000000000e+00
0.000000000000000000e+00
0.000000000000000000e+00
0.000000000000000000e+00
0.000000000000000000e+00
0.000000000000000000e+00
0.000000000000000000e+00
0.000000000000000000e+00
0.000000000000000000e+00
0.000000000000000000e+00
0.000000000000000000e+00
0.000000000000000000e+00
0.000000000000000000e+00
0.000000000000000000e+00
0.000000000000000000e+00
0.000000000000000000e+00
0.000000000000000000e+00
0.000000000000000000e+00
0.000000000000000000e+00
0.000000000000000000e+00
0.000000000000000000e+00
0.000000000000000000e+00
0.000000000000000000e+00
0.000000000000000000e+00
0.000000000000000000e+00
0.000000000000000000e+00
0.000000000000000000e+00
0.000000000000000000e+00
0.000000000000000000e+00
0.000000000000000000e+00
0.000000000000000000e+00
0.000000000000000000e+00
0.000000000000000000e+00
0.000000000000000000e+00
0.000000000000000000e+00
0.000000000000000000e+00
0.000000000000000000e+00
0.000000000000000000e+00
0.000000000000000000e+00
0.000000000000000000e+00
0.000000000000000000e+00
0.000000000000000000e+00
0.000000000000000000e+00
0.000000000000000000e+00
0.000000000000000000e+00
0.000000000000000000e+00
0.000000000000000000e+00
0.000000000000000000e+00
0.000000000000000000e+00
0.000000000000000000e+00
0.000000000000000000e+00
0.000000000000000000e+00
0.000000000000000000e+00
0.000000000000000000e+00
0.000000000000000000e+00
0.000000000000000000e+00
0.000000000000000000e+00
0.000000000000000000e+00
0.000000000000000000e+00
0.000000000000000000e+00
0.000000000000000000e+00
0.000000000000000000e+00
0.000000000000000000e+00
0.000000000000000000e+00
0.000000000000000000e+00
0.000000000000000000e+00
0.000000000000000000e+00
0.000000000000000000e+00
0.000000000000000000e+00
0.000000000000000000e+00
0.000000000000000000e+00
0.000000000000000000e+00
0.000000000000000000e+00
0.000000000000000000e+00
0.000000000000000000e+00
0.000000000000000000e+00
0.000000000000000000e+00
0.000000000000000000e+00
0.000000000000000000e+00
0.000000000000000000e+00
0.000000000000000000e+00
0.000000000000000000e+00
0.000000000000000000e+00
0.000000000000000000e+00
0.000000000000000000e+00
0.000000000000000000e+00
0.000000000000000000e+00
0.000000000000000000e+00
0.000000000000000000e+00
0.000000000000000000e+00
0.000000000000000000e+00
0.000000000000000000e+00
0.000000000000000000e+00
0.000000000000000000e+00
0.000000000000000000e+00
0.000000000000000000e+00
0.000000000000000000e+00
0.000000000000000000e+00
0.000000000000000000e+00
0.000000000000000000e+00
0.000000000000000000e+00
0.000000000000000000e+00
0.000000000000000000e+00
0.000000000000000000e+00
0.000000000000000000e+00
0.000000000000000000e+00
0.000000000000000000e+00
0.000000000000000000e+00
0.000000000000000000e+00
0.000000000000000000e+00
0.000000000000000000e+00
0.000000000000000000e+00
0.000000000000000000e+00
0.000000000000000000e+00
0.000000000000000000e+00
0.000000000000000000e+00
0.000000000000000000e+00
0.000000000000000000e+00
0.000000000000000000e+00
0.000000000000000000e+00
0.000000000000000000e+00
0.000000000000000000e+00
0.000000000000000000e+00
0.000000000000000000e+00
0.000000000000000000e+00
0.000000000000000000e+00
0.000000000000000000e+00
0.000000000000000000e+00
0.000000000000000000e+00
0.000000000000000000e+00
0.000000000000000000e+00
0.000000000000000000e+00
0.000000000000000000e+00
0.000000000000000000e+00
0.000000000000000000e+00
0.000000000000000000e+00
0.000000000000000000e+00
0.000000000000000000e+00
0.000000000000000000e+00
0.000000000000000000e+00
0.000000000000000000e+00
0.000000000000000000e+00
0.000000000000000000e+00
0.000000000000000000e+00
0.000000000000000000e+00
0.000000000000000000e+00
0.000000000000000000e+00
0.000000000000000000e+00
0.000000000000000000e+00
0.000000000000000000e+00
0.000000000000000000e+00
0.000000000000000000e+00
0.000000000000000000e+00
0.000000000000000000e+00
0.000000000000000000e+00
0.000000000000000000e+00
0.000000000000000000e+00
0.000000000000000000e+00
0.000000000000000000e+00
0.000000000000000000e+00
0.000000000000000000e+00
0.000000000000000000e+00
0.000000000000000000e+00
0.000000000000000000e+00
0.000000000000000000e+00
0.000000000000000000e+00
0.000000000000000000e+00
0.000000000000000000e+00
0.000000000000000000e+00
0.000000000000000000e+00
0.000000000000000000e+00
0.000000000000000000e+00
0.000000000000000000e+00
0.000000000000000000e+00
0.000000000000000000e+00
0.000000000000000000e+00
0.000000000000000000e+00
0.000000000000000000e+00
0.000000000000000000e+00
0.000000000000000000e+00
0.000000000000000000e+00
0.000000000000000000e+00
0.000000000000000000e+00
0.000000000000000000e+00
0.000000000000000000e+00
0.000000000000000000e+00
0.000000000000000000e+00
0.000000000000000000e+00
0.000000000000000000e+00
0.000000000000000000e+00
0.000000000000000000e+00
0.000000000000000000e+00
0.000000000000000000e+00
0.000000000000000000e+00
0.000000000000000000e+00
0.000000000000000000e+00
0.000000000000000000e+00
0.000000000000000000e+00
0.000000000000000000e+00
0.000000000000000000e+00
0.000000000000000000e+00
0.000000000000000000e+00
0.000000000000000000e+00
0.000000000000000000e+00
0.000000000000000000e+00
0.000000000000000000e+00
0.000000000000000000e+00
0.000000000000000000e+00
0.000000000000000000e+00
0.000000000000000000e+00
0.000000000000000000e+00
0.000000000000000000e+00
0.000000000000000000e+00
0.000000000000000000e+00
0.000000000000000000e+00
0.000000000000000000e+00
0.000000000000000000e+00
0.000000000000000000e+00
0.000000000000000000e+00
0.000000000000000000e+00
0.000000000000000000e+00
0.000000000000000000e+00
0.000000000000000000e+00
0.000000000000000000e+00
0.000000000000000000e+00
0.000000000000000000e+00
0.000000000000000000e+00
0.000000000000000000e+00
0.000000000000000000e+00
0.000000000000000000e+00
0.000000000000000000e+00
0.000000000000000000e+00
0.000000000000000000e+00
0.000000000000000000e+00
0.000000000000000000e+00
0.000000000000000000e+00
0.000000000000000000e+00
0.000000000000000000e+00
0.000000000000000000e+00
0.000000000000000000e+00
0.000000000000000000e+00
0.000000000000000000e+00
0.000000000000000000e+00
0.000000000000000000e+00
0.000000000000000000e+00
0.000000000000000000e+00
0.000000000000000000e+00
0.000000000000000000e+00
0.000000000000000000e+00
0.000000000000000000e+00
0.000000000000000000e+00
0.000000000000000000e+00
0.000000000000000000e+00
0.000000000000000000e+00
0.000000000000000000e+00
0.000000000000000000e+00
0.000000000000000000e+00
0.000000000000000000e+00
0.000000000000000000e+00
0.000000000000000000e+00
0.000000000000000000e+00
0.000000000000000000e+00
0.000000000000000000e+00
0.000000000000000000e+00
0.000000000000000000e+00
0.000000000000000000e+00
0.000000000000000000e+00
0.000000000000000000e+00
0.000000000000000000e+00
0.000000000000000000e+00
0.000000000000000000e+00
0.000000000000000000e+00
0.000000000000000000e+00
0.000000000000000000e+00
0.000000000000000000e+00
0.000000000000000000e+00
0.000000000000000000e+00
0.000000000000000000e+00
0.000000000000000000e+00
0.000000000000000000e+00
0.000000000000000000e+00
0.000000000000000000e+00
0.000000000000000000e+00
0.000000000000000000e+00
0.000000000000000000e+00
0.000000000000000000e+00
0.000000000000000000e+00
0.000000000000000000e+00
0.000000000000000000e+00
0.000000000000000000e+00
0.000000000000000000e+00
0.000000000000000000e+00
0.000000000000000000e+00
0.000000000000000000e+00
0.000000000000000000e+00
0.000000000000000000e+00
0.000000000000000000e+00
0.000000000000000000e+00
0.000000000000000000e+00
0.000000000000000000e+00
0.000000000000000000e+00
0.000000000000000000e+00
0.000000000000000000e+00
0.000000000000000000e+00
0.000000000000000000e+00
0.000000000000000000e+00
0.000000000000000000e+00
0.000000000000000000e+00
0.000000000000000000e+00
0.000000000000000000e+00
0.000000000000000000e+00
0.000000000000000000e+00
0.000000000000000000e+00
0.000000000000000000e+00
0.000000000000000000e+00
0.000000000000000000e+00
0.000000000000000000e+00
0.000000000000000000e+00
0.000000000000000000e+00
0.000000000000000000e+00
0.000000000000000000e+00
0.000000000000000000e+00
0.000000000000000000e+00
0.000000000000000000e+00
0.000000000000000000e+00
0.000000000000000000e+00
0.000000000000000000e+00
0.000000000000000000e+00
0.000000000000000000e+00
0.000000000000000000e+00
0.000000000000000000e+00
0.000000000000000000e+00
0.000000000000000000e+00
0.000000000000000000e+00
0.000000000000000000e+00
0.000000000000000000e+00
0.000000000000000000e+00
0.000000000000000000e+00
0.000000000000000000e+00
0.000000000000000000e+00
0.000000000000000000e+00
0.000000000000000000e+00
0.000000000000000000e+00
0.000000000000000000e+00
0.000000000000000000e+00
0.000000000000000000e+00
0.000000000000000000e+00
0.000000000000000000e+00
0.000000000000000000e+00
0.000000000000000000e+00
0.000000000000000000e+00
0.000000000000000000e+00
0.000000000000000000e+00
0.000000000000000000e+00
0.000000000000000000e+00
0.000000000000000000e+00
0.000000000000000000e+00
0.000000000000000000e+00
0.000000000000000000e+00
0.000000000000000000e+00
0.000000000000000000e+00
0.000000000000000000e+00
0.000000000000000000e+00
0.000000000000000000e+00
0.000000000000000000e+00
0.000000000000000000e+00
0.000000000000000000e+00
0.000000000000000000e+00
0.000000000000000000e+00
0.000000000000000000e+00
0.000000000000000000e+00
0.000000000000000000e+00
0.000000000000000000e+00
0.000000000000000000e+00
0.000000000000000000e+00
0.000000000000000000e+00
0.000000000000000000e+00
0.000000000000000000e+00
0.000000000000000000e+00
0.000000000000000000e+00
0.000000000000000000e+00
0.000000000000000000e+00
0.000000000000000000e+00
0.000000000000000000e+00
0.000000000000000000e+00
0.000000000000000000e+00
0.000000000000000000e+00
0.000000000000000000e+00
0.000000000000000000e+00
0.000000000000000000e+00
0.000000000000000000e+00
0.000000000000000000e+00
0.000000000000000000e+00
0.000000000000000000e+00
0.000000000000000000e+00
0.000000000000000000e+00
0.000000000000000000e+00
0.000000000000000000e+00
0.000000000000000000e+00
0.000000000000000000e+00
0.000000000000000000e+00
0.000000000000000000e+00
0.000000000000000000e+00
0.000000000000000000e+00
0.000000000000000000e+00
0.000000000000000000e+00
0.000000000000000000e+00
0.000000000000000000e+00
0.000000000000000000e+00
0.000000000000000000e+00
0.000000000000000000e+00
0.000000000000000000e+00
0.000000000000000000e+00
0.000000000000000000e+00
0.000000000000000000e+00
0.000000000000000000e+00
0.000000000000000000e+00
0.000000000000000000e+00
0.000000000000000000e+00
0.000000000000000000e+00
0.000000000000000000e+00
0.000000000000000000e+00
0.000000000000000000e+00
0.000000000000000000e+00
0.000000000000000000e+00
0.000000000000000000e+00
0.000000000000000000e+00
0.000000000000000000e+00
0.000000000000000000e+00
0.000000000000000000e+00
0.000000000000000000e+00
0.000000000000000000e+00
0.000000000000000000e+00
0.000000000000000000e+00
0.000000000000000000e+00
0.000000000000000000e+00
0.000000000000000000e+00
0.000000000000000000e+00
0.000000000000000000e+00
0.000000000000000000e+00
0.000000000000000000e+00
0.000000000000000000e+00
0.000000000000000000e+00
0.000000000000000000e+00
0.000000000000000000e+00
0.000000000000000000e+00
0.000000000000000000e+00
0.000000000000000000e+00
0.000000000000000000e+00
0.000000000000000000e+00
0.000000000000000000e+00
0.000000000000000000e+00
0.000000000000000000e+00
0.000000000000000000e+00
0.000000000000000000e+00
0.000000000000000000e+00
0.000000000000000000e+00
0.000000000000000000e+00
0.000000000000000000e+00
0.000000000000000000e+00
0.000000000000000000e+00
0.000000000000000000e+00
0.000000000000000000e+00
0.000000000000000000e+00
0.000000000000000000e+00
0.000000000000000000e+00
0.000000000000000000e+00
0.000000000000000000e+00
0.000000000000000000e+00
0.000000000000000000e+00
0.000000000000000000e+00
0.000000000000000000e+00
0.000000000000000000e+00
0.000000000000000000e+00
0.000000000000000000e+00
0.000000000000000000e+00
0.000000000000000000e+00
0.000000000000000000e+00
0.000000000000000000e+00
0.000000000000000000e+00
0.000000000000000000e+00
0.000000000000000000e+00
0.000000000000000000e+00
0.000000000000000000e+00
0.000000000000000000e+00
0.000000000000000000e+00
0.000000000000000000e+00
0.000000000000000000e+00
0.000000000000000000e+00
0.000000000000000000e+00
0.000000000000000000e+00
0.000000000000000000e+00
0.000000000000000000e+00
0.000000000000000000e+00
0.000000000000000000e+00
0.000000000000000000e+00
0.000000000000000000e+00
0.000000000000000000e+00
0.000000000000000000e+00
0.000000000000000000e+00
0.000000000000000000e+00
0.000000000000000000e+00
0.000000000000000000e+00
0.000000000000000000e+00
0.000000000000000000e+00
0.000000000000000000e+00
0.000000000000000000e+00
0.000000000000000000e+00
0.000000000000000000e+00
0.000000000000000000e+00
0.000000000000000000e+00
0.000000000000000000e+00
0.000000000000000000e+00
0.000000000000000000e+00
0.000000000000000000e+00
0.000000000000000000e+00
0.000000000000000000e+00
0.000000000000000000e+00
0.000000000000000000e+00
0.000000000000000000e+00
0.000000000000000000e+00
0.000000000000000000e+00
0.000000000000000000e+00
0.000000000000000000e+00
0.000000000000000000e+00
0.000000000000000000e+00
0.000000000000000000e+00
0.000000000000000000e+00
0.000000000000000000e+00
0.000000000000000000e+00
0.000000000000000000e+00
0.000000000000000000e+00
0.000000000000000000e+00
0.000000000000000000e+00
0.000000000000000000e+00
0.000000000000000000e+00
0.000000000000000000e+00
0.000000000000000000e+00
0.000000000000000000e+00
0.000000000000000000e+00
0.000000000000000000e+00
0.000000000000000000e+00
0.000000000000000000e+00
0.000000000000000000e+00
0.000000000000000000e+00
0.000000000000000000e+00
0.000000000000000000e+00
0.000000000000000000e+00
0.000000000000000000e+00
0.000000000000000000e+00
0.000000000000000000e+00
0.000000000000000000e+00
0.000000000000000000e+00
0.000000000000000000e+00
0.000000000000000000e+00
0.000000000000000000e+00
0.000000000000000000e+00
0.000000000000000000e+00
0.000000000000000000e+00
0.000000000000000000e+00
0.000000000000000000e+00
0.000000000000000000e+00
0.000000000000000000e+00
0.000000000000000000e+00
0.000000000000000000e+00
0.000000000000000000e+00
0.000000000000000000e+00
0.000000000000000000e+00
0.000000000000000000e+00
0.000000000000000000e+00
0.000000000000000000e+00
0.000000000000000000e+00
0.000000000000000000e+00
0.000000000000000000e+00
0.000000000000000000e+00
0.000000000000000000e+00
0.000000000000000000e+00
0.000000000000000000e+00
0.000000000000000000e+00
0.000000000000000000e+00
0.000000000000000000e+00
0.000000000000000000e+00
0.000000000000000000e+00
0.000000000000000000e+00
0.000000000000000000e+00
0.000000000000000000e+00
0.000000000000000000e+00
0.000000000000000000e+00
0.000000000000000000e+00
0.000000000000000000e+00
0.000000000000000000e+00
0.000000000000000000e+00
0.000000000000000000e+00
0.000000000000000000e+00
0.000000000000000000e+00
0.000000000000000000e+00
0.000000000000000000e+00
0.000000000000000000e+00
0.000000000000000000e+00
0.000000000000000000e+00
0.000000000000000000e+00
0.000000000000000000e+00
0.000000000000000000e+00
0.000000000000000000e+00
0.000000000000000000e+00
0.000000000000000000e+00
0.000000000000000000e+00
0.000000000000000000e+00
0.000000000000000000e+00
0.000000000000000000e+00
0.000000000000000000e+00
0.000000000000000000e+00
0.000000000000000000e+00
0.000000000000000000e+00
0.000000000000000000e+00
0.000000000000000000e+00
0.000000000000000000e+00
0.000000000000000000e+00
0.000000000000000000e+00
0.000000000000000000e+00
0.000000000000000000e+00
0.000000000000000000e+00
0.000000000000000000e+00
0.000000000000000000e+00
0.000000000000000000e+00
0.000000000000000000e+00
0.000000000000000000e+00
0.000000000000000000e+00
0.000000000000000000e+00
0.000000000000000000e+00
0.000000000000000000e+00
0.000000000000000000e+00
0.000000000000000000e+00
0.000000000000000000e+00
0.000000000000000000e+00
0.000000000000000000e+00
0.000000000000000000e+00
0.000000000000000000e+00
0.000000000000000000e+00
0.000000000000000000e+00
0.000000000000000000e+00
0.000000000000000000e+00
0.000000000000000000e+00
0.000000000000000000e+00
0.000000000000000000e+00
0.000000000000000000e+00
0.000000000000000000e+00
0.000000000000000000e+00
0.000000000000000000e+00
0.000000000000000000e+00
0.000000000000000000e+00
0.000000000000000000e+00
0.000000000000000000e+00
0.000000000000000000e+00
0.000000000000000000e+00
0.000000000000000000e+00
0.000000000000000000e+00
0.000000000000000000e+00
0.000000000000000000e+00
0.000000000000000000e+00
0.000000000000000000e+00
0.000000000000000000e+00
0.000000000000000000e+00
0.000000000000000000e+00
0.000000000000000000e+00
0.000000000000000000e+00
0.000000000000000000e+00
0.000000000000000000e+00
0.000000000000000000e+00
0.000000000000000000e+00
0.000000000000000000e+00
0.000000000000000000e+00
0.000000000000000000e+00
