6.243034507935885634e-05
6.532737065339472922e-05
6.785175905119089114e-05
7.003088649996395065e-05
7.188982741432447675e-05
7.345174193394394082e-05
7.473821431151262979e-05
7.576943253203751577e-05
7.656433687022121950e-05
7.714074703646691658e-05
7.751553179072014868e-05
7.770446883901264328e-05
7.772264317465138136e-05
7.758434421183205967e-05
7.730308323511682583e-05
7.689194070443696068e-05
7.636319952551966911e-05
7.572876693734591018e-05
7.499988993596426782e-05
7.418735215044866657e-05
7.330139087707421947e-05
7.235171090840233541e-05
7.134747455272707703e-05
7.029741539576077932e-05
6.920966432951279504e-05
6.809181646927232737e-05
6.695106676218393277e-05
6.579400481084439110e-05
6.462674930658916209e-05
6.345500098320247355e-05
6.228385981879016806e-05
6.111811114357250157e-05
5.996202259166916941e-05
5.881941295373824887e-05
5.769378798422384225e-05
5.658808462004059664e-05
5.550504520582536167e-05
5.444686310882043104e-05
5.341553790190415999e-05
5.241263105659188911e-05
5.143947316362645748e-05
5.049711884069153409e-05
4.958625542178472507e-05
4.870740177818889770e-05
4.786084455231051117e-05
4.704660859690058041e-05
4.626460307166469876e-05
4.551444031405133813e-05
4.479565347702370092e-05
4.410760276345452902e-05
4.344960682670025469e-05
4.282069477773364302e-05
4.221990406133588819e-05
4.164622198782529864e-05
4.109844026731434397e-05
4.057536974006314826e-05
4.007574665738959451e-05
3.959825508729828542e-05
3.914155978668556243e-05
3.870432944227237236e-05
3.828517623565254666e-05
3.788270414998242986e-05
3.749562148720145694e-05
3.712249202519484647e-05
3.676202243324806047e-05
3.641292641889387204e-05
3.607393232911573029e-05
3.574373995296205553e-05
3.542126506701304898e-05
3.510536960189042426e-05
3.479497982699000368e-05
3.448904920908444721e-05
3.418667863472625557e-05
3.388691222247936516e-05
3.358900597676784750e-05
3.329223147753492001e-05
3.299587046967431258e-05
3.269932379328230663e-05
3.240208438481457831e-05
3.210371913147748500e-05
3.180378985671605027e-05
3.150200754160822496e-05
3.119812735668958822e-05
3.089196771641299739e-05
3.058339063130305623e-05
3.027234903531641417e-05
2.995882614303663064e-05
2.964287552391675797e-05
2.932461675818549048e-05
2.900415651687503785e-05
2.868168267808982470e-05
2.835747772003565208e-05
2.803172229207140872e-05
2.770475057235199652e-05
2.737686251870363215e-05
2.704839772977894399e-05
2.671972477115934418e-05
2.639118150460388672e-05
2.606311815486348822e-05
2.573606582272481950e-05
2.541022772767681292e-05
2.508610034134404584e-05
2.476403585295936351e-05
2.444439545597315894e-05
2.412762117393451247e-05
2.381400741254671781e-05
2.350396072961967060e-05
2.319770922855269563e-05
2.289565568154903032e-05
2.259807526737709808e-05
2.230523813668289974e-05
2.201740022722492661e-05
2.173477472276137530e-05
2.145764172922616652e-05
2.118608407331735915e-05
2.092038162532651363e-05
2.066059192430210357e-05
2.040682912232562698e-05
2.015923227106890603e-05
1.991780111222704117e-05
1.968263606464599029e-05
1.945371258129959173e-05
1.923108048256134961e-05
1.901464194673223323e-05
1.880446138008284935e-05
1.860032116191532797e-05
1.840232881107062347e-05
1.821019138421733238e-05
1.802395624101396727e-05
1.784338159312822867e-05
1.766836709565429046e-05
1.749874862004270363e-05
1.733435472638304682e-05
1.717502866443666634e-05
1.702052653343826536e-05
1.687075600695616740e-05
1.672540832061749432e-05
1.658436280386927926e-05
1.644729892647891727e-05
1.631422901550086532e-05
1.618470080433181179e-05
1.605862596986470581e-05
1.593582231501054102e-05
1.581596275789153369e-05
1.569900741816280097e-05
1.558460496442462656e-05
1.547273298573800690e-05
1.536302931095739365e-05
1.525540280012887572e-05
1.514970870588519994e-05
1.504568885019151394e-05
1.494328484115337236e-05
1.484223548993139261e-05
1.474247138603708570e-05
1.464387742131830549e-05
1.454624408732677949e-05
1.444955511435360674e-05
1.435359858155544940e-05
1.425832840319237573e-05
1.416366372868936131e-05
1.406946913349545020e-05
1.397572009728422977e-05
1.388232360058650097e-05
1.378920875979151179e-05
1.369636855617106310e-05
1.360368302937738117e-05
1.351117243964785907e-05
1.341882044467211493e-05
1.332654121422137038e-05
1.323433382363558139e-05
1.314224649888510119e-05
1.305018552593515393e-05
1.295820392770670694e-05
1.286627358755873254e-05
1.277444063487462150e-05
1.268269863293022073e-05
1.259104292574076503e-05
1.249951159456086525e-05
1.240814716507181456e-05
1.231696212162403808e-05
1.222593729044329689e-05
1.213519575963398029e-05
1.204471652108234702e-05
1.195448822302465862e-05
1.186466023216677299e-05
1.177520222045382198e-05
1.168610390512910380e-05
1.159752150793887134e-05
1.150942510504542319e-05
1.142180249011182867e-05
1.133480431034469080e-05
1.124840574614849000e-05
1.116260247986777240e-05
1.107752024946424722e-05
1.099314578421709529e-05
1.090950182629907883e-05
1.082664720355509462e-05
1.074460438132847950e-05
1.066340055789024143e-05
1.058304035980963953e-05
1.050360100855610504e-05
1.042505913539402790e-05
1.034745168299073748e-05
1.027079864519718762e-05
1.019511877805298715e-05
1.012041748032980965e-05
1.004670100448377157e-05
9.974006035747717174e-06
9.902302471203434662e-06
9.831620940257371983e-06
9.761949490537131792e-06
9.693311881431064612e-06
9.625682329931722447e-06
9.559079143252260737e-06
9.493480614348219496e-06
9.428907581150953047e-06
9.365316807132855866e-06
9.302698484109457727e-06
9.241099652962868441e-06
9.180447831301422380e-06
9.120762606473991244e-06
9.061995626230187799e-06
9.004191501230994032e-06
8.947277722090100747e-06
8.891232918104076500e-06
8.836115564820382865e-06
8.781848777759359686e-06
8.728404226414282144e-06
8.675775812870025594e-06
8.623954297089638589e-06
8.572907244598510228e-06
8.522606080302796037e-06
8.473046429846361875e-06
8.424227412522973890e-06
8.376083525253715591e-06
8.328571618162282551e-06
8.281755950734358650e-06
8.235575247046389528e-06
8.189973422521085227e-06
8.144944472428253192e-06
8.100481019332549009e-06
8.056590937914757174e-06
8.013181807033870692e-06
7.970274496298666752e-06
7.927848671892371852e-06
7.885895681289022957e-06
7.844355070742042879e-06
7.803242273402048873e-06
7.762538078291424294e-06
7.722218014711840415e-06
7.682245680269746547e-06
7.642632314949627704e-06
7.603354336682196385e-06
7.564395263058456518e-06
7.525722441887359537e-06
7.487347995326388913e-06
7.449248210739135292e-06
7.411417696415469365e-06
7.373818484284964914e-06
7.336468487900139914e-06
7.299343439502442436e-06
7.262453389810081701e-06
7.225749966075277833e-06
7.189256831331386111e-06
7.152949560914624425e-06
7.116849342369789849e-06
7.080910748503210272e-06
7.045149539555280840e-06
7.009555475438415080e-06
6.974135498121881775e-06
6.938866270439918847e-06
6.903754116686523457e-06
6.868798567169220858e-06
6.833996013255038192e-06
6.799347225828618404e-06
6.764842100862759648e-06
6.730486070153298408e-06
6.696275882127097422e-06
6.662224272111882347e-06
6.628321507948074566e-06
6.594577938134541600e-06
6.560983255227001739e-06
6.527546954135001425e-06
6.494272374937430600e-06
6.461168878403928882e-06
6.428227845469553378e-06
6.395454341768893603e-06
6.362868480562736190e-06
6.330461449292303464e-06
6.298241339442264948e-06
6.266203337908156502e-06
6.234356393600689164e-06
6.202711272535415609e-06
6.171270016943754974e-06
6.140034148027718593e-06
6.109005572826761509e-06
6.078191951393768482e-06
6.047603196159545083e-06
6.017237773346603634e-06
5.987096816969641940e-06
5.957181685250353143e-06
5.927507519555731815e-06
5.898067642917119473e-06
5.868867541518888714e-06
5.839902889315300795e-06
5.811184406402431198e-06
5.782713744696671483e-06
5.754486767441784948e-06
5.726516001762977693e-06
5.698786017304502378e-06
5.671315108768964865e-06
5.644091794748262527e-06
5.617113338451456566e-06
5.590395831728020261e-06
5.563918058632820292e-06
5.537702613184763712e-06
5.511729786465379747e-06
5.485993641212555914e-06
5.460517215471262812e-06
5.435274176161073267e-06
5.410288481178946441e-06
5.385532872010985342e-06
5.361003889315552835e-06
5.336724373500988946e-06
5.312666313390253554e-06
5.288852668354033644e-06
5.265249907361568602e-06
5.241861054583103536e-06
5.218701108922101137e-06
5.195746521445330703e-06
5.173013849578498949e-06
5.150473141776355612e-06
5.128137211114552379e-06
5.105998045629905697e-06
5.084051916326187957e-06
5.062300195860058382e-06
5.040731377037444440e-06
5.019338876826192070e-06
4.998113290139389631e-06
4.977074140368526209e-06
4.956203887960773691e-06
4.935499114330671047e-06
4.914943890908279272e-06
4.894533084288072145e-06
4.874284897299438665e-06
4.854179269915707112e-06
4.834229279043598727e-06
4.814401593372938627e-06
4.794711500171595978e-06
4.775150901802223336e-06
4.755720355429625581e-06
4.736417645766480575e-06
4.717236855658390967e-06
4.698168062855406450e-06
4.679207480522416941e-06
4.660366630062896179e-06
4.641634093504775373e-06
4.623016286497223197e-06
4.604490852191701324e-06
4.586069126810926517e-06
4.567742390625299354e-06
4.549516390917267832e-06
4.531388069774860827e-06
4.513356829178418016e-06
4.495412211247599289e-06
4.477555693480079872e-06
4.459791213992303598e-06
4.442113778836556848e-06
4.424522627947263809e-06
4.407022146742620024e-06
4.389604477895280275e-06
4.372268937470037135e-06
4.355021401601515196e-06
4.337855994980205837e-06
4.320773829162554123e-06
4.303776676005092231e-06
4.286858731953183853e-06
4.270024602487740074e-06
4.253275830054826954e-06
4.236607803113307440e-06
4.220023967338852621e-06
4.203523330677644356e-06
4.187102763685757950e-06
4.170767299439466964e-06
4.154518190948384582e-06
4.138350957689773578e-06
4.122269622470116446e-06
4.106272675839410555e-06
4.090358152620591891e-06
4.074530448035627087e-06
4.058791357711037456e-06
4.043135095980759359e-06
4.027565489124300232e-06
4.012084227668079183e-06
3.996688080776908949e-06
3.981378253462391371e-06
3.966162099851091166e-06
3.951027450120905692e-06
3.935978704649902891e-06
3.921024523890304833e-06
3.906157690461710477e-06
3.891374489689525287e-06
3.876686119130057486e-06
3.862080806717648542e-06
3.847563546957846796e-06
3.833140334067514215e-06
3.818802273594207863e-06
3.804550150768894766e-06
3.790386207719253581e-06
3.776308439668265340e-06
3.762320076333753792e-06
3.748423593952335138e-06
3.734606349713393858e-06
3.720876543642222455e-06
3.707228775185688826e-06
3.693674220027275277e-06
3.680198140397147030e-06
3.666807469064609212e-06
3.653502511123327304e-06
3.640278178404289611e-06
3.627131692996877044e-06
3.614069106142581269e-06
3.601085098052692299e-06
3.588183570385704201e-06
3.575366957531777865e-06
3.562619418743594046e-06
3.549951388491302562e-06
3.537354541523878822e-06
3.524840089447980646e-06
3.512396442467073068e-06
3.500027416093434806e-06
3.487734994261886250e-06
3.475507977842649596e-06
3.463352593723897686e-06
3.451262824402519932e-06
3.439250724811801692e-06
3.427303490153974865e-06
3.415424225776613216e-06
3.403613072235601680e-06
3.391864764072786980e-06
3.380178800212636628e-06
3.368552972965438736e-06
3.356998066554227398e-06
3.345503764135471573e-06
3.334071798732567410e-06
3.322700741546135513e-06
3.311387175154516945e-06
3.300129396479725452e-06
3.288928146073455334e-06
3.277788704613093758e-06
3.266706086818636429e-06
3.255680180797094543e-06
3.244710204198344829e-06
3.233793276987483318e-06
3.222927596804034414e-06
3.212113249714126504e-06
3.201357605559241872e-06
3.190653840876627914e-06
3.180000806837086457e-06
3.169401870742638147e-06
3.158851814451597160e-06
3.148349929586942751e-06
3.137895105967874888e-06
3.127497060548693169e-06
3.117145502750198313e-06
3.106840506120070548e-06
3.096589730881088691e-06
3.086382115723146149e-06
3.076221008675151596e-06
3.066105856160776409e-06
3.056042804047205035e-06
3.046021721578158065e-06
3.036046980069854789e-06
3.026123638652137558e-06
3.016241107089627263e-06
3.006404736754478453e-06
2.996611910866895483e-06
2.986866851358694177e-06
2.977162396697362670e-06
2.967506689656347178e-06
2.957894302566936900e-06
2.948327806903316242e-06
2.938804285716800689e-06
2.929322428360806066e-06
2.919882604226485374e-06
2.910491884068791903e-06
2.901140583709937694e-06
2.891831710198179489e-06
2.882570829226331544e-06
2.873348214041786535e-06
2.864169255073388206e-06
2.855030411181951225e-06
2.845936396759778847e-06
2.836882141728302023e-06
2.827871918680038336e-06
2.818901882045321418e-06
2.809976748576754186e-06
2.801090269072626637e-06
2.792243895231790369e-06
2.783438126272128736e-06
2.774677544678372328e-06
2.765952247467817528e-06
2.757270309736888623e-06
2.748630318123762848e-06
2.740029696099904321e-06
2.731468574102923558e-06
2.722945452616566221e-06
2.714460342590766033e-06
2.706020319655256773e-06
2.697614532096753188e-06
2.689248895928402782e-06
2.680925825775360415e-06
2.672637699447770521e-06
2.664389039999567493e-06
2.656176064825787318e-06
2.647999098090385832e-06
2.639865874063253458e-06
2.631765036463340317e-06
2.623702193064248067e-06
2.615680181721774352e-06
2.607691469537480847e-06
2.599739983436177236e-06
2.591822430481185181e-06
2.583939290708183449e-06
2.576097707993896218e-06
2.568286318090124056e-06
2.560512165074369349e-06
2.552775443586015410e-06
2.545072095374422538e-06
2.537402255281200828e-06
2.529765198969979434e-06
2.522161244550397973e-06
2.514595128847326166e-06
2.507057429197601082e-06
2.499557148650764562e-06
2.492089055441304625e-06
2.484655782480251178e-06
2.477251157175111508e-06
2.469879945057104259e-06
2.462538894812898352e-06
2.455230124766291036e-06
2.447954476085712254e-06
2.440709902840221437e-06
2.433494932103834287e-06
2.426315078688837074e-06
2.419161217520554565e-06
2.412039899590531408e-06
2.404946258813790216e-06
2.397881057603733902e-06
2.390851126406605255e-06
2.383845710399015573e-06
2.376872242981936028e-06
2.369928327321291786e-06
2.363014773920802513e-06
2.356126743155847186e-06
2.349267967396089179e-06
2.342436128357181075e-06
2.335632661566887310e-06
2.328859181532495207e-06
2.322112670152497459e-06
2.315392196746033964e-06
2.308703397847646578e-06
2.302038204937931264e-06
2.295401222421179575e-06
2.288788944782611992e-06
2.282203229165936403e-06
2.275647291454514484e-06
2.269113918466348699e-06
2.262610204459989614e-06
2.256130077437996113e-06
2.249680002008189451e-06
2.243251703898477080e-06
2.236850827243001634e-06
2.230473294754036748e-06
2.224120124791766337e-06
2.217796782886575139e-06
2.211493408426443965e-06
2.205219202521358162e-06
2.198967557265723535e-06
2.192744337685158164e-06
2.186541778041925889e-06
2.180365287913956053e-06
2.174211058028934604e-06
2.168079710253019252e-06
2.161977107756762398e-06
2.155893496224490512e-06
2.149837700034987232e-06
2.143803240111753735e-06
2.137796091188199286e-06
2.131808469188028378e-06
2.125845910574621150e-06
2.119904393143079083e-06
2.113985207146799938e-06
2.108093012313206360e-06
2.102219505663009843e-06
2.096371981834168909e-06
2.090544818400788341e-06
2.084743793835906812e-06
2.078961627369168036e-06
2.073203170702209974e-06
2.067465019752914412e-06
2.061749199614978479e-06
2.056056541955854130e-06
2.050385563158540140e-06
2.044736264842245866e-06
2.039107307165194319e-06
2.033502724678763313e-06
2.027918598639719529e-06
2.022354452092555982e-06
2.016812326863957445e-06
2.011289705843203453e-06
2.005786821682927803e-06
2.000309738175681091e-06
1.994848600533812078e-06
1.989410708575457507e-06
1.983992458206449394e-06
1.978597627702947525e-06
1.973219334957110864e-06
1.967863019317514575e-06
1.962524520407518839e-06
1.957206259286637242e-06
1.951909629181702957e-06
1.946631889100536119e-06
1.941374189682084320e-06
1.936134624527017340e-06
1.930916972493321897e-06
1.925718942562450565e-06
1.920537902328099195e-06
1.915377489118091097e-06
1.910234452304916591e-06
1.905109029400849252e-06
1.900006916829831946e-06
1.894919309913606254e-06
1.889853643608084084e-06
1.884804349078445987e-06
1.879776647128051769e-06
1.874764811084776744e-06
1.869771095789755886e-06
1.864795970110157391e-06
1.859837773485067901e-06
1.854896343849068992e-06
1.849977044199715357e-06
1.845071025042341221e-06
1.840186398726324584e-06
1.835317008382941794e-06
1.830468145192957970e-06
1.825634044978561257e-06
1.820817497228400576e-06
1.816017950378125838e-06
1.811234995367151209e-06
1.806467855210100120e-06
1.801721940276390675e-06
1.796988272215601786e-06
1.792275225464076642e-06
1.787576394950330698e-06
1.782897198305162159e-06
1.778232086926997204e-06
1.773583360526593014e-06
1.768951651911464813e-06
1.764335003392319840e-06
1.759733455711209925e-06
1.755151980472135979e-06
1.750582724270108250e-06
1.746032143958827231e-06
1.741495425248956745e-06
1.736977003964818346e-06
1.732473710130393800e-06
1.727984496226771151e-06
1.723512155027244856e-06
1.719053400638279060e-06
1.714609458944654413e-06
1.710183443594719329e-06
1.705771452461210532e-06
1.701374543667638367e-06
1.696992263813656257e-06
1.692626011093140926e-06
1.688276534467680349e-06
1.683938851551010064e-06
1.679617572597454671e-06
1.675309302948306900e-06
1.671016097466173285e-06
1.666736427271512987e-06
1.662475429368810517e-06
1.658224214660480527e-06
1.653991098578085232e-06
1.649769912049083211e-06
1.645565607252108805e-06
1.641374057208374855e-06
1.637195897040443509e-06
1.633033078551744981e-06
1.628882432490558912e-06
1.624745397031860634e-06
1.620624089191268535e-06
1.616516540936645825e-06
1.612421318005589410e-06
1.608340790324690249e-06
1.604273777870517248e-06
1.600222797561959085e-06
1.596182305577799224e-06
1.592155728963430838e-06
1.588142785276882335e-06
1.584142337883921818e-06
1.580153868328726578e-06
1.576182091385167041e-06
1.572220953339410597e-06
1.568273747043792278e-06
1.564338689204802243e-06
1.560417536204146588e-06
1.556511185468997765e-06
1.552614790112147204e-06
1.548732223227385349e-06
1.544861739154049921e-06
1.541003720028937706e-06
1.537157122288928838e-06
1.533326591444590867e-06
1.529505791428041609e-06
1.525698521434952363e-06
1.521902720946251749e-06
1.518120246496038042e-06
1.514351918127210082e-06
1.510593010237767061e-06
1.506847043818818059e-06
1.503113146288805725e-06
1.499390700409845077e-06
1.495679098134231555e-06
1.491982576741213304e-06
1.488296185587593781e-06
1.484621477624870208e-06
1.480958875550033010e-06
1.477308152702677097e-06
1.473671330373745182e-06
1.470043545992070182e-06
1.466427517536391477e-06
1.462823889810053121e-06
1.459230196821535344e-06
1.455647700340847232e-06
1.452077265908140070e-06
1.448520035466721213e-06
1.444970836078872124e-06
1.441435749538689933e-06
1.437909854746873196e-06
1.434397045004284247e-06
1.430895145827697937e-06
1.427402916371042438e-06
1.423922616022982037e-06
1.420451702572414831e-06
1.416992276103342343e-06
1.413542840100420913e-06
1.410107421573661091e-06
1.406679707430229411e-06
1.403264237559793008e-06
1.399858311677982539e-06
1.396463825492454848e-06
1.393081936542236148e-06
1.389707956043878495e-06
1.386344676599300407e-06
1.382992744822654147e-06
1.379649713987294947e-06
1.376316914974979399e-06
1.372994466161484147e-06
1.369685147993614331e-06
1.366382248634049622e-06
1.363092636014814704e-06
1.359811009571268777e-06
1.356540841769845670e-06
1.353282068685265314e-06
1.350030760675373227e-06
1.346790472286891035e-06
1.343559721634110505e-06
1.340338422105456386e-06
1.337125958515319822e-06
1.333925136491906091e-06
1.330734526347637051e-06
1.327551144935746963e-06
1.324380143585423904e-06
1.321216720200434500e-06
1.318064456415719909e-06
1.314922722577014460e-06
1.311788183756468498e-06
1.308664340912205661e-06
1.305549256710997962e-06
1.302443420500995186e-06
1.299345934626029524e-06
1.296259648943995067e-06
1.293183036986853779e-06
1.290113166659659147e-06
1.287055328631526039e-06
1.284004623590576832e-06
1.280964467411851832e-06
1.277934579629210851e-06
1.274911425283166827e-06
1.271898196863407862e-06
1.268893940606261371e-06
1.265897882532068371e-06
1.262910246640470533e-06
1.259931844308182031e-06
1.256964774246312212e-06
1.254003156900700947e-06
1.251052961133401247e-06
1.248109562560731917e-06
1.245176226779942966e-06
1.242253008831235309e-06
1.239336101069275777e-06
1.236428032962974363e-06
1.233529468208999117e-06
1.230637669856470246e-06
1.227754963574867202e-06
1.224880083544982246e-06
1.222016601603364106e-06
1.219158879883172802e-06
1.216310172911954164e-06
1.213469898854518151e-06
1.210637834882648483e-06
1.207815397495895601e-06
1.205000619432774464e-06
1.202193059273711311e-06
1.199394475447161480e-06
1.196603338889417993e-06
1.193820401452462876e-06
1.191044612664055571e-06
1.188278034730938253e-06
1.185520881502333270e-06
1.182768753264267687e-06
1.180027302959412692e-06
1.177291879396743684e-06
1.174565520442413583e-06
1.171848577594025557e-06
1.169137228203196536e-06
1.166433982019549509e-06
1.163739202913827299e-06
1.161050786973608869e-06
1.158370702009383664e-06
1.155697385399778106e-06
1.153034045174443211e-06
1.150377406964086358e-06
1.147726865547213120e-06
1.145086243334317362e-06
1.142451293018869030e-06
1.139825142389542210e-06
1.137207773571781781e-06
1.134595735002317690e-06
1.131991340178871816e-06
1.129395240929592434e-06
1.126804866777930545e-06
1.124222602821387761e-06
1.121646842998569333e-06
1.119080719981887210e-06
1.116520622048307640e-06
1.113966519598624270e-06
1.111421839608159475e-06
1.108882502297533595e-06
1.106351603132114053e-06
1.103829110944645930e-06
1.101311638455158891e-06
1.098801506072316632e-06
1.096299211454043104e-06
1.093802522553389339e-06
1.091313528029830577e-06
1.088830610661952998e-06
1.086356560471273948e-06
1.083889243852717127e-06
1.081426632833414538e-06
1.078973610080792278e-06
1.076525581582742498e-06
1.074085357272578958e-06
1.071653441180899376e-06
1.069226575020114719e-06
1.066806267312938512e-06
1.064393284724307315e-06
1.061986370428343354e-06
1.059586260232170579e-06
1.057192034603555364e-06
1.054804629840096812e-06
1.052426306398821865e-06
1.050051999664185170e-06
1.047685415780905374e-06
1.045324949008126168e-06
1.042970978152025873e-06
1.040624281019708897e-06
1.038284709236498573e-06
1.035949856918725937e-06
1.033621915690640727e-06
1.031300998348444153e-06
1.028984900085025677e-06
1.026675870150022855e-06
1.024372499705954706e-06
1.022077506680865686e-06
1.019787955194630802e-06
1.017502925780216786e-06
1.015226673416789888e-06
1.012954853348288834e-06
1.010690106331216796e-06
1.008432957025446952e-06
1.006180565687547985e-06
1.003933846670168225e-06
1.001693863659283385e-06
9.994597481594018763e-07
9.972311451490093622e-07
9.950085434746848567e-07
9.927916402533494650e-07
9.905832971294666192e-07
9.883789807853919437e-07
9.861801206762777413e-07
9.839889313536074551e-07
9.818020184940988605e-07
9.796221914411072702e-07
9.774494619698729587e-07
9.752809061351769157e-07
9.731181294726393656e-07
9.709617074742958923e-07
9.688106823497851574e-07
9.666651367051059572e-07
9.645251319117763752e-07
9.623905516314939962e-07
9.602643154197084050e-07
9.581417684252597567e-07
9.560244447709922394e-07
9.539144390597148224e-07
9.518084453137028557e-07
9.497091804735721392e-07
9.476167635891469588e-07
9.455284777821319639e-07
9.434454440102332543e-07
9.413685242706327019e-07
9.392969315570245739e-07
9.372302209163736446e-07
9.351691276721057000e-07
9.331131832889412301e-07
9.310647717717093473e-07
9.290206251692766567e-07
9.269804718239679962e-07
9.249481159518612935e-07
9.229195204867379152e-07
9.208969658470149969e-07
9.188807456039147276e-07
9.168694209197431993e-07
9.148623340440248259e-07
9.128610461076940111e-07
9.108656261960496584e-07
9.088740503752368519e-07
9.068884871925161965e-07
9.049073579085147436e-07
9.029323462092252769e-07
9.009637075420605241e-07
8.989981968091324686e-07
8.970388418808005729e-07
8.950847409091850824e-07
8.931350203907757416e-07
8.911913355594319629e-07
8.892538305769003979e-07
8.873195921965810835e-07
8.853906664452563647e-07
8.834671948523908489e-07
8.815483812564808412e-07
8.796341890996266896e-07
8.777249257716943154e-07
8.758203861934922765e-07
8.739227390553873944e-07
8.720290590896457668e-07
8.701388511259309783e-07
8.682557887917691707e-07
8.663761633409282309e-07
8.645019234809753039e-07
8.626330074430279750e-07
8.607696819671845761e-07
8.589096867940944787e-07
8.570547157752893285e-07
8.552051548028015650e-07
8.533594473706872590e-07
8.515188778077722227e-07
8.496825089247857687e-07
8.478507121397883889e-07
8.460259826432407864e-07
8.442043247120519118e-07
8.423863314121793013e-07
8.405751762673963349e-07
8.387671947915681957e-07
8.369644356313713105e-07
8.351668452460013141e-07
8.333742941485998235e-07
8.315850711042109508e-07
8.298005999593583385e-07
8.280213247819913097e-07
8.262457702963079392e-07
8.244750101630709807e-07
8.227083247621890399e-07
8.209460286808940458e-07
8.191902914033073946e-07
8.174377910665120712e-07
8.156885210814811305e-07
8.139458658283676116e-07
8.122062753246233972e-07
8.104715653072377923e-07
8.087415947028522559e-07
8.070170785355150588e-07
8.052952386755432147e-07
8.035781456114800139e-07
8.018657389093669664e-07
8.001573716799990348e-07
7.984528425553325802e-07
7.967527990794138120e-07
7.950566857731392941e-07
7.933662343162144593e-07
7.916801481698335602e-07
7.899967821250683652e-07
7.883186502659153337e-07
7.866449752573850456e-07
7.849746076099324410e-07
7.833092904476098060e-07
7.816492284734624266e-07
7.799921935978369123e-07
7.783388636000863926e-07
7.766901663380583884e-07
7.750460635419996614e-07
7.734048893120847667e-07
7.717686262269706047e-07
7.701357053483449169e-07
7.685068613305198125e-07
7.668843835760309097e-07
7.652642731001597406e-07
7.636473016769973718e-07
7.620364443504653126e-07
7.604282242296743107e-07
7.588244767132600798e-07
7.572250331355752398e-07
7.556306624811560762e-07
7.540386620815107858e-07
7.524508705201401398e-07
7.508673180151139381e-07
7.492877476065574228e-07
7.477112314845439618e-07
7.461392810088390225e-07
7.445706005838503961e-07
7.430061918981630663e-07
7.414474826086360371e-07
7.398908290310354786e-07
7.383377286655079067e-07
7.367899560589103684e-07
7.352448506123152758e-07
7.337041062980411726e-07
7.321674641910545115e-07
7.306354552742870695e-07
7.291057427862147190e-07
7.275801562941172001e-07
7.260586122297874642e-07
7.245407180736473033e-07
7.230258320021933964e-07
7.215152646811316885e-07
7.200077908644290752e-07
7.185043567373755397e-07
7.170064764749987800e-07
7.155105216077884020e-07
7.140177664737530777e-07
7.125303516630898343e-07
7.110453263188606198e-07
7.095643899451232223e-07
7.080873619937767919e-07
7.066150237249402506e-07
7.051447965033585470e-07
7.036782843412419740e-07
7.022156487886741108e-07
7.007568439111641070e-07
6.993005451687545727e-07
6.978486610152541422e-07
6.963996041859032527e-07
6.949540589964812326e-07
6.935141274860263500e-07
6.920763572343464953e-07
6.906410617640167103e-07
6.892109528221338061e-07
6.877836594927935185e-07
6.863595166120162487e-07
6.849394913267433804e-07
6.835238391795729684e-07
6.821107053008264787e-07
6.807004947419345741e-07
6.792940210890121691e-07
6.778914920165808318e-07
6.764916657023844387e-07
6.750952577465383679e-07
6.737020875326709140e-07
6.723121210712980793e-07
6.709264052688846488e-07
6.695446728321986002e-07
6.681650047486997435e-07
6.667886333273842376e-07
6.654167408773592333e-07
6.640471246470725726e-07
6.626812867790889489e-07
6.613189561323809462e-07
6.599609306481108332e-07
6.586047861719183911e-07
6.572518628489454587e-07
6.559025247301411176e-07
6.545568526071808728e-07
6.532133905234535758e-07
6.518738483258823299e-07
6.505369254893337557e-07
6.492031470990186251e-07
6.478739773834598796e-07
6.465476896637922555e-07
6.452234714651021861e-07
6.439029402361471339e-07
6.425863555828480809e-07
6.412718118685644479e-07
6.399611320536766347e-07
6.386537862261142679e-07
6.373503509865520043e-07
6.360487138811520940e-07
6.347503687278606006e-07
6.334553172047556718e-07
6.321637111577185200e-07
6.308741989434738607e-07
6.295884900911802810e-07
6.283052573793858382e-07
6.270250376185031074e-07
6.257491829874286572e-07
6.244761645638253097e-07
6.232051045130279585e-07
6.204549153378312184e-07
6.191944262691635018e-07
6.179359338518006347e-07
6.166809696337231131e-07
6.154291704384798460e-07
6.083533046035510889e-07
6.071200751366459560e-07
6.058896262433467963e-07
6.046625854616286379e-07
6.005694359160740724e-07
5.993542043176864105e-07
5.981421656022642481e-07
5.969327760164459359e-07
5.900768838468432875e-07
5.888862253235379907e-07
5.876995178878002690e-07
5.865143661639236768e-07
5.853316028840911702e-07
5.813796108069728384e-07
5.802091064492422059e-07
5.790414929993963220e-07
5.778772067007694286e-07
5.712591049169772490e-07
5.701119350913185616e-07
5.689670623637439280e-07
5.678252277377020839e-07
5.640031010859429742e-07
5.628725945936438319e-07
5.617442437328775084e-07
5.606193876540832887e-07
5.542204862087347644e-07
5.531115453699314758e-07
5.520068193217998136e-07
5.509041286963179749e-07
5.498032351280278607e-07
5.461184197384933561e-07
5.450294381818618155e-07
5.439422233005677913e-07
5.428582205184945760e-07
5.366937717570104357e-07
5.356262297467096949e-07
5.345601339678427647e-07
5.334965095623311926e-07
5.299397473162669367e-07
5.288873033518523284e-07
5.278367327160182296e-07
5.267885369293917647e-07
5.257433637458397919e-07
5.198096257213139450e-07
5.187787985295429473e-07
5.177523305865775378e-07
5.167273491066969957e-07
5.133043324524543633e-07
5.122892693521447218e-07
5.112769904140973048e-07
5.102663666999886386e-07
5.045505263560393976e-07
5.035554832638640146e-07
5.025627236772232225e-07
5.015713169973979383e-07
4.982736530946936156e-07
4.972923359119399451e-07
4.963134977128150263e-07
4.953364680361398117e-07
4.943616497157280047e-07
4.888732417598824820e-07
4.879124583493279304e-07
4.869532533305240061e-07
4.859981311727326569e-07
4.828318492274750127e-07
4.818844927886262804e-07
4.809397314216857650e-07
4.799978143069858842e-07
4.746632128130349983e-07
4.737348395176536755e-07
4.728086122977171032e-07
4.718845241980048176e-07
4.687504417919933521e-07
4.678344128880969899e-07
4.669208448408055006e-07
4.660096453622264513e-07
4.651003496786477715e-07
4.597507953204483890e-07
4.588553764553118430e-07
4.579613118344875922e-07
4.570687081523526673e-07
4.539439085400123447e-07
4.530615381327461323e-07
4.521804414498555734e-07
4.513009701889177248e-07
4.459260833805614763e-07
4.450607709368379514e-07
4.441971256714832717e-07
4.433360272986439505e-07
4.402133440952876097e-07
4.393606030433684593e-07
4.385091649446343952e-07
4.376599060735581867e-07
4.368129918856382232e-07
4.314221081029102727e-07
4.305881674476507330e-07
4.297560885873052248e-07
4.289261896796036598e-07
4.258104659991410248e-07
4.249880626186033089e-07
4.241692103145144097e-07
4.233517139250973657e-07
4.179327857018266469e-07
4.171281389009093768e-07
4.163259612458519839e-07
4.155249649765087743e-07
4.124105729824310931e-07
4.116184740829981637e-07
4.108282671899422087e-07
4.100392535787546647e-07
4.045924672801149081e-07
4.038166015493121729e-07
4.030426918002155391e-07
4.022705307049622601e-07
4.014996369359789159e-07
3.983918222382764042e-07
3.976294905187436206e-07
3.968683641872235313e-07
3.961086299686247595e-07
3.906462725907143157e-07
3.899006059940146454e-07
3.891559507388780082e-07
3.884132268892841397e-07
3.853057429138595188e-07
3.845712054462925929e-07
3.838385764414599111e-07
3.831078088123023036e-07
3.776165957330831392e-07
3.768983569238857409e-07
3.761813595350485086e-07
3.754660524002140003e-07
3.723576268555747961e-07
3.716507341107170381e-07
3.709451400013468574e-07
3.702409930680852635e-07
3.647205710553895552e-07
3.640291305212114855e-07
3.633388420884680959e-07
3.626512649898611920e-07
3.619651329788337369e-07
3.588617050956923457e-07
3.581826348331803796e-07
3.575062617240334061e-07
3.568308249562453762e-07
3.512920070431753262e-07
3.506296411162514919e-07
3.499687782776364003e-07
3.493091069150366520e-07
3.462040877160947485e-07
3.455516263473240496e-07
3.449010542645887238e-07
3.442520341801209164e-07
3.386839468432563779e-07
3.380468686496190616e-07
3.374120180536889880e-07
3.367780290012275881e-07
3.336708767519312617e-07
3.330442927590468454e-07
3.324204965018872515e-07
3.317973444488806042e-07
3.261988784930714864e-07
3.255881176652614150e-07
3.249791618698288434e-07
3.243711415932121084e-07
3.237645036020816182e-07
3.206624992753021455e-07
3.200638594738371571e-07
3.194660663967347324e-07
3.188692157284682470e-07
3.132519595278269813e-07
3.126681447776692047e-07
3.120856159330890719e-07
3.115040493514477609e-07
3.083986672866193965e-07
3.078250029100240869e-07
3.072519563563064771e-07
3.066797122281870808e-07
3.010322285548225931e-07
3.004738619917519341e-07
2.999160905433362250e-07
2.993589102118552405e-07
2.962512404994905850e-07
2.957022486050337643e-07
2.951541343060611215e-07
2.946074149728485265e-07
2.889299447321213234e-07
2.883957489275176435e-07
2.878623506750445876e-07
2.873298519368331650e-07
2.842184990728721449e-07
2.836936442820292595e-07
2.831700212135486897e-07
2.826473361777824525e-07
2.769382389951730849e-07
2.764280169311316165e-07
2.759184075044744966e-07
2.754095716418584673e-07
2.749020238500904049e-07
2.717944263346637119e-07
2.712945906042704095e-07
2.707953523656241443e-07
2.702974730548953287e-07
2.645692074004555530e-07
2.640835877982139997e-07
2.635990529348038315e-07
2.631159355278584001e-07
2.600040984922626088e-07
2.595277787491085088e-07
2.590521526200061521e-07
2.585775105706584815e-07
2.528175998403563513e-07
2.523554058081338316e-07
2.518942761803086058e-07
2.514336477493109845e-07
2.483174481284362377e-07
2.478640385964003260e-07
2.474113209601674724e-07
2.469594456293262968e-07
2.411685704048282094e-07
2.407293779122667949e-07
2.402909604182232370e-07
2.398531082055242515e-07
2.367331479341283261e-07
2.363026469990940305e-07
2.358728985416285323e-07
2.354446631560785493e-07
2.296222899438788357e-07
2.292057024911289716e-07
2.287898000887689354e-07
2.283747475380912196e-07
2.252495088431410400e-07
2.248413045602369739e-07
2.244342194970015153e-07
2.240280014745209097e-07
2.181732511749001952e-07
2.177787742002927541e-07
2.173848495344661882e-07
2.169916909589913821e-07
2.138615031752824669e-07
2.134759695802662123e-07
2.130908414061246284e-07
2.127063150845415678e-07
2.068198140470717206e-07
2.064476283845388205e-07
2.060758607915230072e-07
2.057047852931194727e-07
2.025704535600959527e-07
2.022065167225729931e-07
2.018430855686376294e-07
2.014803034818725328e-07
2.011183157870322493e-07
1.952107291195745127e-07
1.948603732594561334e-07
1.945110993988910576e-07
1.941626267358428888e-07
1.910280223273282678e-07
1.906858071983696691e-07
1.903441246483117388e-07
1.900031798101589808e-07
1.840633444613616168e-07
1.837347307070280067e-07
1.834065318868872654e-07
1.830789497963482110e-07
1.799388547677400032e-07
1.796181397677513404e-07
1.792977081699943457e-07
1.789779536657267273e-07
1.730066821606423593e-07
1.726990007019350157e-07
1.723916434862805047e-07
1.720849247176706983e-07
1.689392700873945053e-07
1.686387851490066411e-07
1.683388593628911765e-07
1.680399668246595219e-07
1.620361246759406918e-07
1.617485497181411942e-07
1.614615051966831129e-07
1.611752186868465321e-07
1.580233851827089295e-07
1.577431844149159302e-07
1.574639337588129651e-07
1.571854850453141452e-07
1.511490659950760919e-07
1.508817337533696305e-07
1.506153562535211665e-07
1.503493793912093832e-07
1.471916718952976090e-07
1.469321450056606467e-07
1.466735286332856542e-07
1.464150223182414269e-07
1.403460918986439791e-07
1.400989822105970906e-07
1.398523851199701145e-07
1.396060557331214424e-07
1.364418665472114366e-07
1.362023404403001735e-07
1.359631081864189609e-07
1.357240336854202708e-07
1.296223702910133492e-07
1.293947776957544378e-07
1.291676529004763229e-07
1.289408916263017112e-07
1.257705831891106317e-07
1.255505163015935734e-07
1.253306939769411699e-07
1.251111098924601045e-07
1.189772299392575016e-07
1.187692544530658445e-07
1.185617175531492072e-07
1.183549468888398922e-07
1.151782272207628095e-07
1.149774276414280060e-07
1.147768684774133855e-07
1.145767034309416857e-07
1.084098711285166277e-07
1.082208257904878208e-07
1.080323101242790798e-07
1.078446334632760705e-07
1.046607250651262275e-07
1.044786450049976678e-07
1.042969076099488663e-07
1.041155085690797533e-07
9.791579783174800570e-08
9.774557157436390893e-08
9.757622211914616667e-08
9.740726489358843048e-08
9.421631734767326251e-08
9.405298682197488441e-08
9.389031497726278372e-08
9.372774469805586775e-08
8.749556983286447133e-08
8.734445104644378196e-08
8.719401390377610853e-08
8.399053814824883714e-08
8.384556618619158869e-08
8.370095019292532627e-08
8.355650194050263738e-08
7.728046271910310899e-08
7.714701315126756754e-08
7.701436251158355476e-08
7.688191081727807370e-08
7.367094823046806472e-08
7.354404041975780412e-08
7.341755719651757013e-08
7.329111310540540589e-08
6.698226295658748190e-08
6.686704030722326909e-08
6.675259637152430010e-08
6.663815243581474321e-08
6.341985535816192428e-08
6.331117604892433860e-08
6.320289322974778314e-08
6.309461041057387465e-08
5.675336835197037019e-08
5.665654826808423760e-08
5.655996386721932695e-08
5.646337946635971026e-08
5.323773154289798570e-08
5.314688089515335304e-08
5.305606977723596424e-08
5.296525865932122241e-08
4.659120492551746731e-08
4.651195783595283255e-08
4.643271074638819780e-08
4.635346365682356304e-08
4.312012134399940995e-08
4.304666493851349853e-08
4.297320853302891061e-08
4.289975212754035221e-08
3.649319742153060608e-08
3.643130749919554455e-08
3.636941757686048303e-08
3.630752765452674499e-08
3.306675778995052959e-08
3.301080486664613476e-08
3.295485194334041645e-08
3.289889902003337464e-08
2.646004771237006289e-08
2.641537173950779346e-08
2.637069576664552403e-08
2.632601979378259286e-08
2.307745795378491876e-08
2.303834760357015373e-08
2.299923725335340347e-08
1.651649756922700212e-08
1.648853467836478521e-08
1.646057178750256830e-08
1.643260889663968965e-08
1.317051289607952738e-08
1.314813178380960744e-08
1.312575067154034924e-08
1.310336955927042930e-08
6.992584982716913306e-09
6.980687083707208886e-09
6.968789184697503640e-09
6.956891285688129265e-09
2.059699970136088480e-09
2.056194058007541936e-09
2.052688145879243546e-09
2.049182233750862438e-09
0.000000000000000000e+00
0.000000000000000000e+00
0.000000000000000000e+00
0.000000000000000000e+00
0.000000000000000000e+00
0.000000000000000000e+00
0.000000000000000000e+00
0.000000000000000000e+00
0.000000000000000000e+00
0.000000000000000000e+00
0.000000000000000000e+00
0.000000000000000000e+00
0.000000000000000000e+00
0.000000000000000000e+00
0.000000000000000000e+00
0.000000000000000000e+00
0.000000000000000000e+00
0.000000000000000000e+00
0.000000000000000000e+00
0.000000000000000000e+00
0.000000000000000000e+00
0.000000000000000000e+00
0.000000000000000000e+00
0.000000000000000000e+00
0.000000000000000000e+00
0.000000000000000000e+00
0.000000000000000000e+00
0.000000000000000000e+00
0.000000000000000000e+00
0.000000000000000000e+00
0.000000000000000000e+00
0.000000000000000000e+00
0.000000000000000000e+00
0.000000000000000000e+00
0.000000000000000000e+00
0.000000000000000000e+00
0.000000000000000000e+00
0.000000000000000000e+00
0.000000000000000000e+00
0.000000000000000000e+00
0.000000000000000000e+00
0.000000000000000000e+00
0.000000000000000000e+00
0.000000000000000000e+00
0.000000000000000000e+00
0.000000000000000000e+00
0.000000000000000000e+00
0.000000000000000000e+00
0.000000000000000000e+00
0.000000000000000000e+00
0.000000000000000000e+00
0.000000000000000000e+00
0.000000000000000000e+00
0.000000000000000000e+00
0.000000000000000000e+00
0.000000000000000000e+00
0.000000000000000000e+00
0.000000000000000000e+00
0.000000000000000000e+00
0.000000000000000000e+00
0.000000000000000000e+00
0.000000000000000000e+00
0.000000000000000000e+00
0.000000000000000000e+00
0.000000000000000000e+00
0.000000000000000000e+00
0.000000000000000000e+00
0.000000000000000000e+00
0.000000000000000000e+00
0.000000000000000000e+00
0.000000000000000000e+00
0.000000000000000000e+00
0.000000000000000000e+00
0.000000000000000000e+00
0.000000000000000000e+00
0.000000000000000000e+00
0.000000000000000000e+00
0.000000000000000000e+00
0.000000000000000000e+00
0.000000000000000000e+00
0.000000000000000000e+00
0.000000000000000000e+00
0.000000000000000000e+00
0.000000000000000000e+00
0.000000000000000000e+00
0.000000000000000000e+00
0.000000000000000000e+00
0.000000000000000000e+00
0.000000000000000000e+00
0.000000000000000000e+00
0.000000000000000000e+00
0.000000000000000000e+00
0.000000000000000000e+00
0.000000000000000000e+00
0.000000000000000000e+00
0.000000000000000000e+00
0.000000000000000000e+00
0.000000000000000000e+00
0.000000000000000000e+00
0.000000000000000000e+00
0.000000000000000000e+00
0.000000000000000000e+00
0.000000000000000000e+00
0.000000000000000000e+00
0.000000000000000000e+00
0.000000000000000000e+00
0.000000000000000000e+00
0.000000000000000000e+00
0.000000000000000000e+00
0.000000000000000000e+00
0.000000000000000000e+00
0.000000000000000000e+00
0.000000000000000000e+00
0.000000000000000000e+00
0.000000000000000000e+00
0.000000000000000000e+00
0.000000000000000000e+00
0.000000000000000000e+00
0.000000000000000000e+00
0.000000000000000000e+00
0.000000000000000000e+00
0.000000000000000000e+00
0.000000000000000000e+00
0.000000000000000000e+00
0.000000000000000000e+00
0.000000000000000000e+00
0.000000000000000000e+00
0.000000000000000000e+00
0.000000000000000000e+00
0.000000000000000000e+00
0.000000000000000000e+00
0.000000000000000000e+00
0.000000000000000000e+00
0.000000000000000000e+00
0.000000000000000000e+00
0.000000000000000000e+00
0.000000000000000000e+00
0.000000000000000000e+00
0.000000000000000000e+00
0.000000000000000000e+00
0.000000000000000000e+00
0.000000000000000000e+00
0.000000000000000000e+00
0.000000000000000000e+00
0.000000000000000000e+00
0.000000000000000000e+00
0.000000000000000000e+00
0.000000000000000000e+00
0.000000000000000000e+00
0.000000000000000000e+00
0.000000000000000000e+00
0.000000000000000000e+00
0.000000000000000000e+00
0.000000000000000000e+00
0.000000000000000000e+00
0.000000000000000000e+00
0.000000000000000000e+00
0.000000000000000000e+00
0.000000000000000000e+00
0.000000000000000000e+00
0.000000000000000000e+00
0.000000000000000000e+00
0.000000000000000000e+00
0.000000000000000000e+00
0.000000000000000000e+00
0.000000000000000000e+00
0.000000000000000000e+00
0.000000000000000000e+00
0.000000000000000000e+00
0.000000000000000000e+00
0.000000000000000000e+00
0.000000000000000000e+00
0.000000000000000000e+00
0.000000000000000000e+00
0.000000000000000000e+00
0.000000000000000000e+00
0.000000000000000000e+00
0.000000000000000000e+00
0.000000000000000000e+00
0.000000000000000000e+00
0.000000000000000000e+00
0.000000000000000000e+00
0.000000000000000000e+00
0.000000000000000000e+00
0.000000000000000000e+00
0.000000000000000000e+00
0.000000000000000000e+00
0.000000000000000000e+00
0.000000000000000000e+00
0.000000000000000000e+00
0.000000000000000000e+00
0.000000000000000000e+00
0.000000000000000000e+00
0.000000000000000000e+00
0.000000000000000000e+00
0.000000000000000000e+00
0.000000000000000000e+00
0.000000000000000000e+00
0.000000000000000000e+00
0.000000000000000000e+00
0.000000000000000000e+00
0.000000000000000000e+00
0.000000000000000000e+00
0.000000000000000000e+00
0.000000000000000000e+00
0.000000000000000000e+00
0.000000000000000000e+00
0.000000000000000000e+00
0.000000000000000000e+00
0.000000000000000000e+00
0.000000000000000000e+00
0.000000000000000000e+00
0.000000000000000000e+00
0.000000000000000000e+00
0.000000000000000000e+00
0.000000000000000000e+00
0.000000000000000000e+00
0.000000000000000000e+00
0.000000000000000000e+00
0.000000000000000000e+00
0.000000000000000000e+00
0.000000000000000000e+00
0.000000000000000000e+00
0.000000000000000000e+00
0.000000000000000000e+00
0.000000000000000000e+00
0.000000000000000000e+00
0.000000000000000000e+00
0.000000000000000000e+00
0.000000000000000000e+00
0.000000000000000000e+00
0.000000000000000000e+00
0.000000000000000000e+00
0.000000000000000000e+00
0.000000000000000000e+00
0.000000000000000000e+00
0.000000000000000000e+00
0.000000000000000000e+00
0.000000000000000000e+00
0.000000000000000000e+00
0.000000000000000000e+00
0.000000000000000000e+00
0.000000000000000000e+00
0.000000000000000000e+00
0.000000000000000000e+00
0.000000000000000000e+00
0.000000000000000000e+00
0.000000000000000000e+00
0.000000000000000000e+00
0.000000000000000000e+00
0.000000000000000000e+00
0.000000000000000000e+00
0.000000000000000000e+00
0.000000000000000000e+00
0.000000000000000000e+00
0.000000000000000000e+00
0.000000000000000000e+00
0.000000000000000000e+00
0.000000000000000000e+00
0.000000000000000000e+00
0.000000000000000000e+00
0.000000000000000000e+00
0.000000000000000000e+00
0.000000000000000000e+00
0.000000000000000000e+00
0.000000000000000000e+00
0.000000000000000000e+00
0.000000000000000000e+00
0.000000000000000000e+00
0.000000000000000000e+00
0.000000000000000000e+00
0.000000000000000000e+00
0.000000000000000000e+00
0.000000000000000000e+00
0.000000000000000000e+00
0.000000000000000000e+00
0.000000000000000000e+00
0.000000000000000000e+00
0.000000000000000000e+00
0.000000000000000000e+00
0.000000000000000000e+00
0.000000000000000000e+00
0.000000000000000000e+00
0.000000000000000000e+00
0.000000000000000000e+00
0.000000000000000000e+00
0.000000000000000000e+00
0.000000000000000000e+00
0.000000000000000000e+00
0.000000000000000000e+00
0.000000000000000000e+00
0.000000000000000000e+00
0.000000000000000000e+00
0.000000000000000000e+00
0.000000000000000000e+00
0.000000000000000000e+00
0.000000000000000000e+00
0.000000000000000000e+00
0.000000000000000000e+00
0.000000000000000000e+00
0.000000000000000000e+00
0.000000000000000000e+00
0.000000000000000000e+00
0.000000000000000000e+00
0.000000000000000000e+00
0.000000000000000000e+00
0.000000000000000000e+00
0.000000000000000000e+00
0.000000000000000000e+00
0.000000000000000000e+00
0.000000000000000000e+00
0.000000000000000000e+00
0.000000000000000000e+00
0.000000000000000000e+00
0.000000000000000000e+00
0.000000000000000000e+00
0.000000000000000000e+00
0.000000000000000000e+00
0.000000000000000000e+00
0.000000000000000000e+00
0.000000000000000000e+00
0.000000000000000000e+00
0.000000000000000000e+00
0.000000000000000000e+00
0.000000000000000000e+00
0.000000000000000000e+00
0.000000000000000000e+00
0.000000000000000000e+00
0.000000000000000000e+00
0.000000000000000000e+00
0.000000000000000000e+00
0.000000000000000000e+00
0.000000000000000000e+00
0.000000000000000000e+00
0.000000000000000000e+00
0.000000000000000000e+00
0.000000000000000000e+00
0.000000000000000000e+00
0.000000000000000000e+00
0.000000000000000000e+00
0.000000000000000000e+00
0.000000000000000000e+00
0.000000000000000000e+00
0.000000000000000000e+00
0.000000000000000000e+00
0.000000000000000000e+00
0.000000000000000000e+00
0.000000000000000000e+00
0.000000000000000000e+00
0.000000000000000000e+00
0.000000000000000000e+00
0.000000000000000000e+00
0.000000000000000000e+00
0.000000000000000000e+00
0.000000000000000000e+00
0.000000000000000000e+00
0.000000000000000000e+00
0.000000000000000000e+00
0.000000000000000000e+00
0.000000000000000000e+00
0.000000000000000000e+00
0.000000000000000000e+00
0.000000000000000000e+00
0.000000000000000000e+00
0.000000000000000000e+00
0.000000000000000000e+00
0.000000000000000000e+00
0.000000000000000000e+00
0.000000000000000000e+00
0.000000000000000000e+00
0.000000000000000000e+00
0.000000000000000000e+00
0.000000000000000000e+00
0.000000000000000000e+00
0.000000000000000000e+00
0.000000000000000000e+00
0.000000000000000000e+00
0.000000000000000000e+00
0.000000000000000000e+00
0.000000000000000000e+00
0.000000000000000000e+00
0.000000000000000000e+00
0.000000000000000000e+00
0.000000000000000000e+00
0.000000000000000000e+00
0.000000000000000000e+00
0.000000000000000000e+00
0.000000000000000000e+00
0.000000000000000000e+00
0.000000000000000000e+00
0.000000000000000000e+00
0.000000000000000000e+00
0.000000000000000000e+00
0.000000000000000000e+00
0.000000000000000000e+00
0.000000000000000000e+00
0.000000000000000000e+00
0.000000000000000000e+00
0.000000000000000000e+00
0.000000000000000000e+00
0.000000000000000000e+00
0.000000000000000000e+00
0.000000000000000000e+00
0.000000000000000000e+00
0.000000000000000000e+00
0.000000000000000000e+00
0.000000000000000000e+00
0.000000000000000000e+00
0.000000000000000000e+00
0.000000000000000000e+00
0.000000000000000000e+00
0.000000000000000000e+00
0.000000000000000000e+00
0.000000000000000000e+00
0.000000000000000000e+00
0.000000000000000000e+00
0.000000000000000000e+00
0.000000000000000000e+00
0.000000000000000000e+00
0.000000000000000000e+00
0.000000000000000000e+00
0.000000000000000000e+00
0.000000000000000000e+00
0.000000000000000000e+00
0.000000000000000000e+00
0.000000000000000000e+00
0.000000000000000000e+00
0.000000000000000000e+00
0.000000000000000000e+00
0.000000000000000000e+00
0.000000000000000000e+00
0.000000000000000000e+00
0.000000000000000000e+00
0.000000000000000000e+00
0.000000000000000000e+00
0.000000000000000000e+00
0.000000000000000000e+00
0.000000000000000000e+00
0.000000000000000000e+00
0.000000000000000000e+00
0.000000000000000000e+00
0.000000000000000000e+00
0.000000000000000000e+00
0.000000000000000000e+00
0.000000000000000000e+00
0.000000000000000000e+00
0.000000000000000000e+00
0.000000000000000000e+00
0.000000000000000000e+00
0.000000000000000000e+00
0.000000000000000000e+00
0.000000000000000000e+00
0.000000000000000000e+00
0.000000000000000000e+00
0.000000000000000000e+00
0.000000000000000000e+00
0.000000000000000000e+00
0.000000000000000000e+00
0.000000000000000000e+00
0.000000000000000000e+00
0.000000000000000000e+00
0.000000000000000000e+00
0.000000000000000000e+00
0.000000000000000000e+00
0.000000000000000000e+00
