1.689915857286592261e-06
1.757200420359638675e-06
1.820903649243219802e-06
1.881172251137775748e-06
1.938146147096135619e-06
1.991958012797566957e-06
2.042735124737537296e-06
2.090596978825066196e-06
2.135658576324458323e-06
2.178030021748274516e-06
2.217815764269952976e-06
2.255116438118894133e-06
2.290025340472878281e-06
2.322633699113075469e-06
2.353028419565253491e-06
2.381291855599177729e-06
2.407503048160546913e-06
2.431738581371470140e-06
2.454070299000428894e-06
2.474568196647972823e-06
2.493299251174371316e-06
2.510328588288442955e-06
2.525719276460980590e-06
2.539532544233373982e-06
2.551826522753407997e-06
2.562658889748587277e-06
2.572085865898116003e-06
2.580160164794975788e-06
2.586936946601171617e-06
2.592463466400990891e-06
2.596792155783543047e-06
2.599969317525918592e-06
2.602041994138606254e-06
2.603056894594076113e-06
2.603057035165814119e-06
2.602087385028431421e-06
2.600187640183480208e-06
2.597402412477286727e-06
2.593767025674982952e-06
2.589324832868522815e-06
2.584113407185894079e-06
2.578167931530840600e-06
2.571528608179498860e-06
2.564228157315905931e-06
2.556305765710664496e-06
2.547789327631709039e-06
2.538719230498736411e-06
2.529124617853695600e-06
2.519037215535961731e-06
2.508491732177947085e-06
2.497514173651926821e-06
2.486137630507339839e-06
2.474389551704277696e-06
2.462296810039247472e-06
2.449889070828622253e-06
2.437191283889177465e-06
2.424229050597991435e-06
2.411028534669909292e-06
2.397612532148239514e-06
2.384004778604137919e-06
2.370228260169555036e-06
2.356303885543185084e-06
2.342253352473349734e-06
2.328097877319754114e-06
2.313855356363822075e-06
2.299544760290585153e-06
2.285186061980652284e-06
2.270795330621081117e-06
2.256387651743704986e-06
2.241981298798505172e-06
2.227591766971335090e-06
2.213231194237125302e-06
2.198914036244185957e-06
2.184654353878292625e-06
2.170465611542104573e-06
2.156357139495427736e-06
2.142340872035135607e-06
2.128428486591738933e-06
2.114629599574760087e-06
2.100952178029199597e-06
2.087405748799680215e-06
2.073997894822092221e-06
2.060738531798142345e-06
2.047631810738694549e-06
2.034684990087358056e-06
2.021904514298457706e-06
2.009295080589249818e-06
1.996862638600810305e-06
1.984610645558071037e-06
1.972543229507234424e-06
1.960664488001800855e-06
1.948976898311621459e-06
1.937483187922377986e-06
1.926185895670118314e-06
1.915087091695519890e-06
1.904187238243832615e-06
1.893487150111474758e-06
1.882991299577937888e-06
1.872696023559318255e-06
1.862602623674612881e-06
1.852710976713767419e-06
1.843018668120259548e-06
1.833529899896874098e-06
1.824239487495640297e-06
1.815147254711921547e-06
1.806251374196284400e-06
1.797549410261240025e-06
1.789041050733547243e-06
1.780721592048240781e-06
1.772592876302555903e-06
1.764648470641223288e-06
1.756887099170417910e-06
1.749304092627361459e-06
1.741898674943456062e-06
1.734666618591721463e-06
1.727604176970444264e-06
1.720709002917517034e-06
1.713975620021546499e-06
1.707401552924796575e-06
1.700983162900903195e-06
1.694715687842363568e-06
1.688596247350043841e-06
1.682619269580681436e-06
1.676782029516952372e-06
1.671079165225876470e-06
1.665507132043843287e-06
1.660062087577344649e-06
1.654738284898381754e-06
1.649533083110386275e-06
1.644440659815614042e-06
1.639457388137943913e-06
1.634579047242353808e-06
1.629800577504804662e-06
1.625118085541678388e-06
1.620526659528548370e-06
1.616023741930874074e-06
1.611602480074558224e-06
1.607260540362951561e-06
1.602993328607023076e-06
1.598796114067110137e-06
1.594664296729323776e-06
1.590594955083213872e-06
1.586583529397423253e-06
1.582625972835816620e-06
1.578719406390219298e-06
1.574858473093026639e-06
1.571040205052450947e-06
1.567260127479352995e-06
1.563515938702118682e-06
1.559803387898691351e-06
1.556119240419481139e-06
1.552460336140697964e-06
1.548823419228589452e-06
1.545205385690590401e-06
1.541602884687874258e-06
1.538012826024928259e-06
1.534433004204616426e-06
1.530860942180878817e-06
1.527294238141744221e-06
1.523729791120272626e-06
1.520165245862806073e-06
1.516598614557217729e-06
1.513027333838206338e-06
1.509450625998766245e-06
1.505865369908458195e-06
1.502270803228887009e-06
1.498665072911143471e-06
1.495046733572819892e-06
1.491413895562782381e-06
1.487765543310388043e-06
1.484100449579749738e-06
1.480418484237997806e-06
1.476717411760174519e-06
1.472997369201343126e-06
1.469257913036311418e-06
1.465497887371657145e-06
1.461717122195934793e-06
1.457914897166892582e-06
1.454091296169193305e-06
1.450246110644742081e-06
1.446379543477381464e-06
1.442491604108885440e-06
1.438582253640900255e-06
1.434652181187851866e-06
1.430701568348440228e-06
1.426730424496843131e-06
1.422739752814110835e-06
1.418730112362066174e-06
1.414701914060011375e-06
1.410656318150948727e-06
1.406593984000136581e-06
1.402515702103078101e-06
1.398422768148584435e-06
1.394315764074080807e-06
1.390196111708852461e-06
1.386064745724266181e-06
1.381922806405840369e-06
1.377772006795206025e-06
1.373612648259227445e-06
1.369447212245599237e-06
1.365276300239893791e-06
1.361100409255238006e-06
1.356923417366997788e-06
1.352744616519193759e-06
1.348565144542538869e-06
1.344388441263726136e-06
1.340214644864670363e-06
1.336045347626002517e-06
1.331882263271714024e-06
1.327726365682168189e-06
1.323579844317163507e-06
1.319442934092809946e-06
1.315319161829007956e-06
1.311208535300261301e-06
1.307111051830813018e-06
1.303031680768949210e-06
1.298968934895895249e-06
1.294926061547959240e-06
1.290902786831082410e-06
1.286902030923636987e-06
1.282924166584536829e-06
1.278968610521961406e-06
1.275041183773843442e-06
1.271138860331929481e-06
1.267265380135014207e-06
1.263420311871397145e-06
1.259606034482459221e-06
1.255823741298616327e-06
1.252071627003460699e-06
1.248354829864834535e-06
1.244671392998300228e-06
1.241023457818634392e-06
1.237410045390462831e-06
1.233836296584993246e-06
1.230298064821447752e-06
1.226799155775819558e-06
1.223338572367585144e-06
1.219918121949663424e-06
1.216539009007452902e-06
1.213199057176610557e-06
1.209901400731577537e-06
1.206645789977221481e-06
1.203432548551508130e-06
1.200260367194466360e-06
1.197133000480114160e-06
1.194048265388703612e-06
1.191007168402479847e-06
1.188007859855033092e-06
1.185055505121338686e-06
1.182145554613621742e-06
1.179279813908458737e-06
1.176456209412809501e-06
1.173680093434167680e-06
1.170946118274973881e-06
1.168256114807902717e-06
1.165608139959814212e-06
1.163006866757852709e-06
1.160447296816863305e-06
1.157930593815439121e-06
1.155455609395903204e-06
1.153025110078135023e-06
1.150636000507534711e-06
1.148288117273295253e-06
1.145981090633547960e-06
1.143715750636752481e-06
1.141490255808871054e-06
1.139305221715143172e-06
1.137158630759587337e-06
1.135050976906751082e-06
1.132981021049449647e-06
1.130949145992277413e-06
1.128954007046217543e-06
1.126994644432129336e-06
1.125071948749694595e-06
1.123182868704204138e-06
1.121328111013310672e-06
1.119506062998564818e-06
1.117718249789550889e-06
1.115961789111984505e-06
1.114235852342496176e-06
1.112540366448590805e-06
1.110874600576413760e-06
1.109236892691437125e-06
1.107627673335524258e-06
1.106045051760675320e-06
1.104488652293898509e-06
1.102958570823482598e-06
1.101452569236885001e-06
1.099969489321889905e-06
1.098510020871448964e-06
1.097072670049020986e-06
1.095655919608580915e-06
1.094259953700115024e-06
1.092882957779504790e-06
1.091524905766053290e-06
1.090185127198662368e-06
1.088862119533358417e-06
1.087555270583116883e-06
1.086264135173587443e-06
1.084987444284780916e-06
1.083724797237904823e-06
1.082475385807358748e-06
1.081237151831911610e-06
1.080011728825081045e-06
1.078797004664090225e-06
1.077592074898288932e-06
1.076396817161584635e-06
1.075209414707840390e-06
1.074031158089606300e-06
1.072859987106806559e-06
1.071695217288157600e-06
1.070537329830643444e-06
1.069384114932336211e-06
1.068236520552786319e-06
1.067093223630021836e-06
1.065953498335054387e-06
1.064817802605187831e-06
1.063684046689553659e-06
1.062553185565000736e-06
1.061424048894582523e-06
1.060296196264113135e-06
1.059169851418795711e-06
1.058043311237300684e-06
1.056917467023940050e-06
1.055791496515703285e-06
1.054664963413802805e-06
1.053538028052260705e-06
1.052409379141611742e-06
1.051279946428047773e-06
1.050148750893120998e-06
1.049015802917960069e-06
1.047880972117401482e-06
1.046743483586843216e-06
1.045603885253829731e-06
1.044461530495170711e-06
1.043317005158675730e-06
1.042169510752666585e-06
1.041018749294349669e-06
1.039865306104271582e-06
1.038708571293750992e-06
1.037549322334226071e-06
1.036387015181838018e-06
1.035221398067811728e-06
1.034052677159871905e-06
1.032880760296571830e-06
1.031706163767542104e-06
1.030528781913613366e-06
1.029348273978962906e-06
1.028165298824342276e-06
1.026979200123685456e-06
1.025790297129146949e-06
1.024600070111404677e-06
1.023407115257446658e-06
1.022211942511331605e-06
1.021014546749484909e-06
1.019814976990340197e-06
1.018614302173958838e-06
1.017412278018844214e-06
1.016208549455827494e-06
1.015004436240921390e-06
1.013798626886246157e-06
1.012591947223211140e-06
1.011386170164750856e-06
1.010179755565617707e-06
1.008972674543807831e-06
1.007766647434236460e-06
1.006560139164990540e-06
1.005354604694809279e-06
1.004150928026653725e-06
1.002947954515426173e-06
1.001746613764419788e-06
1.000546618304517142e-06
9.993481706301795335e-07
9.981525125722765633e-07
9.969596220331261949e-07
9.957688446511147735e-07
9.945818731065651830e-07
9.933969223799410156e-07
9.922154628160016599e-07
9.910385043750668625e-07
9.898654471217384970e-07
9.886959608273696217e-07
9.875318729394102186e-07
9.863710521463399917e-07
9.852151586644321674e-07
9.840653073419447321e-07
9.829205771286204095e-07
9.817807224760528643e-07
9.806475575815810953e-07
9.795189189211764062e-07
9.783965394790111786e-07
9.772812829347752028e-07
9.761724599091592258e-07
9.750695760695644397e-07
9.739742650299964462e-07
9.728850218956899240e-07
9.718030258392849464e-07
9.707288271488947777e-07
9.696619992923044136e-07
9.686024905456741466e-07
9.675505326204732092e-07
9.665069080188384865e-07
9.654705974761401663e-07
9.644424072898070507e-07
9.634228752336470839e-07
9.624107970449183484e-07
9.614073778387243931e-07
9.604129158340139397e-07
9.594262871461742095e-07
9.584474945916706436e-07
9.574785139900572404e-07
9.565177803226837511e-07
9.555654275741183569e-07
9.546221820514722153e-07
9.536867963484122159e-07
9.527606882775634031e-07
9.518437300112947176e-07
9.509351313465431323e-07
9.500349333540476936e-07
9.491437670832178047e-07
9.482618329944125746e-07
9.473883315190981554e-07
9.465228698607114831e-07
9.456669740431103293e-07
9.448195129212129057e-07
9.439805283864946447e-07
9.431499283691608624e-07
9.423277207302524446e-07
9.415143706160987727e-07
9.407094244730469759e-07
9.399124851911470318e-07
9.391233873353253741e-07
9.383432934272854569e-07
9.375709997590826259e-07
9.368062789657452306e-07
9.360495907637214493e-07
9.353013352308656485e-07
9.345600810109928479e-07
9.338260151205270594e-07
9.331001500745269606e-07
9.323813385922632490e-07
9.316700550568252352e-07
9.309652260398443483e-07
9.302683394112390897e-07
9.295778352223454319e-07
9.288938338512837648e-07
9.282166716032631951e-07
9.275458160036425400e-07
9.268819116029943866e-07
9.262234484716615671e-07
9.255719354879066746e-07
9.249260169954509719e-07
9.242856794682918222e-07
9.236512378481257020e-07
9.230220546968337321e-07
9.223989713232466462e-07
9.217804883592861335e-07
9.211678774386585747e-07
9.205598273017449924e-07
9.199564306138015854e-07
9.193582864790522131e-07
9.187641741287056538e-07
9.181751882129974940e-07
9.175901813978406496e-07
9.170097745456268124e-07
9.164331768022759260e-07
9.158602179068584506e-07
9.152920019530012604e-07
9.147266698883759631e-07
9.141654014224879962e-07
9.136076882940875800e-07
9.130531401775556239e-07
9.125019567299278364e-07
9.119538832537434502e-07
9.114093306062741401e-07
9.108668989592620866e-07
9.103275767141190462e-07
9.097912113819691319e-07
9.092572037684963657e-07
9.087261282661978863e-07
9.081973442780740808e-07
9.076708193616233862e-07
9.071466201465299117e-07
9.066242014826485257e-07
9.061044669148728697e-07
9.055864028485156479e-07
9.050702413579683705e-07
9.045563861383388644e-07
9.040440531362155760e-07
9.035337911015441946e-07
9.030247488634631236e-07
9.025173138236212260e-07
9.020116027423578361e-07
9.015071851349592252e-07
9.010046174049628000e-07
9.005033705912196193e-07
9.000033507195221308e-07
8.995046290401661810e-07
8.990071218947797579e-07
8.985109830132307432e-07
8.980157094297217732e-07
8.975214649478952180e-07
8.970292078867302199e-07
8.965375499857381486e-07
8.960471309920792381e-07
8.955574630578508834e-07
8.950688576025642205e-07
8.945814597583021756e-07
8.940946351733148651e-07
8.936086735083258822e-07
8.931247782466678136e-07
8.926411154666900599e-07
8.921586381738813575e-07
8.916768407170393565e-07
8.911960991603181080e-07
8.907162917431483964e-07
8.902371753789551612e-07
8.897588660301165844e-07
8.892826110256461738e-07
8.888065743742900843e-07
8.883317080460569561e-07
8.878575111892076073e-07
8.873845648479042081e-07
8.869124527798657687e-07
8.864410649484567620e-07
8.859706411328893920e-07
8.855022314633386437e-07
8.850342567318812116e-07
8.845674890251383325e-07
8.841014123888453726e-07
8.836369419701240508e-07
8.831731765017028753e-07
8.827104173603768625e-07
8.822486726023852175e-07
8.817887385920406514e-07
8.813298801738221782e-07
8.808721208587883748e-07
8.804153520016712678e-07
8.799602809410379966e-07
8.795061865714180618e-07
8.790531746812968156e-07
8.786013517776913062e-07
8.781512521820790500e-07
8.777028069176201126e-07
8.772554847814874582e-07
8.768093778492838755e-07
8.763647307175401908e-07
8.759219184684397597e-07
8.754799191008521093e-07
8.750395847184258228e-07
8.746007605760564804e-07
8.741638953744909823e-07
8.737283817062226461e-07
8.732943137238737034e-07
8.728617368312258761e-07
8.724311075057157038e-07
8.720018518598554552e-07
8.715740461940968863e-07
8.711477170179243741e-07
8.707235517141256109e-07
8.703010295987371814e-07
8.698801707343517167e-07
8.694608346946159454e-07
8.690431617888564316e-07
8.686277602946478659e-07
8.682133944113179222e-07
8.678011775134651355e-07
8.673902861330797471e-07
8.669818320951355379e-07
8.665749394956188094e-07
8.661698064630813999e-07
8.657663946859903828e-07
8.653647157762753274e-07
8.649653826060583993e-07
8.645671215891172423e-07
8.641711847259806054e-07
8.637767745924438743e-07
8.633845356746534631e-07
8.629940579529295092e-07
8.626052799760375410e-07
8.622184230940740180e-07
8.618332784529756059e-07
8.614504147326549592e-07
8.610687730866978618e-07
8.606894769358277467e-07
8.603117118029124487e-07
8.599360848934706207e-07
8.595621788831100011e-07
8.591899840094321893e-07
8.588197949232950862e-07
8.584512014151878400e-07
8.580848915616453380e-07
8.577198277469063353e-07
8.573570764900226187e-07
8.569956662347521763e-07
8.566366646235606635e-07
8.562789689741160570e-07
8.559232470469740948e-07
8.555692273931923559e-07
8.552169634090758315e-07
8.548666366948488182e-07
8.545178028150628786e-07
8.541710164991887141e-07
8.538255917915403883e-07
8.534823906724549346e-07
8.531403789759859542e-07
8.528004694194143134e-07
8.524617738581573726e-07
8.521253623035420437e-07
8.517901127904662494e-07
8.514567789731954750e-07
8.511250687364219603e-07
8.507950407581711201e-07
8.504664957376491862e-07
8.501396725119495084e-07
8.498144171933912730e-07
8.494905171683704445e-07
8.491685672286801183e-07
8.488478139006444569e-07
8.485288293307063086e-07
8.482111696781537965e-07
8.478953131988614261e-07
8.475805997646107908e-07
8.472677376981535520e-07
8.469560483117539894e-07
8.466460330832620520e-07
8.463370406022659983e-07
8.460301209564642287e-07
8.457240481299172768e-07
8.454195812307245466e-07
8.451165077343589519e-07
8.448148927563162117e-07
8.445143517147248031e-07
8.442155950462970545e-07
8.439178269706076999e-07
8.436215410938217744e-07
8.433264021569490571e-07
8.430327487622778924e-07
8.427401390503521009e-07
8.424488460766639189e-07
8.421589799170851336e-07
8.418702502883407231e-07
8.415825409342767039e-07
8.412964698815865964e-07
8.410113593676226666e-07
8.407274500613471017e-07
8.404447384219989167e-07
8.401631738067522387e-07
8.398827215057466417e-07
8.396033484891291769e-07
8.393253181084304830e-07
8.390482575786993312e-07
8.387721357296142241e-07
8.384975452959303219e-07
8.382238673697262248e-07
8.379512455259432171e-07
8.376797010015091957e-07
8.374092243528900424e-07
8.371397671272432406e-07
8.368712774720054857e-07
8.366039935000482754e-07
8.363375992685615986e-07
8.360720777113300753e-07
8.358078985558054072e-07
8.355448047517251033e-07
8.352825151637027392e-07
8.350211339155499214e-07
8.347609564648035780e-07
8.345015843374460050e-07
8.342431282188286878e-07
8.339857836466075559e-07
8.337292761259063217e-07
8.334735989500834920e-07
8.332188655838019523e-07
8.329656164520836184e-07
8.327129621764405573e-07
8.324611199300409721e-07
8.322103800255659036e-07
8.319603536505903399e-07
8.317114171520593871e-07
8.314632331230041495e-07
8.312159923640297409e-07
8.309695251479469631e-07
8.307238881039731738e-07
8.304795279079066514e-07
8.302360230992193495e-07
8.299932055905227987e-07
8.297512862189129999e-07
8.295102432726350795e-07
8.292700852068339620e-07
8.290307134459637451e-07
8.287922591909475777e-07
8.285545741759289152e-07
8.283176131403784710e-07
8.280814994040482408e-07
8.278467366084158878e-07
8.276125449713197866e-07
8.273791211098701017e-07
8.271465657693595217e-07
8.269146891485836610e-07
8.266838504663707602e-07
8.264536588741674097e-07
8.262243165721121340e-07
8.259957564428431931e-07
8.257678557164227596e-07
8.255409027037744855e-07
8.253150616825635658e-07
8.250897848197347124e-07
8.248652622400408975e-07
8.246415614545937973e-07
8.244185079236398812e-07
8.241964609655555726e-07
8.239750285541409321e-07
8.237543263570245696e-07
8.235344657589756274e-07
8.233151842784192433e-07
8.230968853665561895e-07
8.228795000099402030e-07
8.226627301601208710e-07
8.224466752374300766e-07
8.222313744860611012e-07
8.220167282928740698e-07
8.218029594747284566e-07
8.215898704447941450e-07
8.213774082608676004e-07
8.211658027244674972e-07
8.209547107817380246e-07
8.207445440713341984e-07
8.205351727904172886e-07
8.203264790787649851e-07
8.201184776653474459e-07
8.199110943438328938e-07
8.197044602083759749e-07
8.194984971595215033e-07
8.192933514339618249e-07
8.190886989332966880e-07
8.188848571809678755e-07
8.186815661964378847e-07
8.184790570990876361e-07
8.182773235208203060e-07
8.180761928519541899e-07
8.178758053442720332e-07
8.176758923736240371e-07
8.174768237586754481e-07
8.172782620361864306e-07
8.170805443384323545e-07
8.168833400356201565e-07
8.166866530226026751e-07
8.164908312413080643e-07
8.162954159262005787e-07
8.161009492584501441e-07
8.159069331132101324e-07
8.157136437412610015e-07
8.155209258588775978e-07
8.153287610196907512e-07
8.151373001567538545e-07
8.149463288344465100e-07
8.147561834251559015e-07
8.145663972051663887e-07
8.143773532316286741e-07
8.141888300825280127e-07
8.140009086382749753e-07
8.138137455267515113e-07
8.136269897790689263e-07
8.134409731851746298e-07
8.132554132117408211e-07
8.130705248782086391e-07
8.128861298429056290e-07
8.127022950854418331e-07
8.125191747509932222e-07
8.123364037137705855e-07
8.121544242412647194e-07
8.119728251423782063e-07
8.117918516403457739e-07
8.116115310715837019e-07
8.114316186139379507e-07
8.112524175317302741e-07
8.110735929798943825e-07
8.108954680911488049e-07
8.107177513803113784e-07
8.105406134113730428e-07
8.103640917641331731e-07
8.101879508747739173e-07
8.100125395244381569e-07
8.098374890042743412e-07
8.096629911207005630e-07
8.094891701537421292e-07
8.093157172202352084e-07
8.091429233373699076e-07
8.089705016504482879e-07
8.087987366679808333e-07
8.086273888798632130e-07
8.084565360362840943e-07
8.082863356614709381e-07
8.081164877620290894e-07
8.079472847655114521e-07
8.077784881856933576e-07
8.076101191401301381e-07
8.074425076124434910e-07
8.072752649450667793e-07
8.071085951110318492e-07
8.069423234738877834e-07
8.067765912853056284e-07
8.066114246163354493e-07
8.064466101030968366e-07
8.062824588092340096e-07
8.061186799417123782e-07
8.059554220355188064e-07
8.057926904038333685e-07
8.056303097338197983e-07
8.054685548626600909e-07
8.053074013713613709e-07
8.051466330869339514e-07
8.049863674361829122e-07
8.048264606570427798e-07
8.046672601408698692e-07
8.045083560702502798e-07
8.043500408052275425e-07
8.041921703238328059e-07
8.040347854003871013e-07
8.038779402573667930e-07
8.037214661856460876e-07
8.035653917825724147e-07
8.034100514709657161e-07
8.032551423816833304e-07
8.031006859025162868e-07
8.029466268903738397e-07
8.027930598438389810e-07
8.026400655528244342e-07
8.024874018320046538e-07
8.023353583916028853e-07
8.021836589763532081e-07
8.020325145877302249e-07
8.018818347502853338e-07
8.017315315140950153e-07
8.015816591211833539e-07
8.014325262283388025e-07
8.012837631090261941e-07
8.011354280873852368e-07
8.009874886313270814e-07
8.008401025375221478e-07
8.006931713224558280e-07
8.005466456287726848e-07
8.004006746975294122e-07
8.002550515595804461e-07
8.001099600298066623e-07
7.999653247096624815e-07
7.998210609263779165e-07
7.996772249697849750e-07
7.995341071162443488e-07
7.993913632099481616e-07
7.992490140105244209e-07
7.991070698855058411e-07
7.989656392233147008e-07
7.988246657450055891e-07
7.986840734333492625e-07
7.985440420901340998e-07
7.984043324064830582e-07
7.982651543513408601e-07
7.981264067280247121e-07
7.979880135828836639e-07
7.978500392084515757e-07
7.977127060786799738e-07
7.975758125888825314e-07
7.974392760512349516e-07
7.973031404056426301e-07
7.971674017013239898e-07
7.970322267741354511e-07
7.968973613737302110e-07
7.967630269560943295e-07
7.966290275868444085e-07
7.964955009569210727e-07
7.963623952519914261e-07
7.962296445059270181e-07
7.960972758902584711e-07
7.959654464590313978e-07
7.958341449632454945e-07
7.957031583615150174e-07
7.955725792815696413e-07
7.954423268595204907e-07
7.953126168321094503e-07
7.951832185218929224e-07
7.950542504906439145e-07
7.949257277408770041e-07
7.947975284046612318e-07
7.946697265959242796e-07
7.945423988461686921e-07
7.944153461077485677e-07
7.942887179128784351e-07
7.941626204589910475e-07
7.940368981756691860e-07
7.939115196585400563e-07
7.937865156015090393e-07
7.936618064757377102e-07
7.935376496212942122e-07
7.934137386633543448e-07
7.932902599656540003e-07
7.931671725226481405e-07
7.930444195201076129e-07
7.929219975432039499e-07
7.928000300212061662e-07
7.926783049352782328e-07
7.925570220331738284e-07
7.924362092403110622e-07
7.923157000741521322e-07
7.921955473465940829e-07
7.920757283951032274e-07
7.919561877513493439e-07
7.918371438373954472e-07
7.917183279656065129e-07
7.915999099456599369e-07
7.914818564114296312e-07
7.913640980619396578e-07
7.912466565927058925e-07
7.911296308676647098e-07
7.910128168244385930e-07
7.908964338695679404e-07
7.907804555442061224e-07
7.906647570045839950e-07
7.905494059607453806e-07
7.904343584591801580e-07
7.903195399614695543e-07
7.902052106910659334e-07
7.900910694320597169e-07
7.899772840885216447e-07
7.898638819084954609e-07
7.897507115489865900e-07
7.896378058307097229e-07
7.895253458981883952e-07
7.894130528395815251e-07
7.893011226199425148e-07
7.891895940369679565e-07
7.890783195187046722e-07
7.889673673691513392e-07
7.888567190656362595e-07
7.887462723180411730e-07
7.886362439711260565e-07
7.885264390329119222e-07
7.884168966828503590e-07
7.883077524183700015e-07
7.881988170432745697e-07
7.880901286926179931e-07
7.879818352022107776e-07
7.878737367113321545e-07
7.877658825369956051e-07
7.876584549782009262e-07
7.875513065526540123e-07
7.874443882453928015e-07
7.873377954027523641e-07
7.872314358332828032e-07
7.871253090964072369e-07
7.870195620514566842e-07
7.869139702511839131e-07
7.868086998485459943e-07
7.867037638586175145e-07
7.865990130035250689e-07
7.864944962865863458e-07
7.863903630046836515e-07
7.862863711564937837e-07
7.861826536005399587e-07
7.860793281543328502e-07
7.859762199041476346e-07
7.858733758749824364e-07
7.857708056880326172e-07
7.856684176975533855e-07
7.855663439618559212e-07
7.854645349711809018e-07
7.853628972881104350e-07
7.852616126677012521e-07
7.851605639012710097e-07
7.850597183138336474e-07
7.849591299085707109e-07
7.848588431886532824e-07
7.847587143717867300e-07
7.846588624859273842e-07
7.845593686600108941e-07
7.844600766773521134e-07
7.843610445176937184e-07
7.842622535078819376e-07
7.841636402086596556e-07
7.840653414671453338e-07
7.839672825664022882e-07
7.838693916722490271e-07
7.837718396779064448e-07
7.836745070913905864e-07
7.835773789691076506e-07
7.834804846896934346e-07
7.833838880387222034e-07
7.832874497398196251e-07
7.831912399757734404e-07
7.830953935108375054e-07
7.829997716115193273e-07
7.829043572660810853e-07
7.828091886641692532e-07
7.827142061180246275e-07
7.826194853613253963e-07
7.825250466983091378e-07
7.824307521762330138e-07
7.823367532495353009e-07
7.822430181516470460e-07
7.821494494419808511e-07
7.820561123147478424e-07
7.819630703302268734e-07
7.818701744846987174e-07
7.817774708172205480e-07
7.816851103315212344e-07
7.815930506465912284e-07
7.815011413417701309e-07
7.814094732239525479e-07
7.813179998790608562e-07
7.812267049350435050e-07
7.811357703917442416e-07
7.810449761568093128e-07
7.809544038672343644e-07
7.808641247455805255e-07
7.807739966088214606e-07
7.806841235195978567e-07
7.805944794012565260e-07
7.805050579713274172e-07
7.804158097946723751e-07
7.803267854869677490e-07
7.802380973660093781e-07
7.801496184454902537e-07
7.800613314600143515e-07
7.799732681819189188e-07
7.798853849537789659e-07
7.797977300565161085e-07
7.797103670683348525e-07
7.796231380770092611e-07
7.795361817206871516e-07
7.794494683782488994e-07
7.793628943889401401e-07
7.792765819824244531e-07
7.791905044431910965e-07
7.791046023845399874e-07
7.790188885660289066e-07
7.789334148148186403e-07
7.788482660630939217e-07
7.787632905425115695e-07
7.786785110086805330e-07
7.785939477518714525e-07
7.785095501914841424e-07
7.784254031453712520e-07
7.783415110441759929e-07
7.782577521990500759e-07
7.781742573534515193e-07
7.780909964731023790e-07
7.780078746133352671e-07
7.779250012021899968e-07
7.778423553576161476e-07
7.777598820191174737e-07
7.776775832484198146e-07
7.775955179726798213e-07
7.775137566577774094e-07
7.774321721133572396e-07
7.773507729899083510e-07
7.772695875181361503e-07
7.771885676214787436e-07
7.771077410715632325e-07
7.770272111610811668e-07
7.769467956604607583e-07
7.768666130995159321e-07
7.767866710815671060e-07
7.767068573711807484e-07
7.766272785102984526e-07
7.765478958809548062e-07
7.764687358563879838e-07
7.763897092386325101e-07
7.763108739771725036e-07
7.762323327899974001e-07
7.761540092263639527e-07
7.760758362811972380e-07
7.759978718468112033e-07
7.759200754313368473e-07
7.758424209648341418e-07
7.757650745160315188e-07
7.756878623016551732e-07
7.756108006477555673e-07
7.755339976944791408e-07
7.754573739227248535e-07
7.753809145072355481e-07
7.753046240445994137e-07
7.752285897104185544e-07
7.751526683922273341e-07
7.750769205685912214e-07
7.750014114931849611e-07
7.749261540245827916e-07
7.748510415730280038e-07
7.747761041904138624e-07
7.747013661338161185e-07
7.746267738197437582e-07
7.745523334988746158e-07
7.744781832402338008e-07
7.744041262625635750e-07
7.743302545403564044e-07
7.742566132804840499e-07
7.741831085201518812e-07
7.741097848217973462e-07
7.740366069895822773e-07
7.739636872416516283e-07
7.738908545704865145e-07
7.738181810633912005e-07
7.737457576230690359e-07
7.736735638426288255e-07
7.736014925992265809e-07
7.735295919786923248e-07
7.734578714731107276e-07
7.733862789200411160e-07
7.733148557685905659e-07
7.732436764740096971e-07
7.731725882172141335e-07
7.731016819399946187e-07
7.730309899509936636e-07
7.729604206778729991e-07
7.728900203595755983e-07
7.728197554498637699e-07
7.727497361204865486e-07
7.726797919967518347e-07
7.726099983745383556e-07
7.725404374097661161e-07
7.724710884148501195e-07
7.724018577737324838e-07
7.723327869342575705e-07
7.722638866313931514e-07
7.721951143134747742e-07
7.721264609072452795e-07
7.720580764018517547e-07
7.719897718750116459e-07
7.719216032266177203e-07
7.718536568006931449e-07
7.717858457021179648e-07
7.717181655668108291e-07
7.716506152809233063e-07
7.715832861717330578e-07
7.715160516564062082e-07
7.714489475226167157e-07
7.713820309475200338e-07
7.713153211810690898e-07
7.712487538591441986e-07
7.711823159437007223e-07
7.711160459175978713e-07
7.710499032734583182e-07
7.709838627856006314e-07
7.709180421588472799e-07
7.708523515271939968e-07
7.707867558012133517e-07
7.707213487332317695e-07
7.706561223391359595e-07
7.705909790106896332e-07
7.705259887914662193e-07
7.704611419812504411e-07
7.703964827732536380e-07
7.703318984859665645e-07
7.702674365330076495e-07
7.702031890360268280e-07
7.701391348861785961e-07
7.700751743526146157e-07
7.700113536822848625e-07
7.699476788474528408e-07
7.698841261549104089e-07
7.698206692661764364e-07
7.697574520228699430e-07
7.696943138494979526e-07
7.696312812983580167e-07
7.695684349425364005e-07
7.695057469681763276e-07
7.694431379729841895e-07
7.693806716225380581e-07
7.693183644119499251e-07
7.692561978351677259e-07
7.691941177650784065e-07
7.691321488008569615e-07
7.690703986059666872e-07
7.690088224575191194e-07
7.689473293428848785e-07
7.688859710509054040e-07
7.688247471441128483e-07
7.687636343708639098e-07
7.687026175379098729e-07
7.686418312758312540e-07
7.685811164282809702e-07
7.685205017587907156e-07
7.684600644295701197e-07
7.683997770765633711e-07
7.683395592952528668e-07
7.682794847069804193e-07
7.682195499617378161e-07
7.681597617898451448e-07
7.681000494676165771e-07
7.680404437013413277e-07
7.679810296427277525e-07
7.679217973854823291e-07
7.678626434175744320e-07
7.678036136592307709e-07
7.677447183299938517e-07
7.676859293579470874e-07
7.676272263695932392e-07
7.675687284077519482e-07
7.675103253735266367e-07
7.674520050202362793e-07
7.673938485912062071e-07
7.673358407916636062e-07
7.672779018930870103e-07
7.672201092502281792e-07
7.671624122040269004e-07
7.671048982705546183e-07
7.670474431528991532e-07
7.669901014488874498e-07
7.669329010869947711e-07
7.668758743141390665e-07
7.668189763995581712e-07
7.667621694186493147e-07
7.667054876351737036e-07
7.666489181239756516e-07
7.665924361031860630e-07
7.665360842773832950e-07
7.664799149365183493e-07
7.664238095714337874e-07
7.663678012339372287e-07
7.663119625795719786e-07
7.662562439579639395e-07
7.662005964627760372e-07
7.661450831505041153e-07
7.660896926660864280e-07
7.660344401149631732e-07
7.659792526187848521e-07
7.659241645211759142e-07
7.658692439400849910e-07
7.658144897832536739e-07
7.657598215796917551e-07
7.657052554610172014e-07
7.656508166543703526e-07
7.655964734654375542e-07
7.655422121982311620e-07
7.654881019671015097e-07
7.654341315731348339e-07
7.653802280953829724e-07
7.653264353194346234e-07
7.652727978664921572e-07
7.652192608943146256e-07
7.651658051965072413e-07
7.651124691573330973e-07
7.650592599799142138e-07
7.650061726722142704e-07
7.649531506592326889e-07
7.649002225947910204e-07
7.648474578723843884e-07
7.647948491693162962e-07
7.647423228083767556e-07
7.646898938930829879e-07
7.646375865993575766e-07
7.645853722720392819e-07
7.645332337019602437e-07
7.644812282963173587e-07
7.644293752750462946e-07
7.643775824822723265e-07
7.643258794866817279e-07
7.642743296149507711e-07
7.642228941427229997e-07
7.641715178426033257e-07
7.641202637771543606e-07
7.640691129011292294e-07
7.640181050597661581e-07
7.639671441837476454e-07
7.639162862019956540e-07
7.638655581815253053e-07
7.638149752241346614e-07
7.637645072671676336e-07
7.637141150168703013e-07
7.636638282015130157e-07
7.636136467347246742e-07
7.635635482197324123e-07
7.635135253546174515e-07
7.634636927506183443e-07
7.634139170962066897e-07
7.633642115055698820e-07
7.633146408427108763e-07
7.632651963219031409e-07
7.632158169043512870e-07
7.631665454754974407e-07
7.631173558043315885e-07
7.630683061832766074e-07
7.630193372876364968e-07
7.629704421364600493e-07
7.629216262674254809e-07
7.628729716113008511e-07
7.628244559007019191e-07
7.627760051064806363e-07
7.627276439651523545e-07
7.626793952513690178e-07
7.626312295468477581e-07
7.625831313806245438e-07
7.625351438990788945e-07
7.624873089572562025e-07
7.624395227227917459e-07
7.623918120913857972e-07
7.623442312380081365e-07
7.622967708022417651e-07
7.622493555451779094e-07
7.622020563512321935e-07
7.621548268770119995e-07
7.621077457991661746e-07
7.620607159470024050e-07
7.620137665428062758e-07
7.619668952782701748e-07
7.619201818917477148e-07
7.618735914002135207e-07
7.618270579793975730e-07
7.617806148294870170e-07
7.617342773363614247e-07
7.616880159426545885e-07
7.616418170478170312e-07
7.615957239910371115e-07
7.615497741642600842e-07
7.615038708491241582e-07
7.614580373831811519e-07
7.614123271334565630e-07
7.613667303123149617e-07
7.613211770124506153e-07
7.612757313784794909e-07
7.612303518943155941e-07
7.611851047623416994e-07
7.611399204985899295e-07
7.610948044494714729e-07
7.610497600782627524e-07
7.610048590347799624e-07
7.609600782145771867e-07
7.609153626161130492e-07
7.608707249852464788e-07
7.608261818565816368e-07
7.607817180604088533e-07
7.607373219743930770e-07
7.606929928007051867e-07
7.606488266337548702e-07
7.606047054381328633e-07
7.605606381294543885e-07
7.605166874372200202e-07
7.604728415344108893e-07
7.604290625351689944e-07
7.603853533558099265e-07
7.603417246154247032e-07
7.602981925260905271e-07
7.602547696321584595e-07
7.602113809168588816e-07
7.601680743598418952e-07
7.601248661906612161e-07
7.600817746845574072e-07
7.600387897454912955e-07
7.599958529614473162e-07
7.599529969035983247e-07
7.599102354218129699e-07
7.598675423649704214e-07
7.598249032903923634e-07
7.597823679496114974e-07
7.597399480202416214e-07
7.596975719104724161e-07
7.596552580328537790e-07
7.596130553650215710e-07
7.595709522106271076e-07
7.595288904419647149e-07
7.594869205231031738e-07
7.594450132393976659e-07
7.594032123907411579e-07
7.593614877972840941e-07
7.593198084724214470e-07
7.592781980707817605e-07
7.592367031895609103e-07
7.591953117930380971e-07
7.591540080367617581e-07
7.591127559464226955e-07
7.590715807653457195e-07
7.590304899697701538e-07
7.589894662024951547e-07
7.589484905409908163e-07
7.589076218071953567e-07
7.588668533874899236e-07
7.588261290147049813e-07
7.587854630947550745e-07
7.587449035179364815e-07
7.587044378823124378e-07
7.586640100176512465e-07
7.586236675784248374e-07
7.585833857604632197e-07
7.585432014431025549e-07
7.585030956334820973e-07
7.584630271114455531e-07
7.584230311096844349e-07
7.583831313334121999e-07
7.583433315220931749e-07
7.583036274884864770e-07
7.582639637610394536e-07
7.582243728972553306e-07
7.581848692318762857e-07
7.581454230037703714e-07
7.581060242286428130e-07
7.580667058688243751e-07
7.580275183920160216e-07
7.579883606914868938e-07
7.579492517441026850e-07
7.579102418368565504e-07
7.578713209873448219e-07
7.578324557231100837e-07
7.577936439796870862e-07
7.577549099471808146e-07
7.577162449908546073e-07
7.576776861690495809e-07
7.576391553572007872e-07
7.576006915854568114e-07
7.575622820292967867e-07
7.575239916018287092e-07
7.574858025531781668e-07
7.574476579757783758e-07
7.574095758336473360e-07
7.573715646963080075e-07
7.573336209450331986e-07
7.572957381990921657e-07
7.572578996447862498e-07
7.572201749637292549e-07
7.571825182398532972e-07
7.571449056804390042e-07
7.571073488863890589e-07
7.570698885925631333e-07
7.570325133507403626e-07
7.569951700430865191e-07
7.569579046053864020e-07
7.569206944092393168e-07
7.568835669823694401e-07
7.568465216389580170e-07
7.568095031905992039e-07
7.567725521147280310e-07
7.567356697027108128e-07
7.566988901362135816e-07
7.566622035467677064e-07
7.566255538831819128e-07
7.565889683061495660e-07
7.565524549853696168e-07
7.565159999876361738e-07
7.564795986306673599e-07
7.564432425824512183e-07
7.564070036348270163e-07
7.563708176751629626e-07
7.563346764590077549e-07
7.562985894887853711e-07
7.562625957821416608e-07
7.562266824594680166e-07
7.561907974485088454e-07
7.561549859243884782e-07
7.561192262809551328e-07
7.560835453496327276e-07
7.560479453530436571e-07
7.560123697645682767e-07
7.559768582935398582e-07
7.559414044606312229e-07
7.559060534792594732e-07
7.558707935609694560e-07
7.558355705421492558e-07
7.558004058246725661e-07
7.557653054555429609e-07
7.557302651766077591e-07
7.556952800931647847e-07
7.556603333007338815e-07
7.556254806219825523e-07
7.555907080683454794e-07
7.555559696509429798e-07
7.555212749406223529e-07
7.554866663378504465e-07
7.554521342945926761e-07
7.554176475042090260e-07
7.553832061190942762e-07
7.553488331390438457e-07
7.553145124537088711e-07
7.552802915211358239e-07
7.552460966680235613e-07
7.552119530103173258e-07
7.551778547782500742e-07
7.551438542653242052e-07
7.551099306094999221e-07
7.550760772243815878e-07
7.550422577384046227e-07
7.550084958585554299e-07
7.549748075139969139e-07
7.549411658844966850e-07
7.549075679098655238e-07
7.548740174932703208e-07
7.548405822184762620e-07
7.548071798849402702e-07
7.547738165016182586e-07
7.547405087581667341e-07
7.547072837131983572e-07
7.546741316313165492e-07
7.546410046148489630e-07
7.546079423927002018e-07
7.545749265827411331e-07
7.545419793456769625e-07
7.545091125054319242e-07
7.544762655229504331e-07
7.544434740014009662e-07
7.544107241969543999e-07
7.543780758676362969e-07
7.543455030341897645e-07
7.543129810755106546e-07
7.542804989460118259e-07
7.542480706374770037e-07
7.542157102577875313e-07
7.541833938767094022e-07
7.541511147750750939e-07
7.541188864457930311e-07
7.540867697583546100e-07
7.540546791729159909e-07
7.540226248076270827e-07
7.539906250824099343e-07
7.539587044092503411e-07
7.539268516990694078e-07
7.538950220209876126e-07
7.538632521823657631e-07
7.538315276664230779e-07
7.537998662927349344e-07
7.537682843489910488e-07
7.537367209140377912e-07
7.537052089602778890e-07
7.536737358868607485e-07
7.536423557786999244e-07
7.536110430719219990e-07
7.535797913107182987e-07
7.535485690434612257e-07
7.535174012383600301e-07
7.534862969542542057e-07
7.534552341267882271e-07
7.534242138766181296e-07
7.533932302464786093e-07
7.533623419863701178e-07
7.533315004566890085e-07
7.533006933858477817e-07
7.532699245180924769e-07
7.532392298063300986e-07
7.532085997187570133e-07
7.531780093044294670e-07
7.531474525223397142e-07
7.531169596640075934e-07
7.530865040802745826e-07
7.530561303942650761e-07
7.530257944353997137e-07
7.529954859893821938e-07
7.529652300021082717e-07
7.529350292234370589e-07
7.529049041350612300e-07
7.528748537876192699e-07
7.528448329575656797e-07
7.528148590431778482e-07
7.527849318684790689e-07
7.527550594430641365e-07
7.527252314587497119e-07
7.526954330155200393e-07
7.526656847523456122e-07
7.526360374928731913e-07
7.526064093473492171e-07
7.525768136052571991e-07
7.525472666085200440e-07
7.525177904827981339e-07
7.524883756011517417e-07
7.524589846159386123e-07
7.524296395236115572e-07
7.524003441976753260e-07
7.523710922602963454e-07
7.523419222676184809e-07
7.523127739486501583e-07
7.522836605336915305e-07
7.522545884003668476e-07
7.522255818540268098e-07
7.521966409579587541e-07
7.521677697936554173e-07
7.521389246907733927e-07
7.521101251192964971e-07
7.520813717645135604e-07
7.520526670707702388e-07
7.520240055604261175e-07
7.519953705727936397e-07
7.519667846771792933e-07
7.519382952847174771e-07
7.519098231677716116e-07
7.518813824253318412e-07
7.518529859654977852e-07
7.518246575811366232e-07
7.517963857790199713e-07
7.517681399480780355e-07
7.517399326215111116e-07
7.517117786871535629e-07
7.516836601637676334e-07
7.516556178968598502e-07
7.516276052402791153e-07
7.515996166954875466e-07
7.515716755408533940e-07
7.515437794714781413e-07
7.515159559722321326e-07
7.514882009496018575e-07
7.514604757386525500e-07
7.514327861808714392e-07
7.514051382871978715e-07
7.513775463961307214e-07
7.513499883585143951e-07
7.513224640731608545e-07
7.512949725339435066e-07
7.512675633865051347e-07
7.512401951792877730e-07
7.512128549262438070e-07
7.511855431543101038e-07
7.511582950436232755e-07
7.511311009068262172e-07
7.511039516573283063e-07
7.510768191580886159e-07
7.510497467243811177e-07
7.510227031197530639e-07
7.509957134505245441e-07
7.509687864944633683e-07
7.509418727733405919e-07
7.509150011368251244e-07
7.508881594420000176e-07
7.508613892050651919e-07
7.508346712768732170e-07
7.508080147890567515e-07
7.507813792557947151e-07
7.507547858836532149e-07
7.507282345883257910e-07
7.507017271464346159e-07
7.506752582714260961e-07
7.506488136465886326e-07
7.506224098129797191e-07
7.505960932849634562e-07
7.505697959082680041e-07
7.505435301772448103e-07
7.505172959576352350e-07
7.504911217205252238e-07
7.504649996122411715e-07
7.504389129021190590e-07
7.504128458839363243e-07
7.503868376886672723e-07
7.503608551052592309e-07
7.503349257559472537e-07
7.503090535619428917e-07
7.502831934293367094e-07
7.502573740342500944e-07
7.502315820626571810e-07
7.502058596980738448e-07
7.501801868848554544e-07
7.501545720820061222e-07
7.501289771743342061e-07
7.501034222698400791e-07
7.500779062547751538e-07
7.500524337565957235e-07
7.500269962061074769e-07
7.500015836780307540e-07
7.499762058711945563e-07
7.499509092869096773e-07
7.499256387201846266e-07
7.499003955999039530e-07
7.498751784149853366e-07
7.498500186990705522e-07
7.498249071186853427e-07
7.497998377306933376e-07
7.497747819253724852e-07
7.497497797022755915e-07
7.497248036905623228e-07
7.496998730118321625e-07
7.496750048470711258e-07
7.496501512909333821e-07
7.496253263102330784e-07
7.496005360837427868e-07
7.495757915470877257e-07
7.495511050573003726e-07
7.495264788805845554e-07
7.495018785296849773e-07
7.494773057474809826e-07
7.494527689888117173e-07
7.494282808744323081e-07
7.494038212087336583e-07
7.493793942197222288e-07
7.493549903571285384e-07
7.493306390030065854e-07
7.493063538402603197e-07
7.492820819733865212e-07
7.492578342149033809e-07
7.492336253245525987e-07
7.492094720860139860e-07
7.491853635447514669e-07
7.491612804204307365e-07
7.491372199287077488e-07
7.491132096530685529e-07
7.490892233157923389e-07
7.490652860879470301e-07
7.490413989573135448e-07
7.490175216516007148e-07
7.489936817427752592e-07
7.489698660883955174e-07
7.489461111407552971e-07
7.489224005685679900e-07
7.488987456350285840e-07
7.488751094551152088e-07
7.488515075109710366e-07
7.488279365339993681e-07
7.488044122494731714e-07
7.487809141977611686e-07
7.487574459988403481e-07
7.487340000835743185e-07
7.487106101571869494e-07
7.486872758973442998e-07
7.486639554894719995e-07
7.486406570972733826e-07
7.486173976682336327e-07
7.485941907235640389e-07
7.485710259326171014e-07
7.485478850115272385e-07
7.485247650217500677e-07
7.485016934638827942e-07
7.484786435106035741e-07
7.484556391373108462e-07
7.484326854459623020e-07
7.484097414396094408e-07
7.483868295383444736e-07
7.483639435805579391e-07
7.483411071745313853e-07
7.483183176690570871e-07
7.482955827210579308e-07
7.482728703031816241e-07
7.482501828639856948e-07
7.482275274448536567e-07
7.482049157162706789e-07
7.481823297818387781e-07
7.481597744650490116e-07
7.481372389596845845e-07
7.481147410373550920e-07
7.480923165711904817e-07
7.480699009824785537e-07
7.480475111597574570e-07
7.480251465216357411e-07
7.480028307385351966e-07
7.479805559556331125e-07
7.479583163803741884e-07
7.479360881992057474e-07
7.479139034774158287e-07
7.478917441061840326e-07
7.478696167812698081e-07
7.478475484401266464e-07
7.478254979243253563e-07
7.478034631762989244e-07
7.477814648281838767e-07
7.477594884735703661e-07
7.477375756696719660e-07
7.477156996123569006e-07
7.476938682456428857e-07
7.476720511894671878e-07
7.476502676875390425e-07
7.476285130990743047e-07
7.476067980526186799e-07
7.475851075322773285e-07
7.475634421945390071e-07
7.475417978201198942e-07
7.475202044041458475e-07
7.474986615091060327e-07
7.474771301845435831e-07
7.474556193423566228e-07
7.474341411685503481e-07
7.474127097521720074e-07
7.473913166296572742e-07
7.473699497828589535e-07
7.473485958668649704e-07
7.473272872646570469e-07
7.473059974340900627e-07
7.472847438367244025e-07
7.472635433369346950e-07
7.472423563383779458e-07
7.472211859515829657e-07
7.472000506986222829e-07
7.471789369576400474e-07
7.471578837994111916e-07
7.471368651346414078e-07
7.471158884237887371e-07
7.470949247242415682e-07
7.470739929427905587e-07
7.470530879984181536e-07
7.470322217803071820e-07
7.470113778464175603e-07
7.469905588742371638e-07
7.469697582589665528e-07
7.469490015091406826e-07
7.469283004705755657e-07
7.469076082241038093e-07
7.468869377178284931e-07
7.468662929099281209e-07
7.468456919683247105e-07
7.468251276365970112e-07
7.468045946958131401e-07
7.467840715465122401e-07
7.467635849728158863e-07
7.467431246675474383e-07
7.467226910430456053e-07
7.467023069231413820e-07
7.466819473032387829e-07
7.466615986373408523e-07
7.466412816653578355e-07
7.466209829020789318e-07
7.466007348822683441e-07
7.465805217711589548e-07
7.465603555673733202e-07
7.465402075434322214e-07
7.465200802707332923e-07
7.464999810493659320e-07
7.464799175229223162e-07
7.464598763697711764e-07
7.464398646219202189e-07
7.464198671067455571e-07
7.463998971324380584e-07
7.463799870407803976e-07
7.463600988342021508e-07
7.463402274337168424e-07
7.463203716785441687e-07
7.463005516624323265e-07
7.462807742541216217e-07
7.462610305381590388e-07
7.462413059969353984e-07
7.462215948551287091e-07
7.462019260825147171e-07
7.461822718986122854e-07
7.461626511989689795e-07
7.461430789750014456e-07
7.461235189820715090e-07
7.461039731160282174e-07
7.460844590695092142e-07
7.460649623542921751e-07
7.460455196236048045e-07
7.460261071274226376e-07
7.460067367064149029e-07
7.459873798166987849e-07
7.459680477589333266e-07
7.459487394318437713e-07
7.459294673512321463e-07
7.459102148417687655e-07
7.458909889384671377e-07
7.458717765884893004e-07
7.458525923584967464e-07
7.458334657458966558e-07
7.458143572279999962e-07
7.457952652343768726e-07
7.457761879093178579e-07
7.457571448710497112e-07
7.457381421510685273e-07
7.457191710692891946e-07
7.457002190859993220e-07
7.456812785742572838e-07
7.456623777893103134e-07
7.456434921925290139e-07
7.456246355888807116e-07
7.456058265979999308e-07
7.455870323568655437e-07
7.455682493868167855e-07
7.455494959984180341e-07
7.455307582325066029e-07
7.455120672885688161e-07
7.454934071765520647e-07
7.454747897734480441e-07
7.454561897319756965e-07
7.454376052909252490e-07
7.454190490476411085e-07
7.454005216690708767e-07
7.453820180183189763e-07
7.453635388301959124e-07
7.453450758249489079e-07
7.453266317824868388e-07
7.453082309796424995e-07
7.452898704646097247e-07
7.452715181651335233e-07
7.452531842178673450e-07
7.452348720689283133e-07
7.452165974473652578e-07
7.451983528042060415e-07
7.451801396205666526e-07
7.451619337744056500e-07
7.451437521219540755e-07
7.451256032002284116e-07
7.451074698907401222e-07
7.450893699231201675e-07
7.450713085697828317e-07
7.450532537299307606e-07
7.450352163725984810e-07
7.450172061912075363e-07
7.449992139396092722e-07
7.449812721046047570e-07
7.449633563078549910e-07
7.449454768184084853e-07
7.449276085762229012e-07
7.449097637889344331e-07
7.448919398410313361e-07
7.448741484269056486e-07
7.448563743112711512e-07
7.448386254686520864e-07
7.448208892160111005e-07
7.448031747851525565e-07
7.447855079676487395e-07
7.447678690886826194e-07
7.447502404387269277e-07
7.447326270964740079e-07
7.447150383248417549e-07
7.446974848745673646e-07
7.446799602534727920e-07
7.446624629266595860e-07
7.446449728467327927e-07
7.446275071860300088e-07
7.446100714014338363e-07
7.445926506812197396e-07
7.445752616851192930e-07
7.445579099894398618e-07
7.445405645157449179e-07
7.445232344028499592e-07
7.445059310615313825e-07
7.444886430935503609e-07
7.444714031397992435e-07
7.444541873314274424e-07
7.444370082343840884e-07
7.444198413197437115e-07
7.444026926728887369e-07
7.443855660895467018e-07
7.443684679615240469e-07
7.443513892223345823e-07
7.443343339472280942e-07
7.443172926975302102e-07
7.443002680071338509e-07
7.442832804586342792e-07
7.442663332249059542e-07
7.442493915915941991e-07
7.442324682396347730e-07
7.442155597751434744e-07
7.441986854380509249e-07
7.441818381288946787e-07
7.441650233967013933e-07
7.441482178219238140e-07
7.441314257244950874e-07
7.441146684411625553e-07
7.440979219025494734e-07
7.440812009096540816e-07
7.440645211582567197e-07
7.440478546195891885e-07
7.440311966182530242e-07
7.440145630089010310e-07
7.439979435374297469e-07
7.439813559726112072e-07
7.439648022983008650e-07
7.439482832759960573e-07
7.439317860604808907e-07
7.439152978997184958e-07
7.438988342863945347e-07
7.438823883971832200e-07
7.438659729315612267e-07
7.438495720074564471e-07
7.438331921147219265e-07
7.438168230597087446e-07
7.438004757458061630e-07
7.437841727786053378e-07
7.437678928298043752e-07
7.437516220555331016e-07
7.437353657453690183e-07
7.437191297351364096e-07
7.437029255675441477e-07
7.436867462133039256e-07
7.436705957918081221e-07
7.436544514102082274e-07
7.436383246036700737e-07
7.436222283338713965e-07
7.436061423884054828e-07
7.435900824397207264e-07
7.435740608740656772e-07
7.435580496659003902e-07
7.435420474296738872e-07
7.435260691767779688e-07
7.435101036891609034e-07
7.434941698044620023e-07
7.434782667572361200e-07
7.434623968745642950e-07
7.434465482358868453e-07
7.434307079078791927e-07
7.434148905113235764e-07
7.433990893935540897e-07
7.433833181107185309e-07
7.433675599108288266e-07
7.433518230452524089e-07
7.433360971434133860e-07
7.433203891117321126e-07
7.433047186887209084e-07
7.432890790601511198e-07
7.432734451533820636e-07
7.432578270896628366e-07
7.432422228184407053e-07
