1.336016020092895093e-07
1.429890948764190159e-07
1.518833358493733871e-07
1.603042781437709586e-07
1.682710104831299063e-07
1.758016276096530739e-07
1.829135815322373956e-07
1.896231591043362456e-07
1.959460675466187146e-07
2.018973889815540902e-07
2.074914279692187754e-07
2.127419544956251878e-07
2.176617395259344169e-07
2.222632762759233170e-07
2.265584844392590226e-07
2.305586618800434966e-07
2.342746480932910627e-07
2.377169467303637670e-07
2.408954312725922383e-07
2.438197335684449820e-07
2.464989576174375387e-07
2.489420832299811878e-07
2.511577998207365880e-07
2.531544450833607917e-07
2.549399359342232971e-07
2.565222795409024605e-07
2.579091321826420476e-07
2.591076453230855001e-07
2.601255451011369250e-07
2.609691702403094348e-07
2.616457701359306548e-07
2.621617368086063551e-07
2.625234365514918437e-07
2.627373737151772162e-07
2.628093547540056427e-07
2.627456548975821841e-07
2.625516097757757631e-07
2.622334832294397533e-07
2.617959596380274424e-07
2.612451528021744296e-07
2.605860722243922342e-07
2.598236393001673257e-07
2.589633299295634336e-07
2.580096432815779393e-07
2.569680096172488780e-07
2.558421260582544554e-07
2.546376776353054152e-07
2.533585647530469845e-07
2.520092209376439470e-07
2.505943752856699721e-07
2.491175770929834076e-07
2.475834568782548867e-07
2.459957432315573892e-07
2.443581237095820716e-07
2.426747535556630084e-07
2.409490155201478160e-07
2.391844836075649388e-07
2.373848069848008069e-07
2.355530805563216749e-07
2.336926247882630612e-07
2.318066673007120641e-07
2.298980304193081902e-07
2.279697829020306634e-07
2.260249303532399217e-07
2.240658444398215197e-07
2.220952372135747691e-07
2.201159267248753710e-07
2.181301117161593564e-07
2.161399076034187892e-07
2.141478843721024694e-07
2.121562410563312757e-07
2.101666496889308090e-07
2.081811854613284604e-07
2.062018284681790325e-07
2.042304554188267227e-07
2.022684068069177436e-07
2.003174172093572792e-07
1.983791165239759077e-07
1.964548823918582632e-07
1.945458751482159133e-07
1.926534716202910807e-07
1.907787563599617971e-07
1.889231420090187197e-07
1.870872884504360001e-07
1.852722516474184401e-07
1.834789505178654110e-07
1.817081004848011540e-07
1.799605856978623812e-07
1.782369533510674409e-07
1.765378358182048155e-07
1.748637985592325180e-07
1.732152871738265547e-07
1.715927484106862860e-07
1.699965724773551775e-07
1.684270987666848724e-07
1.668844223966843190e-07
1.653687488923269115e-07
1.638807318589211213e-07
1.624199461957275399e-07
1.609865989051769764e-07
1.595807281826781638e-07
1.582020557519069555e-07
1.568512219050629763e-07
1.555275476961742478e-07
1.542310654587889876e-07
1.529615613341072086e-07
1.517187732433079449e-07
1.505027075551017486e-07
1.493126990295864655e-07
1.481491267239544733e-07
1.470110767992761475e-07
1.458984669615030148e-07
1.448106999493963285e-07
1.437476535743787157e-07
1.427088241339882321e-07
1.416937277353877981e-07
1.407020790961822921e-07
1.397331651050785541e-07
1.387866568759742699e-07
1.378620802577665714e-07
1.369588267518050629e-07
1.360765370476134916e-07
1.352144870868355169e-07
1.343722966126782492e-07
1.335492614096835727e-07
1.327449064152685350e-07
1.319587344950901077e-07
1.311899958481247005e-07
1.304383392746764053e-07
1.297029785535210025e-07
1.289834386811993661e-07
1.282791281731539107e-07
1.275893989946653699e-07
1.269137377156114904e-07
1.262514176216811955e-07
1.256022141566910871e-07
1.249650677931820724e-07
1.243397711418368351e-07
1.237256155043222640e-07
1.231220055789172415e-07
1.225282899015894525e-07
1.219440994970820114e-07
1.213688081888547287e-07
1.208018058290509467e-07
1.202428001785141946e-07
1.196909408097059823e-07
1.191458907299474489e-07
1.186069911197391367e-07
1.180739392690232685e-07
1.175461667616765033e-07
1.170231608371103531e-07
1.165045556018859923e-07
1.159898362343776121e-07
1.154785779681602721e-07
1.149703262278342550e-07
1.144645937538355587e-07
1.139611383105927094e-07
1.134595454708252113e-07
1.129594850250750588e-07
1.124605371953174911e-07
1.119623133907719972e-07
1.114645726844407065e-07
1.109668988801819299e-07
1.104691689535553826e-07
1.099709797581179160e-07
1.094721346256050076e-07
1.089724058751608779e-07
1.084715569043695447e-07
1.079692826259930651e-07
1.074654567408987027e-07
1.069598498188084275e-07
1.064524131744326929e-07
1.059428504120773032e-07
1.054311186396633775e-07
1.049171305526725810e-07
1.044007257399586964e-07
1.038818151080900405e-07
1.033602991806630020e-07
1.028361536234119289e-07
1.023093062592734150e-07
1.017797672145884029e-07
1.012475079138178484e-07
1.007124845691897335e-07
1.001747666564386957e-07
9.963435149279472273e-08
9.909121034438819539e-08
9.854544606467034667e-08
9.799711229024761506e-08
9.744624187747618349e-08
9.689295408858769323e-08
9.633731676021148036e-08
9.577940994143181941e-08
9.521937844153219794e-08
9.465728820770113197e-08
9.409330111680601636e-08
9.352752059192553088e-08
9.296007929682968842e-08
9.239119527742835964e-08
9.182088748927776825e-08
9.124945435296042029e-08
9.067697704986107872e-08
9.010350371521950089e-08
8.952951204987622313e-08
8.895493064374445988e-08
8.837989096375496018e-08
8.780481240848733384e-08
8.722973693342491081e-08
8.665486879855475194e-08
8.608040436899813462e-08
8.550647616384313579e-08
8.493337410346846631e-08
8.436111856459791212e-08
8.379015969931522432e-08
8.322052696481972331e-08
8.265221898744083557e-08
8.208585120634392293e-08
8.152127528481900828e-08
8.095890904867504409e-08
8.039871456071599743e-08
7.984107300962838911e-08
7.928605558714248710e-08
7.873358874553833259e-08
7.818441091924754735e-08
7.763818296490889296e-08
7.709539371276612779e-08
7.655598816346455760e-08
7.602027886296317966e-08
7.548844113528932558e-08
7.496027136926035515e-08
7.443641992777262097e-08
7.391666167915608661e-08
7.340129615672884717e-08
7.289020135695988117e-08
7.238405104446091282e-08
7.188235571784333529e-08
7.138560677810069289e-08
7.089369148724014216e-08
7.040685249637112296e-08
6.992526662871355143e-08
6.944868312029821675e-08
6.897751212960583535e-08
6.851173974206770246e-08
6.805142434922371131e-08
6.759643682361392748e-08
6.714725303119245506e-08
6.670362123672371359e-08
6.626567750033739773e-08
6.583323666528633225e-08
6.540694051144866328e-08
6.498624106978525560e-08
6.457136751996169392e-08
6.416209360567216189e-08
6.375912604911876812e-08
6.336178414963319342e-08
6.297030874056185172e-08
6.258449220192776874e-08
6.220494668123990241e-08
6.183104027699550252e-08
6.146290594250766750e-08
6.110046725150297931e-08
6.074406415271950940e-08
6.039331552401695403e-08
6.004817989878211770e-08
5.970868682122773912e-08
5.937492956393803352e-08
5.904667501139502660e-08
5.872400998645963587e-08
5.840670880223761088e-08
5.809484529006063455e-08
5.778825399685441340e-08
5.748702122839612179e-08
5.719093331174972933e-08
5.689988776246771262e-08
5.661407823029353286e-08
5.633304616819418787e-08
5.605689680931274723e-08
5.578543643536683473e-08
5.551891491958789172e-08
5.525692733050434450e-08
5.499933730942445750e-08
5.474620986273739780e-08
5.449743190921430755e-08
5.425279223490579043e-08
5.401235960062331334e-08
5.377584598630496133e-08
5.354322563630492817e-08
5.331457838427971294e-08
5.308956239814459458e-08
5.286798269730364939e-08
5.265001936190309296e-08
5.243544087772208979e-08
5.222406974118905729e-08
5.201591673440182522e-08
5.181071892941194648e-08
5.160848994210893631e-08
5.140920227575159467e-08
5.121259761772129328e-08
5.101858323266382178e-08
5.082712093533405511e-08
5.063802314572435947e-08
5.045132328787055941e-08
5.026682572343164621e-08
5.008422943612148579e-08
4.990382808150509633e-08
4.972530115431627091e-08
4.954856920117709539e-08
4.937355518263399793e-08
4.920001397792190260e-08
4.902813842712808150e-08
4.885767503272818720e-08
4.868849978070294449e-08
4.852067265328404324e-08
4.835387008336483939e-08
4.818822632110179973e-08
4.802361712414228771e-08
4.785987554462017838e-08
4.769708450301550580e-08
4.753491883863878009e-08
4.737352103223893497e-08
4.721277880586348262e-08
4.705256663521842096e-08
4.689292707052908011e-08
4.673359357672805063e-08
4.657469356848233426e-08
4.641615688698457999e-08
4.625787034701291571e-08
4.609984794743437976e-08
4.594189099605226105e-08
4.578412907523451820e-08
4.562644661419078748e-08
4.546882731537193532e-08
4.531121477978725629e-08
4.515349546002687891e-08
4.499575462820278179e-08
4.483788799367540177e-08
4.467999388378117536e-08
4.452191082817060646e-08
4.436358073353683001e-08
4.420509626665541020e-08
4.404635989829979648e-08
4.388747954421101719e-08
4.372835785262816651e-08
4.356893965369769853e-08
4.340924001529806903e-08
4.324924845782764618e-08
4.308903757253184812e-08
4.292857223385511223e-08
4.276777816101785134e-08
4.260673743808370440e-08
4.244535971826311999e-08
4.228368138505551084e-08
4.212189129044644609e-08
4.195978689669334195e-08
4.179741228934597101e-08
4.163476512096787526e-08
4.147185045321745981e-08
4.130879596473937234e-08
4.114556663905674293e-08
4.098208632018655737e-08
4.081853111727999243e-08
4.065471672023594445e-08
4.049075918759745018e-08
4.032686102065505038e-08
4.016283676426433638e-08
3.999865289314487954e-08
3.983453869996778880e-08
3.967028229750401181e-08
3.950607241101969989e-08
3.934201673804087786e-08
3.917795810240467033e-08
3.901401060532428488e-08
3.885013016774483874e-08
3.868634625211643605e-08
3.852280055287512963e-08
3.835950018188872518e-08
3.819634602878039729e-08
3.803356375181655550e-08
3.787091097128327710e-08
3.770858173240933117e-08
3.754668957362871342e-08
3.738517526167198236e-08
3.722398055959700498e-08
3.706335265815626537e-08
3.690300154930854249e-08
3.674315273037182967e-08
3.658392483492246804e-08
3.642522317379583333e-08
3.626700847562823581e-08
3.610952388297661226e-08
3.595248164863111082e-08
3.579610876174401501e-08
3.564049972007662206e-08
3.548558570434285658e-08
3.533130147019571871e-08
3.517786583597663187e-08
3.502508016631862164e-08
3.487309519212438814e-08
3.472197967909424084e-08
3.457168487462475302e-08
3.442221601056300857e-08
3.427360762134791732e-08
3.412595670750744665e-08
3.397913670451639783e-08
3.383324948228512091e-08
3.368836320940744597e-08
3.354434350793732848e-08
3.340133790221694591e-08
3.325940118421997711e-08
3.311838703151787770e-08
3.297829937693349824e-08
3.283938561970640443e-08
3.270145613030634678e-08
3.256454398396901573e-08
3.242874107007221560e-08
3.229389806380171626e-08
3.216018391862202812e-08
3.202759563111296023e-08
3.189603315991599271e-08
3.176551812310983972e-08
3.163613591173797231e-08
3.150791008682016016e-08
3.138075525480063247e-08
3.125461350721503839e-08
3.112968784226313033e-08
3.100582998779242079e-08
3.088307595826868225e-08
3.076140073928326420e-08
3.064082329089438371e-08
3.052139194869113640e-08
3.040305858584769393e-08
3.028578680595150053e-08
3.016954321914279056e-08
3.005450441186304150e-08
2.994050215240138723e-08
2.982753457343272693e-08
2.971563309193816214e-08
2.960487668120564731e-08
2.949507635333017035e-08
2.938626507530049877e-08
2.927858277441176962e-08
2.917186918671127010e-08
2.906622472067566479e-08
2.896147484700547753e-08
2.885784611812371083e-08
2.875511617458088773e-08
2.865332611614214339e-08
2.855251203977319066e-08
2.845259549099384461e-08
2.835370599198486064e-08
2.825560317979314654e-08
2.815852801015798238e-08
2.806227489542426518e-08
2.796686345231970416e-08
2.787232999046772846e-08
2.777857941387147648e-08
2.768576903439112225e-08
2.759365558030323302e-08
2.750245297583497307e-08
2.741196055681559838e-08
2.732220202522586170e-08
2.723325994585769031e-08
2.714495768792772972e-08
2.705748511305678736e-08
2.697064648555697842e-08
2.688455762931015251e-08
2.679911073388885963e-08
2.671426425213836037e-08
2.663019314748848983e-08
2.654662079066817281e-08
2.646373765451086521e-08
2.638144684857426566e-08
2.629971517789899710e-08
2.621859392099094482e-08
2.613800349676279061e-08
2.605803502339076062e-08
2.597846721618614726e-08
2.589945020240039583e-08
2.582097078374236131e-08
2.574293629686119584e-08
2.566545515909312751e-08
2.558840999822502151e-08
2.551179982111141555e-08
2.543563347111965485e-08
2.535982322305678938e-08
2.528452660131492177e-08
2.520957354068039523e-08
2.513501625485351447e-08
2.506091229013487399e-08
2.498713398270213506e-08
2.491376943425152412e-08
2.484067451729990781e-08
2.476792064373130025e-08
2.469552797443036165e-08
2.462342181074694590e-08
2.455170595190337417e-08
2.448028572975492567e-08
2.440913301248725396e-08
2.433828318480889777e-08
2.426769048890125609e-08
2.419739912642494779e-08
2.412732818356579759e-08
2.405750278571816400e-08
2.398806624677763346e-08
2.391880808883059741e-08
2.384980909771041917e-08
2.378100334407743304e-08
2.371241752484710262e-08
2.364409724944887460e-08
2.357593709786915655e-08
2.350798030285722723e-08
2.344039370823048173e-08
2.337291602325002202e-08
2.330566846138938507e-08
2.323857882879684901e-08
2.317168809036544903e-08
2.310499876754308419e-08
2.303846713313710604e-08
2.297210739938929585e-08
2.290608894758314485e-08
2.284015721213288524e-08
2.277442907156170800e-08
2.270883621404011617e-08
2.264344539756937546e-08
2.257822011415817334e-08
2.251313176668043385e-08
2.244821455789593357e-08
2.238360518194066564e-08
2.231909063542113972e-08
2.225476033556137577e-08
2.219054664045087669e-08
2.212656152830177726e-08
2.206269521612682163e-08
2.199898136403410228e-08
2.193541976990230453e-08
2.187211129529256773e-08
2.180896296803986373e-08
2.174596733393781380e-08
2.168310361688218350e-08
2.162046522705182732e-08
2.155795759321918686e-08
2.149559051364559445e-08
2.143338094147515495e-08
2.137139267391889043e-08
2.130962648883511508e-08
2.124800185539046226e-08
2.118652023866296676e-08
2.112521855992406458e-08
2.106414343654514579e-08
2.100315728798619923e-08
2.094237758105480230e-08
2.088178355351644501e-08
2.082142074138906231e-08
2.076122187609473442e-08
2.070119249700104812e-08
2.064132620225237386e-08
2.058169317073259638e-08
2.052221376733354777e-08
2.046289407897826053e-08
2.040374517616209084e-08
2.034484671710861331e-08
2.028613793076152986e-08
2.022761757496780214e-08
2.016926316853236338e-08
2.011109425033673033e-08
2.005318904287709068e-08
1.999538742783502709e-08
1.993783101604403022e-08
1.988042081957156162e-08
1.982328663010832569e-08
1.976633016425503673e-08
1.970956951989552268e-08
1.965299591301789489e-08
1.959661816745509904e-08
1.954051248026479856e-08
1.948451006940966297e-08
1.942877678247212864e-08
1.937321339474415993e-08
1.931789289391680321e-08
1.926277201324651859e-08
1.920784325301374273e-08
1.915312910400326562e-08
1.909861155428594593e-08
1.904435889641728746e-08
1.899023713634960279e-08
1.893638726736287193e-08
1.888271171359123606e-08
1.882928180859626596e-08
1.877605004316004592e-08
1.872301479629134868e-08
1.867021535389640722e-08
1.861760249205141870e-08
1.856526250344279563e-08
1.851306370083089353e-08
1.846113875715081698e-08
1.840937292529018467e-08
1.835789637720740358e-08
1.830657125182328430e-08
1.825548098382732348e-08
1.820460289575490318e-08
1.815393819714409454e-08
1.810351194666213460e-08
1.805326781237162320e-08
1.800327681877290506e-08
1.795345606916586675e-08
1.790390883031041236e-08
1.785451031897740043e-08
1.780537316918978813e-08
1.775639594485141277e-08
1.770770982623010463e-08
1.765917456471756942e-08
1.761088185743394915e-08
1.756281182662112659e-08
1.751495211078304172e-08
1.746728510816840530e-08
1.741985216143699438e-08
1.737262126466765793e-08
1.732556897008956994e-08
1.727878680261652144e-08
1.723216583685813077e-08
1.718578174184865610e-08
1.713958588879315718e-08
1.709363204817083573e-08
1.704784042948597155e-08
1.700230105006950285e-08
1.695693264703462379e-08
1.691179143354075689e-08
1.686680165528824033e-08
1.682210702060064634e-08
1.677753870498493773e-08
1.673319194422835968e-08
1.668906349404609968e-08
1.664513481791658759e-08
1.660137127583099859e-08
1.655786761381477245e-08
1.651451408619203445e-08
1.647137548414449744e-08
1.642841777599954720e-08
1.638568048420269757e-08
1.634310521817545426e-08
1.630072540410235923e-08
1.625857484252301304e-08
1.621659133356321332e-08
1.617477084522270257e-08
1.613320389292430705e-08
1.609178741103051087e-08
1.605055812926795528e-08
1.600952237207724362e-08
1.596866687205509957e-08
1.592798874698340893e-08
1.588748039370989316e-08
1.584719441621660657e-08
1.580706041261074887e-08
1.576708304476399868e-08
1.572734943184834089e-08
1.568776595973608978e-08
1.564835560538064421e-08
1.560912320397109948e-08
1.557006703793902060e-08
1.553117699353439444e-08
1.549244460525062172e-08
1.545391851429043788e-08
1.541553753500683642e-08
1.537730658324640740e-08
1.533929233095296099e-08
1.530146027202560069e-08
1.526376534187631946e-08
1.522622012514365275e-08
1.518888075653777294e-08
1.515167211640383062e-08
1.511461127819468875e-08
1.507774615434296165e-08
1.504101937623736587e-08
1.500443339674952007e-08
1.496800862343712523e-08
1.493182276140047109e-08
1.489574248664277232e-08
1.485979773827108310e-08
1.482404062211960430e-08
1.478840101308726643e-08
1.475293383472085681e-08
1.471760005535269954e-08
1.468242436143031009e-08
1.464737825918233449e-08
1.461247304500520205e-08
1.457777064992695706e-08
1.454321219461603168e-08
1.450877320712702116e-08
1.447447654822678944e-08
1.444032988899020938e-08
1.440631932246747378e-08
1.437243277196483261e-08
1.433870523519808574e-08
1.430510055449832514e-08
1.427161284576025618e-08
1.423826694314270389e-08
1.420512898020635896e-08
1.417208574776762430e-08
1.413916905864647117e-08
1.410638746197445446e-08
1.407371300287094405e-08
1.404119605415308882e-08
1.400878164188593949e-08
1.397650332051376041e-08
1.394434614908528977e-08
1.391229302252045030e-08
1.388038555172726283e-08
1.384864882191475009e-08
1.381700053888396304e-08
1.378546795284206533e-08
1.375405963634332280e-08
1.372274735150779927e-08
1.369158187935179365e-08
1.366051032569422178e-08
1.362954948222584305e-08
1.359871281341513508e-08
1.356796417193084151e-08
1.353735857263474201e-08
1.350689040315632890e-08
1.347651166345224757e-08
1.344623832863773227e-08
1.341607211459052366e-08
1.338599746571203260e-08
1.335604677967559562e-08
1.332619205650355258e-08
1.329642772765283260e-08
1.326678305384370328e-08
1.323721173829887529e-08
1.320777090613721326e-08
1.317844195909125760e-08
1.314920676114046655e-08
1.312007000220326025e-08
1.309101574835220208e-08
1.306206072663659804e-08
1.303319868997672540e-08
1.300444157677963267e-08
1.297575715425763199e-08
1.294717826048606255e-08
1.291867304013945346e-08
1.289027663822005601e-08
1.286197963254561616e-08
1.283376894167025577e-08
1.280565425277995266e-08
1.277760216906973754e-08
1.274965891024515183e-08
1.272178183069887081e-08
1.269401256967374897e-08
1.266631181466682301e-08
1.263867592313057469e-08
1.261115287223475828e-08
1.258368390962143455e-08
1.255633589330824246e-08
1.252904845643838407e-08
1.250185372641207687e-08
1.247473317125859237e-08
1.244768184572727665e-08
1.242071788025784932e-08
1.239381741096566177e-08
1.236701870679296121e-08
1.234026738005732976e-08
1.231360821004224342e-08
1.228701511984248228e-08
1.226049971301705252e-08
1.223407747014630603e-08
1.220771015039185559e-08
1.218143379175958306e-08
1.215521689823130088e-08
1.212908272909750626e-08
1.210300978390900516e-08
1.207700826426898934e-08
1.205109468919518677e-08
1.202522701711563217e-08
1.199945725605103938e-08
1.197373561856631069e-08
1.194809394890173065e-08
1.192253433798337014e-08
1.189702786919699626e-08
1.187160947535152152e-08
1.184623999529389428e-08
1.182095955797719908e-08
1.179573031547156494e-08
1.177057556376659109e-08
1.174549696523178557e-08
1.172047030132519571e-08
1.169553457990535252e-08
1.167064642786019960e-08
1.164582828408712824e-08
1.162109865661040508e-08
1.159641658113681833e-08
1.157181805251296814e-08
1.154726930520092019e-08
1.152280750745831025e-08
1.149839906582975086e-08
1.147405653085323683e-08
1.144979646360463995e-08
1.142558743134154754e-08
1.140146115520147836e-08
1.137738899914752568e-08
1.135337311815783103e-08
1.132945840315831846e-08
1.130559355885478558e-08
1.128180380716216818e-08
1.125806759921264053e-08
1.123440724250872464e-08
1.121082222755047437e-08
1.118728546362815663e-08
1.116383610493464912e-08
1.114044026567093145e-08
1.111711864733626517e-08
1.109386446881649339e-08
1.107066143548048790e-08
1.104754236645448975e-08
1.102450991410395427e-08
1.100152882888906802e-08
1.097861685586212448e-08
1.095575656740848578e-08
1.093299755195712363e-08
1.091027949579884845e-08
1.088764362299267809e-08
1.086506838596705493e-08
1.084256901518387437e-08
1.082014204985660665e-08
1.079776963449841397e-08
1.077545354101972561e-08
1.075324224659995420e-08
1.073109368763100984e-08
1.070900905927859466e-08
1.068698176051591071e-08
1.066502843673033206e-08
1.064315828891136984e-08
1.062133599174994791e-08
1.059960076764125602e-08
1.057791780252624178e-08
1.055632142038146749e-08
1.053478778783934474e-08
1.051331249370004184e-08
1.049189888463918632e-08
1.047059471172023419e-08
1.044934515107928356e-08
1.042815829083998054e-08
1.040702985989594274e-08
1.038598611080158420e-08
1.036500970470962258e-08
1.034409332030752704e-08
1.032325560401951174e-08
1.030247329955506008e-08
1.028177408266007898e-08
1.026113880075232865e-08
1.024056145562023286e-08
1.022004767863706493e-08
1.019964087016474842e-08
1.017929133275975022e-08
1.015900091568623174e-08
1.013877055529521768e-08
1.011861986989726044e-08
1.009853847729413547e-08
1.007851368600085085e-08
1.005856963979951994e-08
1.003867746605536262e-08
1.001886872568770655e-08
9.999121939411764631e-09
9.979430441329723064e-09
9.959802765788835093e-09
9.940269543281437961e-09
9.920805716770166334e-09
9.901394213145099721e-09
9.882044548915130015e-09
9.862755016886055127e-09
9.843551821466686591e-09
9.824393642249310786e-09
9.805313321351700212e-09
9.786284134092227754e-09
9.767330452781061618e-09
9.748438119386289262e-09
9.729599309455943058e-09
9.710819941875840401e-09
9.692119417292918815e-09
9.673500645660952901e-09
9.654927902435116767e-09
9.636418590983177599e-09
9.617956819628375509e-09
9.599578185489368874e-09
9.581244519483145879e-09
9.562976295056095391e-09
9.544769777388466901e-09
9.526616802809765598e-09
9.508523941459415366e-09
9.490499377360559292e-09
9.472517035310912383e-09
9.454599842170818176e-09
9.436758157561139094e-09
9.418977677329539707e-09
9.401245538521337688e-09
9.383570267101099899e-09
9.365938393456251442e-09
9.348388985014450579e-09
9.330874218412873917e-09
9.313423633593986562e-09
9.296026579870742967e-09
9.278685245589770422e-09
9.261390496199620998e-09
9.244161706022473923e-09
9.226969791918246037e-09
9.209843539937733322e-09
9.192784045092373636e-09
9.175773487886912203e-09
9.158812083885293286e-09
9.141900774044528097e-09
9.125029986519548682e-09
9.108230151760992391e-09
9.091462589218255295e-09
9.074752364500755562e-09
9.058091810458532780e-09
9.041479020689521076e-09
9.024909787733420180e-09
9.008399427244679348e-09
8.991920844970013096e-09
8.975504853168654891e-09
8.959144681655571704e-09
8.942829280637716465e-09
8.926560468113012902e-09
8.910336463059863935e-09
8.894144854757396068e-09
8.878021952635875249e-09
8.861924970366207696e-09
8.845879379870177508e-09
8.829883592692522298e-09
8.813925803055540547e-09
8.798003881724875408e-09
8.782143723822788378e-09
8.766307663052676978e-09
8.750525012847472350e-09
8.734795511738648576e-09
8.719106335582374446e-09
8.703460282478800620e-09
8.687857323083312710e-09
8.672282646360711132e-09
8.656766366827922659e-09
8.641279905883900444e-09
8.625831423033107006e-09
8.610434786708445320e-09
8.595069468599192475e-09
8.579739562929208772e-09
8.564462370258716066e-09
8.549213008970713582e-09
8.533999004925275100e-09
8.518842224763657756e-09
8.503725665438990936e-09
8.488641913929412923e-09
8.473601517024582046e-09
8.458594415269161437e-09
8.443619792820893451e-09
8.428696021797131889e-09
8.413793526991828626e-09
8.398935437566442812e-09
8.384120310140044294e-09
8.369334531091516728e-09
8.354580121018313130e-09
8.339876763138480400e-09
8.325193752625563732e-09
8.310549425011929426e-09
8.295957082503506979e-09
8.281397090738535828e-09
8.266872397224828433e-09
8.252385015091948672e-09
8.237922700325979529e-09
8.223504282845786710e-09
8.209121154798434030e-09
8.194761605973461666e-09
8.180449264858699506e-09
8.166168282338472191e-09
8.151918111905866491e-09
8.137702253660505848e-09
8.123526331929873122e-09
8.109373260910888533e-09
8.095258443862742900e-09
8.081191806736207815e-09
8.067154859430812824e-09
8.053152605906211901e-09
8.039183345692883556e-09
8.025238454848179822e-09
8.011338062520620133e-09
7.997469849700536263e-09
7.983624623703843144e-09
7.969825206032560473e-09
7.956054983864741573e-09
7.942315792278468162e-09
7.928608379435239752e-09
7.914940278099638129e-09
7.901295708149435379e-09
7.887682254123655511e-09
7.874118222233515897e-09
7.860587015371435201e-09
7.847083400914197536e-09
7.833613663837270150e-09
7.820169979330304451e-09
7.806763872355133449e-09
7.793396240600816633e-09
7.780048358080962864e-09
7.766741438883874246e-09
7.753469133994695224e-09
7.740222673287404846e-09
7.727009999997654298e-09
7.713835504288434467e-09
7.700682781361993310e-09
7.687556703463501236e-09
7.674477884180632254e-09
7.661442696118076537e-09
7.648428252085386933e-09
7.635446906946315760e-09
7.622492887192428709e-09
7.609564669822171733e-09
7.596687854513668893e-09
7.583830124431407110e-09
7.571003995577971904e-09
7.558216985440235132e-09
7.545452151649322142e-09
7.532726054701747421e-09
7.520031011515350509e-09
7.507366232751177339e-09
7.494727482121421904e-09
7.482119774750026162e-09
7.469559426836005770e-09
7.457030182176836851e-09
7.444527096076973979e-09
7.432056092229527027e-09
7.419610234939776801e-09
7.407198416972519594e-09
7.394828142687825978e-09
7.382476190838307964e-09
7.370163509737402245e-09
7.357883286296376360e-09
7.345624875607306924e-09
7.333406184995818680e-09
7.321218770187794582e-09
7.309056570651069528e-09
7.296922510727766614e-09
7.284821588395321648e-09
7.272767441173786321e-09
7.260739674384140658e-09
7.248738262234685538e-09
7.236768867352233068e-09
7.224822952947991452e-09
7.212914185188426774e-09
7.201041631463223572e-09
7.189187828322375683e-09
7.177372238163369580e-09
7.165587861782092228e-09
7.153825920667123148e-09
7.142101746201896527e-09
7.130408142413871407e-09
7.118739375454370284e-09
7.107096801127528039e-09
7.095487401434596571e-09
7.083921383782874809e-09
7.072382842298304136e-09
7.060869644926480404e-09
7.049387993510942192e-09
7.037929534335399266e-09
7.026500286058337487e-09
7.015113732755460686e-09
7.003743011471883547e-09
6.992406892461625656e-09
6.981102790882468987e-09
6.969819047390901055e-09
6.958571080254813550e-09
6.947350312717356904e-09
6.936160887341098435e-09
6.924991929176227583e-09
6.913851340941869864e-09
6.902751463696099260e-09
6.891685108950079648e-09
6.880640337569681526e-09
6.869624942009271531e-09
6.858634292284711528e-09
6.847664608484054184e-09
6.836739898611268057e-09
6.825833863830609747e-09
6.814950012441558995e-09
6.804102100814859295e-09
6.793279152400980726e-09
6.782483075303560892e-09
6.771711507213148158e-09
6.760975064089570475e-09
6.750255586475546172e-09
6.739562426329938701e-09
6.728902607951179131e-09
6.718278535607227368e-09
6.707678100050571709e-09
6.697100945217407399e-09
6.686553482545150400e-09
6.676026879189323616e-09
6.665522764833161566e-09
6.655059747129428394e-09
6.644609619544346975e-09
6.634187607477024813e-09
6.623795937467622874e-09
6.613424788094273616e-09
6.603081874113297631e-09
6.592759173606892641e-09
6.582472536501621641e-09
6.572199216425862123e-09
6.561949626264556863e-09
6.551734943810562754e-09
6.541552973266232884e-09
6.531391122949358123e-09
6.521252124090035825e-09
6.511139636294821840e-09
6.501045086649708673e-09
6.490975677899869534e-09
6.480940717068776373e-09
6.470918219649428196e-09
6.460922956603250654e-09
6.450955799417376296e-09
6.441007019666387133e-09
6.431084542724948465e-09
6.421180588624767451e-09
6.411310871592934595e-09
6.401452720424661058e-09
6.391616827207040422e-09
6.381813249811103082e-09
6.372039518315595351e-09
6.362285385534574958e-09
6.352552406947695404e-09
6.342844184337087033e-09
6.333154132502783202e-09
6.323481457109724290e-09
6.313846727159301076e-09
6.304222772150098947e-09
6.294619034328056234e-09
6.285044884576617723e-09
6.275489575714673376e-09
6.265955361761449837e-09
6.256439536387672874e-09
6.246953520646311975e-09
6.237481309420517894e-09
6.228028408578512657e-09
6.218602117742970226e-09
6.209203907828962603e-09
6.199827849086769257e-09
6.190469636770067822e-09
6.181134405664962857e-09
6.171817970032630774e-09
6.162515922719900090e-09
6.153245278694108966e-09
6.143992328719171863e-09
6.134752679779309125e-09
6.125539944383813710e-09
6.116350457285850693e-09
6.107174485015062274e-09
6.098021309527358349e-09
6.088887323134987333e-09
6.079779072720219905e-09
6.070682163406889428e-09
6.061602973204305406e-09
6.052553230808333992e-09
6.043530612961030463e-09
6.034523130467702443e-09
6.025534197072541710e-09
6.016565948700470294e-09
6.007614600601308521e-09
5.998677230100674163e-09
5.989773874696985214e-09
5.980881139513532849e-09
5.972003395771434410e-09
5.963151378906383659e-09
5.954319956837027598e-09
5.945501745745838992e-09
5.936704616282988941e-09
5.927928413688809016e-09
5.919171666316897814e-09
5.910427925311593136e-09
5.901700284016940021e-09
5.893002110670759838e-09
5.884329147809005171e-09
5.875668903738795466e-09
5.867026588833637351e-09
5.858403474952084142e-09
5.849795874123729663e-09
5.841202187138257091e-09
5.832640952817493515e-09
5.824089301843140467e-09
5.815551846060201621e-09
5.807038803320697821e-09
5.798545415715629461e-09
5.790063458951333783e-09
5.781602874283379166e-09
5.773160639436115013e-09
5.764738281483319588e-09
5.756327651274469212e-09
5.747932063876634154e-09
5.739562500618787295e-09
5.731218841174673178e-09
5.722887474996531937e-09
5.714572479017369744e-09
5.706276451475233994e-09
5.697995457876978103e-09
5.689726787788385319e-09
5.681487324159667182e-09
5.673260812764584846e-09
5.665045751479250693e-09
5.656853987043280695e-09
5.648681395179497458e-09
5.640519521005438252e-09
5.632379682896703130e-09
5.624253134315592723e-09
5.616150926100569775e-09
5.608057652791096650e-09
5.599980743349001513e-09
5.591923549051226479e-09
5.583890363198078967e-09
5.575876523635423832e-09
5.567875332583230551e-09
5.559891195942249673e-09
5.551923251726428711e-09
5.543967358545028244e-09
5.536030798002115430e-09
5.528119765631590263e-09
5.520217418924325516e-09
5.512329233372368427e-09
5.504464039231381335e-09
5.496614905687439964e-09
5.488777519135414547e-09
5.480960177560832597e-09
5.473158996795287075e-09
5.465376737149198074e-09
5.457604693793216878e-09
5.449846804123055260e-09
5.442111799511127255e-09
5.434400616619839793e-09
5.426702815578001256e-09
5.419018763567709004e-09
5.411352316060478639e-09
5.403699730021053918e-09
5.396058980222848332e-09
5.388440223565392669e-09
5.380840748520613978e-09
5.373250377116665382e-09
5.365676498452523068e-09
5.358123101033675765e-09
5.350583639626229369e-09
5.343057322791207661e-09
5.335548922358309703e-09
5.328057165147745613e-09
5.320582168583833491e-09
5.313117425868824149e-09
5.305666181153786553e-09
5.298237245921128610e-09
5.290830617823516055e-09
5.283436941158008731e-09
5.276056392908263144e-09
5.268692668025675423e-09
5.261342628247614854e-09
5.254003315583656402e-09
5.246683542633931639e-09
5.239384910208961446e-09
5.232094605043671427e-09
5.224817732058089653e-09
5.217561526868828884e-09
5.210320623036716644e-09
5.203089864877972443e-09
5.195877337264026289e-09
5.188678621668316558e-09
5.181499553778430143e-09
5.174327862554127596e-09
5.167171067958065433e-09
5.160032567626617495e-09
5.152914139168864616e-09
5.145813198856323773e-09
5.138723107624499214e-09
5.131647324182382145e-09
5.124587014937824992e-09
5.117538169190354382e-09
5.110500566626703217e-09
5.103490341597063652e-09
5.096487878663857754e-09
5.089495192626732021e-09
5.082522073825581561e-09
5.075565318000918200e-09
5.068618476693097419e-09
5.061688438634109950e-09
5.054770127275373220e-09
5.047870589427167711e-09
5.040982676541243576e-09
5.034105893613112294e-09
5.027240818340022668e-09
5.020397640455590387e-09
5.013574370624670993e-09
5.006761841235934512e-09
4.999961327133535144e-09
4.993176295095934397e-09
4.986403632669813011e-09
4.979640649149867795e-09
4.972893805737450615e-09
4.966168208294261050e-09
4.959449333305562191e-09
4.952741578136162324e-09
4.946051881985014677e-09
4.939377912706545669e-09
4.932711714281318091e-09
4.926062904663098293e-09
4.919423890468265823e-09
4.912804848887555945e-09
4.906193370232606818e-09
4.899593796644540610e-09
4.893005931892536412e-09
4.886439265273192802e-09
4.879890220435747101e-09
4.873350838826528856e-09
4.866823422500668204e-09
4.860310684180865572e-09
4.853809175122850340e-09
4.847316511011867845e-09
4.840839357981461806e-09
4.834382095470109835e-09
4.827931277995505846e-09
4.821490675896291834e-09
4.815067313013552365e-09
4.808658610322102920e-09
4.802257186915737159e-09
4.795872082482300016e-09
4.789496314060201930e-09
4.783138281691556515e-09
4.776789288784495669e-09
4.770450470557982155e-09
4.764122295216401070e-09
4.757813636101384258e-09
4.751521991474196449e-09
4.745240954173496288e-09
4.738970546584371894e-09
4.732712951541276946e-09
4.726467152137459143e-09
4.720230679726677682e-09
4.714004077523317884e-09
4.707800770290209426e-09
4.701603531127549938e-09
4.695413668722240907e-09
4.689240822595429888e-09
4.683081462338613107e-09
4.676931577839694070e-09
4.670793119681456882e-09
4.664666457653300318e-09
4.658552462547999188e-09
4.652453653898153903e-09
4.646360325425620997e-09
4.640278772575072522e-09
4.634211209858126612e-09
4.628159357556120847e-09
4.622123344852122927e-09
4.616094810834412708e-09
4.610076949519969851e-09
4.604072520386521505e-09
4.598077928807755207e-09
4.592091102622033450e-09
4.586119313165590743e-09
4.580163379270853311e-09
4.574213487560859133e-09
4.568272661630327331e-09
4.562347314961119409e-09
4.556434756054705674e-09
4.550528884403616321e-09
4.544637015770523883e-09
4.538754159245376558e-09
4.532885330599153520e-09
4.527027123918954911e-09
4.521175948129782112e-09
4.515334682097882774e-09
4.509509337724721055e-09
4.503698334913037877e-09
4.497900473220754452e-09
4.492110145463630013e-09
4.486330045232952103e-09
4.480562207860694841e-09
4.474803633081583756e-09
4.469051931515296969e-09
4.463315885074548020e-09
4.457593512888122028e-09
4.451877220263297543e-09
4.446169435227163057e-09
4.440476416455078328e-09
4.434795427379920444e-09
4.429120481185980307e-09
4.423458639964492533e-09
4.417805534445410691e-09
4.412165259946776360e-09
4.406535810874688194e-09
4.400912280118641355e-09
4.395299029386014780e-09
4.389699265932646743e-09
4.384113098204424390e-09
4.378541103332694969e-09
4.372975291241685199e-09
4.367419264053656300e-09
4.361875397464590112e-09
4.356339700946824203e-09
4.350810762012054250e-09
4.345293619539216549e-09
4.339794764497974152e-09
4.334299965517461406e-09
4.328811866482104586e-09
4.323338060069522178e-09
4.317875661669526015e-09
4.312421087427336339e-09
4.306975270026312793e-09
4.301540959600765570e-09
4.296115601338949494e-09
4.290704777604132437e-09
4.285298255985451552e-09
4.279901456927285379e-09
4.274512677924727820e-09
4.269139621810016316e-09
4.263781218282123288e-09
4.258430103784446198e-09
4.253087264254342544e-09
4.247753954196438163e-09
4.242430636028878923e-09
4.237115820843757660e-09
4.231807370069463070e-09
4.226515305171225221e-09
4.221232438195758635e-09
4.215955578648309688e-09
4.210687019553868848e-09
4.205431660091940686e-09
4.200187236407896079e-09
4.194948050064540430e-09
4.189720742625083597e-09
4.184501532951017465e-09
4.179293128710124367e-09
4.174095913760340388e-09
4.168903071490851785e-09
4.163719814490926450e-09
4.158546431061991438e-09
4.153386799879501373e-09
4.148240593859158291e-09
4.143100591589532842e-09
4.137969076741239225e-09
4.132847341608949001e-09
4.127734287783424436e-09
4.122628539090373438e-09
4.117529457334879096e-09
4.112447209941971605e-09
4.107372137222205569e-09
4.102303088296323199e-09
4.097242193849963107e-09
4.092194042790906886e-09
4.087156204369621090e-09
4.082123048507432100e-09
4.077101189881659447e-09
4.072086891319046760e-09
4.067082931132125299e-09
4.062090030974137013e-09
4.057101088098223756e-09
4.052121288313245163e-09
4.047150061611114038e-09
4.042192399287242472e-09
4.037247868163530119e-09
4.032309546947424332e-09
4.027379012954406395e-09
4.022457161120704359e-09
4.017544199625050877e-09
4.012638789805934430e-09
4.007738940678667665e-09
4.002852934481634894e-09
3.997977814246740143e-09
3.993107405690431111e-09
3.988243270067528709e-09
3.983391382137390220e-09
3.978549281558487038e-09
3.973713675199686213e-09
3.968885576204361910e-09
3.964067562727624585e-09
3.959256412317568758e-09
3.954458826897780264e-09
3.949665118030941473e-09
3.944879097800704855e-09
3.940099703581683345e-09
3.935333524821435883e-09
3.930578074124181678e-09
3.925833167632721723e-09
3.921093358695269643e-09
3.916361163149354634e-09
3.911639251086586641e-09
3.906924278293748109e-09
3.902215453637497783e-09
3.897513545029121813e-09
3.892827905466539959e-09
3.888146730512235494e-09
3.883470748505382512e-09
3.878803299133894442e-09
3.874146881741092420e-09
3.869499911352758083e-09
3.864857194863431080e-09
3.860224424344862510e-09
3.855598520220314414e-09
3.850981513035327448e-09
3.846375580161341853e-09
3.841772755034867348e-09
3.837177939530266985e-09
3.832589383529449420e-09
3.828014517763492812e-09
3.823450339738615404e-09
3.818894041890150339e-09
3.814343401475513745e-09
3.809799977175762332e-09
3.805266216865859133e-09
3.800738704893749239e-09
3.796216420505539418e-09
3.791701616863519535e-09
3.787202684019377156e-09
3.782707230773356307e-09
3.778216563712079071e-09
3.773734251845997534e-09
3.769262523463084616e-09
3.764799524622132647e-09
3.760340370061255265e-09
3.755890546252620065e-09
3.751447375826048096e-09
3.747012413824199955e-09
3.742588420126387398e-09
3.738167291730691644e-09
3.733753637411406037e-09
3.729345798190118950e-09
3.724950562369657861e-09
3.720564749279921996e-09
3.716188070964016604e-09
3.711815898302323509e-09
3.707451040314530189e-09
3.703094908978676410e-09
3.698744983133898080e-09
3.694400907809699049e-09
3.690062197304289369e-09
3.685737199889330337e-09
3.681418511061795578e-09
3.677104512098813309e-09
3.672796103208170759e-09
3.668498149216539737e-09
3.664208412961460712e-09
3.659924337380387460e-09
3.655645963011919376e-09
3.651376934467794428e-09
3.647112967966278059e-09
3.642859893607035313e-09
3.638612186333908793e-09
3.634368877580179596e-09
3.630132951466462460e-09
3.625904921093381455e-09
3.621686869761380775e-09
3.617479598106500942e-09
3.613277414040981190e-09
3.609081376727865461e-09
3.604891518281086940e-09
3.600709776524859067e-09
3.596534212959493543e-09
3.592362936714824959e-09
3.588198888317983122e-09
3.584049006344608823e-09
3.579901680429323749e-09
3.575758643156622347e-09
3.571623061541211294e-09
3.567496937202022237e-09
3.563378626294634159e-09
3.559264139946221894e-09
3.555156923199034460e-09
3.551057076888686021e-09
3.546962836712352620e-09
3.542879675224267660e-09
3.538799658779327871e-09
3.534724941962950521e-09
3.530656115329416044e-09
3.526596457872303437e-09
3.522545605558794589e-09
3.518504753512221354e-09
3.514468479428157650e-09
3.510438177344273247e-09
3.506414037147099043e-09
3.502397095746191987e-09
3.498385981309220356e-09
3.494378709131105833e-09
3.490378658625630648e-09
3.486392229186315460e-09
3.482408071380709672e-09
3.478428029546820069e-09
3.474454718937049407e-09
3.470490644457319427e-09
3.466533726060756121e-09
3.462580680434188737e-09
3.458634030399902163e-09
3.454695164566597830e-09
3.450760997083184238e-09
3.446836956193255433e-09
3.442917192880688362e-09
3.439001253665658536e-09
3.435091897231649167e-09
3.431189198077631192e-09
3.427295991273193573e-09
3.423412641232619926e-09
3.419534207264309004e-09
3.415660591422056765e-09
3.411792586530129140e-09
3.407932459198138182e-09
3.404077226855508016e-09
3.400226715657726357e-09
3.396380972242294518e-09
3.392547018724625424e-09
3.388718559978642253e-09
3.384893941736791900e-09
3.381073366537886529e-09
3.377261926659728565e-09
3.373457329586279773e-09
3.369658879570283910e-09
3.365863491205506796e-09
3.362076896536708388e-09
3.358294571606524833e-09
3.354519219234652743e-09
3.350752463618160411e-09
3.346987789053185204e-09
3.343229337268797889e-09
3.339475270665816651e-09
3.335730829840267489e-09
3.331993501554482132e-09
3.328265128391227742e-09
3.324540383809352646e-09
3.320821114407504402e-09
3.317107388425894413e-09
3.313400251027091794e-09
3.309698400588492025e-09
3.306000073447134231e-09
3.302307627018795509e-09
3.298627463700816472e-09
3.294949842664194682e-09
3.291276456036706143e-09
3.287607821829011096e-09
3.283947536721512882e-09
3.280293809677899040e-09
3.276645048292882773e-09
3.272999875933377917e-09
3.269363217071296567e-09
3.265730257172370729e-09
3.262104241659625405e-09
3.258486018358156124e-09
3.254869768120422268e-09
3.251259401451740868e-09
3.247653113965603994e-09
3.244056286502975549e-09
3.240466213209325068e-09
3.236884510381459431e-09
3.233306325642303204e-09
3.229733379640442304e-09
3.226165595195363681e-09
3.222604216403797337e-09
3.219047578425257740e-09
3.215494505286004042e-09
3.211946555407001312e-09
3.208410172156008857e-09
3.204877247240907378e-09
3.201348052573937614e-09
3.197822594597481202e-09
3.194305362866580676e-09
3.190794245342950415e-09
3.187288795396788790e-09
3.183785892645755715e-09
3.180290981590592432e-09
3.176799955182049566e-09
3.173314754364847982e-09
3.169838135527525285e-09
3.166363688554090678e-09
3.162893590223558062e-09
3.159428371913694853e-09
3.155969693615304408e-09
3.152518629783791206e-09
3.149076224529359546e-09
3.145638064351335582e-09
3.142203668131347894e-09
3.138774129808716036e-09
3.135351258830017711e-09
3.131932686148803972e-09
3.128518586482077775e-09
3.125107825388706548e-09
3.121704754956474036e-09
3.118310726887640615e-09
3.114918548826681303e-09
3.111529511003219532e-09
3.108146387651823367e-09
3.104770731918863772e-09
3.101400725697309416e-09
3.098034469616969634e-09
3.094672107143556454e-09
3.091316997963650394e-09
3.087965272507384469e-09
3.084619957611321875e-09
3.081281473522825399e-09
3.077944619520951301e-09
3.074613265885172137e-09
3.071285490858981177e-09
3.067965899478899004e-09
3.064652264871436092e-09
3.061346660123030286e-09
3.058044380811475750e-09
3.054746532064864569e-09
3.051452794198413168e-09
3.048165700589937463e-09
3.044882488227976120e-09
3.041603357892452157e-09
3.038327404967581253e-09
3.035059637085732801e-09
3.031799372484920974e-09
3.028541063040254917e-09
3.025285647806081540e-09
3.022036175926929971e-09
3.018793692821171622e-09
3.015556483895473827e-09
3.012322810325792634e-09
3.009092814653482694e-09
3.005869800273841472e-09
3.002649848637885946e-09
2.999435835013796846e-09
2.996228746021103797e-09
2.993023217855144187e-09
2.989822400401964139e-09
2.986625349463726629e-09
2.983435180629425532e-09
2.980251225916758379e-09
2.977075050034570665e-09
2.973902644219617889e-09
2.970733646126290509e-09
2.967568972687666646e-09
2.964410250879811406e-09
2.961255447398851532e-09
2.958104728485551546e-09
2.954956869274518984e-09
2.951814600075662400e-09
2.948682607799831962e-09
2.945551782280308747e-09
2.942424343108762453e-09
2.939300684677896309e-09
2.936183905811061770e-09
2.933072305456096136e-09
2.929965460829134006e-09
2.926860751453088117e-09
2.923762553252676238e-09
2.920668131187492371e-09
2.917577848447215631e-09
2.914495486044992844e-09
2.911415712645821127e-09
2.908338466107601453e-09
2.905266249033141134e-09
2.902197476167149144e-09
2.899137152029628565e-09
2.896081941215568535e-09
2.893033212069721612e-09
2.889987058882504220e-09
2.886945264199443585e-09
2.883907255378972069e-09
2.880875009172512901e-09
2.877846242956634826e-09
2.874820995079705668e-09
2.871798742769007491e-09
2.868783912878937125e-09
2.865775900641880925e-09
2.862769513128765709e-09
2.859765766413824955e-09
2.856767016514285519e-09
2.853774576422039661e-09
2.850786934583953723e-09
2.847803011229977449e-09
2.844821494298012600e-09
2.841846538601318190e-09
2.838874445241500746e-09
2.835906956054556188e-09
2.832946703844377324e-09
2.829988367515880712e-09
2.827032696379305492e-09
2.824081859580289432e-09
2.821134337301628125e-09
2.818194822839124294e-09
2.815260138024267380e-09
2.812331524137148481e-09
2.809405257428093332e-09
2.806483116776926987e-09
2.803564470317573293e-09
2.800651470798043149e-09
2.797741676287447495e-09
2.794835284161416521e-09
2.791931498752098326e-09
2.789034170666523112e-09
2.786144402340514795e-09
2.783255861926026701e-09
2.780370179493128082e-09
2.777488405884903674e-09
2.774612702399501060e-09
2.771741580233019045e-09
2.768874715622736500e-09
2.766009679552328474e-09
2.763150139418399096e-09
2.760294519028132741e-09
2.757442386891434619e-09
2.754596778092194055e-09
2.751754596801617191e-09
2.748914199387568158e-09
2.746078300739844783e-09
2.743245173172105925e-09
2.740418920139549175e-09
2.737597316646893717e-09
2.734782414569568757e-09
2.731970593380657353e-09
2.729161576011029567e-09
2.726356353635909355e-09
2.723555932769435760e-09
2.720758929833452572e-09
2.717965818317962826e-09
2.715174812203720786e-09
2.712387844412867402e-09
2.709609392409185956e-09
2.706833828358617393e-09
2.704060602890928466e-09
2.701289419440185447e-09
2.698523616006034823e-09
2.695763414592385885e-09
2.693007454839271284e-09
2.690254287904197062e-09
2.687503638331278668e-09
2.684759034422598654e-09
2.682016644646807170e-09
2.679278516656185549e-09
2.676547030299946061e-09
2.673817302778845174e-09
2.671089836055685447e-09
2.668366746914291396e-09
2.665646380911565232e-09
2.662933200101591647e-09
2.660224127092916890e-09
2.657521106070201315e-09
2.654820573275842843e-09
2.652123202195570120e-09
2.649429040296628916e-09
2.646739816835807434e-09
2.644053614037595891e-09
2.641371006815964378e-09
2.638690400126577905e-09
2.636013853962486991e-09
2.633345403734162524e-09
2.630679312220364404e-09
2.628015529033957198e-09
2.625353681744577360e-09
2.622697000150483516e-09
2.620045566318095615e-09
2.617398112675914946e-09
2.614753453344905146e-09
2.612110934063072080e-09
2.609474125000077091e-09
2.606839657695966780e-09
2.604208886635482422e-09
2.601584498297763435e-09
2.598962189246894986e-09
2.596341695049916993e-09
2.593725403805038757e-09
2.591111483639256519e-09
2.588503852082717834e-09
2.585900333540131557e-09
2.583302901676232766e-09
2.580708329807436985e-09
2.578115933965988223e-09
2.575527285356491993e-09
2.572942459839202094e-09
2.570361262626882881e-09
2.567783363353367946e-09
2.565207770833320224e-09
2.562634886248718901e-09
2.560068276761548219e-09
2.557507069273317456e-09
2.554947029194118002e-09
2.552389388037324246e-09
2.549835064084115221e-09
2.547285949008481090e-09
2.544740579093276606e-09
2.542199403549570545e-09
2.539659527811261975e-09
2.537123512291062145e-09
2.534592256257348701e-09
2.532063101381130851e-09
2.529538264463709402e-09
2.527018687675949611e-09
2.524500128598148973e-09
2.521984265526711687e-09
2.519472097425759789e-09
2.516962729824126847e-09
2.514460007421464890e-09
2.511960895375589665e-09
2.509466971110120187e-09
2.506975206910664382e-09
2.504486411170019510e-09
2.502000470902738670e-09
2.499518933065673272e-09
2.497040068969514103e-09
2.494564524530443803e-09
2.492090856239906523e-09
2.489620360951344023e-09
2.487156693526892434e-09
2.484696747673541406e-09
2.482238241679057032e-09
2.479781666733209079e-09
2.477328851988764508e-09
2.474880879103211549e-09
2.472436512591389106e-09
2.469995832102160191e-09
2.467556449689897653e-09
2.465120886861830506e-09
2.462689684690499253e-09
2.460260485981426978e-09
2.457835397110531608e-09
2.455415438454554204e-09
2.452996450845056206e-09
2.450579881369362259e-09
2.448166897123088245e-09
2.445756360896078510e-09
2.443352158927509000e-09
2.440951248887909349e-09
2.438555616628744591e-09
2.436162182622989085e-09
2.433771100784682866e-09
2.431382984070906491e-09
2.428998655035901389e-09
2.426617303161626172e-09
2.424239142073746956e-09
2.421863029510374635e-09
2.419489246955982434e-09
2.417120855341689500e-09
2.414757889097527705e-09
2.412395717485510342e-09
2.410035936629512171e-09
2.407678399092924504e-09
2.405325750280615952e-09
2.402976505504540832e-09
2.400631447582480141e-09
2.398287865091814876e-09
2.395946696254867776e-09
2.393610460772758695e-09
2.391275891159831431e-09
2.388944561131419988e-09
2.386618762289601642e-09
2.384294810808633948e-09
2.381972248353152562e-09
2.379653179106747352e-09
2.377336192926461369e-09
2.375023593663476228e-09
2.372715395099659870e-09
2.370412186655903917e-09
2.368112184785006782e-09
2.365813779685114682e-09
2.363518553986016359e-09
2.361225661642577029e-09
2.358937016690028181e-09
2.356650613194061313e-09
2.354366978042883843e-09
2.352084914926866154e-09
2.349806035885006320e-09
2.347533416127579184e-09
2.345263835605864353e-09
2.342995566356504103e-09
2.340729155649399337e-09
2.338465846907571644e-09
2.336206928594546018e-09
2.333951108016085027e-09
2.331699095888273612e-09
2.329448099240624902e-09
2.327200090905496186e-09
2.324956412852874109e-09
2.322714243360507682e-09
2.320475381513460448e-09
2.318241726538459347e-09
2.316009515854696112e-09
2.313778754618557016e-09
2.311551385507529705e-09
2.309325946261129029e-09
2.307104862447193331e-09
2.304887724214885231e-09
2.302675380633523000e-09
2.300466155502008420e-09
2.298258431065769816e-09
2.296053671303574770e-09
2.293851110903048043e-09
2.291652619099873358e-09
2.289456173824095853e-09
2.287262510206822898e-09
2.285070486229488422e-09
2.282881031539476299e-09
2.280697016252784717e-09
2.278517132469505472e-09
2.276338061191447443e-09
2.274161027408638945e-09
2.271986063109669660e-09
