1.255543398952178717e-11
1.591382575825266447e-11
1.971852749840262756e-11
2.396918340848822634e-11
2.866173891119754393e-11
3.378890960259353215e-11
3.934059593826916355e-11
4.530392349917616152e-11
5.166385400413545808e-11
5.840329657820272761e-11
6.550345616378937209e-11
7.294400644243870311e-11
8.070334957747921740e-11
8.875900024288101414e-11
9.708766733017146948e-11
1.056654624773589388e-10
1.144682449066334955e-10
1.234713150631378215e-10
1.326502884988588888e-10
1.419806831558244103e-10
1.514381611728334574e-10
1.609991220732173332e-10
1.706405997973969228e-10
1.803400387367835270e-10
1.900757660922898105e-10
1.998277098776894098e-10
2.095761300907317260e-10
2.193027908108645553e-10
2.289911260482851621e-10
2.386249378490063925e-10
2.481904002477549362e-10
2.576743290020062346e-10
2.670651389880308066e-10
2.763531310486018358e-10
2.855288496649318719e-10
2.945861081242560372e-10
3.035177269382557128e-10
3.123204581273309166e-10
3.209902992172838996e-10
3.295259721995098888e-10
3.379265313617232745e-10
3.461928393487473203e-10
3.543266831512848045e-10
3.623304975126030502e-10
3.702089415480163418e-10
3.779663701662499127e-10
3.856083082138176120e-10
3.931415865402769689e-10
4.005731054254174075e-10
4.079106543695103356e-10
4.151628151292125076e-10
4.223380298860328379e-10
4.294452301630017818e-10
4.364946142685680166e-10
4.434955257914089690e-10
4.504572162900723464e-10
4.573906315584069543e-10
4.643053942824463398e-10
4.712106888298496694e-10
4.781169289466017985e-10
4.850337242426651510e-10
4.919696303384361023e-10
4.989341400380336498e-10
5.059362237433005278e-10
5.129835877388150321e-10
5.200839732545584890e-10
5.272447460572764861e-10
5.344729182086377058e-10
5.417746480458032927e-10
5.491542875922925040e-10
5.566176810207463475e-10
5.641690930308811743e-10
5.718117369268856885e-10
5.795480612269005179e-10
5.873801604316459857e-10
5.953099280885696347e-10
6.033371163187734070e-10
6.114615876488099631e-10
6.196821694409731683e-10
6.279977755396208024e-10
6.364051319400655790e-10
6.449009668054951608e-10
6.534810730450215220e-10
6.621407099105300868e-10
6.708745385930589807e-10
6.796768210267257072e-10
6.885400775109123386e-10
6.974561981233714329e-10
7.064181292289984653e-10
7.154176410609718690e-10
7.244444612536935971e-10
7.334896017923295684e-10
7.425428162781355252e-10
7.515935736325345717e-10
7.606323525355141455e-10
7.696478438160910690e-10
7.786270667155244937e-10
7.875609319138398469e-10
7.964377588769870731e-10
8.052456982678376406e-10
8.139742163528957596e-10
8.226097057066824672e-10
8.311437565387581476e-10
8.395649727805001687e-10
8.478614218896747990e-10
8.560248523730653745e-10
8.640431554897032673e-10
8.719083058035835676e-10
8.796093375494087605e-10
8.871416683768723849e-10
8.944932019408035999e-10
9.016582772897288226e-10
9.086320439000635131e-10
9.154037059530831111e-10
9.219726017016505962e-10
9.283312248483134972e-10
9.344776565113982144e-10
9.404069750033177487e-10
9.461187931241360865e-10
9.516096519592265776e-10
9.568795117615681723e-10
9.619278312135801039e-10
9.667563072054823645e-10
9.713659124963813606e-10
9.757597955315648380e-10
9.799393088505959945e-10
9.839093938954583459e-10
9.876728087642468298e-10
9.912373079403614189e-10
9.946060800263924927e-10
9.977900127441393887e-10
1.000788559979697276e-09
1.003615884568636545e-09
1.006274557314185627e-09
1.008777782930596624e-09
1.011130996317425321e-09
1.013345765702740880e-09
1.015430377596631398e-09
1.017394853253836777e-09
1.019248713390858604e-09
1.021001167966338963e-09
1.022666772709433849e-09
1.024250954332596218e-09
1.025769436885467145e-09
1.027227664555848077e-09
1.028640348942839173e-09
1.030016023861032371e-09
1.031364073974909084e-09
1.032698421313866754e-09
1.034023712806533135e-09
1.035356869053054331e-09
1.036700924604550419e-09
1.038068878751254945e-09
1.039469581457513456e-09
1.040909309528632683e-09
1.042402138749018838e-09
1.043948634452283720e-09
1.045560342266598667e-09
1.047244185828686624e-09
1.049004013591715282e-09
1.050851745579036110e-09
1.052789467917654655e-09
1.054822214501877135e-09
1.056954813776844926e-09
1.059190282045412044e-09
1.061533500947712442e-09
1.063986482629041167e-09
1.066552458169367415e-09
1.069235208092463485e-09
1.072034462892297896e-09
1.074950811767635736e-09
1.077983878164686347e-09
1.081133482067772613e-09
1.084399753710857154e-09
1.087780194547915894e-09
1.091274757408478093e-09
1.094879593541591040e-09
1.098592712524384317e-09
1.102411882943849588e-09
1.106331319044825938e-09
1.110347377368030311e-09
1.114457886597441980e-09
1.118653556560398755e-09
1.122932878740190668e-09
1.127290900852812478e-09
1.131716602561545555e-09
1.136209103537106884e-09
1.140761408539372718e-09
1.145362196599779112e-09
1.150010125970492012e-09
1.154697938412951506e-09
1.159413172512109975e-09
1.164154238225659768e-09
1.168914385087470049e-09
1.173679509416633885e-09
1.178447503358427142e-09
1.183212176768278018e-09
1.187961653024009168e-09
1.192691053162904847e-09
1.197397013764038786e-09
1.202066621316468703e-09
1.206694633109767568e-09
1.211279454129279630e-09
1.215807666932398552e-09
1.220274198479984549e-09
1.224677438297707096e-09
1.229009218232450604e-09
1.233262347435067049e-09
1.237433367258274555e-09
1.241518054039779576e-09
1.245508946111501540e-09
1.249404665812732916e-09
1.253202721442534635e-09
1.256895755937424643e-09
1.260481598197110914e-09
1.263960497605298479e-09
1.267328707894080308e-09
1.270579875531523030e-09
1.273715625837533060e-09
1.276736431570315019e-09
1.279639767653184737e-09
1.282424430990984179e-09
1.285092201496397060e-09
1.287643014912709906e-09
1.290074086468230876e-09
1.292388508909213988e-09
1.294587706876255098e-09
1.296672650551627568e-09
1.298647506875534234e-09
1.300512341532733178e-09
1.302267130471459166e-09
1.303918504338415197e-09
1.305469342767689252e-09
1.306919811842589950e-09
1.308274934423495886e-09
1.309541012692291493e-09
1.310719007528446092e-09
1.311811721312672407e-09
1.312826528252928739e-09
1.313767403967174453e-09
1.314635614485115565e-09
1.315435351478993481e-09
1.316176302321689140e-09
1.316863498771397548e-09
1.317496458265507719e-09
1.318080039464414444e-09
1.318623831630760566e-09
1.319133707234704976e-09
1.319607671958349188e-09
1.320053604698351258e-09
1.320477880609807515e-09
1.320886395754067922e-09
1.321276966452401186e-09
1.321658257344961441e-09
1.322037059008860041e-09
1.322418734453054861e-09
1.322800319742503846e-09
1.323190423764064354e-09
1.323593931756436872e-09
1.324016193379869423e-09
1.324454012824050640e-09
1.324915612208682765e-09
1.325403371652672445e-09
1.325921443948125321e-09
1.326469862382112730e-09
1.327052172508820426e-09
1.327671694531965523e-09
1.328329356914801754e-09
1.329033158973617261e-09
1.329777252978894402e-09
1.330564273955502623e-09
1.331399620364037365e-09
1.332283944595892048e-09
1.333216732322073188e-09
1.334194992087570621e-09
1.335226293323569893e-09
1.336307708460535655e-09
1.337437612926332764e-09
1.338620385122939340e-09
1.339850292560331959e-09
1.341128437406384267e-09
1.342459342517264347e-09
1.343837007294521658e-09
1.345259873682591962e-09
1.346728410107238705e-09
1.348242222620055561e-09
1.349800287056300651e-09
1.351400141144135864e-09
1.353037670866373955e-09
1.354712179969873214e-09
1.356425250709532135e-09
1.358172568740900979e-09
1.359952394354259037e-09
1.361757671941841459e-09
1.363591571787165907e-09
1.365452081574868999e-09
1.367336635474070401e-09
1.369238690036138565e-09
1.371160071855860510e-09
1.373094618652739675e-09
1.375046846866007824e-09
1.377009458135536613e-09
1.378978949637967246e-09
1.380954690715580588e-09
1.382933218901505566e-09
1.384915202800537352e-09
1.386900916165121819e-09
1.388877709593160107e-09
1.390848271571859013e-09
1.392813183118836494e-09
1.394768658244972507e-09
1.396717463228185631e-09
1.398645378608091209e-09
1.400559601142553816e-09
1.402458812278545519e-09
1.404338464662117212e-09
1.406202729555986741e-09
1.408038864760301918e-09
1.409853243366178007e-09
1.411645053757232863e-09
1.413410331827876011e-09
1.415153526490284476e-09
1.416862634926283172e-09
1.418543561856148712e-09
1.420194916177157741e-09
1.421814698440906741e-09
1.423407096735628963e-09
1.424963053178845322e-09
1.426487585627484322e-09
1.427977417571494036e-09
1.429435160557049404e-09
1.430861722647145019e-09
1.432252519058901675e-09
1.433611087557772476e-09
1.434933115291541510e-09
1.436221931180424313e-09
1.437479453343103089e-09
1.438702826191961137e-09
1.439893175253790858e-09
1.441049778339698744e-09
1.442173125451627336e-09
1.443263538325115482e-09
1.444324250411162885e-09
1.445354282791807170e-09
1.446352252847889345e-09
1.447320289335333258e-09
1.448259627052813718e-09
1.449169920542575398e-09
1.450054653535986814e-09
1.450913080267521767e-09
1.451746482003553154e-09
1.452552298387151064e-09
1.453335078378318480e-09
1.454096607027523334e-09
1.454836425563854293e-09
1.455555800825669138e-09
1.456254993024797988e-09
1.456936062445138820e-09
1.457596602442418846e-09
1.458243846959910770e-09
1.458875398599897566e-09
1.459495582025410804e-09
1.460098682808081173e-09
1.460690937773260292e-09
1.461269841769390586e-09
1.461843265168537591e-09
1.462407869931646698e-09
1.462964801685999190e-09
1.463513849382748348e-09
1.464056217211577591e-09
1.464593921805733100e-09
1.465129436578183217e-09
1.465662879107688934e-09
1.466195059754641356e-09
1.466725408698801041e-09
1.467252392726491908e-09
1.467782046119620787e-09
1.468312588326258789e-09
1.468846891004487553e-09
1.469383670350805807e-09
1.469923039264117508e-09
1.470463178287873452e-09
1.471009798255185136e-09
1.471561143466599739e-09
1.472119449480293081e-09
1.472683874816015924e-09
1.473253866751682960e-09
1.473827997129526369e-09
1.474410419289576229e-09
1.475000389527640428e-09
1.475598505473770602e-09
1.476205131115891287e-09
1.476818776363567841e-09
1.477438958989693736e-09
1.478066947493605422e-09
1.478703728292815581e-09
1.479349217936711807e-09
1.480003496556596143e-09
1.480665601345337570e-09
1.481334823424371252e-09
1.482011229179904430e-09
1.482695846152237630e-09
1.483388845974730512e-09
1.484089377837860017e-09
1.484799130046373123e-09
1.485514392288911413e-09
1.486237753978281868e-09
1.486965587212814394e-09
1.487701713870017961e-09
1.488442233385669777e-09
1.489191231756710146e-09
1.489944348100846322e-09
1.490704392955453613e-09
1.491467690524442711e-09
1.492236978520869540e-09
1.493009646526833515e-09
1.493786677608111476e-09
1.494568383898991463e-09
1.495353142381114397e-09
1.496142679909152523e-09
1.496931948502244662e-09
1.497725336226485467e-09
1.498518326096703968e-09
1.499315105323660222e-09
1.500112376658229985e-09
1.500913062809435326e-09
1.501712615070721403e-09
1.502512358948727249e-09
1.503311815219342834e-09
1.504110037711031870e-09
1.504909176173231283e-09
1.505705422600250974e-09
1.506503454445668535e-09
1.507296856225031436e-09
1.508089210987299108e-09
1.508877915695999882e-09
1.509663933330649217e-09
1.510447877233098177e-09
1.511229112955155189e-09
1.512008023273986968e-09
1.512781100275434353e-09
1.513550281308474428e-09
1.514314061192251200e-09
1.515073084451008719e-09
1.515827681010366512e-09
1.516577954305951459e-09
1.517323205736090653e-09
1.518061921693935510e-09
1.518794205357032557e-09
1.519520382106471035e-09
1.520239694453259362e-09
1.520953235512937430e-09
1.521660812285739487e-09
1.522361706518497377e-09
1.523055738004620703e-09
1.523741963956403626e-09
1.524421358974587471e-09
1.525093041040124665e-09
1.525757588357557340e-09
1.526415472485016484e-09
1.527065194792254809e-09
1.527708269795688702e-09
1.528342712229091684e-09
1.528969806765497288e-09
1.529588990689154916e-09
1.530199716846228272e-09
1.530803765574241032e-09
1.531398945684654560e-09
1.531987815213329970e-09
1.532568315875168517e-09
1.533141372171559671e-09
1.533707210260631222e-09
1.534264833587937517e-09
1.534815985718191794e-09
1.535358511830016483e-09
1.535894479000778495e-09
1.536423545337870945e-09
1.536945285960964812e-09
1.537461482290528628e-09
1.537970421304666096e-09
1.538472613304331990e-09
1.538967731883063979e-09
1.539455770195446186e-09
1.539939292362742055e-09
1.540416542335435928e-09
1.540888333847492321e-09
1.541354813547776800e-09
1.541815033844649403e-09
1.542270366594325865e-09
1.542718796414257093e-09
1.543163227943539238e-09
1.543603368463798469e-09
1.544039354909160366e-09
1.544471225943701121e-09
1.544899548810496259e-09
1.545323104848172107e-09
1.545742566312699061e-09
1.546157865777607540e-09
1.546570611641666478e-09
1.546980463387704911e-09
1.547388176154197996e-09
1.547792916986812503e-09
1.548195680907393844e-09
1.548595301186952438e-09
1.548992200770876416e-09
1.549387234753815282e-09
1.549780531291192211e-09
1.550172937575434880e-09
1.550564277884595298e-09
1.550954209175954653e-09
1.551343711001426544e-09
1.551731109476338175e-09
1.552117608199435135e-09
1.552503765295946493e-09
1.552888950022126334e-09
1.553274700234780951e-09
1.553660357336015351e-09
1.554045803434063402e-09
1.554432097545433168e-09
1.554817303550337958e-09
1.555203104685554573e-09
1.555589778705759562e-09
1.555975920874638714e-09
1.556363726437886134e-09
1.556752322937338643e-09
1.557141564710791709e-09
1.557532286866887749e-09
1.557923096645895204e-09
1.558315092010301487e-09
1.558708368100104546e-09
1.559101354301153214e-09
1.559496001094082233e-09
1.559892263582836678e-09
1.560288361159570248e-09
1.560686086371654205e-09
1.561084653360448932e-09
1.561483741679162976e-09
1.561884193452253837e-09
1.562284998164783228e-09
1.562686911136544296e-09
1.563089620790106987e-09
1.563492485038101336e-09
1.563896299400967387e-09
1.564301099287329313e-09
1.564705926880933037e-09
1.565112293808025886e-09
1.565519041078389214e-09
1.565925634827008703e-09
1.566332729243237552e-09
1.566739802187842932e-09
1.567147240222508297e-09
1.567554980428236661e-09
1.567962704382512966e-09
1.568370758067525047e-09
1.568778786087769699e-09
1.569185893369965796e-09
1.569592525389585249e-09
1.569998248777109849e-09
1.570403194587396252e-09
1.570807511970042452e-09
1.571210967626035870e-09
1.571613443250350935e-09
1.572015148237142272e-09
1.572415573448801918e-09
1.572814434860624283e-09
1.573211987444084867e-09
1.573607353466586035e-09
1.574001589201704941e-09
1.574393921104543441e-09
1.574784703791400601e-09
1.575174098817267500e-09
1.575561603147805608e-09
1.575946798691191754e-09
1.576330188886421225e-09
1.576711468061471795e-09
1.577090077824762238e-09
1.577466754797171645e-09
1.577840954992303722e-09
1.578212971599694376e-09
1.578583076954001912e-09
1.578950112811124597e-09
1.579314447008685539e-09
1.579676356010628660e-09
1.580035514531155923e-09
1.580391777960236538e-09
1.580745266667538880e-09
1.581095955396922744e-09
1.581443846232883272e-09
1.581789282968557526e-09
1.582131247480269074e-09
1.582470196395538848e-09
1.582806503290307298e-09
1.583140107070007000e-09
1.583470279188365129e-09
1.583797587429102460e-09
1.584122312067811177e-09
1.584443858698127928e-09
1.584762539047367892e-09
1.585078092236000760e-09
1.585390793244008436e-09
1.585701061312664268e-09
1.586008387582292982e-09
1.586313008063405208e-09
1.586614792426747120e-09
1.586914240836009649e-09
1.587210943293828228e-09
1.587504619511375781e-09
1.587795602152239665e-09
1.588084002730954363e-09
1.588369908673893178e-09
1.588653494455946609e-09
1.588934846732886500e-09
1.589214022180150573e-09
1.589490692067229849e-09
1.589765209986704669e-09
1.590037398343228391e-09
1.590307124416664348e-09
1.590574587262732995e-09
1.590840174773555081e-09
1.591103612127967382e-09
1.591365489652016723e-09
1.591625729284337827e-09
1.591883665130310081e-09
1.592140260962218845e-09
1.592395174958925638e-09
1.592647878403457399e-09
1.592899047532508505e-09
1.593148492374125113e-09
1.593396665920203928e-09
1.593643487727761250e-09
1.593889274032908343e-09
1.594133970151727526e-09
1.594376938355428918e-09
1.594619146416543321e-09
1.594860192289558832e-09
1.595099583648817132e-09
1.595337969008219801e-09
1.595575317574479613e-09
1.595811553867365671e-09
1.596047166685769036e-09
1.596281894375918343e-09
1.596515958684090867e-09
1.596748893557538906e-09
1.596981245775882246e-09
1.597212931046107747e-09
1.597443331760428489e-09
1.597673121285883868e-09
1.597902295814134342e-09
1.598130488366501152e-09
1.598358331237528428e-09
1.598585618603834815e-09
1.598812144199993640e-09
1.599038033218136251e-09
1.599263554007233889e-09
1.599488359914089807e-09
1.599712353990158362e-09
1.599936014313739004e-09
1.600158922506142324e-09
1.600381092552841813e-09
1.600602882465878389e-09
1.600823986438233953e-09
1.601044486566426247e-09
1.601264302759188770e-09
1.601483661262165019e-09
1.601702383734387747e-09
1.601920263817289744e-09
1.602137722930607220e-09
1.602354358210250337e-09
1.602570266795347151e-09
1.602785547917130920e-09
1.603000073392219765e-09
1.603214011463194579e-09
1.603426996933123643e-09
1.603639444231405245e-09
1.603851243750487087e-09
1.604062083647910447e-09
1.604272241586038519e-09
1.604481682533937798e-09
1.604690221891034468e-09
1.604897704711675984e-09
1.605104596012979922e-09
1.605310476601483971e-09
1.605515397930303775e-09
1.605719510839463627e-09
1.605922784843222051e-09
1.606125152919435351e-09
1.606326399397798725e-09
1.606526953861659285e-09
1.606726401593594452e-09
1.606924528425459415e-09
1.607121557423546269e-09
1.607317545015138554e-09
1.607512218402356821e-09
1.607705626577785264e-09
1.607898049808413388e-09
1.608089145852564090e-09
1.608279120189677024e-09
1.608467790570025678e-09
1.608655159479287792e-09
1.608841395666113357e-09
1.609026161164687292e-09
1.609209644647297258e-09
1.609391918435171392e-09
1.609572924751398267e-09
1.609752350469734853e-09
1.609930799731964002e-09
1.610107880671196685e-09
1.610283479185973771e-09
1.610457864595218486e-09
1.610630779926670863e-09
1.610802538831833622e-09
1.610972774069977186e-09
1.611141704530958739e-09
1.611309543090039791e-09
1.611475971492953823e-09
1.611640829796223028e-09
1.611804795739198079e-09
1.611967244718129312e-09
1.612128321417328337e-09
1.612288119909068369e-09
1.612446438542597936e-09
1.612603574068796355e-09
1.612759129849431388e-09
1.612913367686505162e-09
1.613066391860195960e-09
1.613218054202107432e-09
1.613368032875122950e-09
1.613517015834604628e-09
1.613664545696161273e-09
1.613810726038852881e-09
1.613955341966284831e-09
1.614098647692731493e-09
1.614240685083788900e-09
1.614381348500882769e-09
1.614520753640938197e-09
1.614659083928278167e-09
1.614796222003840858e-09
1.614931950627332667e-09
1.615066544459609215e-09
1.615199961809113269e-09
1.615332356291721822e-09
1.615463095310804385e-09
1.615592763213215445e-09
1.615721334816102996e-09
1.615848808265755287e-09
1.615974961799020559e-09
1.616100286447681216e-09
1.616224623952895486e-09
1.616347936940161753e-09
1.616469881826446831e-09
1.616591130658113546e-09
1.616711346842962942e-09
1.616830334752118406e-09
1.616948226504687171e-09
1.617065090353326814e-09
1.617180970932372315e-09
1.617295730218466663e-09
1.617409451931055964e-09
1.617522278525365514e-09
1.617634248058320936e-09
1.617745005412682581e-09
1.617854737931624304e-09
1.617963702970887004e-09
1.618071674663014160e-09
1.618178364391786033e-09
1.618284175434386461e-09
1.618388896810624712e-09
1.618492756665516408e-09
1.618595506819731492e-09
1.618697442310892797e-09
1.618798557256091806e-09
1.618898787536919645e-09
1.618997931592291220e-09
1.619096288878959069e-09
1.619193792644440374e-09
1.619290509077246212e-09
1.619385993798746160e-09
1.619480708194734907e-09
1.619574595816753090e-09
1.619667624816031019e-09
1.619759636681105966e-09
1.619850927311688395e-09
1.619941526603740007e-09
1.620031310087588999e-09
1.620120020356209275e-09
1.620208099086990244e-09
1.620295395808333859e-09
1.620381946795418703e-09
1.620467358306633606e-09
1.620552143361710578e-09
1.620635871311397570e-09
1.620718934012326574e-09
1.620800856601449181e-09
1.620881997543274105e-09
1.620962327669096843e-09
1.621041833645593101e-09
1.621120332970415406e-09
1.621197902008381601e-09
1.621274795537737796e-09
1.621350783763408486e-09
1.621425697799100824e-09
1.621499743353383497e-09
1.621572861529838838e-09
1.621645136471263989e-09
1.621716353194244928e-09
1.621786645758950916e-09
1.621856211916473144e-09
1.621924796700630066e-09
1.621992584706370670e-09
1.622059137468744169e-09
1.622125159595912768e-09
1.622190139348123736e-09
1.622254331900669878e-09
1.622317344262027404e-09
1.622379626118348416e-09
1.622441069681050781e-09
1.622501561183021772e-09
1.622561061436910741e-09
1.622619723062007479e-09
1.622677686531612535e-09
1.622734731043923458e-09
1.622790749478554615e-09
1.622845921861605596e-09
1.622900352575494209e-09
1.622953961582720690e-09
1.623006480376818610e-09
1.623058112542818586e-09
1.623108835282134012e-09
1.623158677266499279e-09
1.623207591846236562e-09
1.623255391161018688e-09
1.623302445413212701e-09
1.623348522921274988e-09
1.623393856139335853e-09
1.623437910989133814e-09
1.623481300883161159e-09
1.623523750583190197e-09
1.623565396940793883e-09
1.623605809349898996e-09
1.623645395614187119e-09
1.623683955558762428e-09
1.623721696925072682e-09
1.623758375246670722e-09
1.623794038273550025e-09
1.623828925634970964e-09
1.623862903381441044e-09
1.623895967527604075e-09
1.623927873822741601e-09
1.623959074229406771e-09
1.623989414213221239e-09
1.624018834158451077e-09
1.624047114494469460e-09
1.624074559298328952e-09
1.624101129764174606e-09
1.624126884031222956e-09
1.624151629460193557e-09
1.624175425104172086e-09
1.624198439324357133e-09
1.624220721713204273e-09
1.624242113593980087e-09
1.624262422669691471e-09
1.624281990038851921e-09
1.624300803258348921e-09
1.624318818268738014e-09
1.624335745053217249e-09
1.624351770276341506e-09
1.624366975896820238e-09
1.624381179167129639e-09
1.624394714118848360e-09
1.624407085601165421e-09
1.624418763501968714e-09
1.624429608096225274e-09
1.624439690903459787e-09
1.624448880909843754e-09
1.624456956925296143e-09
1.624464520043108379e-09
1.624471129794071054e-09
1.624477050804511779e-09
1.624481693388290649e-09
1.624485698074203919e-09
1.624488729420826302e-09
1.624491020588038599e-09
1.624492339927218987e-09
1.624492747086361437e-09
1.624492528295435055e-09
1.624491463371037617e-09
1.624489554098721194e-09
1.624486625071528170e-09
1.624483003820059328e-09
1.624478737592540386e-09
1.624473562136198495e-09
1.624467414749585172e-09
1.624460388264037276e-09
1.624452671018157811e-09
1.624444096166970246e-09
1.624434723331667902e-09
1.624424416135314057e-09
1.624413376837299681e-09
1.624401673807576559e-09
1.624389195465932066e-09
1.624375960066422524e-09
1.624361630207535465e-09
1.624346815929016946e-09
1.624331178779331429e-09
1.624314850228083932e-09
1.624297491113190770e-09
1.624279353729536420e-09
1.624260480911841722e-09
1.624240668898555717e-09
1.624220265919646835e-09
1.624198810526785536e-09
1.624176682364109246e-09
1.624153847887458892e-09
1.624130226222393369e-09
1.624106020391295040e-09
1.624080561326147593e-09
1.624054714229416744e-09
1.624027968933323799e-09
1.624000688577933165e-09
1.623972288991421774e-09
1.623943159149847850e-09
1.623913214942343423e-09
1.623882591879125367e-09
1.623851148093259235e-09
1.623818778828110713e-09
1.623785643940965388e-09
1.623752003194163435e-09
1.623717543383541407e-09
1.623682306160290125e-09
1.623646087459283344e-09
1.623609289605454578e-09
1.623571907099376243e-09
1.623533652283530931e-09
1.623494597478485035e-09
1.623454580638894810e-09
1.623414045316375500e-09
1.623372620987779421e-09
1.623330544654745013e-09
1.623287564515056572e-09
1.623243802259720786e-09
1.623199372302043877e-09
1.623154268068421518e-09
1.623108356709842302e-09
1.623061634499030388e-09
1.623014019774234165e-09
1.622965944052583578e-09
1.622916986213120056e-09
1.622867429071542008e-09
1.622816769880046269e-09
1.622765506036893548e-09
1.622713458046041588e-09
1.622660554755895641e-09
1.622607053639821688e-09
1.622552563932404406e-09
1.622497402964942186e-09
1.622441597197950208e-09
1.622384999338685517e-09
1.622327865079759673e-09
1.622269596791948222e-09
1.622210780572750698e-09
1.622151252086856551e-09
1.622091071043801988e-09
1.622030171895975475e-09
1.621968151561076928e-09
1.621905583520281743e-09
1.621842184260578255e-09
1.621778264314336531e-09
1.621713417106899940e-09
1.621647717727904694e-09
1.621581355913889030e-09
1.621514522625122185e-09
1.621446857358260669e-09
1.621378525032935421e-09
1.621309168628316047e-09
1.621239361620614862e-09
1.621168969356739542e-09
1.621097732691509369e-09
1.621025791036290421e-09
1.620952888170647188e-09
1.620879528948384676e-09
1.620805288592902310e-09
1.620730423449043566e-09
1.620654799821012242e-09
1.620578254006704546e-09
1.620501110376808604e-09
1.620423315514647433e-09
1.620344820720872370e-09
1.620265658932078326e-09
1.620185472504154318e-09
1.620104736055468729e-09
1.620023418142239498e-09
1.619941278626572892e-09
1.619858542524839302e-09
1.619774686084638268e-09
1.619690361951969403e-09
1.619605214178855571e-09
1.619519335777868904e-09
1.619432831020254135e-09
1.619345427115907313e-09
1.619257392288812690e-09
1.619168775487300294e-09
1.619079389299623000e-09
1.618989479616053954e-09
1.618898683961912834e-09
1.618807067949827572e-09
1.618715035994355344e-09
1.618622177350856618e-09
1.618528903088473881e-09
1.618434518160756502e-09
1.618339545980381862e-09
1.618243815952929151e-09
1.618147488986616924e-09
1.618050528368688054e-09
1.617952756712245412e-09
1.617854218263014529e-09
1.617755147000115885e-09
1.617655587395508906e-09
1.617555252983726167e-09
1.617454323924043336e-09
1.617352415242881019e-09
1.617250138665779362e-09
1.617147306302880843e-09
1.617043686388021277e-09
1.616939499009973424e-09
1.616834351049662243e-09
1.616728756947337013e-09
1.616622471725352955e-09
1.616515425820302096e-09
1.616407816502352820e-09
1.616299348945392377e-09
1.616190254975720985e-09
1.616080561964000653e-09
1.615970213704384091e-09
1.615859195488111083e-09
1.615747524040442743e-09
1.615634860597251980e-09
1.615521834065695596e-09
1.615408182421177161e-09
1.615293809732500468e-09
1.615178774451390886e-09
1.615062747981839005e-09
1.614946301085415802e-09
1.614829072670321503e-09
1.614711172588953867e-09
1.614592673498541797e-09
1.614473333481677909e-09
1.614353434578165197e-09
1.614232953987349104e-09
1.614111829156673656e-09
1.613990061889723459e-09
1.613867766661429692e-09
1.613744392909392909e-09
1.613620741877398530e-09
1.613496395156068747e-09
1.613371482005112853e-09
1.613245959913816653e-09
1.613119415342580044e-09
1.612992433495878370e-09
1.612864754837853510e-09
1.612736550423417721e-09
1.612607686674565322e-09
1.612478083752319898e-09
1.612347799488186796e-09
1.612217048179764590e-09
1.612085804746275365e-09
1.611953869886739613e-09
1.611821387800244798e-09
1.611688004529175774e-09
1.611554225163828482e-09
1.611419987322542462e-09
1.611284991623755895e-09
1.611149514192268652e-09
1.611013204034501875e-09
1.610876315007966936e-09
1.610738922285431697e-09
1.610600714662607278e-09
1.610462077591431623e-09
1.610322746052831766e-09
1.610182589433500058e-09
1.610041903727693712e-09
1.609900707428193373e-09
1.609758860422845548e-09
1.609616449115297429e-09
1.609473321772086944e-09
1.609329320011536000e-09
1.609185024766807413e-09
1.609040090355318168e-09
1.608894511819113108e-09
1.608748341143929473e-09
1.608601203331820618e-09
1.608453655391983532e-09
1.608305463333386331e-09
1.608156559014709952e-09
1.608007139759062337e-09
1.607856983652993012e-09
1.607706218466210832e-09
1.607554853075190950e-09
1.607403013067622483e-09
1.607250519869107816e-09
1.607097518685330500e-09
1.606943771293402640e-09
1.606789296961338552e-09
1.606634522882264250e-09
1.606479011881465269e-09
1.606323087405007243e-09
1.606166396969559034e-09
1.606008900738102339e-09
1.605850995285011055e-09
1.605692447755054999e-09
1.605533383192879216e-09
1.605373732955893192e-09
1.605213395629685874e-09
1.605052436968167643e-09
1.604890970874522440e-09
1.604729085144707863e-09
1.604566612306165452e-09
1.604403597861521676e-09
1.604239845090435105e-09
1.604075484839147445e-09
1.603910817625601243e-09
1.603745510296766373e-09
1.603579690335071865e-09
1.603413284005472478e-09
1.603246026814237655e-09
1.603078428556749377e-09
1.602910239502134913e-09
1.602741349395821289e-09
1.602572058748389142e-09
1.602402088475799959e-09
1.602231403510062543e-09
1.602060220469430680e-09
1.601888584329368634e-09
1.601716343592739833e-09
1.601543598854963805e-09
1.601370235298573877e-09
1.601195983496865190e-09
1.601021477413466914e-09
1.600846447023126296e-09
1.600670754169806556e-09
1.600494642477719552e-09
1.600317645894200301e-09
1.600140134572315880e-09
1.599962139775853849e-09
1.599783399962050483e-09
1.599604254519140646e-09
1.599424476413260435e-09
1.599244016208622285e-09
1.599063074904076626e-09
1.598881608326110799e-09
1.598699668409838588e-09
1.598517095672025478e-09
1.598334089897386200e-09
1.598150341234651201e-09
1.597965989168309328e-09
1.597781350237137228e-09
1.597596052682841127e-09
1.597410297401204753e-09
1.597223944287105647e-09
1.597036781421503085e-09
1.596849250213118215e-09
1.596661164905226882e-09
1.596472529618677461e-09
1.596283461377110032e-09
1.596093751507754186e-09
1.595903407838550932e-09
1.595712577858202311e-09
1.595521383000130969e-09
1.595329681415931307e-09
1.595137416610325539e-09
1.594944708956704357e-09
1.594751216658496542e-09
1.594557318009963481e-09
1.594363079901561715e-09
1.594168218501070580e-09
1.593972969706752296e-09
1.593777099758192936e-09
1.593580459053988455e-09
1.593383520348538442e-09
1.593186046617539711e-09
1.592987886407034516e-09
1.592789411938868648e-09
1.592590341288134498e-09
1.592390557933869643e-09
1.592190345868188759e-09
1.591989726433261550e-09
1.591788540864425299e-09
1.591586842639816507e-09
1.591384766727269719e-09
1.591181882864405258e-09
1.590978492463926939e-09
1.590774838485655152e-09
1.590570556017208308e-09
1.590365806903007981e-09
1.590160613285934705e-09
1.589954523299719156e-09
1.589748112330285527e-09
1.589541191964584561e-09
1.589333620016969121e-09
1.589125695975707327e-09
1.588917173504592964e-09
1.588708044116752945e-09
1.588498462876871108e-09
1.588288363442828938e-09
1.588077895105755032e-09
1.587866869933109350e-09
1.587655374607298951e-09
1.587443362852697082e-09
1.587230563363823557e-09
1.587017556041106199e-09
1.586804114175680366e-09
1.586590041790674562e-09
1.586375614066661989e-09
1.586160507188819893e-09
1.585944801186707102e-09
1.585728759208396757e-09
1.585512194463767961e-09
1.585295154195173449e-09
1.585077665811987280e-09
1.584859626003073259e-09
1.584641006640237374e-09
1.584421954816541181e-09
1.584202560632053874e-09
1.583982716568019638e-09
1.583762353140108965e-09
1.583541597082979609e-09
1.583320177949268553e-09
1.583098264559094192e-09
1.582876107076937336e-09
1.582653404507820379e-09
1.582430243874866077e-09
1.582206725847774772e-09
1.581982446893598386e-09
1.581757746994735614e-09
1.581532689235288694e-09
1.581307001575406491e-09
1.581080876883333042e-09
1.580854412687384880e-09
1.580627345780924478e-09
1.580399710700314053e-09
1.580171670527768247e-09
1.579943299484052755e-09
1.579714375493341546e-09
1.579485010149992033e-09
1.579255324710327494e-09
1.579024891466136546e-09
1.578793984185664213e-09
1.578562870308479371e-09
1.578331184138115928e-09
1.578099041989981925e-09
1.577866578843740591e-09
1.577633353465288604e-09
1.577399698960093204e-09
1.577165662326819716e-09
1.576931080942504175e-09
1.576696090113215279e-09
1.576460649833189882e-09
1.576224714253295557e-09
1.575988219655230691e-09
1.575751286410897050e-09
1.575514033993712818e-09
1.575276373411782665e-09
1.575038178588388296e-09
1.574799599058180279e-09
1.574560512598192075e-09
1.574320771200748525e-09
1.574080840314590049e-09
1.573840530721572498e-09
1.573599636602615858e-09
1.573358429092056646e-09
1.573116638762776410e-09
1.572874245719013468e-09
1.572631584621996353e-09
1.572388476235334807e-09
1.572144868894733976e-09
1.571900948748009010e-09
1.571656473624552541e-09
1.571411529450811265e-09
1.571166194136610973e-09
1.570920394214168483e-09
1.570674287783920478e-09
1.570427797884569176e-09
1.570180802226642716e-09
1.569933449125031136e-09
1.569685443706472391e-09
1.569437100289424930e-09
1.569188509107713053e-09
1.568939409295537649e-09
1.568689887525296893e-09
1.568440052976063525e-09
1.568189532836956443e-09
1.567938610244951006e-09
1.567687394571274013e-09
1.567435644841586697e-09
1.567183413218725666e-09
1.566930924821797142e-09
1.566677962599352853e-09
1.566424415161845306e-09
1.566170558637217659e-09
1.565916296336907136e-09
1.565661647217163681e-09
1.565406565426869632e-09
1.565151198388138992e-09
1.564895381952686745e-09
1.564638839568060645e-09
1.564382093555225099e-09
1.564125054523997315e-09
1.563867479634746242e-09
1.563609595111277812e-09
1.563351373512206075e-09
1.563092413343086852e-09
1.562833145382377803e-09
1.562573507574493067e-09
1.562313393348129500e-09
1.562052932497520508e-09
1.561792108125682280e-09
1.561530790642446870e-09
1.561269002416018812e-09
1.561006856327765835e-09
1.560744314079473730e-09
1.560481521498534998e-09
1.560218305868810558e-09
1.559954648279710835e-09
1.559690651941786861e-09
1.559426027862948030e-09
1.559161097464818146e-09
1.558895960866774293e-09
1.558630385575229651e-09
1.558364347865238046e-09
1.558098015507391114e-09
1.557831154293935651e-09
1.557563808052043797e-09
1.557296227315201633e-09
1.557028245133215254e-09
1.556759791770457683e-09
1.556491078054504826e-09
1.556221887375126551e-09
1.555952290138297003e-09
1.555682299203531422e-09
1.555411907553608517e-09
1.555141269036015853e-09
1.554870247014330152e-09
1.554598788106036992e-09
1.554327048883853186e-09
1.554054821680777228e-09
1.553782063109283476e-09
1.553509147053850750e-09
1.553235910768596046e-09
1.552962178822077203e-09
1.552688179295286062e-09
1.552413801057748099e-09
1.552138772398416472e-09
1.551863515679351545e-09
1.551587937063116680e-09
1.551311873121818456e-09
1.551035406731757780e-09
1.550758710374237159e-09
1.550481599917776902e-09
1.550203987589663186e-09
1.549926112047053727e-09
1.549647831436538483e-09
1.549369252163198655e-09
1.549090295957012653e-09
1.548811000851455529e-09
1.548531453810547982e-09
1.548251313770104510e-09
1.547970752843042732e-09
1.547690060747304244e-09
1.547408949984893419e-09
1.547127442493343206e-09
1.546845772010030551e-09
1.546563582514062347e-09
1.546280818657956627e-09
1.545997899677982299e-09
1.545714529262658385e-09
1.545430777273798267e-09
1.545146798029679353e-09
1.544862447677968295e-09
1.544577670228174274e-09
1.544292496529667365e-09
1.544007006560390326e-09
1.543721162461030982e-09
1.543435133757292793e-09
1.543148772348815013e-09
1.542861938822163612e-09
1.542574859861305094e-09
1.542287335652614768e-09
1.541999368413184830e-09
1.541711266272218872e-09
1.541422904274738227e-09
1.541134065173666410e-09
1.540844967508218740e-09
1.540555506317571368e-09
1.540265539069943433e-09
1.539975301224571043e-09
1.539684817778438721e-09
1.539393951387097942e-09
1.539102686189195026e-09
1.538811206955372121e-09
1.538519310034465519e-09
1.538227057772401478e-09
1.537934465154094462e-09
1.537641525571901660e-09
1.537348365923807640e-09
1.537054848124210049e-09
1.536760991948639869e-09
1.536466874029590589e-09
1.536172364500905450e-09
1.535877344323766962e-09
1.535582138058825277e-09
1.535286713051099122e-09
1.534990896369754687e-09
1.534694715604408688e-09
1.534398318462593798e-09
1.534101475285636592e-09
1.533804167172625511e-09
1.533506691525389655e-09
1.533208896947749845e-09
1.532910626529623657e-09
1.532612113063913214e-09
1.532313343877467071e-09
1.532014216733780724e-09
1.531714673019456353e-09
1.531414912872249373e-09
1.531114770689070867e-09
1.530814398824306034e-09
1.530513704704408852e-09
1.530212673727780354e-09
1.529911470754329034e-09
1.529609850501221829e-09
1.529307701006336825e-09
1.529005477848371295e-09
1.528702965734917899e-09
1.528400039669680299e-09
1.528096925228699287e-09
1.527793567503849879e-09
1.527489665251090388e-09
1.527185436491407481e-09
1.526881008081178541e-09
1.526576204776731406e-09
1.526271102185269196e-09
1.525965829619937070e-09
1.525660182625469050e-09
1.525354202871005773e-09
1.525047875804455031e-09
1.524741279107630280e-09
1.524434404244193034e-09
1.524127373471479188e-09
1.523820054813649188e-09
1.523512337478007713e-09
1.523204414878448491e-09
1.522896151333073312e-09
1.522587449672644747e-09
1.522278640196088934e-09
1.521969631154145333e-09
1.521660262664257987e-09
1.521350560174886596e-09
1.521040661596353939e-09
1.520730399910513227e-09
1.520419738942605601e-09
1.520108937771678692e-09
1.519797857026071090e-09
1.519486404676397539e-09
1.519174682366156760e-09
1.518862759324327604e-09
1.518550481830973759e-09
1.518237894955775360e-09
1.517925042962738629e-09
1.517611864470429903e-09
1.517298501428046740e-09
1.516984828439475050e-09
1.516670889310917946e-09
1.516356718121430842e-09
1.516042234331870294e-09
1.515727321818775522e-09
1.515412156044028932e-09
1.515096836254952449e-09
1.514781264615725145e-09
1.514465326817472352e-09
1.514149190465473658e-09
1.513832778217018301e-09
1.513515880193141101e-09
1.513198758701871927e-09
1.512881449317064278e-09
1.512563843554932077e-09
1.512245842453034404e-09
1.511927689126825682e-09
1.511609274498190562e-09
1.511290544920289058e-09
1.510971497771454938e-09
1.510652272162580921e-09
1.510332699914779022e-09
1.510012959062794225e-09
1.509692950815701511e-09
1.509372624602532002e-09
1.509052167851865948e-09
1.508731440595437924e-09
1.508410185661637435e-09
1.508088818408414366e-09
1.507767317291808306e-09
1.507445431124240104e-09
1.507123308433971038e-09
1.506801096854914706e-09
1.506478499682183033e-09
1.506155460908245283e-09
1.505832303609045125e-09
1.505508865577855880e-09
1.505185137174301099e-09
1.504861198943024976e-09
1.504537109447670418e-09
1.504212684845857361e-09
1.503888007524030352e-09
1.503563044409275113e-09
1.503237858010265687e-09
1.502912435509755765e-09
1.502586890470916694e-09
1.502261111152194271e-09
1.501935016034070591e-09
1.501608752333808376e-09
1.501282221842859117e-09
1.500955307608720265e-09
1.500628259190004190e-09
1.500301074958778086e-09
1.499973650906633861e-09
1.499645917296910562e-09
1.499317999896960936e-09
1.494438584969144782e-09
1.494111538165995161e-09
1.493784266216980026e-09
1.493456863570036666e-09
1.474880862836419571e-09
1.474558690699857746e-09
1.474236345913414007e-09
1.473913822765819814e-09
1.473590997210134017e-09
1.464125136871120109e-09
1.463804746328362515e-09
1.463484077444540035e-09
1.463163246696774520e-09
1.444513680513601264e-09
1.444198193355529332e-09
1.443882470021427931e-09
1.443566554354020195e-09
1.434064740924589329e-09
1.433751051722988120e-09
1.433437296204414688e-09
1.433123345074418153e-09
1.414395355815021558e-09
1.414086672845731550e-09
1.413777851969096613e-09
1.413468719694736611e-09
1.413159235556975978e-09
1.403624484218201184e-09
1.403317552898322284e-09
1.403010384689301507e-09
1.402702951346850044e-09
1.383902834782506157e-09
1.383600833114888219e-09
1.383298588865512790e-09
1.382996113625537714e-09
1.373426201674787944e-09
1.373126169215297896e-09
1.372826022398088162e-09
1.372525704074201479e-09
1.372225116435527471e-09
1.353353665500868382e-09
1.353058548475231747e-09
1.352763092391694827e-09
1.352467382313293194e-09
1.342865410691369923e-09
1.342572330282050066e-09
1.342278959728211571e-09
1.341985475945010464e-09
1.323037854681282421e-09
1.322749685504400210e-09
1.322461226613505512e-09
1.322172709171996002e-09
1.312536228965242193e-09
1.312250112851178006e-09
1.311963839256276773e-09
1.311677460623168943e-09
1.311390838475698840e-09
1.292373137715424841e-09
1.292091874852697341e-09
1.291810440919092998e-09
1.291528786043520449e-09
1.281861100316057333e-09
1.281582086047541235e-09
1.281302835688112552e-09
1.281023441925220078e-09
1.261931030284646747e-09
1.261656986944125153e-09
1.261382693556251524e-09
1.261108346808197350e-09
1.251407085904994387e-09
1.251135233301743044e-09
1.250863192194783449e-09
1.250591037258507143e-09
1.231424533561873208e-09
1.231157666508646698e-09
1.230890657369076085e-09
1.230623531361830295e-09
1.230356222222628509e-09
1.220624275083390132e-09
1.220359470420022079e-09
1.220094552785123611e-09
1.219829404691585348e-09
1.200595015756859500e-09
1.200335279556874877e-09
1.200075363784333793e-09
1.199815260057621895e-09
1.190050452610161577e-09
1.189792970362947082e-09
1.189535229844799057e-09
1.189277422402156008e-09
1.169970321035969294e-09
1.169717779813673850e-09
1.169465085723024532e-09
1.169212314872537270e-09
1.168959387871939772e-09
1.159164670409850495e-09
1.158914248243173217e-09
1.158663710558862239e-09
1.158412931428347314e-09
1.139039165704312994e-09
1.138793827684818509e-09
1.138548289198226649e-09
1.138302577268982975e-09
1.128475586237360344e-09
1.128232467141729074e-09
1.127989187241070030e-09
1.127745706404881231e-09
1.108300616450814760e-09
1.108062633931224177e-09
1.107824431553726940e-09
1.107586106104120906e-09
1.097727379436839314e-09
1.097491689734562273e-09
1.097255756972045114e-09
1.097019774481828352e-09
1.077504077557453968e-09
1.077273407799702501e-09
1.077042625201032438e-09
1.076811785833784116e-09
1.076580781660435397e-09
1.066693251810601132e-09
1.066464814920103556e-09
1.066236284126470520e-09
1.066007513816011635e-09
1.046427232948740830e-09
1.046203957082723638e-09
1.045980484878977407e-09
1.045756847547605675e-09
1.035838191324743001e-09
1.035617210092259142e-09
1.035396088171945442e-09
1.035174760544882855e-09
1.015525203348522067e-09
1.015309389938288867e-09
1.015093414831637385e-09
1.014877311550640971e-09
1.004927981810554700e-09
1.004714559264821293e-09
1.004500919329074590e-09
1.004287215916604373e-09
9.845690139511406692e-10
9.843607287440877939e-10
9.841522715280318631e-10
9.839437757271850020e-10
9.739640797866426091e-10
9.737581465942285694e-10
9.735520810928279859e-10
9.733459213114491351e-10
9.731396321264729238e-10
9.533589361470885948e-10
9.531580725433338110e-10
9.529571393991666745e-10
9.527560457709385210e-10
9.427489237244994327e-10
9.425503946010156549e-10
9.423518023154885482e-10
9.421530531535659480e-10
9.223050222508312773e-10
9.221117605786639334e-10
9.219184038709095122e-10
9.217248456445250416e-10
9.116880345997473776e-10
9.114971305770145611e-10
9.113061473940277015e-10
9.111149650151546321e-10
8.912002788588116903e-10
8.910146316964228988e-10
8.908287936936647010e-10
8.906428403227856995e-10
8.805766645527709516e-10
8.803933778760535718e-10
8.802099379203905416e-10
8.800263996683324209e-10
8.600456523227053773e-10
8.598675429873917861e-10
8.596892855172860560e-10
8.595109726672728794e-10
8.494157083029420552e-10
8.492399788650988623e-10
8.490641208635154645e-10
8.488881839987599405e-10
8.288419746101638526e-10
8.286714694044633839e-10
8.285008741427204075e-10
8.283302372729654390e-10
8.182062799649178056e-10
8.180382001287292022e-10
8.178700629377394397e-10
8.177018566172392937e-10
8.175335666431366197e-10
7.974280903767366978e-10
7.972652498509526145e-10
7.971023455840574145e-10
7.969392721377579189e-10
7.867896032035123203e-10
7.866292126720760657e-10
7.864687314493225929e-10
7.863080943000871627e-10
7.661385460297286427e-10
7.659834283162945977e-10
7.658282031715584060e-10
7.656728079066654080e-10
7.554951292048016490e-10
7.553424652511449786e-10
7.551896437756231034e-10
7.550367073976210708e-10
7.348036503335017604e-10
7.346562342793001801e-10
7.345087222225994251e-10
7.343610855275027028e-10
7.245461574363338113e-10
7.244006077096507543e-10
7.242549479086166983e-10
7.241091783459886328e-10
7.045949811371224989e-10
7.044535145450246338e-10
7.043119038675973185e-10
7.041702405760236528e-10
6.943274943162753853e-10
6.941878942845267063e-10
6.940481291768719940e-10
6.939083340045520968e-10
6.743328954033492513e-10
6.741973447784546344e-10
6.740616695811523836e-10
6.739259374149287296e-10
6.640556816515282022e-10
6.639219800662220626e-10
6.637881723713036386e-10
6.636543281889520865e-10
6.440181764843816606e-10
6.438885407004632082e-10
6.437587857358244318e-10
6.436289877295455847e-10
6.337314899971047250e-10
6.336037380991849404e-10
6.334758952239709204e-10
6.333480377493706405e-10
6.136517965583971887e-10
6.135281261433069899e-10
6.134043642491547960e-10
6.132805860737720414e-10
6.033562133263196264e-10
6.032344472389083036e-10
6.031126487210125260e-10
6.029907962133070007e-10
5.832350448613230633e-10
5.831173416798777705e-10
5.829996169250657940e-10
5.828818697668527480e-10
5.729308599672007488e-10
5.728151106640759248e-10
5.726993188509400098e-10
5.725834906906090999e-10
5.527687312786659997e-10
5.526570601961668809e-10
5.525453592433796816e-10
5.524336019951408542e-10
5.424562354766807008e-10
5.423464859022053254e-10
5.422366973491183302e-10
5.421268684909942437e-10
5.222537286365087731e-10
5.221481047299768534e-10
5.220424734090942311e-10
5.219367875003399386e-10
5.119334400993141269e-10
5.118297767327603802e-10
5.117261054137749424e-10
5.116224116858256456e-10
4.916914981258288109e-10
4.915920092798023938e-10
4.914924882648667110e-10
4.913929365180102626e-10
4.813638698056582097e-10
4.812663481660756570e-10
4.811688022858618558e-10
4.810712130853101561e-10
4.610830925556710104e-10
4.609897305411298874e-10
4.608963261850640245e-10
4.608028606960495547e-10
4.507483911439084654e-10
4.506569965626654898e-10
4.505655842800469189e-10
4.504740738026006969e-10
4.304292877127584138e-10
4.303420157123484696e-10
4.302547211449728297e-10
4.301673873178062001e-10
4.200878058419784470e-10
4.200025571876231679e-10
4.199172831412322470e-10
4.198319643313937910e-10
3.997311045663514786e-10
3.996500218126398018e-10
3.995689186532095939e-10
3.994877868166373005e-10
3.893834146988704467e-10
3.893043797239470409e-10
3.892252884061952375e-10
3.891461684789026841e-10
3.689897871988315204e-10
3.689149106793988763e-10
3.688400061040781456e-10
3.687650577751836706e-10
3.586361713476414271e-10
3.585633211690708558e-10
3.584904313903865114e-10
3.584174816742570199e-10
3.382824200775211133e-10
3.382137196553446929e-10
3.381449993523578787e-10
3.280788409297267831e-10
3.280121741093521538e-10
3.279454506995252273e-10
3.278787080342881487e-10
3.078892243305933564e-10
3.078266827159129770e-10
3.077641150907450310e-10
3.077015315423089344e-10
2.977138250997269398e-10
2.976532895180300590e-10
2.975927191580154618e-10
2.975321368789848124e-10
2.776942358269728302e-10
2.776378042727683736e-10
2.775813639871142047e-10
2.775248918394347774e-10
2.676164487942798854e-10
2.675619829706171154e-10
2.675075170666816369e-10
2.674530311671747944e-10
2.477683569248599109e-10
2.477179734366328034e-10
2.476675848282145728e-10
2.476171582383457809e-10
2.377887324962166331e-10
2.377403043253405964e-10
2.376918692994947464e-10
2.376434197085544428e-10
2.181135886451232911e-10
2.180691803068921962e-10
2.180247495753412957e-10
2.179802954678885892e-10
2.082326999355432391e-10
2.081902614620973625e-10
2.081478074054166056e-10
2.081053477729594936e-10
1.887320683896836060e-10
1.886936470247132504e-10
1.886551856339723182e-10
1.789872685072719941e-10
1.789508122066579091e-10
1.789143523208879529e-10
1.788778751217883363e-10
1.596587787886018394e-10
1.596262918502438105e-10
1.595937884612176122e-10
1.595612599858817263e-10
1.499758107874637229e-10
1.499452654555943149e-10
1.499147072209326123e-10
1.498841412505269349e-10
1.308248452401584934e-10
1.307982216238510140e-10
1.307715649698619812e-10
1.307449028901057975e-10
1.212426736624891833e-10
1.212179678250684507e-10
1.211932344105989785e-10
1.211685009961269214e-10
1.022705588236223126e-10
1.022497156469821137e-10
1.022288641150603407e-10
1.022080125831463225e-10
9.278975907299079859e-11
9.277084287850312543e-11
9.275192668401545227e-11
7.401309041976153734e-11
7.399802106784723230e-11
7.398295171593551221e-11
7.396788236402508458e-11
6.463246737080193001e-11
6.461930952895895767e-11
6.460615168711598533e-11
6.459299384527559792e-11
4.601869549372315926e-11
4.600933689027392609e-11
4.599997828682598540e-11
4.599061968337675223e-11
3.674070079559299940e-11
3.673322992552813032e-11
3.672575905546326124e-11
3.671828818539903840e-11
1.945585660267062603e-11
1.945190384673325065e-11
1.944795109079555215e-11
1.944399833485753054e-11
5.708472897705116100e-12
5.707314441191642430e-12
5.706155984678168759e-12
0.000000000000000000e+00
0.000000000000000000e+00
0.000000000000000000e+00
0.000000000000000000e+00
0.000000000000000000e+00
0.000000000000000000e+00
0.000000000000000000e+00
0.000000000000000000e+00
0.000000000000000000e+00
0.000000000000000000e+00
0.000000000000000000e+00
0.000000000000000000e+00
0.000000000000000000e+00
0.000000000000000000e+00
0.000000000000000000e+00
0.000000000000000000e+00
0.000000000000000000e+00
0.000000000000000000e+00
0.000000000000000000e+00
0.000000000000000000e+00
0.000000000000000000e+00
0.000000000000000000e+00
0.000000000000000000e+00
0.000000000000000000e+00
0.000000000000000000e+00
0.000000000000000000e+00
0.000000000000000000e+00
0.000000000000000000e+00
0.000000000000000000e+00
0.000000000000000000e+00
0.000000000000000000e+00
0.000000000000000000e+00
0.000000000000000000e+00
0.000000000000000000e+00
0.000000000000000000e+00
0.000000000000000000e+00
0.000000000000000000e+00
0.000000000000000000e+00
0.000000000000000000e+00
0.000000000000000000e+00
0.000000000000000000e+00
0.000000000000000000e+00
0.000000000000000000e+00
0.000000000000000000e+00
0.000000000000000000e+00
0.000000000000000000e+00
0.000000000000000000e+00
0.000000000000000000e+00
0.000000000000000000e+00
0.000000000000000000e+00
0.000000000000000000e+00
0.000000000000000000e+00
0.000000000000000000e+00
0.000000000000000000e+00
0.000000000000000000e+00
0.000000000000000000e+00
0.000000000000000000e+00
0.000000000000000000e+00
0.000000000000000000e+00
0.000000000000000000e+00
0.000000000000000000e+00
0.000000000000000000e+00
0.000000000000000000e+00
0.000000000000000000e+00
