1.787795046832046033e-08
2.226986055137628092e-08
2.725640816715777359e-08
3.285054336607331706e-08
3.905885056466761664e-08
4.588188422604927372e-08
5.331429470781089095e-08
6.134544048177326135e-08
6.995963663989956547e-08
7.913693184585411927e-08
8.885323903599785639e-08
9.908138540015910924e-08
1.097915848019780152e-07
1.209518673605595627e-07
1.325288495834170935e-07
1.444880169980734751e-07
1.567946796446125827e-07
1.694143164987574498e-07
1.823124113329786111e-07
1.954555110248695487e-07
2.088120495482565770e-07
2.223509177864430596e-07
2.360435336208048128e-07
2.498631621504276755e-07
2.637850025716415554e-07
2.777865292955524104e-07
2.918473715520497018e-07
3.059498747960442401e-07
3.200779676804104776e-07
3.342183119353998169e-07
3.483594195254698464e-07
3.624917902504215787e-07
3.766079436861650172e-07
3.907018640753245851e-07
4.047693661281579582e-07
4.188073252705657363e-07
4.328140556518143138e-07
4.467887971178552341e-07
4.607314369451203070e-07
4.746428317592050204e-07
4.885237934007434413e-07
5.023757796659537843e-07
5.162005235874226640e-07
5.299988599741411446e-07
5.437727336804600725e-07
5.575227154822839180e-07
5.712493506746481978e-07
5.849530542859094806e-07
5.986328545225790257e-07
6.122879335599464873e-07
6.259164429633274407e-07
6.395157910541548167e-07
6.530829276790673185e-07
6.666138514152469488e-07
6.801039163295415293e-07
6.935479519193885053e-07
7.069401070050669184e-07
7.202741289356851850e-07
7.335427932060879431e-07
7.467387665438311498e-07
7.598546472798308208e-07
7.728824887790392255e-07
7.858134622095241662e-07
7.986400634317554839e-07
8.113534622115379365e-07
8.239452384143594654e-07
8.364069129276512452e-07
8.487306994701848109e-07
8.609088186949666026e-07
8.729329038335251716e-07
8.847974700140079292e-07
8.964943585617036344e-07
9.080167842503669857e-07
9.193603281407700138e-07
9.305178490023195761e-07
9.414865674555353607e-07
9.522609378124461991e-07
9.628370819975012139e-07
9.732121258168930763e-07
9.833847331600038605e-07
9.933513387367272023e-07
1.003111736941355980e-06
1.012664205252347338e-06
1.022008430933913964e-06
1.031145699873126043e-06
1.040075256729728866e-06
1.048799975154264006e-06
1.057321185544535781e-06
1.065638241043716989e-06
1.073757009782457912e-06
1.081679716202791610e-06
1.089405907962972105e-06
1.096942364087269566e-06
1.104292323575781823e-06
1.111458049658086623e-06
1.118443107481988372e-06
1.125252772523372173e-06
1.131891144046996538e-06
1.138360721785366942e-06
1.144666461829689966e-06
1.150813516029168389e-06
1.156804731246079580e-06
1.162645356331839438e-06
1.168339036443290923e-06
1.173889144926521805e-06
1.179299821553311955e-06
1.184575977598778233e-06
1.189720936778383623e-06
1.194738474643869540e-06
1.199632991338803067e-06
1.204406831439582533e-06
1.209064156770278835e-06
1.213606572293579110e-06
1.218039167560259900e-06
1.222363926633932953e-06
1.226585472973743001e-06
1.230704967851378697e-06
1.234725965096484749e-06
1.238650682454769372e-06
1.242482238279086673e-06
1.246222957767626975e-06
1.249874710409772776e-06
1.253439802738496371e-06
1.256919983447705775e-06
1.260317894672979676e-06
1.263635141611950978e-06
1.266873895691548782e-06
1.270035437290587808e-06
1.273120597324407904e-06
1.276132568850092355e-06
1.279069940824518360e-06
1.281937502979504077e-06
1.284733684248662152e-06
1.287461017425888059e-06
1.290119698852836636e-06
1.292709520682551582e-06
1.295233689682721287e-06
1.297692286023214264e-06
1.300084335612223643e-06
1.302412021173715763e-06
1.304675923085983996e-06
1.306873266710709285e-06
1.309007568196905103e-06
1.311078782069595973e-06
1.313085767966895638e-06
1.315029169224038885e-06
1.316909768330485902e-06
1.318727412027112770e-06
1.320479591198777114e-06
1.322168390895376211e-06
1.323794452085270093e-06
1.325357025531976831e-06
1.326855901095780757e-06
1.328290306410271250e-06
1.329660192268022153e-06
1.330965638608403138e-06
1.332207164263181897e-06
1.333385069787282565e-06
1.334497925403436799e-06
1.335546209690977269e-06
1.336530900988522284e-06
1.337451469352555372e-06
1.338309019109322479e-06
1.339100206415475722e-06
1.339828979706151942e-06
1.340495167177076113e-06
1.341100089326460861e-06
1.341640730199265073e-06
1.342120537080564790e-06
1.342539760435143780e-06
1.342899823039331321e-06
1.343197416750418312e-06
1.343437809165083291e-06
1.343622853531434331e-06
1.343748614550545052e-06
1.343819352311255019e-06
1.343836484964723039e-06
1.343800246850449026e-06
1.343710282211630517e-06
1.343570352618142370e-06
1.343381889057557132e-06
1.343142855313121004e-06
1.342858455728480154e-06
1.342529679712497055e-06
1.342154870192329440e-06
1.341737325796494707e-06
1.341279809914079098e-06
1.340780599730783997e-06
1.340242842960643017e-06
1.339669268879284544e-06
1.339058468345756866e-06
1.338414009853803774e-06
1.337737076578433023e-06
1.337026879815980147e-06
1.336286598407827839e-06
1.335516956924117452e-06
1.334718009813344442e-06
1.333893289546582481e-06
1.333041845919042024e-06
1.332165147127553019e-06
1.331265941581000520e-06
1.330342249333252876e-06
1.329396413608102678e-06
1.328430261387166305e-06
1.327441620466414861e-06
1.326433565999810389e-06
1.325406795824446207e-06
1.324360945429010828e-06
1.323297501603660303e-06
1.322216377317665126e-06
1.321118728971109833e-06
1.320004185710629622e-06
1.318873010296750281e-06
1.317726195648438816e-06
1.316562706446058827e-06
1.315384064748312464e-06
1.314190292966209204e-06
1.312981655902894787e-06
1.311758347494979876e-06
1.310520119235809122e-06
1.309267515060030399e-06
1.308000016381197931e-06
1.306717944091126343e-06
1.305421483545347266e-06
1.304109959939975496e-06
1.302784139591012371e-06
1.301443574153754513e-06
1.300089130375364567e-06
1.298719733765855701e-06
1.297336617653003539e-06
1.295938276276078626e-06
1.294525882032229739e-06
1.293098735052119759e-06
1.291656906763707788e-06
1.290200890829548068e-06
1.288729477533173076e-06
1.287244193590325048e-06
1.285743782947228506e-06
1.284230053264360663e-06
1.282700847752580535e-06
1.281158740184549369e-06
1.279601008913705717e-06
1.278030860532084511e-06
1.276444690277579347e-06
1.274846405313064376e-06
1.273232542561884212e-06
1.271606904119093344e-06
1.269965495526310697e-06
1.268312646612172227e-06
1.266645390617760170e-06
1.264967242917952824e-06
1.263274630687518137e-06
1.261570966223142198e-06
1.259854284129025324e-06
1.258127159814852281e-06
1.256386300951913216e-06
1.254635657394839841e-06
1.252872613275656891e-06
1.251100608124747897e-06
1.249315620906511561e-06
1.247522287610039244e-06
1.245717821470808809e-06
1.243905757931920776e-06
1.242082444418323514e-06
1.240251716386072942e-06
1.238411264452830870e-06
1.236563980645306692e-06
1.234706895734873009e-06
1.232843127726968073e-06
1.230971278353552129e-06
1.229093337386418427e-06
1.227207961334909684e-06
1.225316092354884863e-06
1.223418065618154693e-06
1.221514514518301790e-06
1.219605975349604495e-06
1.217691327930683582e-06
1.215772083219053863e-06
1.213847708405342301e-06
1.211919516839332842e-06
1.209985947182096849e-06
1.208048694760760890e-06
1.206107385215190820e-06
1.204163000993702930e-06
1.202214997373988113e-06
1.200263446677281121e-06
1.198309110540493883e-06
1.196352045448442002e-06
1.194392726636186785e-06
1.192430628869317900e-06
1.190466214959676176e-06
1.188499397324928156e-06
1.186530955710041827e-06
1.184560123065273348e-06
1.182587241226703393e-06
1.180612854097851375e-06
1.178636491530750581e-06
1.176659101367021570e-06
1.174680062001503954e-06
1.172699649087650238e-06
1.170717930238144900e-06
1.168735180414202771e-06
1.166751423199709262e-06
1.164766469390320905e-06
1.162780438200445782e-06
1.160793214679719078e-06
1.158805310343237886e-06
1.156816267155897807e-06
1.154825992246306585e-06
1.152835017902620829e-06
1.150843025088319241e-06
1.148850451917217742e-06
1.146857242857995130e-06
1.144863077319930526e-06
1.142868482990838722e-06
1.140872771718654057e-06
1.138876776687388038e-06
1.136880173096936613e-06
1.134882781735192237e-06
1.132884991508544675e-06
1.130885999955846799e-06
1.128887049712469304e-06
1.126887234978557285e-06
1.124886564705210819e-06
1.122885743977081232e-06
1.120884081088640829e-06
1.118882361507120597e-06
1.116880551040870947e-06
1.114877946959330407e-06
1.112875422887939728e-06
1.110872280907337517e-06
1.108869266442066270e-06
1.106866320996559835e-06
1.104862680196269752e-06
1.102859098847634050e-06
1.100855549807190767e-06
1.098851905376173365e-06
1.096848542516721792e-06
1.094844761728408247e-06
1.092841143422507447e-06
1.090838212684087226e-06
1.088834994123580360e-06
1.086832701188608035e-06
1.084830852469741683e-06
1.082829311541499009e-06
1.080828532907756997e-06
1.078828016065852718e-06
1.076828607058260743e-06
1.074829910794774338e-06
1.072831786094853528e-06
1.070834349849759719e-06
1.068838156243371798e-06
1.066842620724515049e-06
1.064848492383293518e-06
1.062855229906890999e-06
1.060862840605678284e-06
1.058871894947980898e-06
1.056882133300756922e-06
1.054893930455492027e-06
1.052907213176552925e-06
1.050922049540771679e-06
1.048938204412649164e-06
1.046956070937048605e-06
1.044975523545464856e-06
1.042996973473584949e-06
1.041019734148556743e-06
1.039044512739156129e-06
1.037070766237362806e-06
1.035099080422443384e-06
1.033129172323904183e-06
1.031161368314577677e-06
1.029195488744704984e-06
1.027231427515706754e-06
1.025269418071027711e-06
1.023309580528913453e-06
1.021351896967708321e-06
1.019396447832990053e-06
1.017443380249352328e-06
1.015492382784882707e-06
1.013543596855622791e-06
1.011597015730413508e-06
1.009652884109529431e-06
1.007710920661353284e-06
1.005771371324071824e-06
1.003833954575405951e-06
1.001898947230937376e-06
9.999662661558116918e-07
9.980360139283128508e-07
9.961080708170779753e-07
9.941828269919788201e-07
9.922596805193746329e-07
9.903390584554367879e-07
9.884209335423803446e-07
9.865052934512966487e-07
9.845921440108046986e-07
9.826817167114090889e-07
9.807737797605850398e-07
9.788681241277535861e-07
9.769651291658316390e-07
9.750646014835124641e-07
9.731667038996926444e-07
9.712711000370747457e-07
9.693782878091007956e-07
9.674875821324525602e-07
9.655998847510206180e-07
9.637144129051942084e-07
9.618318802608889746e-07
9.599515119421474333e-07
9.580741676405330682e-07
9.561990412726947015e-07
9.543267831457158985e-07
9.524570721217188594e-07
9.505900245057125228e-07
9.487255848104742321e-07
9.468640437035654694e-07
9.450051048299955585e-07
9.431485676309443750e-07
9.412949379318563575e-07
9.394438252021031251e-07
9.375956590750332034e-07
9.357496828081292627e-07
9.339069244071364331e-07
9.320663746032342431e-07
9.302288148260329075e-07
9.283939169335657617e-07
9.265617402726139198e-07
9.247322672680113500e-07
9.229058465757508627e-07
9.210820997880721788e-07
9.192608237506343593e-07
9.174426317947270248e-07
9.156272870946497439e-07
9.138148820406006477e-07
9.120049290224729489e-07
9.101983605027599703e-07
9.083943462989379240e-07
9.065930215222380782e-07
9.047947697084642655e-07
9.029992530741649503e-07
9.012069029417782341e-07
8.994167883464973939e-07
8.976302356284948242e-07
8.958461056408206825e-07
8.940649294016644923e-07
8.922868454139627310e-07
8.905115025390424440e-07
8.887393316572434740e-07
8.869696844335073059e-07
8.852037398330879489e-07
8.834402163005889818e-07
8.816797607584296157e-07
8.799223309784442216e-07
8.781678627620733272e-07
8.764164872129441598e-07
8.746676954348266791e-07
8.729227090951086087e-07
8.711801474203157481e-07
8.694405926406995979e-07
8.677041785571314569e-07
8.659706234915046333e-07
8.642403684184888301e-07
8.625124153486984084e-07
8.607882913864254982e-07
8.590666912219228867e-07
8.573479346274923379e-07
8.556325553376521580e-07
8.539200681580864651e-07
8.522108328733982040e-07
8.505041103620023261e-07
8.488011247756341890e-07
8.471009818421602514e-07
8.454034820333347877e-07
8.437093149644464067e-07
8.420183490806904878e-07
8.403302845221597925e-07
8.386451592778057608e-07
8.369630424772693650e-07
8.352845933678022305e-07
8.336084332759895309e-07
8.319355456844277243e-07
8.302657567467776972e-07
8.285988474142841797e-07
8.269352470230930121e-07
8.252739578521162417e-07
8.236165800709991960e-07
8.219617597438183938e-07
8.203096521802851127e-07
8.186609589108474905e-07
8.170154015295929899e-07
8.153727248126038204e-07
8.137329851364871271e-07
8.120962983265398209e-07
8.104633135625504930e-07
8.088326994739504240e-07
8.072052129438908825e-07
8.055808753411337734e-07
8.039594778426232037e-07
8.023413488904931386e-07
8.007256428297071708e-07
7.991135422551347917e-07
7.975045314547102745e-07
7.958979364311089630e-07
7.942946959381084561e-07
7.926945402968825508e-07
7.910971974274519274e-07
7.895031425126265478e-07
7.879113546893460188e-07
7.863234632347752768e-07
7.847382009854282376e-07
7.831555658482864885e-07
7.815762857210867829e-07
7.800001492821583819e-07
7.784267739013874319e-07
7.768565821378091620e-07
7.752888781928738579e-07
7.737251106925034627e-07
7.721639609091018462e-07
7.706053945568928860e-07
7.690501570207673501e-07
7.674980316423763551e-07
7.659487159888972516e-07
7.644025554215236098e-07
7.628587518209727200e-07
7.613188107799174067e-07
7.597815591796956396e-07
7.582468282781093301e-07
7.567153867882367978e-07
7.551870426374691525e-07
7.536614083659636147e-07
7.521390747722658120e-07
7.506189224193002492e-07
7.491025173160058401e-07
7.475890349331949146e-07
7.460779520179319026e-07
7.445700767901291818e-07
7.430653019547998343e-07
7.415633400057740353e-07
7.400644895321580336e-07
7.385681137738632363e-07
7.370749284877855264e-07
7.355854104409511749e-07
7.340981497381918055e-07
7.326136762347339401e-07
7.311322805194841106e-07
7.296541544416858660e-07
7.281786728799597647e-07
7.267061429935590672e-07
7.252360235183984315e-07
7.237698117616993851e-07
7.223060732825757593e-07
7.208448118113474192e-07
7.193867828572517230e-07
7.179317819364105130e-07
7.164794065799673600e-07
7.150302448144601391e-07
7.135832964375104172e-07
7.121395678527306076e-07
7.106994100669609275e-07
7.092614324781936079e-07
7.078261470905019817e-07
7.063939857328101482e-07
7.049650391627396418e-07
7.035385772481602040e-07
7.021151951102118807e-07
7.006940440280754513e-07
6.992765393049334930e-07
6.978620015813061479e-07
6.964496901937304705e-07
6.950402970790667941e-07
6.936338160059716585e-07
6.922304883713970230e-07
6.908297511988781970e-07
6.894318577114955655e-07
6.880362547978198326e-07
6.866444095937192398e-07
6.852551298274492234e-07
6.838681473011942191e-07
6.824841849411237404e-07
6.811031253007595201e-07
6.797248822668278479e-07
6.783493958497819515e-07
6.769766765074876443e-07
6.756062522664235817e-07
6.742396468446429055e-07
6.728754192436229078e-07
6.715135271738672685e-07
6.701546215449249711e-07
6.687985235426880757e-07
6.674454131470068508e-07
6.660948569310295422e-07
6.647470837510147482e-07
6.634015903083893653e-07
6.620597292009236367e-07
6.607205606572357564e-07
6.593835257962918035e-07
6.580492890353545808e-07
6.567178784396961253e-07
6.553895980185732804e-07
6.540636547139501896e-07
6.527406661104130088e-07
6.514196168002567464e-07
6.501019409064125783e-07
6.487873621889900318e-07
6.474748506624368115e-07
6.461648174322748082e-07
6.448578553767272933e-07
6.435537752981211846e-07
6.422520103171683729e-07
6.409532535565753177e-07
6.396565493346109692e-07
6.383626062397313777e-07
6.370724182836422268e-07
6.357841458344356554e-07
6.344981937474832100e-07
6.332152231729491832e-07
6.319349109175509198e-07
6.306573753702364246e-07
6.293823313487237029e-07
6.281100089870205539e-07
6.268397405886290593e-07
6.255728563575418117e-07
6.243088434456965558e-07
6.230468255942403392e-07
6.217872347961701900e-07
6.205306174790975315e-07
6.192768049823513021e-07
6.180252773627109984e-07
6.167765533419756138e-07
6.155300660560506926e-07
6.142858853545156134e-07
6.130453710824206903e-07
6.118070192755933494e-07
6.105707730037845355e-07
6.093371415444552893e-07
6.081062294046497572e-07
6.068783095536392092e-07
6.056524509020104351e-07
6.044295016840151664e-07
6.032083879534881919e-07
6.019899938053166080e-07
6.007752479453629116e-07
5.995623073219428312e-07
5.983515905956224562e-07
5.971435666789577123e-07
5.959380342997679147e-07
5.947355464935139861e-07
5.935350957426295202e-07
5.923374461590169052e-07
5.911415904258695662e-07
5.899484315188757454e-07
5.887588987302432623e-07
5.875711441528964687e-07
5.863855145219428448e-07
5.852025142669562371e-07
5.840219986401306505e-07
5.828444570333993209e-07
5.816688879280020766e-07
5.804961168394170451e-07
5.793251246174829762e-07
5.781566112482687171e-07
5.769916536135571509e-07
5.758286032840272500e-07
5.746675680859805831e-07
5.735089919951113506e-07
5.723530441224342094e-07
5.711999028092009566e-07
5.700487478880068493e-07
5.689002017405562008e-07
5.677538480290590212e-07
5.666095831756001329e-07
5.654686559001452336e-07
5.643300902779213903e-07
5.631934033527119957e-07
5.620589125313337248e-07
5.609271819132846075e-07
5.597979617013751882e-07
5.586709977863830351e-07
5.575463922264873996e-07
5.564243111785564213e-07
5.553038333944027174e-07
5.541861996388173636e-07
5.530718375759957005e-07
5.519591088965165798e-07
5.508483867577140187e-07
5.497401725227305411e-07
5.486342923244747259e-07
5.475312798062103142e-07
5.464301000131338767e-07
5.453314805064056839e-07
5.442348584133225813e-07
5.431402108666022662e-07
5.420487823200363531e-07
5.409596846777114448e-07
5.398723820515014969e-07
5.387871243116922614e-07
5.377045175311759804e-07
5.366241929114368424e-07
5.355464307454576775e-07
5.344706164027062029e-07
5.333973683716983132e-07
5.323257190068125649e-07
5.312564574564983677e-07
5.301905107739378242e-07
5.291264855027544820e-07
5.280642272601425711e-07
5.270040961063216165e-07
5.259465939198139857e-07
5.248914223572985683e-07
5.238384649544185644e-07
5.227876141795736965e-07
5.217392396819390832e-07
5.206923350253841868e-07
5.196478572032970456e-07
5.186066790434516056e-07
5.175672881327069323e-07
5.165295888408182877e-07
5.154940039409217132e-07
5.144609894122535327e-07
5.134302738131531613e-07
5.124017088419818889e-07
5.113751846928164815e-07
5.103511120666013778e-07
5.093284609429500524e-07
5.083081123217838566e-07
5.072909688767708471e-07
5.062756663088967753e-07
5.052620566414263464e-07
5.042504350989980033e-07
5.032413213251281698e-07
5.022342970220455557e-07
5.012298138866923059e-07
5.002270179909023986e-07
4.992266551616648606e-07
4.982279770779153867e-07
4.972312606751173180e-07
4.962375031199755433e-07
4.952460221369404653e-07
4.942561815777459767e-07
4.932681260229752400e-07
4.922824326319052590e-07
4.912987710510589879e-07
4.903178086104337771e-07
4.893384428050765725e-07
4.883612585398777547e-07
4.873862598064139131e-07
4.864126176910166150e-07
4.854414912532156225e-07
4.844734557504872147e-07
4.835068433805830760e-07
4.825418928036520086e-07
4.815789490230955718e-07
4.806184113140455961e-07
4.796599890179270899e-07
4.787037046534947676e-07
4.777491967853181746e-07
4.767970020827920825e-07
4.758463483838791465e-07
4.748975367084848330e-07
4.739515378715896458e-07
4.730078259390413948e-07
4.720656116423237501e-07
4.711251237597815139e-07
4.701867573159366641e-07
4.692505488999787789e-07
4.683167247378115183e-07
4.673845404152703415e-07
4.664543881429014268e-07
4.655264497041528852e-07
4.645997793947991552e-07
4.636752261555042116e-07
4.627536238589967563e-07
4.618338758179180703e-07
4.609156552987716438e-07
4.599991200945974076e-07
4.590847795159303392e-07
4.581723991754661039e-07
4.572624893609510556e-07
4.563540950071088416e-07
4.554477032019033767e-07
4.545434613861230930e-07
4.536404102137724110e-07
4.527394608951291881e-07
4.518414082088178945e-07
4.509451397808663799e-07
4.500503415433559683e-07
4.491571940605367222e-07
4.482661680758924573e-07
4.473771202589812318e-07
4.464904147528537256e-07
4.456051929431209013e-07
4.447219360731928676e-07
4.438408074007292741e-07
4.429608774766756218e-07
4.420828576277734259e-07
4.412075945600152231e-07
4.403343004734809426e-07
4.394624010800309751e-07
4.385921203872028735e-07
4.377237789389321819e-07
4.368574684451304607e-07
4.359932954712113272e-07
4.351309067102563006e-07
4.342701536042801960e-07
4.334114648896501176e-07
4.325542908393230844e-07
4.316986918769767240e-07
4.308453645614919348e-07
4.299947524920567721e-07
4.291453543399490329e-07
4.282974232483897775e-07
4.274512420858713911e-07
4.266071837407818012e-07
4.257647545726160922e-07
4.249247864982906558e-07
4.240861072951057966e-07
4.232493307252394426e-07
4.224145129823263875e-07
4.215807485659378712e-07
4.207489867748955252e-07
4.199199334608521897e-07
4.190925665697133744e-07
4.182665645938582164e-07
4.174420797027292202e-07
4.160315785811570414e-07
4.152123130814130447e-07
4.143950417462810408e-07
4.135795626018929576e-07
4.127655296382676919e-07
4.095874399451806975e-07
4.087827673213020071e-07
4.079792471615178003e-07
4.071778757010878914e-07
4.063792600925803627e-07
4.055819033891597359e-07
4.035985949693426216e-07
4.028069785787579074e-07
4.020172593308388459e-07
4.012293247487288807e-07
4.004434736714883895e-07
3.972704257846040941e-07
3.964933759948697229e-07
3.957181754222930368e-07
3.949442275815477239e-07
3.941716576008009102e-07
3.921998115860372484e-07
3.914348251165590769e-07
3.906710456965990182e-07
3.899084613583756210e-07
3.891473622988176861e-07
3.859718228531503247e-07
3.852200342360838802e-07
3.844702641649963593e-07
3.837218253067044366e-07
3.829748220411443766e-07
3.810147629129347156e-07
3.802737473436472917e-07
3.795338879301415728e-07
3.787959731865318823e-07
3.780606472919493900e-07
3.748835527862233401e-07
3.741563753587181248e-07
3.734306009588499077e-07
3.727064983249206828e-07
3.719839732609110150e-07
3.700352265066337425e-07
3.693190522120918386e-07
3.686039898562794992e-07
3.678906840860884984e-07
3.671788849868564987e-07
3.664679095968181015e-07
3.632955791952004708e-07
3.625945099916407589e-07
3.618950684836237125e-07
3.611965360086525070e-07
3.604993209611083274e-07
3.585657092752621094e-07
3.578745154963134838e-07
3.571846430408522739e-07
3.564970036507489207e-07
3.558101737582145018e-07
3.526367208922785619e-07
3.519588219348807933e-07
3.512818524836990126e-07
3.506061759604559355e-07
3.499322049146264000e-07
3.480105099430651464e-07
3.473428848865391114e-07
3.466762162672578104e-07
3.460108612000954526e-07
3.453470353115295031e-07
3.421722908736884337e-07
3.415172908035233197e-07
3.408639220154368933e-07
3.402115013607077025e-07
3.395605430917918642e-07
3.376489906698370411e-07
3.370031461261901119e-07
3.363587134923529543e-07
3.357161953693802745e-07
3.350757070199405831e-07
3.319003714913539890e-07
3.312674103415193989e-07
3.306357661675638643e-07
3.300056274521323111e-07
3.293767876840129269e-07
3.274761542735986728e-07
3.268531336738400425e-07
3.262311374011095128e-07
3.256106088688434606e-07
3.249914232703502329e-07
3.218148489125884315e-07
3.212034708971965465e-07
3.205940273878877109e-07
3.199864567133444705e-07
3.193795801081464174e-07
3.174891236666150497e-07
3.168872592381425559e-07
3.162868663406731529e-07
3.156877176343489763e-07
3.150901622419972103e-07
3.119142795727165653e-07
3.113245980562482959e-07
3.107362935588468628e-07
3.101493438115263917e-07
3.095630504695031894e-07
3.076828946541095227e-07
3.071022900505286776e-07
3.065237817264373448e-07
3.059460231904316771e-07
3.053690061452019165e-07
3.021928794475026428e-07
3.016240142202919078e-07
3.010564178395423139e-07
3.004900531243455945e-07
2.999254394177729400e-07
2.980562558816645552e-07
2.974962476529183027e-07
2.969376543097143917e-07
2.963797706804086729e-07
2.958227922699859034e-07
2.926472364265680114e-07
2.920994496941090248e-07
2.915526961682568738e-07
2.910065343458065312e-07
2.904614676877364333e-07
2.886026717242815988e-07
2.880627519759945871e-07
2.875238528508194163e-07
2.869867767340275907e-07
2.864504325475905011e-07
2.832723330987883018e-07
2.827437615136403429e-07
2.822164142571782183e-07
2.816896310407365289e-07
2.811639956865651997e-07
2.793062853058539106e-07
2.787867845848516903e-07
2.782679697768894151e-07
2.777498567232963785e-07
2.772327980911900188e-07
2.740251520610273102e-07
2.735159952400966313e-07
2.730078385713311079e-07
2.725015416265052359e-07
2.719956857970756501e-07
2.701327601671954667e-07
2.696318442378185606e-07
2.691319085622941015e-07
2.686326039439574550e-07
2.681344941364657455e-07
2.648973605824884661e-07
2.644079851629936694e-07
2.639192571666602455e-07
2.634312459974488333e-07
2.629442535465839219e-07
2.610757073746971446e-07
2.605935456920408746e-07
2.601124345016442577e-07
2.596330758862076788e-07
2.591541177632480943e-07
2.558864289833266464e-07
2.554151706037334227e-07
2.549448470404454378e-07
2.544751169586799410e-07
2.540065647090368932e-07
2.521324025937250973e-07
2.516695014922212940e-07
2.512072157845455729e-07
2.507456140749535916e-07
2.502850090997885284e-07
2.469865487274034548e-07
2.465335370251514693e-07
2.460814230357470313e-07
2.456311354267905713e-07
2.451812795672694625e-07
2.433006250696719594e-07
2.428552503881421742e-07
2.424109730843558993e-07
2.419671971905901278e-07
2.415244421855472006e-07
2.381950411460003026e-07
2.377608554719584309e-07
2.373273241554984431e-07
2.368943206171813717e-07
2.364623059968976509e-07
2.345749652579469962e-07
2.341474754977789637e-07
2.337207687733941372e-07
2.332955619813050558e-07
2.328713090095391829e-07
2.295106154359738956e-07
2.290934808177913247e-07
2.286773425297362581e-07
2.282617609705896820e-07
2.278469544592556331e-07
2.259525515336749324e-07
2.255431998277135590e-07
2.251346752692510444e-07
2.247267458653731422e-07
2.243194882489770053e-07
2.209270106937773307e-07
2.205273813877393428e-07
2.201283489989813565e-07
2.197301441086585933e-07
2.193337099706957081e-07
2.174323209192113582e-07
2.170398692543844465e-07
2.166479453773817731e-07
2.162570508820299910e-07
2.158666269293093369e-07
2.124417709182698510e-07
2.120591861422317008e-07
2.116779227744504355e-07
2.112973064867689644e-07
2.109172240142062783e-07
2.090080192208139229e-07
2.086324051481946859e-07
2.082574473433886823e-07
2.078831077476835798e-07
2.075097016522724488e-07
2.040535458689673146e-07
2.036880027621215450e-07
2.033230472265596995e-07
2.029586044681409525e-07
2.025951807068815124e-07
2.006777547652543247e-07
2.003184678320507153e-07
1.999601219278742886e-07
1.996030806272181464e-07
1.961072018581045793e-07
1.957573443809015324e-07
1.954081362791516875e-07
1.950595980113410815e-07
1.947117203151776710e-07
1.927824105829399232e-07
1.924389293287432284e-07
1.920969536069542874e-07
1.917552209455444303e-07
1.914140351371682943e-07
1.878847727065849962e-07
1.875510913096961523e-07
1.872177701339961807e-07
1.868850281457406655e-07
1.865532625020290829e-07
1.846161233029651429e-07
1.842893014144178806e-07
1.839628438052936027e-07
1.836368714368073210e-07
1.833116334417504057e-07
1.797493949355724313e-07
1.794313999417203040e-07
1.791140007748183047e-07
1.787979196448033891e-07
1.784824797389392217e-07
1.765363450588097299e-07
1.762248000408763216e-07
1.759138296604440144e-07
1.756034742890883080e-07
1.752935386446337623e-07
1.716977861857560967e-07
1.713956947841873742e-07
1.710946219740888814e-07
1.707940249372683415e-07
1.704936805426488735e-07
1.685385452928305810e-07
1.682425964732594596e-07
1.679470116190937095e-07
1.676519656571357607e-07
1.640159445819955040e-07
1.637291894151925425e-07
1.634426442458500379e-07
1.631565033061600656e-07
1.628707449393761359e-07
1.609026407040125054e-07
1.606210577674941061e-07
1.603400153679428206e-07
1.600596063557669854e-07
1.597802275870649782e-07
1.561110064557518570e-07
1.558390127914385094e-07
1.555673318767164648e-07
1.552962767934455518e-07
1.550257318476057317e-07
1.530479799638895183e-07
1.527814640061852586e-07
1.525157084682793725e-07
1.522510098505213308e-07
1.519864583561525941e-07
1.482828966877325445e-07
1.480253935259759082e-07
1.477685889831835597e-07
1.475120144161626681e-07
1.472559423648248261e-07
1.452686012587461560e-07
1.450173140741074502e-07
1.447666537267119440e-07
1.445162573043801789e-07
1.407716532188300323e-07
1.405284483346678890e-07
1.402857533507676133e-07
1.400433092452149410e-07
1.398013511904277221e-07
1.378006340508673725e-07
1.375636089933040040e-07
1.373267743812388327e-07
1.370901540053855097e-07
1.368538043839578838e-07
1.330748979487422969e-07
1.328458255593575803e-07
1.326172217182053603e-07
1.323890543063653774e-07
1.321616895681057382e-07
1.301514510869798348e-07
1.299283985467421237e-07
1.297055714028716494e-07
1.294830650978696209e-07
1.292610640068138001e-07
1.254476393786677865e-07
1.252327033763224730e-07
1.250182933878497085e-07
1.248048244377612203e-07
1.227806130431166159e-07
1.225710015211914921e-07
1.223616249270571327e-07
1.221525965151331046e-07
1.219440220259288137e-07
1.180889426420459787e-07
1.178874126010665712e-07
1.176864929609008673e-07
1.174865334275251482e-07
1.172869126067299334e-07
1.152520579694320142e-07
1.150561501208234890e-07
1.148606433198161761e-07
1.146655061815100390e-07
1.144704391479254861e-07
1.105807053675592186e-07
1.103931430897279112e-07
1.102065684764535282e-07
1.100201289265133603e-07
1.079709242165025313e-07
1.077881024532429343e-07
1.076057143937023687e-07
1.074236006009618172e-07
1.072416737267073577e-07
1.033100975376347058e-07
1.031355644254647134e-07
1.029620257867855621e-07
1.027886899890781407e-07
1.026154947175645052e-07
1.005554793479317598e-07
1.003861913452309501e-07
1.002171991027911909e-07
1.000482714368529286e-07
9.987962737787418457e-08
9.591338645975360581e-08
9.575277645579662653e-08
9.559225811466477852e-08
9.543186159893330698e-08
9.335720688505886314e-08
9.320064661012625084e-08
9.304434868271145490e-08
9.288822675871766938e-08
9.273232144918256378e-08
8.872397563462074432e-08
8.857599635825701598e-08
8.842824344870881917e-08
8.828063058835243627e-08
8.813316334223403541e-08
8.604758995561903273e-08
8.590407880948824283e-08
8.576063501675389702e-08
8.561744315536145694e-08
8.547452262950563776e-08
8.143164199719188319e-08
8.129641213482686757e-08
8.116127025362849947e-08
8.102624787628194426e-08
7.892573232317257861e-08
7.879461936113614274e-08
7.866360221933459681e-08
7.853279070431673497e-08
7.840228313460803787e-08
7.431705803869409456e-08
7.419420584836587107e-08
7.407155291488210540e-08
7.394900687312809136e-08
7.382660872000471057e-08
7.171496432073977788e-08
7.159638209873901184e-08
7.147793354728227596e-08
7.135973885884593437e-08
6.723221935769520074e-08
6.712165750241560441e-08
6.701110894188390679e-08
6.690068957553556260e-08
6.679040407451573922e-08
6.466360612589420520e-08
6.455705778329609557e-08
6.445071597618258630e-08
6.434457332449126558e-08
6.423872112019241757e-08
6.007607678788079759e-08
5.997765575012520677e-08
5.987936477708446348e-08
5.978120886121708096e-08
5.763933141434988353e-08
5.754493120170790432e-08
5.745060792613724156e-08
5.735647761193460912e-08
5.726258919310988598e-08
5.305758359097914939e-08
5.297106188582990959e-08
5.288458199014091949e-08
5.279821274251141300e-08
5.271199706656429409e-08
5.055836537999649887e-08
5.047575427294624502e-08
5.039338192031029595e-08
5.031120084321851029e-08
4.606368273203209725e-08
4.598889498133055212e-08
4.591421809986500588e-08
4.583966014769492777e-08
4.576523234446488152e-08
4.359635634155030275e-08
4.352558175575539065e-08
4.345488171112465745e-08
4.338436712896015850e-08
4.331408443590204771e-08
3.903130665965397849e-08
3.896820555068741069e-08
3.890513429618454482e-08
3.884216993001833568e-08
3.665777943738429767e-08
3.659848709832676183e-08
3.653919475926922600e-08
3.648009839596814768e-08
3.642118216251992453e-08
3.209589101179171110e-08
3.204421767983994470e-08
3.199260859334869196e-08
3.194114118940174505e-08
3.188979431497086592e-08
2.969352835557860078e-08
2.964575082846911109e-08
2.959804796306552223e-08
2.955045585175273662e-08
2.518272906142146015e-08
2.514243512917379908e-08
2.510214119693771854e-08
2.506184726473637958e-08
2.502166572496954360e-08
2.280972473189816927e-08
2.277313834615111051e-08
2.273655196042721281e-08
2.270004555973501111e-08
2.266370957788130000e-08
1.826058955910475505e-08
1.823141918639136441e-08
1.820224881367218350e-08
1.817323906284381629e-08
1.594570757516789449e-08
1.592032902665134436e-08
1.589495047810584291e-08
1.586959604624271101e-08
1.584430138666405479e-08
1.139874652111060078e-08
1.138065105913264959e-08
1.136255559715469840e-08
1.134446013517674721e-08
9.101092350925488108e-09
9.086604814382441097e-09
9.072117277836498953e-09
9.057629741299242205e-09
9.043142204759090326e-09
4.833633174850220509e-09
4.825927718502229316e-09
4.818222262157133255e-09
4.810516805813484761e-09
4.802811349468388700e-09
1.424747782227705856e-09
1.422475686208095985e-09
1.420203590185590982e-09
1.417931494165257327e-09
0.000000000000000000e+00
0.000000000000000000e+00
0.000000000000000000e+00
0.000000000000000000e+00
0.000000000000000000e+00
0.000000000000000000e+00
0.000000000000000000e+00
0.000000000000000000e+00
0.000000000000000000e+00
0.000000000000000000e+00
0.000000000000000000e+00
0.000000000000000000e+00
0.000000000000000000e+00
0.000000000000000000e+00
0.000000000000000000e+00
0.000000000000000000e+00
0.000000000000000000e+00
0.000000000000000000e+00
0.000000000000000000e+00
0.000000000000000000e+00
0.000000000000000000e+00
0.000000000000000000e+00
0.000000000000000000e+00
0.000000000000000000e+00
0.000000000000000000e+00
0.000000000000000000e+00
0.000000000000000000e+00
0.000000000000000000e+00
0.000000000000000000e+00
0.000000000000000000e+00
0.000000000000000000e+00
0.000000000000000000e+00
0.000000000000000000e+00
0.000000000000000000e+00
0.000000000000000000e+00
0.000000000000000000e+00
0.000000000000000000e+00
0.000000000000000000e+00
0.000000000000000000e+00
0.000000000000000000e+00
0.000000000000000000e+00
0.000000000000000000e+00
0.000000000000000000e+00
0.000000000000000000e+00
0.000000000000000000e+00
0.000000000000000000e+00
0.000000000000000000e+00
0.000000000000000000e+00
0.000000000000000000e+00
0.000000000000000000e+00
0.000000000000000000e+00
0.000000000000000000e+00
0.000000000000000000e+00
0.000000000000000000e+00
0.000000000000000000e+00
0.000000000000000000e+00
0.000000000000000000e+00
0.000000000000000000e+00
0.000000000000000000e+00
0.000000000000000000e+00
0.000000000000000000e+00
0.000000000000000000e+00
0.000000000000000000e+00
0.000000000000000000e+00
0.000000000000000000e+00
0.000000000000000000e+00
0.000000000000000000e+00
0.000000000000000000e+00
0.000000000000000000e+00
0.000000000000000000e+00
0.000000000000000000e+00
0.000000000000000000e+00
0.000000000000000000e+00
0.000000000000000000e+00
0.000000000000000000e+00
0.000000000000000000e+00
0.000000000000000000e+00
0.000000000000000000e+00
0.000000000000000000e+00
0.000000000000000000e+00
0.000000000000000000e+00
0.000000000000000000e+00
0.000000000000000000e+00
0.000000000000000000e+00
0.000000000000000000e+00
0.000000000000000000e+00
0.000000000000000000e+00
0.000000000000000000e+00
0.000000000000000000e+00
0.000000000000000000e+00
0.000000000000000000e+00
0.000000000000000000e+00
0.000000000000000000e+00
0.000000000000000000e+00
0.000000000000000000e+00
0.000000000000000000e+00
0.000000000000000000e+00
0.000000000000000000e+00
0.000000000000000000e+00
0.000000000000000000e+00
0.000000000000000000e+00
0.000000000000000000e+00
0.000000000000000000e+00
0.000000000000000000e+00
0.000000000000000000e+00
0.000000000000000000e+00
0.000000000000000000e+00
0.000000000000000000e+00
0.000000000000000000e+00
0.000000000000000000e+00
0.000000000000000000e+00
0.000000000000000000e+00
0.000000000000000000e+00
0.000000000000000000e+00
0.000000000000000000e+00
0.000000000000000000e+00
0.000000000000000000e+00
0.000000000000000000e+00
0.000000000000000000e+00
0.000000000000000000e+00
0.000000000000000000e+00
0.000000000000000000e+00
0.000000000000000000e+00
0.000000000000000000e+00
0.000000000000000000e+00
0.000000000000000000e+00
0.000000000000000000e+00
0.000000000000000000e+00
0.000000000000000000e+00
0.000000000000000000e+00
0.000000000000000000e+00
0.000000000000000000e+00
0.000000000000000000e+00
0.000000000000000000e+00
0.000000000000000000e+00
0.000000000000000000e+00
0.000000000000000000e+00
0.000000000000000000e+00
0.000000000000000000e+00
0.000000000000000000e+00
0.000000000000000000e+00
0.000000000000000000e+00
0.000000000000000000e+00
0.000000000000000000e+00
0.000000000000000000e+00
0.000000000000000000e+00
0.000000000000000000e+00
0.000000000000000000e+00
0.000000000000000000e+00
0.000000000000000000e+00
0.000000000000000000e+00
0.000000000000000000e+00
0.000000000000000000e+00
0.000000000000000000e+00
0.000000000000000000e+00
0.000000000000000000e+00
0.000000000000000000e+00
0.000000000000000000e+00
0.000000000000000000e+00
0.000000000000000000e+00
0.000000000000000000e+00
0.000000000000000000e+00
0.000000000000000000e+00
0.000000000000000000e+00
0.000000000000000000e+00
0.000000000000000000e+00
0.000000000000000000e+00
0.000000000000000000e+00
0.000000000000000000e+00
0.000000000000000000e+00
0.000000000000000000e+00
0.000000000000000000e+00
0.000000000000000000e+00
0.000000000000000000e+00
0.000000000000000000e+00
0.000000000000000000e+00
0.000000000000000000e+00
0.000000000000000000e+00
0.000000000000000000e+00
0.000000000000000000e+00
0.000000000000000000e+00
0.000000000000000000e+00
0.000000000000000000e+00
0.000000000000000000e+00
0.000000000000000000e+00
0.000000000000000000e+00
0.000000000000000000e+00
0.000000000000000000e+00
0.000000000000000000e+00
0.000000000000000000e+00
0.000000000000000000e+00
0.000000000000000000e+00
0.000000000000000000e+00
0.000000000000000000e+00
0.000000000000000000e+00
0.000000000000000000e+00
0.000000000000000000e+00
0.000000000000000000e+00
0.000000000000000000e+00
0.000000000000000000e+00
0.000000000000000000e+00
0.000000000000000000e+00
0.000000000000000000e+00
0.000000000000000000e+00
0.000000000000000000e+00
0.000000000000000000e+00
0.000000000000000000e+00
0.000000000000000000e+00
0.000000000000000000e+00
0.000000000000000000e+00
0.000000000000000000e+00
0.000000000000000000e+00
0.000000000000000000e+00
0.000000000000000000e+00
0.000000000000000000e+00
0.000000000000000000e+00
0.000000000000000000e+00
0.000000000000000000e+00
0.000000000000000000e+00
0.000000000000000000e+00
0.000000000000000000e+00
0.000000000000000000e+00
0.000000000000000000e+00
0.000000000000000000e+00
0.000000000000000000e+00
0.000000000000000000e+00
0.000000000000000000e+00
0.000000000000000000e+00
0.000000000000000000e+00
0.000000000000000000e+00
0.000000000000000000e+00
0.000000000000000000e+00
0.000000000000000000e+00
0.000000000000000000e+00
0.000000000000000000e+00
0.000000000000000000e+00
0.000000000000000000e+00
0.000000000000000000e+00
0.000000000000000000e+00
0.000000000000000000e+00
0.000000000000000000e+00
0.000000000000000000e+00
0.000000000000000000e+00
0.000000000000000000e+00
0.000000000000000000e+00
0.000000000000000000e+00
0.000000000000000000e+00
0.000000000000000000e+00
0.000000000000000000e+00
0.000000000000000000e+00
0.000000000000000000e+00
0.000000000000000000e+00
0.000000000000000000e+00
0.000000000000000000e+00
0.000000000000000000e+00
0.000000000000000000e+00
0.000000000000000000e+00
0.000000000000000000e+00
0.000000000000000000e+00
0.000000000000000000e+00
0.000000000000000000e+00
0.000000000000000000e+00
0.000000000000000000e+00
0.000000000000000000e+00
0.000000000000000000e+00
0.000000000000000000e+00
0.000000000000000000e+00
0.000000000000000000e+00
0.000000000000000000e+00
0.000000000000000000e+00
0.000000000000000000e+00
0.000000000000000000e+00
0.000000000000000000e+00
0.000000000000000000e+00
0.000000000000000000e+00
0.000000000000000000e+00
0.000000000000000000e+00
0.000000000000000000e+00
0.000000000000000000e+00
0.000000000000000000e+00
0.000000000000000000e+00
0.000000000000000000e+00
0.000000000000000000e+00
0.000000000000000000e+00
0.000000000000000000e+00
0.000000000000000000e+00
0.000000000000000000e+00
0.000000000000000000e+00
0.000000000000000000e+00
0.000000000000000000e+00
0.000000000000000000e+00
0.000000000000000000e+00
0.000000000000000000e+00
0.000000000000000000e+00
0.000000000000000000e+00
0.000000000000000000e+00
0.000000000000000000e+00
0.000000000000000000e+00
0.000000000000000000e+00
0.000000000000000000e+00
0.000000000000000000e+00
0.000000000000000000e+00
0.000000000000000000e+00
0.000000000000000000e+00
0.000000000000000000e+00
0.000000000000000000e+00
0.000000000000000000e+00
0.000000000000000000e+00
0.000000000000000000e+00
0.000000000000000000e+00
0.000000000000000000e+00
0.000000000000000000e+00
0.000000000000000000e+00
0.000000000000000000e+00
0.000000000000000000e+00
0.000000000000000000e+00
0.000000000000000000e+00
0.000000000000000000e+00
0.000000000000000000e+00
0.000000000000000000e+00
0.000000000000000000e+00
0.000000000000000000e+00
0.000000000000000000e+00
0.000000000000000000e+00
0.000000000000000000e+00
0.000000000000000000e+00
0.000000000000000000e+00
0.000000000000000000e+00
0.000000000000000000e+00
0.000000000000000000e+00
0.000000000000000000e+00
0.000000000000000000e+00
0.000000000000000000e+00
0.000000000000000000e+00
0.000000000000000000e+00
0.000000000000000000e+00
0.000000000000000000e+00
0.000000000000000000e+00
0.000000000000000000e+00
0.000000000000000000e+00
0.000000000000000000e+00
0.000000000000000000e+00
0.000000000000000000e+00
0.000000000000000000e+00
0.000000000000000000e+00
0.000000000000000000e+00
0.000000000000000000e+00
0.000000000000000000e+00
0.000000000000000000e+00
0.000000000000000000e+00
0.000000000000000000e+00
0.000000000000000000e+00
0.000000000000000000e+00
0.000000000000000000e+00
0.000000000000000000e+00
0.000000000000000000e+00
0.000000000000000000e+00
0.000000000000000000e+00
0.000000000000000000e+00
0.000000000000000000e+00
0.000000000000000000e+00
0.000000000000000000e+00
0.000000000000000000e+00
0.000000000000000000e+00
0.000000000000000000e+00
0.000000000000000000e+00
0.000000000000000000e+00
0.000000000000000000e+00
0.000000000000000000e+00
0.000000000000000000e+00
0.000000000000000000e+00
0.000000000000000000e+00
0.000000000000000000e+00
0.000000000000000000e+00
0.000000000000000000e+00
0.000000000000000000e+00
0.000000000000000000e+00
0.000000000000000000e+00
0.000000000000000000e+00
0.000000000000000000e+00
0.000000000000000000e+00
0.000000000000000000e+00
0.000000000000000000e+00
0.000000000000000000e+00
0.000000000000000000e+00
0.000000000000000000e+00
0.000000000000000000e+00
0.000000000000000000e+00
0.000000000000000000e+00
0.000000000000000000e+00
0.000000000000000000e+00
0.000000000000000000e+00
0.000000000000000000e+00
0.000000000000000000e+00
0.000000000000000000e+00
0.000000000000000000e+00
0.000000000000000000e+00
0.000000000000000000e+00
0.000000000000000000e+00
0.000000000000000000e+00
0.000000000000000000e+00
0.000000000000000000e+00
0.000000000000000000e+00
0.000000000000000000e+00
0.000000000000000000e+00
0.000000000000000000e+00
0.000000000000000000e+00
0.000000000000000000e+00
0.000000000000000000e+00
0.000000000000000000e+00
0.000000000000000000e+00
0.000000000000000000e+00
0.000000000000000000e+00
0.000000000000000000e+00
0.000000000000000000e+00
0.000000000000000000e+00
0.000000000000000000e+00
0.000000000000000000e+00
0.000000000000000000e+00
0.000000000000000000e+00
0.000000000000000000e+00
0.000000000000000000e+00
0.000000000000000000e+00
0.000000000000000000e+00
0.000000000000000000e+00
0.000000000000000000e+00
0.000000000000000000e+00
0.000000000000000000e+00
0.000000000000000000e+00
0.000000000000000000e+00
0.000000000000000000e+00
0.000000000000000000e+00
0.000000000000000000e+00
0.000000000000000000e+00
0.000000000000000000e+00
0.000000000000000000e+00
0.000000000000000000e+00
0.000000000000000000e+00
0.000000000000000000e+00
0.000000000000000000e+00
0.000000000000000000e+00
0.000000000000000000e+00
0.000000000000000000e+00
0.000000000000000000e+00
0.000000000000000000e+00
0.000000000000000000e+00
0.000000000000000000e+00
0.000000000000000000e+00
0.000000000000000000e+00
0.000000000000000000e+00
0.000000000000000000e+00
0.000000000000000000e+00
0.000000000000000000e+00
0.000000000000000000e+00
0.000000000000000000e+00
0.000000000000000000e+00
0.000000000000000000e+00
0.000000000000000000e+00
0.000000000000000000e+00
0.000000000000000000e+00
0.000000000000000000e+00
0.000000000000000000e+00
0.000000000000000000e+00
0.000000000000000000e+00
0.000000000000000000e+00
0.000000000000000000e+00
0.000000000000000000e+00
0.000000000000000000e+00
0.000000000000000000e+00
0.000000000000000000e+00
0.000000000000000000e+00
0.000000000000000000e+00
0.000000000000000000e+00
0.000000000000000000e+00
0.000000000000000000e+00
0.000000000000000000e+00
0.000000000000000000e+00
0.000000000000000000e+00
0.000000000000000000e+00
0.000000000000000000e+00
0.000000000000000000e+00
0.000000000000000000e+00
0.000000000000000000e+00
0.000000000000000000e+00
0.000000000000000000e+00
0.000000000000000000e+00
0.000000000000000000e+00
0.000000000000000000e+00
0.000000000000000000e+00
0.000000000000000000e+00
0.000000000000000000e+00
0.000000000000000000e+00
0.000000000000000000e+00
0.000000000000000000e+00
0.000000000000000000e+00
0.000000000000000000e+00
0.000000000000000000e+00
0.000000000000000000e+00
0.000000000000000000e+00
0.000000000000000000e+00
0.000000000000000000e+00
0.000000000000000000e+00
0.000000000000000000e+00
0.000000000000000000e+00
0.000000000000000000e+00
0.000000000000000000e+00
0.000000000000000000e+00
0.000000000000000000e+00
0.000000000000000000e+00
0.000000000000000000e+00
0.000000000000000000e+00
0.000000000000000000e+00
0.000000000000000000e+00
0.000000000000000000e+00
0.000000000000000000e+00
0.000000000000000000e+00
0.000000000000000000e+00
0.000000000000000000e+00
0.000000000000000000e+00
0.000000000000000000e+00
0.000000000000000000e+00
0.000000000000000000e+00
0.000000000000000000e+00
0.000000000000000000e+00
0.000000000000000000e+00
0.000000000000000000e+00
0.000000000000000000e+00
0.000000000000000000e+00
0.000000000000000000e+00
0.000000000000000000e+00
0.000000000000000000e+00
0.000000000000000000e+00
0.000000000000000000e+00
0.000000000000000000e+00
0.000000000000000000e+00
0.000000000000000000e+00
0.000000000000000000e+00
0.000000000000000000e+00
0.000000000000000000e+00
0.000000000000000000e+00
0.000000000000000000e+00
0.000000000000000000e+00
0.000000000000000000e+00
0.000000000000000000e+00
0.000000000000000000e+00
0.000000000000000000e+00
0.000000000000000000e+00
0.000000000000000000e+00
0.000000000000000000e+00
0.000000000000000000e+00
0.000000000000000000e+00
0.000000000000000000e+00
0.000000000000000000e+00
0.000000000000000000e+00
0.000000000000000000e+00
0.000000000000000000e+00
0.000000000000000000e+00
0.000000000000000000e+00
0.000000000000000000e+00
0.000000000000000000e+00
0.000000000000000000e+00
0.000000000000000000e+00
0.000000000000000000e+00
0.000000000000000000e+00
0.000000000000000000e+00
0.000000000000000000e+00
0.000000000000000000e+00
0.000000000000000000e+00
0.000000000000000000e+00
0.000000000000000000e+00
0.000000000000000000e+00
0.000000000000000000e+00
0.000000000000000000e+00
0.000000000000000000e+00
0.000000000000000000e+00
0.000000000000000000e+00
0.000000000000000000e+00
0.000000000000000000e+00
0.000000000000000000e+00
0.000000000000000000e+00
0.000000000000000000e+00
0.000000000000000000e+00
0.000000000000000000e+00
0.000000000000000000e+00
0.000000000000000000e+00
0.000000000000000000e+00
0.000000000000000000e+00
0.000000000000000000e+00
0.000000000000000000e+00
0.000000000000000000e+00
0.000000000000000000e+00
0.000000000000000000e+00
0.000000000000000000e+00
0.000000000000000000e+00
0.000000000000000000e+00
0.000000000000000000e+00
0.000000000000000000e+00
0.000000000000000000e+00
0.000000000000000000e+00
0.000000000000000000e+00
0.000000000000000000e+00
0.000000000000000000e+00
0.000000000000000000e+00
0.000000000000000000e+00
0.000000000000000000e+00
0.000000000000000000e+00
0.000000000000000000e+00
0.000000000000000000e+00
0.000000000000000000e+00
0.000000000000000000e+00
0.000000000000000000e+00
0.000000000000000000e+00
0.000000000000000000e+00
0.000000000000000000e+00
0.000000000000000000e+00
0.000000000000000000e+00
0.000000000000000000e+00
0.000000000000000000e+00
0.000000000000000000e+00
0.000000000000000000e+00
0.000000000000000000e+00
0.000000000000000000e+00
0.000000000000000000e+00
0.000000000000000000e+00
0.000000000000000000e+00
0.000000000000000000e+00
0.000000000000000000e+00
0.000000000000000000e+00
0.000000000000000000e+00
0.000000000000000000e+00
0.000000000000000000e+00
0.000000000000000000e+00
0.000000000000000000e+00
0.000000000000000000e+00
0.000000000000000000e+00
0.000000000000000000e+00
0.000000000000000000e+00
0.000000000000000000e+00
0.000000000000000000e+00
0.000000000000000000e+00
0.000000000000000000e+00
0.000000000000000000e+00
0.000000000000000000e+00
0.000000000000000000e+00
0.000000000000000000e+00
0.000000000000000000e+00
0.000000000000000000e+00
0.000000000000000000e+00
0.000000000000000000e+00
0.000000000000000000e+00
0.000000000000000000e+00
0.000000000000000000e+00
0.000000000000000000e+00
0.000000000000000000e+00
0.000000000000000000e+00
0.000000000000000000e+00
0.000000000000000000e+00
0.000000000000000000e+00
0.000000000000000000e+00
0.000000000000000000e+00
0.000000000000000000e+00
0.000000000000000000e+00
0.000000000000000000e+00
0.000000000000000000e+00
0.000000000000000000e+00
0.000000000000000000e+00
0.000000000000000000e+00
0.000000000000000000e+00
0.000000000000000000e+00
0.000000000000000000e+00
0.000000000000000000e+00
0.000000000000000000e+00
0.000000000000000000e+00
0.000000000000000000e+00
0.000000000000000000e+00
0.000000000000000000e+00
0.000000000000000000e+00
0.000000000000000000e+00
0.000000000000000000e+00
0.000000000000000000e+00
0.000000000000000000e+00
0.000000000000000000e+00
0.000000000000000000e+00
0.000000000000000000e+00
0.000000000000000000e+00
