5.146214705555882567e-06
5.526253138128518592e-06
5.889525192240648003e-06
6.236576514339242484e-06
6.567969826466022354e-06
6.884234009800032043e-06
7.185903616706802916e-06
7.473485139611129278e-06
7.747448724054528451e-06
8.008239960072198490e-06
8.256328227969909531e-06
8.492134520423445581e-06
8.716064287868078344e-06
8.928486258684659337e-06
9.129803847847488128e-06
9.320383269856705988e-06
9.500519911942928772e-06
9.670632021257134856e-06
9.830965471179592353e-06
9.981863752902665965e-06
1.012363713131141342e-05
1.025655762555273061e-05
1.038089641054657628e-05
1.049691771021369827e-05
1.060486969757115048e-05
1.070501607521194032e-05
1.079759068743764621e-05
1.088284679392002181e-05
1.096101538179498993e-05
1.103224892810231697e-05
1.109684710409640588e-05
1.115501861173468397e-05
1.120688805839083445e-05
1.125278051901754653e-05
1.129275340235201150e-05
1.132714643668980906e-05
1.135599145919313519e-05
1.137961984448571310e-05
1.139810056791789850e-05
1.141163516687342566e-05
1.142045231762747597e-05
1.142464216083732373e-05
1.142438489116859490e-05
1.141984762954336422e-05
1.141124322029797156e-05
1.139863367046414692e-05
1.138220394273467419e-05
1.136209504201745781e-05
1.133845592575510366e-05
1.131146128272529481e-05
1.128119996548917705e-05
1.124783606358825355e-05
1.121149711827587700e-05
1.117229369193997177e-05
1.113038411654976733e-05
1.108586074054622393e-05
1.103886042765377985e-05
1.098953356125131263e-05
1.093795738339101351e-05
1.088426722176942071e-05
1.082860518111017783e-05
1.077104097546481776e-05
1.071167407212543313e-05
1.065069252155328597e-05
1.058816420271339832e-05
1.052413365117731359e-05
1.045878251561258855e-05
1.039218008352161820e-05
1.032438323257932389e-05
1.025550301246229599e-05
1.018568671438879535e-05
1.011498451214920175e-05
1.004345201148594804e-05
9.971212805049904746e-06
9.898332052902126055e-06
9.824881900519934802e-06
9.750941401639561375e-06
9.676609957921321377e-06
9.601933167853267170e-06
9.526977549577060879e-06
9.451826599680711574e-06
9.376550418071518027e-06
9.301196713949406436e-06
9.225804724439029482e-06
9.150473416840720027e-06
9.075266932721303681e-06
9.000222907807763664e-06
8.925338326891579492e-06
8.850742781899567511e-06
8.776471542867268625e-06
8.702554353635789095e-06
8.629015324056569933e-06
8.555871995427240725e-06
8.483244074076054183e-06
8.411169949646635306e-06
8.339622847729698694e-06
8.268620764946354608e-06
8.198240839480389801e-06
8.128511677163823882e-06
8.059506630268921309e-06
7.991176158759591988e-06
7.923535922639271119e-06
7.856669067739200795e-06
7.790563288135954952e-06
7.725303007693737738e-06
7.660792901122576645e-06
7.597127131486395882e-06
7.534264614486104350e-06
7.472274435386370825e-06
7.411195348548877287e-06
7.350928717648729920e-06
7.291610864118555192e-06
7.233093547123338831e-06
7.175566570051330226e-06
7.118891398828554994e-06
7.063192693836582309e-06
7.008327001800495578e-06
6.954448121361496966e-06
6.901421182756236601e-06
6.849384130904498037e-06
6.798221689522598777e-06
6.748013653020614130e-06
6.698652806412689732e-06
6.650266400728122832e-06
6.602729297793327864e-06
6.556166354944375389e-06
6.510436795469898433e-06
6.465654006901466683e-06
6.421648420011891866e-06
6.378618697456802926e-06
6.336370043044853654e-06
6.295075783815915513e-06
6.254540575017307758e-06
6.214916522540629788e-06
6.176006886010399472e-06
6.137970548235280163e-06
6.100723359899574844e-06
6.064271900285538865e-06
6.028633150670805569e-06
5.993692087449314224e-06
5.959557532135771947e-06
5.926029762010629268e-06
5.893315802138376714e-06
5.861257573579629986e-06
5.829931419293011161e-06
5.799288189098870701e-06
5.769255747092277103e-06
5.739925050659366774e-06
5.711106950269728595e-06
5.682971250840433026e-06
5.655403782669850224e-06
5.628411515642985809e-06
5.602022330966534268e-06
5.576103027621977072e-06
5.550774127523712135e-06
5.525891398821994052e-06
5.501490871273431759e-06
5.477611541232926560e-06
5.454134897034620637e-06
5.431152788803710633e-06
5.408563376182383455e-06
5.386357188425094419e-06
5.364582117763026431e-06
5.343111504109794894e-06
5.322023996403668212e-06
5.301286759596253068e-06
5.280836196976362089e-06
5.260729306667424364e-06
5.240879859717674050e-06
5.221287514450678820e-06
5.201982700874329271e-06
5.182876815199574759e-06
5.164002923472340869e-06
5.145353484956263072e-06
5.126871106009900119e-06
5.108581037903584492e-06
5.090448530011559531e-06
5.072436619883332420e-06
5.054575760628769511e-06
5.036829153313206502e-06
5.019175272960685529e-06
5.001626727114103563e-06
4.984155677613120258e-06
4.966746722809939782e-06
4.949393906368312073e-06
4.932072373757054560e-06
4.914772698541175917e-06
4.897493204553573755e-06
4.880221315200737292e-06
4.862944915110100773e-06
4.845649429105373734e-06
4.828335106983064828e-06
4.810990578486010241e-06
4.793589769510732691e-06
4.776135582902247219e-06
4.758623336686501154e-06
4.741029454869537257e-06
4.723365202558061028e-06
4.705632806658583461e-06
4.687792921525299637e-06
4.669856445938693179e-06
4.651839071483609267e-06
4.633696696589343581e-06
4.615429045667657740e-06
4.597059823199712632e-06
4.578561124238386087e-06
4.559921077189098697e-06
4.541172769604861607e-06
4.522304624836509126e-06
4.503275679689344335e-06
4.484117828614779752e-06
4.464846262768476049e-06
4.445411078623775801e-06
4.425822974336751239e-06
4.406114807682537534e-06
4.386259349884955953e-06
4.366242398343273307e-06
4.346103271987453534e-06
4.325845904808303866e-06
4.305425126730303530e-06
4.284862526112814684e-06
4.264191958082408284e-06
4.243381741615201346e-06
4.222419311730927463e-06
4.201339417947989172e-06
4.180150142321532858e-06
4.158822457061183240e-06
4.137372867131126120e-06
4.115834866159235946e-06
4.094192406750644299e-06
4.072426617505176864e-06
4.050566163616755173e-06
4.028628533364818694e-06
4.006593411294742714e-06
3.984461890138887316e-06
3.962258906293603603e-06
3.939990990093934369e-06
3.917650263544501034e-06
3.895246503035206305e-06
3.872801985617618631e-06
3.850316240849709408e-06
3.827783021779073100e-06
3.805212418401795533e-06
3.782617775305502974e-06
3.760003832848534237e-06
3.737375117365953221e-06
3.714737133379930811e-06
3.692094784871923340e-06
3.669463079320757596e-06
3.646851616505378404e-06
3.624263215367104336e-06
3.601699476820934561e-06
3.579176671693782816e-06
3.556702652838408521e-06
3.534272446152014443e-06
3.511882413548823394e-06
3.489562340966919647e-06
3.467327189752397007e-06
3.445164957491238772e-06
3.423065720681071292e-06
3.401062216709014098e-06
3.379177089122333564e-06
3.357396776793453864e-06
3.335706551258249161e-06
3.314130374957671992e-06
3.292701030670912319e-06
3.271400859947071744e-06
3.250205018672132097e-06
3.229130578346641765e-06
3.208236075193417581e-06
3.187508108602003844e-06
3.166912684701760837e-06
3.146448940184991288e-06
3.126182386729676193e-06
3.106113810349991170e-06
3.086207416353181395e-06
3.066444292557682396e-06
3.046878015499945080e-06
3.027533446224693077e-06
3.008378506639819495e-06
2.989375184458550072e-06
2.970546552271444910e-06
2.951967410593164055e-06
2.933621087061248641e-06
2.915458084368960637e-06
2.897464619516842861e-06
2.879712375139770001e-06
2.862217276906847325e-06
2.844940903316060077e-06
2.827844743758728964e-06
2.810948987160330617e-06
2.794322116430618259e-06
2.777946102305597058e-06
2.761762972491998568e-06
2.745751845732153841e-06
2.729985772383672644e-06
2.714499282832803803e-06
2.699258905140233971e-06
2.684213003956210743e-06
2.669360931814819501e-06
2.654779786684135512e-06
2.640470018007604918e-06
2.626385251045967558e-06
2.612487541110337043e-06
2.598795620754187757e-06
2.585376591952306175e-06
2.572216182446653768e-06
2.559254794881111541e-06
2.546464704513475148e-06
2.533887329104318976e-06
2.521584672927997027e-06
2.509535777516681142e-06
2.497684630831359631e-06
2.486010636192517925e-06
2.474556864015536918e-06
2.463360271482929463e-06
2.452399251981069081e-06
2.441620218430838986e-06
2.431006360979604495e-06
2.420601456468648028e-06
2.410437629429787329e-06
2.400493436900819586e-06
2.390712514465450652e-06
2.381077824726444233e-06
2.371631495876529902e-06
2.362411027974906874e-06
2.353400438197015937e-06
2.344551245856073360e-06
2.335846585709065728e-06
2.327308821035798429e-06
2.318974925540585047e-06
2.310832257378308189e-06
2.302838370198097987e-06
2.294972423332740023e-06
2.287243645121914854e-06
2.279694002653604092e-06
2.272316579861582789e-06
2.265077630759967790e-06
2.257947734401265929e-06
2.250925803549304276e-06
2.244052552073359909e-06
2.237330234930287325e-06
2.230741666192727773e-06
2.224253916399383386e-06
2.217860338936927592e-06
2.211579829568530337e-06
2.205425447198710724e-06
2.199388774051096630e-06
2.193440699305473512e-06
2.187568541982107751e-06
2.181774686931273219e-06
2.176080093495146564e-06
2.170481827144458558e-06
2.164965038376827213e-06
2.159506821658330843e-06
2.154103337091028071e-06
2.148765780158834382e-06
2.143499661621258682e-06
2.138300704685424503e-06
2.133151493671298045e-06
2.128043619624002966e-06
2.122976073242725091e-06
2.117953451456302268e-06
2.112974684593412646e-06
2.108034382362748607e-06
2.103118823627834817e-06
2.098225307852253302e-06
2.093353010540344923e-06
2.088501082753760963e-06
2.083668464445521552e-06
2.078850060113595816e-06
2.074038371979106482e-06
2.069232944947486071e-06
2.064428993226748725e-06
2.059622232209010369e-06
2.054812522851341491e-06
2.049997776521266027e-06
2.045176136810696676e-06
2.040347777691588596e-06
2.035502319998218882e-06
2.030634273260410758e-06
2.025744671107247377e-06
2.020834180008956202e-06
2.015903729390861573e-06
2.010953792531423371e-06
2.005971203997682606e-06
2.000950229495242553e-06
1.995892649683587075e-06
1.990802385880640391e-06
1.985682734748303788e-06
1.980534845884774631e-06
1.975344194668218335e-06
1.970103030989911919e-06
1.964813676430580593e-06
1.959482476164924517e-06
1.954115073658869235e-06
1.948713288631411393e-06
1.943265447103018911e-06
1.937759464017846372e-06
1.932197755822472710e-06
1.926586422015551088e-06
1.920934333347615576e-06
1.915243486129279974e-06
1.909508435988583897e-06
1.903712594444670305e-06
1.897858052678879070e-06
1.891949170176312983e-06
1.885997318063474147e-06
1.880005764540756789e-06
1.873974411095052771e-06
1.867887239834779897e-06
1.861742289976427062e-06
1.855542568755113464e-06
1.849298430514474093e-06
1.843016611726526189e-06
1.836698836852094117e-06
1.830336995447935079e-06
1.823922457826620997e-06
1.817457574458911450e-06
1.810947231827550992e-06
1.804402458518424246e-06
1.797825507914174132e-06
1.791216483527873760e-06
1.784566579096360191e-06
1.777875481666017190e-06
1.771145128620365114e-06
1.764383695109047059e-06
1.757597342229139785e-06
1.750787183698031826e-06
1.743951747847152094e-06
1.737087167406478399e-06
1.730194620367459132e-06
1.723276149242685385e-06
1.716339938836069815e-06
1.709388514291106105e-06
1.702422502259003925e-06
1.695441871226749083e-06
1.688446752375675396e-06
1.681437845760232047e-06
1.674416968320724308e-06
1.667389354247027884e-06
1.660355836248021950e-06
1.653316933086493528e-06
1.646279010214229777e-06
1.639244732327778847e-06
1.632213976994457654e-06
1.625187607932279995e-06
1.618168019357057373e-06
1.611155173461791400e-06
1.604149337001721546e-06
1.597159782381723384e-06
1.590189522982563447e-06
1.583237591986753815e-06
1.576303563051836889e-06
1.569387133324252870e-06
1.562487670516776101e-06
1.555605008930210247e-06
1.548751910073546747e-06
1.541932745142083949e-06
1.535146258156497182e-06
1.528390271367479547e-06
1.521660608177611814e-06
1.514955848995108317e-06
1.508275208795304101e-06
1.501634650047956743e-06
1.495044140814066539e-06
1.488502419401600563e-06
1.482006597252449340e-06
1.475550312039672133e-06
1.469131140852592587e-06
1.462747333063738653e-06
1.456407606135773877e-06
1.450128905421653240e-06
1.443909235518675749e-06
1.437746244291980357e-06
1.431632606408997580e-06
1.425562858621814198e-06
1.419534717791308097e-06
1.413550221932431083e-06
1.407631582255081094e-06
1.401781417209466273e-06
1.395996868771356192e-06
1.390272768715719074e-06
1.384596972826046301e-06
1.378966633404039197e-06
1.373380453243867332e-06
1.367852908147352310e-06
1.362402192703402822e-06
1.357024882684309169e-06
1.351718492289493275e-06
1.346472343968017510e-06
1.341278842399302010e-06
1.336135497301964198e-06
1.331043147536742299e-06
1.326022916181517044e-06
1.321079707607098706e-06
1.316210130207063451e-06
1.311410155625768402e-06
1.306666066203667441e-06
1.301973050705740073e-06
1.297329672874757300e-06
1.292739753063939153e-06
1.288225838349076391e-06
1.283786699166484140e-06
1.279419790628824750e-06
1.275118895038903496e-06
1.270868917492270759e-06
1.266667273898363204e-06
1.262511700047868234e-06
1.258410781086174516e-06
1.254382394079220757e-06
1.250425224827683903e-06
1.246536269362003891e-06
1.242708862640169651e-06
1.238930599904126190e-06
1.235198806552333833e-06
1.231511815767100950e-06
1.227876610898537837e-06
1.224306981824538177e-06
1.220801306070855470e-06
1.217356864290481687e-06
1.213967832320623075e-06
1.210621468568962250e-06
1.207315807353137483e-06
1.204048875095310669e-06
1.200825903169961238e-06
1.197659460328875251e-06
1.194548749835145556e-06
1.191491413626797632e-06
1.188483243967257015e-06
1.185511775031240229e-06
1.182574319040233884e-06
1.179669889096210286e-06
1.176799232306863595e-06
1.173973892275568041e-06
1.171194114856142299e-06
1.168457877771613025e-06
1.165763379435487544e-06
1.163100883811783518e-06
1.160466421394625664e-06
1.157858987346710647e-06
1.155277670013818573e-06
1.152728965538567189e-06
1.150214674579806641e-06
1.147733788621993231e-06
1.145284898035649210e-06
1.142863001086773693e-06
1.140461155396840379e-06
1.138078632220205642e-06
1.135714634346647305e-06
1.133370675947508687e-06
1.131050549631269025e-06
1.128753575284046931e-06
1.126479261489442721e-06
1.124225906745742340e-06
1.121987323593626822e-06
1.119761442588528397e-06
1.117547796948518344e-06
1.115345905547236343e-06
1.113156856229308098e-06
1.110980754814171346e-06
1.108817128412190329e-06
1.106665603644112845e-06
1.104524450407239189e-06
1.102389785461764380e-06
1.100261216794240769e-06
1.098138577122825691e-06
1.096021332804551126e-06
1.093907378315586157e-06
1.091796137703314047e-06
1.089687495974965605e-06
1.087581298443054452e-06
1.085476008681117431e-06
1.083369830352466620e-06
1.081262771510162096e-06
1.079154814161141418e-06
1.077045120482388234e-06
1.074929708557935153e-06
1.072808218397403378e-06
1.070680781182302908e-06
1.068547530556892250e-06
1.066408235886452360e-06
1.064262562066467580e-06
1.062110695480255934e-06
1.059952859636694980e-06
1.057788063628150593e-06
1.055611192251206305e-06
1.053421919588265803e-06
1.051220688935327735e-06
1.049007781054873963e-06
1.046784104685601827e-06
1.044550722894447196e-06
1.042307881521887979e-06
1.040055930512210157e-06
1.037794371409817891e-06
1.035517921045719636e-06
1.033225849496014631e-06
1.030918539761896147e-06
1.028596479613992609e-06
1.026260868323761355e-06
1.023913878112207090e-06
1.021555918694672326e-06
1.019187359091189355e-06
1.016808427654464793e-06
1.014415114110256543e-06
1.012005624002819642e-06
1.009580492824830099e-06
1.007140178360714818e-06
1.004685418898578430e-06
1.002219055816865760e-06
9.997421116558331649e-07
9.972549318841502021e-07
9.947578123266974835e-07
9.922497410901051626e-07
9.897277488297904196e-07
9.871921759320137935e-07
9.846434194593156023e-07
9.820819084344486013e-07
9.795094770255211784e-07
9.769285113891086177e-07
9.743393141664475076e-07
9.717421440340593404e-07
9.691372155486365446e-07
9.665231078379974842e-07
9.638993752031108292e-07
9.612663323359159686e-07
9.586242810305108764e-07
9.559736182025114413e-07
9.533167554337393644e-07
9.506547236995227279e-07
9.479876833327869297e-07
9.453157887212038383e-07
9.426393145057127381e-07
9.399591814549965071e-07
9.372756516466607251e-07
9.345888511152550525e-07
9.318989039711879309e-07
9.292061670268414810e-07
9.265124196150346361e-07
9.238179856634717683e-07
9.211228933167282684e-07
9.184271740586306330e-07
9.157315564684152429e-07
9.130385189744033555e-07
9.103482426582274747e-07
9.076606914365313810e-07
9.049757888262631322e-07
9.022936508130912456e-07
8.996150625589002236e-07
8.969400355819263565e-07
8.942684719448675148e-07
8.916002875836212107e-07
8.889365304601257969e-07
8.862811181160207480e-07
8.836342611275437632e-07
8.809957245738831002e-07
8.783652624096848639e-07
8.757426089622532671e-07
8.731272159183625376e-07
8.705188741491778883e-07
8.679173111857994219e-07
8.653223360491909345e-07
8.627347731445556482e-07
8.601609074167985516e-07
8.576016264645807619e-07
8.550566531166990809e-07
8.525255550403726018e-07
8.500078174933263830e-07
8.475020231913752013e-07
8.450074688061817603e-07
8.425237626204419902e-07
8.400506275925135817e-07
8.375878867324975019e-07
8.351409340565632712e-07
8.327123519825609733e-07
8.303016676095608305e-07
8.279083208957542299e-07
8.255320412882650584e-07
8.231713566876297911e-07
8.208240929994889067e-07
8.184899105885828763e-07
8.161684321086863562e-07
8.138592845653470121e-07
8.115644683562893255e-07
8.092903472727274077e-07
8.070368495535358296e-07
8.048032503803397538e-07
8.025892415104026667e-07
8.003940676635039546e-07
7.982142024568309096e-07
7.960483294376355182e-07
7.938960476909301640e-07
7.917569498984758926e-07
7.896308448721955449e-07
7.875228117176084633e-07
7.854370834672924903e-07
7.833732790129254474e-07
7.813306954664860338e-07
7.793086936213015042e-07
7.773062238496372300e-07
7.753194445635807085e-07
7.733479235641821328e-07
7.713909409991150620e-07
7.694481764639085621e-07
7.675193709773216734e-07
7.656104818759498405e-07
7.637231867087217070e-07
7.618567345566832137e-07
7.600107269641361792e-07
7.581846348969953495e-07
7.563767357080746136e-07
7.545835864154723169e-07
7.528043973654176167e-07
7.510389221866606913e-07
7.492866557264336110e-07
7.475474609672043087e-07
7.458267383158296029e-07
7.441258303307539724e-07
7.424439386014035711e-07
7.407807999006785943e-07
7.391357801346679994e-07
7.375075246993774320e-07
7.358919125643720255e-07
7.342885346972653679e-07
7.326968241208485296e-07
7.311165265105498460e-07
7.295474642034321977e-07
7.279934869967102753e-07
7.264561672133273394e-07
7.249353180740481908e-07
7.234303016556666516e-07
7.219409661165156038e-07
7.204662878685591478e-07
7.190030997215644298e-07
7.175502020107333976e-07
7.161075207382088822e-07
7.146748204726656077e-07
7.132516627512747126e-07
7.118392403941023508e-07
7.104399303798039737e-07
7.090533439673728934e-07
7.076790243749166360e-07
7.063167502316448804e-07
7.049662351323541322e-07
7.036251702503774967e-07
7.022917844197404904e-07
7.009656848899355599e-07
6.996468785016360449e-07
6.983350993892698740e-07
6.970302825906332212e-07
6.957339436066287508e-07
6.944465987117434905e-07
6.931676640658954598e-07
6.918971459142940484e-07
6.906346741097528104e-07
6.893798041510157307e-07
6.881301362135017205e-07
6.868850051046611556e-07
6.856444034695660298e-07
6.844081765058158621e-07
6.831761657815095676e-07
6.819485418070970280e-07
6.807257906531054517e-07
6.795077693577375177e-07
6.782943358126523263e-07
6.770854865469558759e-07
6.758809575515604509e-07
6.746802136393921198e-07
6.734818796277560287e-07
6.722858134763558700e-07
6.710919079398093048e-07
6.699001931764067826e-07
6.687105471642757762e-07
6.675227538717573280e-07
6.663365472422379672e-07
6.651518573467598932e-07
6.639686335352939590e-07
6.627868395847938125e-07
6.616064486305154829e-07
6.604270199534166106e-07
6.592478447968435896e-07
6.580688528509558551e-07
6.568900495147062609e-07
6.557114485018758604e-07
6.545330126644582174e-07
6.533543855838006064e-07
6.521750150894302446e-07
6.509949268703388569e-07
6.498140801133025650e-07
6.486325381757860185e-07
6.474502816472526076e-07
6.462672524836755728e-07
6.450831717092833854e-07
6.438980336930010120e-07
6.427118863973278312e-07
6.415247134732222596e-07
6.403365831138244673e-07
6.391472448599270228e-07
6.379560281260276177e-07
6.367629073229785357e-07
6.355679139298417131e-07
6.343711127809187889e-07
6.331725420405145992e-07
6.319722507695536487e-07
6.307704288572940569e-07
6.295671303672721728e-07
6.283623899988987884e-07
6.271562674441384140e-07
6.259487507385096388e-07
6.247398983762018700e-07
6.235291232830910310e-07
6.223163603604952183e-07
6.211016102118902549e-07
6.198849295122504298e-07
6.186663659494955216e-07
6.174459600710573517e-07
6.162239427216132561e-07
6.150006014630960974e-07
6.137759495818528222e-07
6.125500485326648526e-07
6.113228861308573632e-07
6.100945280899522981e-07
6.088649919599782925e-07
6.076343164507997042e-07
6.064025524485562200e-07
6.051696822827993895e-07
6.039357855224984707e-07
6.027008434464958995e-07
6.014649381362017924e-07
6.002283899185480992e-07
5.989913637114496671e-07
5.977538664301538872e-07
5.965159072616508327e-07
5.952775095197458593e-07
5.940386645577856104e-07
5.927998085654445791e-07
5.915614242839872924e-07
5.903234833936082067e-07
5.890860084577121078e-07
5.878489666594546102e-07
5.866123818730592434e-07
5.853762423632021604e-07
5.841408249507679204e-07
5.829061772211849976e-07
5.816722804589782546e-07
5.804391251428619836e-07
5.792066872733222946e-07
5.779749621487616768e-07
5.767447326011240107e-07
5.755168694239718918e-07
5.742912263378209755e-07
5.730678309162760366e-07
5.718465938226309914e-07
5.706274912863531190e-07
5.694104826324967760e-07
5.681954957073721257e-07
5.669825307457837949e-07
5.657714825296873345e-07
5.645623884666692036e-07
5.633551180613513464e-07
5.621497285990308660e-07
5.609470363004902835e-07
5.597486884346420643e-07
5.585546453950726279e-07
5.573647756449766981e-07
5.561790970207506674e-07
5.549974166720859453e-07
5.538196912032611823e-07
5.526456048796395372e-07
5.514748733380374514e-07
5.503074921702131934e-07
5.491432861230029096e-07
5.479823321150450237e-07
5.468244148902449085e-07
5.456699315624945721e-07
5.445209387319898549e-07
5.433777213054268763e-07
5.422403119345141727e-07
5.411084140067718399e-07
5.399819882259768564e-07
5.388609027522979092e-07
5.377448819425087215e-07
5.366333595138265610e-07
5.355260838023512815e-07
5.344229690058687874e-07
5.333239836262236435e-07
5.322289188925936198e-07
5.311378518660952814e-07
5.300517476246226319e-07
5.289724374127852053e-07
5.278996308520891947e-07
5.268332760166621823e-07
5.257732345355194360e-07
5.247193246748127649e-07
5.236714064082788753e-07
5.226288952622552480e-07
5.215909656855737045e-07
5.205574838494637985e-07
5.195284041972113739e-07
5.185035017071730757e-07
5.174828819255126351e-07
5.164663328759177242e-07
5.154556612607477319e-07
5.144520923065609926e-07
5.134552407468800740e-07
5.124651274925485876e-07
5.114815320576433682e-07
5.105044277177455343e-07
5.095335633953136031e-07
5.085681114382552015e-07
5.076072517098133561e-07
5.066510444009608622e-07
5.056992897837287193e-07
5.047518377513496802e-07
5.038087425355318153e-07
5.028698159360713232e-07
5.019364719110671194e-07
5.010096078597040984e-07
5.000888585615984214e-07
4.991743001714000517e-07
4.982657283131525696e-07
4.973630593560460977e-07
4.964660641580454034e-07
4.955740733778338043e-07
4.946862805232961045e-07
4.938024796393947125e-07
4.929226687690246401e-07
4.920467040304755278e-07
4.911745315162060138e-07
4.903060994289159762e-07
4.894420489833816258e-07
4.885834631750357722e-07
4.877301565560731302e-07
4.868819460065467121e-07
4.860388174575569014e-07
4.852006571955658038e-07
4.843673609655701734e-07
4.835384753477273811e-07
4.827129540111316354e-07
4.818906019485756727e-07
4.810712493928455531e-07
4.802549830612686982e-07
4.794416504572802792e-07
4.786311552148947992e-07
4.778237886245429118e-07
4.770204607267410805e-07
4.762212713651451206e-07
4.754262227085828937e-07
4.746351930581133953e-07
4.738480785252867815e-07
4.730647629043824691e-07
4.722852743280469781e-07
4.715088025453151661e-07
4.707348131406190327e-07
4.699633109826332843e-07
4.691942365233889588e-07
4.684274912719771151e-07
4.676630555635397660e-07
4.669009229928490220e-07
4.661412807221048005e-07
4.653845557148167241e-07
4.646307333738541486e-07
4.638797097060175244e-07
4.631314711666854243e-07
4.623859009546377397e-07
4.616429901365709238e-07
4.609026348219881719e-07
4.601641303763920723e-07
4.594272821733518231e-07
4.586920373733639877e-07
4.579583674436649637e-07
4.572262210604461522e-07
4.564956185188287808e-07
4.557664762338838880e-07
4.550389637297267991e-07
4.543133449903165148e-07
4.535895137928509570e-07
4.528673989277291300e-07
4.521470733114292975e-07
4.514284005935639817e-07
4.507113750447670169e-07
4.499959450747674268e-07
4.492815399207191834e-07
4.485680155413168381e-07
4.478553403442784191e-07
4.471435039378861452e-07
4.464324736160450298e-07
4.457222629764572489e-07
4.450128328835537144e-07
4.443043023526280377e-07
4.435968334540466923e-07
4.428904249911638289e-07
4.421850439463882005e-07
4.414806530897277284e-07
4.407772666586768434e-07
4.400748359332415902e-07
4.393733487313587578e-07
4.386725703309872846e-07
4.379723397735266454e-07
4.372726578759400647e-07
4.365735107911800959e-07
4.358748893228687347e-07
4.351767733613498174e-07
4.344791604413338981e-07
4.337820905056125166e-07
4.330856947838002630e-07
4.323899739950986779e-07
4.316949477837899949e-07
4.310005731860690994e-07
4.303068479475577493e-07
4.296137561122728537e-07
4.289212905665493419e-07
4.282293821013368499e-07
4.275378917713623605e-07
4.268467932220428057e-07
4.261560824376301874e-07
4.254657436692057125e-07
4.247757819711208035e-07
4.240861887343796533e-07
4.233969496906063864e-07
4.227082555172229619e-07
4.220202890786548500e-07
4.213330427209357861e-07
4.206464975929240654e-07
4.199606254289890482e-07
4.192754424377767656e-07
4.185909034163504539e-07
4.179070336375262813e-07
4.172237154901442998e-07
4.165408854442981926e-07
4.158585173063410988e-07
4.151766121291703354e-07
4.144951696271945036e-07
4.138141693556853405e-07
4.131336074515020212e-07
4.124534857358006401e-07
4.117742653580581383e-07
4.110961699157025385e-07
4.104191559074510633e-07
4.097431840224340092e-07
4.090682796627813115e-07
4.083943883218168295e-07
4.077215140881686524e-07
4.070496444509131333e-07
4.063786747706704099e-07
4.057085814672079540e-07
4.050393108492953368e-07
4.043708755463349919e-07
4.037032646325195538e-07
4.030364468377925191e-07
4.023704155908369722e-07
4.017051605572157349e-07
4.010411849322035428e-07
4.003787672383387824e-07
3.997178789170586570e-07
3.990584671919283210e-07
3.984004960563537041e-07
3.977439984969035246e-07
3.970888844125302900e-07
3.964351696904662856e-07
3.957827523250395677e-07
3.951314814696348144e-07
3.944813723731391063e-07
3.938323636293342258e-07
3.931844448535257242e-07
3.925376327987900064e-07
3.918918896400590906e-07
3.912471703508261350e-07
3.906038722625646829e-07
3.899625392593653311e-07
3.893231779267681076e-07
3.886857252563566644e-07
3.880501910843364652e-07
3.874165106786496300e-07
3.867846249477367653e-07
3.861545564376384286e-07
3.855262070637392728e-07
3.848992795796612178e-07
3.842737617169437449e-07
3.836496015710666016e-07
3.830267787607582687e-07
3.824052661042374370e-07
3.817850333868506021e-07
3.811660492389090631e-07
3.805483709857321765e-07
3.799328292888849607e-07
3.793196108017123428e-07
3.787086512963176529e-07
3.780998924528589220e-07
3.774933169590414994e-07
3.768889452359475058e-07
3.762866553109736203e-07
3.756864225928123553e-07
3.750881611826524428e-07
3.744915204567464977e-07
3.738964813310186489e-07
3.733030399006116989e-07
3.727111380604772052e-07
3.721207526979447735e-07
3.715318511648706056e-07
3.709444602174725764e-07
3.703586706430714190e-07
3.697751947577297902e-07
3.691941073042349727e-07
3.686153318940852886e-07
3.680388500715974876e-07
3.674646850355216873e-07
3.668927170769149137e-07
3.663229097383497575e-07
3.657552793039640082e-07
3.651895714580797940e-07
3.646254615910960683e-07
3.640629554281437794e-07
3.635020208978027931e-07
3.629426022491408267e-07
3.623846869296944141e-07
3.618282319715290491e-07
3.612732564336978732e-07
3.607198362405284031e-07
3.601686513712595752e-07
3.596197435495343903e-07
3.590731036998183349e-07
3.585286523855616705e-07
3.579863875420157091e-07
3.574463140865949154e-07
3.569083270751641193e-07
3.563723948185266983e-07
3.558383516808720714e-07
3.553058554642071643e-07
3.547748029683669711e-07
3.542451660969863048e-07
3.537169627596239229e-07
3.531901332154695721e-07
3.526646575500021979e-07
3.521405179008146141e-07
3.516176970871844975e-07
3.510966589249427340e-07
3.505776951997871298e-07
3.500607137070991785e-07
3.495456852494415358e-07
3.490325985576053860e-07
3.485214081851321520e-07
3.480120562089794900e-07
3.475045378662812434e-07
3.469987987665459221e-07
3.464945183346257709e-07
3.459915060072365203e-07
3.454897376059990855e-07
3.449892029176373103e-07
3.444898800829130619e-07
3.439917586772859264e-07
3.434948119854780430e-07
3.429990409766361343e-07
3.425044936208125188e-07
3.420115601114634719e-07
3.415202665225218293e-07
3.410305816064833926e-07
3.405424625800669439e-07
3.400558848028017211e-07
3.395708637939900200e-07
3.390873594898910899e-07
3.386053072851844613e-07
3.381246469692742324e-07
3.376450128456027527e-07
3.371663570917486644e-07
3.366886628953431501e-07
3.362119210360091155e-07
3.357360990962427402e-07
3.352611954813281063e-07
3.347871954280102329e-07
3.343140679598002070e-07
3.338419401107113090e-07
3.333711135754211265e-07
3.329015771203669548e-07
3.324333020501195019e-07
3.319662678622815903e-07
3.315004763003999734e-07
3.310359060866187574e-07
3.305725201324003659e-07
3.301102851609967806e-07
3.296491521873984541e-07
3.291888180139385082e-07
3.287292436491845926e-07
3.282704171603483046e-07
3.278123294274259011e-07
3.273549666439920471e-07
3.268983103708453771e-07
3.264423603321001663e-07
3.259870996942472431e-07
3.255325880366310996e-07
3.250790985147070417e-07
3.246266392324628453e-07
3.241752058298316191e-07
3.237247674719201421e-07
3.232753078726847477e-07
3.228268108574666017e-07
3.223792717200800277e-07
3.219326663783549079e-07
3.214869753428394846e-07
3.210420047814788291e-07
3.205976704003068351e-07
3.201539620983496743e-07
3.197108698397140246e-07
3.192683836531985995e-07
3.188264985375326196e-07
3.183852015431352503e-07
3.179444809349296610e-07
3.175043403912976147e-07
3.170649962663001964e-07
3.166265514349123815e-07
3.161889916192643786e-07
3.157522914171557897e-07
3.153164370642659114e-07
3.148814148863772227e-07
3.144472118691460205e-07
3.140138195643011056e-07
3.135812197643398281e-07
3.131493394343050853e-07
3.127180260678559118e-07
3.122872626904166809e-07
3.118570372475792467e-07
3.114273402730444744e-07
3.109981633296231615e-07
3.105694980338772281e-07
3.101413387551198995e-07
3.097136812029880551e-07
3.092865614845552074e-07
3.088602904028206206e-07
3.084348847677531497e-07
3.080103314534125011e-07
3.075866174125620881e-07
3.071637333230043092e-07
3.067416643971672971e-07
3.063203982630761718e-07
3.058999198533206087e-07
3.054802210040559253e-07
3.050612073297301709e-07
3.046427713877786184e-07
3.042249014273837590e-07
3.038075888285736682e-07
3.033908250214571913e-07
3.029746014872475304e-07
3.025589120268281288e-07
3.021437503954486359e-07
3.017291036653392627e-07
3.013150262810955699e-07
3.009018361770990688e-07
3.004895497051795103e-07
3.000781535051922025e-07
2.996676342922370899e-07
2.992579791685787424e-07
2.988491776849717067e-07
2.984412137139439249e-07
2.980340742952913399e-07
2.976277514052119792e-07
2.972221744230751252e-07
2.968172331877636480e-07
2.964129118693612289e-07
2.960092011519170813e-07
2.956060917717496046e-07
2.952035745185401145e-07
2.948016402353683135e-07
2.944002802494992182e-07
2.939994857548253080e-07
2.935992712998433481e-07
2.931999380679406633e-07
2.928015725944030012e-07
2.924041666838690128e-07
2.920077003280793659e-07
2.916121595111445188e-07
2.912175303452534582e-07
2.908237990217574933e-07
2.904309518122641996e-07
2.900389726005953270e-07
2.896478398779726775e-07
2.892574021712236701e-07
2.888676141433333195e-07
2.884784662317231148e-07
2.880899489250601442e-07
2.877020527637863318e-07
2.873147697953210942e-07
2.869280891100211546e-07
2.865420013442903350e-07
2.861564972574932129e-07
2.857717160361660057e-07
2.853879696737774741e-07
2.850052636626657487e-07
2.846235831362379878e-07
2.842429133044517935e-07
2.838632404409265502e-07
2.834845524355616426e-07
2.831068405188485202e-07
2.827300802271697534e-07
2.823542569380191260e-07
2.819793110842281918e-07
2.816050950003549993e-07
2.812315855859406694e-07
2.808587726631077703e-07
2.804866461049421960e-07
2.801151958367282454e-07
2.797444118364072916e-07
2.793742841347544934e-07
2.790048028165433601e-07
2.786359580210751468e-07
2.782679246770647249e-07
2.779009310220924814e-07
2.775349696838660757e-07
2.771700254732141443e-07
2.768060848378212894e-07
2.764431334275377512e-07
2.760811554330934802e-07
2.757201426325514157e-07
2.753600827282637659e-07
2.750009522741114289e-07
2.746426922952137469e-07
2.742851490454204827e-07
2.739282985206296863e-07
2.735721308158144673e-07
2.732166360744053664e-07
2.728618044885020611e-07
2.725076262994379133e-07
2.721540917989094872e-07
2.718011933534912260e-07
2.714489220457261399e-07
2.710973751260785175e-07
2.707468021477835378e-07
2.703972073309357914e-07
2.700485824611156879e-07
2.697009219259181236e-07
2.693541975591330570e-07
2.690083957956337168e-07
2.686635031388676370e-07
2.683195061617038484e-07
2.679763883039424420e-07
2.676341296982137758e-07
2.672925547927397302e-07
2.669516025019393691e-07
2.666112619891554389e-07
2.662715276048194771e-07
2.659323866503545696e-07
2.655938306217971006e-07
2.652558510555231869e-07
2.649184395292372709e-07
2.645815876615482336e-07
2.642453184472830636e-07
2.639098800943062928e-07
2.635753655983297835e-07
2.632417631293032946e-07
2.629090711872019920e-07
2.625772651687186840e-07
2.622463327175484941e-07
2.619162615330789625e-07
2.615870393721194219e-07
2.612586540491479611e-07
2.609311154163577905e-07
2.606043379570554336e-07
2.602781739122725253e-07
2.599526028423981523e-07
2.596276167045368962e-07
2.593032074885098798e-07
2.589793684282532314e-07
2.586560979578147896e-07
2.583333801846330025e-07
2.580112072446422295e-07
2.576895713096345405e-07
2.573684922004985916e-07
2.570482159248954176e-07
2.567287538686419484e-07
2.564101059677166281e-07
2.560922495808581023e-07
2.557751768808114587e-07
2.554588766104381542e-07
2.551433324921296996e-07
2.548285338887756160e-07
2.545144702108407242e-07
2.542011360828420768e-07
2.538884773398461752e-07
2.535763537420666429e-07
2.532647470556722931e-07
2.529536503333695139e-07
2.526430566543343671e-07
2.523329633444486332e-07
2.520233634094082129e-07
2.517142455636286026e-07
2.514056030058586462e-07
2.510974310721231781e-07
2.507897458592952439e-07
2.504827431105126015e-07
2.501764555026122902e-07
2.498708660928178355e-07
2.495659771273546813e-07
2.492617676066173101e-07
2.489582280267548639e-07
2.486553496787510795e-07
2.483531366532810071e-07
2.480515787889491000e-07
2.477506492278935826e-07
2.474503299064309586e-07
2.471504628999974621e-07
2.468510281569585803e-07
2.465520192162882344e-07
2.462534338153849216e-07
2.459552574432684485e-07
2.456574846492464356e-07
2.453601209644440288e-07
2.450631557910321136e-07
2.447665772617967196e-07
2.444703800204897469e-07
2.441746968644777861e-07
2.438796678291299468e-07
2.435852860316682579e-07
2.432915492489841280e-07
2.429984580069439333e-07
2.427059843965531628e-07
2.424141204325851537e-07
2.421228748065508569e-07
2.418322323434668166e-07
2.415421797676445137e-07
2.412527090211182780e-07
2.409637431297690809e-07
2.406752276741299703e-07
2.403871323415740526e-07
2.400994474944545218e-07
2.398121679660822110e-07
2.395252967372366299e-07
2.392388234037415189e-07
2.389527408792839307e-07
2.386670508881758770e-07
2.383817447486120014e-07
2.380968367108275663e-07
2.378124506395562536e-07
2.375286705152207104e-07
2.372454799151226916e-07
2.369628766907631002e-07
2.366808548759947772e-07
2.363994199765671640e-07
2.361185413809213581e-07
2.358382119940622712e-07
2.355584438752686215e-07
2.352792197938079370e-07
2.350005313811358887e-07
2.347222993406043112e-07
2.344444749851476816e-07
2.341670507374209590e-07
2.338900085748217981e-07
2.336133423822311203e-07
2.333370557566096469e-07
2.330611379174161365e-07
2.327855891133958960e-07
2.325104019044938700e-07
2.322355818585752845e-07
2.319611174386631392e-07
2.316871351134115859e-07
2.314137328515688789e-07
2.311409046600593320e-07
2.308686389141321557e-07
2.305969496223358690e-07
2.303258014206214341e-07
2.300551958183309417e-07
2.297851406179084117e-07
2.295156151881723479e-07
2.292466027333064129e-07
2.289781086526162761e-07
2.287101015214266369e-07
2.284424643204064820e-07
2.281751838447356538e-07
2.279082671442693986e-07
2.276417096622528134e-07
2.273754997374773814e-07
2.271096363333865861e-07
2.268441245114258040e-07
2.265789429560108645e-07
2.263140928432470677e-07
2.260495719416261141e-07
2.257854235722245216e-07
2.255218549118191349e-07
2.252588681089442559e-07
2.249964666581402141e-07
2.247346265753867814e-07
2.244733374186382315e-07
2.242125865049878921e-07
2.239523930454606442e-07
2.236927445754019892e-07
2.234336118450349347e-07
2.231749999118166819e-07
2.229169180364996329e-07
2.226592671289344796e-07
2.224020037283900676e-07
2.221451484769887264e-07
2.218886704390402614e-07
2.216325600347784867e-07
2.213768276935789185e-07
2.211214596495326664e-07
2.208664562249710776e-07
2.206118216126719303e-07
2.203575420097039534e-07
2.201036034700226184e-07
2.198501084854615759e-07
2.195971715253591252e-07
2.193448077718985815e-07
2.190929973836860240e-07
2.188417544546438784e-07
2.185910578140306345e-07
2.183408844625018389e-07
2.180912305239994671e-07
2.178421267068559890e-07
2.175935286931075967e-07
2.173454241139557045e-07
2.170978480230823963e-07
2.168506854925868848e-07
2.166038921816001884e-07
2.163574945564078979e-07
2.161114611651238321e-07
2.158657823628308366e-07
2.156204665448959682e-07
2.153755083007551393e-07
2.151308985335920809e-07
2.148866516800599249e-07
2.146427358919668705e-07
2.143991554211007020e-07
2.141559778946778074e-07
2.139133390207523634e-07
2.136712583736911543e-07
2.134297372618423933e-07
2.131887482199863180e-07
2.129482741908557898e-07
2.127083144289559095e-07
2.124688995755624073e-07
2.122299746658602763e-07
2.119915526742060912e-07
2.117536343598943472e-07
2.115162029559783955e-07
2.112792090066044078e-07
2.110425810694842911e-07
2.108062880255451647e-07
2.105703409233083450e-07
2.103347434789897247e-07
2.100994713856377380e-07
2.098645499246447617e-07
2.096299492613928111e-07
2.093956672184425320e-07
2.091617047123188574e-07
2.089280495025839508e-07
2.086947337335381701e-07
2.084618933567224595e-07
2.082295728399194736e-07
2.079977634046915316e-07
2.077664685369674439e-07
2.075356851248540413e-07
2.073053976003092433e-07
2.070756233217557384e-07
2.068463174049176252e-07
2.066174937665815377e-07
2.063891605960737419e-07
2.061612772308011930e-07
2.059338707344547259e-07
2.057068459741523669e-07
2.054801576899238449e-07
2.052538309722614860e-07
2.050278289080341287e-07
2.048021551123077970e-07
2.045768131753022326e-07
2.043517903247135032e-07
2.041271080467322702e-07
2.039027316748058173e-07
2.036786650508991455e-07
2.034549036691498972e-07
2.032314564054398260e-07
2.030084969090405630e-07
2.027860086510217703e-07
2.025639838510681901e-07
2.023424265861611293e-07
2.021213487273614910e-07
2.019007125105523548e-07
2.016805517490771904e-07
2.014608241872504535e-07
2.012415314048238221e-07
2.010226905643083578e-07
2.008042596073418030e-07
2.005862697769461755e-07
2.003686232211578885e-07
2.001512835656293033e-07
1.999342635920169992e-07
1.997175294618841288e-07
1.995010956906931460e-07
1.992849623689707235e-07
1.990691214339160625e-07
1.988535693321554073e-07
1.986382954584479996e-07
1.984233015079891465e-07
1.982085758043590486e-07
1.979941504757997750e-07
1.977801167038551686e-07
1.975665229700794628e-07
1.973533619918245670e-07
1.971406501777774248e-07
1.969283644873360107e-07
1.967165175795136270e-07
1.965050701858628390e-07
1.962940465957239417e-07
1.960834356688490708e-07
1.958732177893668808e-07
1.956634115066636151e-07
1.954539900945204739e-07
1.952449434020946173e-07
1.950361708459881932e-07
1.948276726991928794e-07
1.946194580297610296e-07
1.944115094546707951e-07
1.942038402067296521e-07
1.939964250970130049e-07
1.937892721967566180e-07
1.935823776972415600e-07
1.933757501346188308e-07
1.931693699816378804e-07
1.929632380992371578e-07
1.927573759034094689e-07
1.925519410027399534e-07
1.923469332603269375e-07
1.921423254703544727e-07
1.919381094269085556e-07
1.917343080397951369e-07
1.915308898565633556e-07
1.913278837782950094e-07
1.911252481827086451e-07
1.909229972627589483e-07
1.907211294156125138e-07
1.905196218223782431e-07
1.903184962566732672e-07
1.901176751541377563e-07
1.899171509735667596e-07
1.897168781306469820e-07
1.895168798145994470e-07
1.893171412900154345e-07
1.891176737321535924e-07
1.889184622312223191e-07
1.887194988950980078e-07
1.885207836753233329e-07
1.883223266055329503e-07
1.881241191810572423e-07
1.879261473280908687e-07
1.877284463832602023e-07
1.875311383315210304e-07
1.873342362468974889e-07
1.871377072399825795e-07
1.869415448435032494e-07
1.867457713339319529e-07
1.865503560762398016e-07
1.863553304684912061e-07
1.861606417972847070e-07
1.859663297907948711e-07
1.857723568569230877e-07
1.855787405880495599e-07
1.853854684246167883e-07
1.851925081809962482e-07
1.849998024313187310e-07
1.848073392719479024e-07
1.846151324995681654e-07
1.844231679311069032e-07
1.842314512208266760e-07
1.840399633880602803e-07
1.838487112862571978e-07
1.836576984276748021e-07
1.834669197009633414e-07
1.832763644917059641e-07
1.830860286819813493e-07
1.828959266830669248e-07
1.827061877625312845e-07
1.825168102946711865e-07
1.823277915319587396e-07
1.821391511148998927e-07
1.819508775826447051e-07
1.817629587733529833e-07
1.815753776250988809e-07
1.813881632693924679e-07
1.812012786271547201e-07
1.810147496192878629e-07
1.808285434969923937e-07
1.806426817626584263e-07
1.804571321614125720e-07
1.802718583485533189e-07
1.800868126717717152e-07
1.799020201815730911e-07
1.797174466811903519e-07
1.795331117686012988e-07
1.793490046261716355e-07
1.791651328600455230e-07
1.789814761549141594e-07
1.787980360197667138e-07
1.786148241257643138e-07
1.784318327144380841e-07
1.782490494930106194e-07
1.780664939212521606e-07
1.778843147957817438e-07
1.777024915576980264e-07
1.775210070154791474e-07
1.773398727884054665e-07
1.771590801254971996e-07
1.769786499953373619e-07
1.767985322109061648e-07
1.766187646996214136e-07
1.764393092372155392e-07
1.762601985761585820e-07
1.760813905488210871e-07
1.759029214454826203e-07
1.757247436155636063e-07
1.755468337087303141e-07
1.753691440041700026e-07
1.751917060913764224e-07
1.750144816282033146e-07
1.748374916804659036e-07
1.746607265178732077e-07
1.744841909494548381e-07
1.743078664728700843e-07
1.741317559929831811e-07
1.739558732687502550e-07
1.737802000696576827e-07
1.736047348525878552e-07
1.734294810697294547e-07
1.732545864626514131e-07
1.730800161195496649e-07
1.729057705383031620e-07
1.727318647732637337e-07
1.725582961717712581e-07
1.723850466194967361e-07
1.722121126894507688e-07
1.720394966012831944e-07
1.718672013430438711e-07
1.716952078940786259e-07
1.715235311241213896e-07
1.713521421094675705e-07
1.711810698406314840e-07
1.710102353145325025e-07
1.708396420068644988e-07
1.706692467916154694e-07
1.704990780243780205e-07
1.703291188992420404e-07
1.701593756540757902e-07
1.699898296940355472e-07
1.698204922789420374e-07
1.696513695993355823e-07
1.694824397895547336e-07
1.693137057108414762e-07
1.691451675760481489e-07
1.689768385724542600e-07
1.688087621597321199e-07
1.686409985369368063e-07
1.684735784866220774e-07
1.683064774059395159e-07
1.681396740122686940e-07
1.679731973147939893e-07
1.678070283362010458e-07
1.676411673106944734e-07
1.674756040689025599e-07
1.673103373879921092e-07
1.671453745598226688e-07
1.669806909208771657e-07
1.668163158010830584e-07
1.666522059570437913e-07
1.664883362329396220e-07
1.663246699816430187e-07
1.661612159936266238e-07
1.659979603498450575e-07
1.658349057580862046e-07
1.656720693818139595e-07
1.655094182372124347e-07
1.653469613501235262e-07
1.651847070172702365e-07
1.650226449761425932e-07
1.648607677049468082e-07
1.646990695916308317e-07
1.645375825503137918e-07
1.643763359325225929e-07
1.642153836856091186e-07
1.640547521221578436e-07
1.638944222087031153e-07
1.637343691262266935e-07
1.635746213735402945e-07
1.634151664403202089e-07
1.632559920421888188e-07
1.630971061085038438e-07
1.629384879145219841e-07
1.627801658555051516e-07
1.626221038766842240e-07
1.624643213309267905e-07
1.623068018510152643e-07
1.621494991082001891e-07
1.619924115892925418e-07
1.618355046218103225e-07
1.616788015904274335e-07
1.615222891011883011e-07
1.613659707550770794e-07
1.612098312630784226e-07
1.610538841075922791e-07
1.608981306509652390e-07
1.607425504299400614e-07
1.605871432077358062e-07
1.604319319435333774e-07
1.602768870043086583e-07
1.601220364906267428e-07
1.599674890970729331e-07
1.598132227039465445e-07
1.596592202528509991e-07
1.595054988644044857e-07
1.593520650580078411e-07
1.591988875456051114e-07
1.590459869838946605e-07
1.588933379181247107e-07
1.587409719826818120e-07
1.585888513107109885e-07
1.584369880831812698e-07
1.582853823027749713e-07
1.581340237961675690e-07
1.579829091068646743e-07
1.578319719488912341e-07
1.576812126060739070e-07
1.575306466999942704e-07
1.573802415564270052e-07
1.572300164828528166e-07
1.570799671006760998e-07
1.569300860965084829e-07
1.567803694602136402e-07
1.566308275436283157e-07
1.564814511305751894e-07
1.563322319233077785e-07
1.561831706627681534e-07
1.560342854891550760e-07
1.558856040563296132e-07
1.557371831163109799e-07
1.555890565322058579e-07
1.554411839100364730e-07
1.552935739231379050e-07
1.551462275065286220e-07
1.549991474655817190e-07
1.548523136174079398e-07
1.547057306623342457e-07
1.545594147919954139e-07
1.544133306341544038e-07
1.542675014614649312e-07
1.541219099578207236e-07
1.539765566451705504e-07
1.538314410057654699e-07
1.536864952217361653e-07
1.535417206549703733e-07
1.533971388749151060e-07
1.532527108631740694e-07
1.531084582366280943e-07
1.529643826399327846e-07
1.528204652380400353e-07
1.526767097658004638e-07
1.525331277156864772e-07
1.523897014984589617e-07
1.522464276805639865e-07
1.521033256667852194e-07
1.519603751528605710e-07
1.518175998853940548e-07
1.516750958482180924e-07
1.515328456889451842e-07
1.513908293194830638e-07
1.512490695025716919e-07
1.511075748779824149e-07
1.509662971327911505e-07
1.508252757888846323e-07
1.506844963759755323e-07
1.505439375236343496e-07
1.504036310919818616e-07
1.502635430425756194e-07
1.501236839443750750e-07
1.499840636799606666e-07
1.498446554718680742e-07
1.497054297926699465e-07
1.495663850196629147e-07
1.494274885064325043e-07
1.492887652280628556e-07
1.491502108542391624e-07
1.490118056163771062e-07
1.488735608430835823e-07
1.487354816009567066e-07
1.485975527202716686e-07
1.484597715859907440e-07
1.483221563896993513e-07
1.481846849196172304e-07
1.480473529498264125e-07
1.479101914222286761e-07
1.477732256079108923e-07
1.476364900422767809e-07
1.475000113800415323e-07
1.473637588787089793e-07
1.472277371851018705e-07
1.470919473262123967e-07
1.469563926701611405e-07
1.468210571484154817e-07
1.466859376851517464e-07
1.465510573888757591e-07
1.464163866018934890e-07
1.462819249664041638e-07
1.461476901850081223e-07
1.460136641066010537e-07
1.458798347757364239e-07
1.457461807950208409e-07
1.456126766483279490e-07
1.454793156872961188e-07
1.453461092494613491e-07
1.452130526737778319e-07
1.450801368535825400e-07
1.449473647667257050e-07
1.448147423056979300e-07
1.446822579267106406e-07
1.445499071420421453e-07
1.444177077949708736e-07
1.442856390207106833e-07
1.441536966362246486e-07
1.440219096301213669e-07
1.438903034644229114e-07
1.437589179676067113e-07
1.436277840571870635e-07
1.434968660124081804e-07
1.433661706806843810e-07
1.432357077048504952e-07
1.431054530480879253e-07
1.429754274279754753e-07
1.428456154004555653e-07
1.427160079082754852e-07
1.425866287541551282e-07
1.424574479431049560e-07
1.423284723554323828e-07
1.421997143054083014e-07
1.420711533397281610e-07
1.419427569210682632e-07
1.418145244040953814e-07
1.416864355518160300e-07
1.415584927551570974e-07
1.414307026976674174e-07
1.413030535351440458e-07
1.411755513150846416e-07
1.410481912299772387e-07
1.409209681376259776e-07
1.407938931900313311e-07
1.406669522835653585e-07
1.405401406281155530e-07
1.404134798035403385e-07
1.402869453126586575e-07
1.401605463351194810e-07
1.400343838353090135e-07
1.399084231243340179e-07
1.397826681642264421e-07
1.396571466783746234e-07
1.395318153590427334e-07
1.394066963094849886e-07
1.392817964107852944e-07
1.391570804076323880e-07
1.390325740667332937e-07
1.389082771819766257e-07
1.387841652551225619e-07
1.386602467772528820e-07
1.385365345699405929e-07
1.384130087424168998e-07
1.382896610041350468e-07
1.381664754690627029e-07
1.380434341015743647e-07
1.379205204734660467e-07
1.377977510096241976e-07
1.376751307417774457e-07
1.375526302468246552e-07
1.374302726580120537e-07
1.373080536134729110e-07
1.371859539690626380e-07
1.370639968504041924e-07
1.369421665912702930e-07
1.368204556625614927e-07
1.366988868198885411e-07
1.365774363678929443e-07
1.364561137034876508e-07
1.363350160894542906e-07
1.362141054097337273e-07
1.360933864270510863e-07
1.359728883414201743e-07
1.358525646195331844e-07
1.357324405505469001e-07
1.356125252734527903e-07
1.354927824572430337e-07
1.353732283408098048e-07
1.352538745964083067e-07
1.351346986036707350e-07
1.350156993297815738e-07
1.348968860353167511e-07
1.347782576590498633e-07
1.346598008805407817e-07
1.345414834895970263e-07
1.344233058669246227e-07
