4.524017699528659678e-06
4.874473808101053938e-06
5.212297164178951311e-06
5.537810424087633457e-06
5.851360598731983009e-06
6.153308938697820516e-06
6.443941694168925568e-06
6.723608429139959771e-06
6.992606516498412927e-06
7.251281370819861300e-06
7.499885656049201210e-06
7.738723085669492203e-06
7.968080896080560608e-06
8.188226987193137458e-06
8.399404399340700336e-06
8.601841927996855823e-06
8.795857881259179303e-06
8.981585487627211049e-06
9.159344701191570866e-06
9.329288634456555672e-06
9.491629726642297822e-06
9.646604128661363155e-06
9.794407221340577997e-06
9.935200684212178914e-06
1.006921257317261246e-05
1.019662011543265018e-05
1.031754794930415013e-05
1.043220893167546403e-05
1.054070666718925710e-05
1.064328545284861052e-05
1.074008600732226856e-05
1.083113225427977482e-05
1.091679136938136023e-05
1.099695513763061276e-05
1.107200357719429474e-05
1.114183366113839652e-05
1.120682581848385853e-05
1.126685051351323507e-05
1.132227996786395652e-05
1.137307002442878513e-05
1.141940321595538604e-05
1.146138128593803123e-05
1.149920886122393922e-05
1.153284754226054291e-05
1.156247322847839544e-05
1.158826555455292432e-05
1.161026196268431486e-05
1.162863222555914449e-05
1.164336082583756552e-05
1.165463421388457905e-05
1.166255319112509075e-05
1.166714389335073130e-05
1.166862829617847208e-05
1.166701035249847267e-05
1.166238096297233083e-05
1.165491563828330391e-05
1.164459934479140281e-05
1.163156072733243258e-05
1.161594540596076522e-05
1.159773758529087303e-05
1.157707136672075153e-05
1.155408408931647124e-05
1.152874727721388907e-05
1.150116415290811808e-05
1.147149833613456059e-05
1.143973637239098124e-05
1.140593542421878363e-05
1.137028272345624362e-05
1.133282092219347972e-05
1.129355610956247783e-05
1.125260059971715294e-05
1.121005056670669152e-05
1.116588946689665024e-05
1.112024182597874176e-05
1.107326526235812375e-05
1.102493486859780955e-05
1.097521967394283330e-05
1.092427996636871442e-05
1.087229386080927924e-05
1.081920888650214648e-05
1.076498761991929453e-05
1.070980109812117389e-05
1.065379383734490329e-05
1.059690553056089640e-05
1.053913498220908381e-05
1.048064466876247779e-05
1.042149189671538912e-05
1.036168667759440716e-05
1.030128561754040848e-05
1.024031269589468535e-05
1.017885070805717514e-05
1.011700022770120940e-05
1.005471046048457219e-05
9.992011174106257200e-06
9.929042172925285471e-06
9.865822627517665532e-06
9.802376418658853734e-06
9.738724008508309855e-06
9.674899300287857271e-06
9.611001353154742020e-06
9.547042757321141761e-06
9.483035383808800222e-06
9.419001062503130567e-06
9.355008387639581280e-06
9.291106845327976263e-06
9.227328112647284852e-06
9.163664002577007843e-06
9.100121133036892331e-06
9.036787401397357514e-06
8.973679530026285357e-06
8.910873456804672778e-06
8.848287470772940564e-06
8.785989262491649730e-06
8.723957210481236930e-06
8.662332707400493493e-06
8.601086037352419675e-06
8.540258905911015806e-06
8.479777459617834489e-06
8.419696161963953973e-06
8.360049923212226162e-06
8.300901737857864233e-06
8.242256349558456233e-06
8.184112863904638695e-06
8.126441034632950677e-06
8.069274595461217313e-06
8.012627752733872768e-06
7.956581493040117039e-06
7.901078921448103005e-06
7.846198561474831122e-06
7.791805528150252871e-06
7.738056885766157245e-06
7.684811891658032508e-06
7.632291305739659533e-06
7.580289684772967046e-06
7.529023629070470062e-06
7.478266820300654729e-06
7.428211545937543647e-06
7.378722398248272461e-06
7.329898132574446214e-06
7.281755374250224126e-06
7.234190490642396709e-06
7.187379018946521956e-06
7.141079240491900183e-06
7.095550194524983234e-06
7.050567757578726499e-06
7.006298687657968575e-06
6.962696421491519553e-06
6.919664906753401468e-06
6.877396159447304274e-06
6.835629410625017984e-06
6.794622367329741093e-06
6.754203226751729154e-06
6.714409766140131960e-06
6.675351376694356401e-06
6.636780939484807910e-06
6.598953562455600967e-06
6.561669703814750934e-06
6.524986520508161760e-06
6.489026516917418090e-06
6.453544020497915759e-06
6.418779957650967999e-06
6.384585561281909786e-06
6.350899014358230207e-06
6.317907930131550855e-06
6.285355517420162533e-06
6.253426692826528792e-06
6.222133646814606384e-06
6.191281216874213348e-06
6.161100267434856963e-06
6.131424849474402086e-06
6.102193943334284458e-06
6.073587125403222787e-06
6.045378011109693868e-06
6.017678068013259093e-06
5.990580233652415749e-06
5.963863546420099848e-06
5.937691171167746589e-06
5.912055502997741552e-06
5.886748072631054583e-06
5.861950766033867207e-06
5.837609428728307432e-06
5.813584225557405670e-06
5.790071159416608008e-06
5.766987292759618376e-06
5.744223472923874516e-06
5.721945916473645071e-06
5.700048425975880490e-06
5.678429570304102650e-06
5.657243181450520372e-06
5.636399071509568733e-06
5.615813542078120025e-06
5.595636473881308038e-06
5.575795025882409383e-06
5.556190968146563496e-06
5.536951926048841598e-06
5.518027303628581439e-06
5.499297269177411219e-06
5.480875054589962517e-06
5.462745627648245156e-06
5.444789658403843621e-06
5.427099017624343141e-06
5.409691731942345994e-06
5.392450446949969962e-06
5.375419836912282207e-06
5.358643112526110307e-06
5.342022778943803172e-06
5.325551374316872796e-06
5.309292617412147533e-06
5.293197630137501898e-06
5.277214179401562157e-06
5.261401968545401632e-06
5.245752340173507225e-06
5.230191563914367318e-06
5.214747885673011911e-06
5.199439519073715192e-06
5.184212765459390744e-06
5.169055596491745458e-06
5.153999578685352217e-06
5.139029549227528070e-06
5.124108045606237632e-06
5.109252183598897417e-06
5.094467065668284806e-06
5.079720451236428504e-06
5.065001667749518290e-06
5.050314083310402111e-06
5.035650923315686509e-06
5.020993584713465481e-06
5.006340178854217148e-06
4.991690244601007752e-06
4.977040810596817268e-06
4.962386889349699563e-06
4.947714254547604588e-06
4.933021219947834135e-06
4.918308730661111014e-06
4.903563299156335924e-06
4.888763980349225637e-06
4.873915759987177227e-06
4.859031529001934519e-06
4.844089021528706752e-06
4.829074817747022582e-06
4.814005516765545928e-06
4.798896365784311177e-06
4.783710287163572419e-06
4.768436675276472511e-06
4.753098440826531068e-06
4.737701530259307084e-06
4.722201176858120083e-06
4.706591121157401853e-06
4.690906882028254088e-06
4.675153038684272013e-06
4.659287601815748454e-06
4.643308318021970313e-06
4.627258140057226314e-06
4.611139111811509961e-06
4.594902210816099318e-06
4.578544564910341627e-06
4.562106372178457714e-06
4.545590440486725662e-06
4.528946582012734877e-06
4.512170111425416656e-06
4.495306230507049930e-06
4.478368115101615827e-06
4.461311375204916152e-06
4.444127869862507945e-06
4.426857377455480735e-06
4.409524408814584290e-06
4.392083273204043930e-06
4.374518816223907937e-06
4.356855012465477238e-06
4.339126680865527804e-06
4.321300878923606881e-06
4.303353998417437690e-06
4.285298867411301932e-06
4.267182465346544697e-06
4.248994185671010898e-06
4.230704130020879731e-06
4.212313888601745625e-06
4.193864559249090859e-06
4.175365145077636456e-06
4.156782765453707911e-06
4.138110452581790125e-06
4.119367516431223848e-06
4.100580187949151649e-06
4.081731810249267619e-06
4.062807176215338720e-06
4.043810814354179825e-06
4.024776071420849279e-06
4.005706779345136025e-06
3.986589696097937312e-06
3.967422800104342633e-06
3.948219983764663987e-06
3.928999387003515601e-06
3.909755297588757538e-06
3.890481432383977657e-06
3.871178736162610249e-06
3.851860066561905673e-06
3.832529588645984081e-06
3.813189912485886063e-06
3.793841795514566682e-06
3.774487921884568095e-06
3.755137065376271452e-06
3.735793712704563635e-06
3.716470739713329392e-06
3.697169279058075110e-06
3.677887782115239588e-06
3.658624179902494699e-06
3.639388640782032191e-06
3.620196943248018135e-06
3.601049287056571295e-06
3.581934946758706775e-06
3.562846892295720231e-06
3.543807721399063279e-06
3.524837129168033990e-06
3.505934536366605274e-06
3.487082186490129689e-06
3.468272767900231591e-06
3.449538401881303087e-06
3.430899920271016422e-06
3.412356114725711548e-06
3.393877407947373441e-06
3.375452956217500845e-06
3.357120738369598232e-06
3.338904839955266180e-06
3.320804380050583369e-06
3.302782927938403201e-06
3.284824503145656981e-06
3.266971253497322296e-06
3.249257299415646018e-06
3.231682603630500843e-06
3.214209487723016602e-06
3.196812968302762255e-06
3.179527135151245435e-06
3.162400252278984339e-06
3.145433016546422123e-06
3.128593502687159644e-06
3.111837176230616761e-06
3.095184542759228312e-06
3.078699743520882356e-06
3.062387802812631666e-06
3.046232030302905003e-06
3.030171467635284196e-06
3.014207750527121554e-06
2.998413661607814179e-06
2.982809220059088637e-06
2.967391461848388204e-06
2.952096489972315414e-06
2.936901518354865719e-06
2.921854533198215934e-06
2.907007732585868087e-06
2.892361252500660935e-06
2.877879046741136484e-06
2.863498394212802294e-06
2.849231213683802297e-06
2.835154122846666814e-06
2.821279919381419034e-06
2.807603529853270085e-06
2.794052526728685517e-06
2.780604097119171649e-06
2.767307433994406437e-06
2.754221919320490402e-06
2.741347995622163540e-06
2.728658720123073880e-06
2.716082093989494017e-06
2.703619302661313107e-06
2.691343204385269958e-06
2.679278551582512742e-06
2.667425898262563908e-06
2.655726672125072908e-06
2.644130172393963059e-06
2.632653433845737164e-06
2.621370198026305565e-06
2.610289647613241742e-06
2.599408891093392802e-06
2.588656395601610438e-06
2.578004026192315571e-06
2.567481527997680714e-06
2.557157916219889403e-06
2.547036329428735778e-06
2.537109872009803186e-06
2.527304028009686383e-06
2.517600382557723498e-06
2.508032472317656003e-06
2.498656292117365048e-06
2.489473154092031688e-06
2.480473894846956046e-06
2.471581662032682291e-06
2.462780104251435577e-06
2.454101022793807131e-06
2.445596420234203411e-06
2.437267379452409066e-06
2.429107695173652158e-06
2.421049994634985523e-06
2.413077055355541779e-06
2.405213344086645524e-06
2.397512617843073330e-06
2.389977205232577238e-06
2.382605283212911115e-06
2.375338146594758198e-06
2.368151548582615563e-06
2.361057818602801816e-06
2.354107085607074246e-06
2.347305156342388953e-06
2.340652545699237562e-06
2.334108082758949261e-06
2.327631866187334185e-06
2.321226997855637002e-06
2.314935735842709468e-06
2.308771675852365107e-06
2.302735063374233790e-06
2.296810392183911794e-06
2.290948299630354224e-06
2.285145224272563011e-06
2.279423833808944939e-06
2.273812229676116882e-06
2.268310418027434386e-06
2.262916934930941922e-06
2.257590984763195430e-06
2.252315790250112645e-06
2.247096053503162585e-06
2.241960501813141528e-06
2.236914531030306424e-06
2.231958446567294186e-06
2.227079023315840439e-06
2.222240362632200578e-06
2.217440494206947382e-06
2.212691284873416060e-06
2.208009402916096081e-06
2.203394973021625412e-06
2.198848148783843632e-06
2.194345993748413088e-06
2.189872420624125955e-06
2.185428213059437604e-06
2.181026078499104320e-06
2.176671720981577528e-06
2.172365160328783444e-06
2.168104695548639151e-06
2.163869098927716723e-06
2.159652549230730902e-06
2.155456076179372633e-06
2.151285869669175443e-06
2.147143232924703188e-06
2.143028241925997506e-06
2.138938206211983407e-06
2.134858680505818135e-06
2.130787607287392812e-06
2.126724996328079517e-06
2.122670955329811559e-06
2.118625527172615455e-06
2.114588713254942598e-06
2.110559037006258854e-06
2.106530169882240436e-06
2.102501416225400379e-06
2.098471432485799683e-06
2.094434779005314992e-06
2.090390887009453742e-06
2.086339731836682267e-06
2.082281280832186385e-06
2.078215454920358271e-06
2.074142168486326342e-06
2.070059470414599366e-06
2.065956191376030330e-06
2.061830444420076041e-06
2.057682277466778457e-06
2.053512232326860928e-06
2.049325769757698711e-06
2.045124260271475363e-06
2.040906749249862055e-06
2.036659794507160098e-06
2.032378996050256850e-06
2.028064379597105466e-06
2.023715934493725539e-06
2.019343120636667250e-06
2.014951401089945979e-06
2.010540881395052800e-06
2.006100329045702483e-06
2.001618845814451923e-06
1.997096442621927503e-06
1.992532915797193583e-06
1.987933774737984198e-06
1.983312001857126134e-06
1.978668033402167624e-06
1.973997654355559266e-06
1.969282661625204793e-06
1.964520960941115656e-06
1.959712474181273724e-06
1.954857941998064340e-06
1.949973098322233778e-06
1.945063672583401308e-06
1.940129598931700951e-06
1.935158373863854386e-06
1.930139547774440472e-06
1.925073166389177615e-06
1.919959114978130735e-06
1.914803026651245132e-06
1.909622669495496768e-06
1.904419230209635164e-06
1.899191058958640471e-06
1.893922494253751009e-06
1.888609707287002468e-06
1.883252547671760820e-06
1.877850970468862457e-06
1.872415659369245600e-06
1.866959035461576870e-06
1.861481106022546910e-06
1.855978220772309264e-06
1.850436959556322794e-06
1.844856122695735689e-06
1.839235633697712988e-06
1.833575580517647714e-06
1.827888975043249746e-06
1.822184060322181991e-06
1.816460799568650581e-06
1.810715713265159446e-06
1.804940318267474585e-06
1.799134164131775571e-06
1.793297148586118505e-06
1.787429500497958915e-06
1.781543027194534165e-06
1.775644143529776258e-06
1.769732822835869290e-06
1.763807039322389179e-06
1.757861754613918365e-06
1.751896644398143191e-06
1.745911691486054651e-06
1.739906938004158750e-06
1.733889607269858689e-06
1.727864943137753603e-06
1.721832928747144457e-06
1.715793261332033485e-06
1.709744909340291545e-06
1.703687758120079994e-06
1.697621794815302166e-06
1.691546995746474395e-06
1.685466259630765212e-06
1.679384062187726812e-06
1.673300451992157620e-06
1.667215810688643362e-06
1.661134697911273876e-06
1.655058440576463364e-06
1.648987062290681254e-06
1.642920556389472316e-06
1.636859163461872603e-06
1.630803939375108448e-06
1.624755092326828969e-06
1.618712576364141523e-06
1.612681643362030818e-06
1.606668336744043825e-06
1.600672625791175458e-06
1.594694518098092529e-06
1.588734065372429523e-06
1.582787474012977176e-06
1.576852171139201105e-06
1.570928206235274309e-06
1.565017302776752851e-06
1.559131979553318653e-06
1.553274771590756651e-06
1.547445643493423665e-06
1.541644712473399699e-06
1.535870420085776740e-06
1.530114417450699101e-06
1.524375194729905422e-06
1.518652824501074976e-06
1.512955050571329183e-06
1.507296663196920571e-06
1.501678254818103440e-06
1.496099793860877648e-06
1.490561461274689430e-06
1.485057724604212676e-06
1.479577628844708202e-06
1.474120583312837449e-06
1.468686854457721756e-06
1.463289806033535841e-06
1.457941258507031383e-06
1.452641180060093343e-06
1.447389848780583977e-06
1.442187097098620076e-06
1.437022705141564674e-06
1.431883606008103815e-06
1.426770077149978008e-06
1.421682049413892780e-06
1.416637071946425515e-06
1.411645131994980894e-06
1.406706597308738551e-06
1.401821512501940257e-06
1.396989839888565530e-06
1.392200135200195972e-06
1.387438283236869488e-06
1.382704546033141104e-06
1.377998865440707209e-06
1.373338679853876828e-06
1.368736541399515807e-06
1.364192587342362567e-06
1.359706828710108455e-06
1.355279465638342996e-06
1.350900602085458762e-06
1.346552547816125005e-06
1.342234571371313178e-06
1.337946892653820697e-06
1.333701277571651854e-06
1.329514732562805759e-06
1.325387625171310666e-06
1.321320024786783239e-06
1.317312141914359751e-06
1.313358839484207099e-06
1.309437781135523632e-06
1.305545838326876662e-06
1.301683121051593239e-06
1.297854369817315284e-06
1.294079997328975732e-06
1.290362737981723042e-06
1.286702606104982988e-06
1.283099719964883799e-06
1.279553833897476221e-06
1.276046091636453306e-06
1.272566463520251977e-06
1.269114635103306565e-06
1.265690848436123770e-06
1.262310559548951301e-06
1.258984216372795567e-06
1.255711592631444444e-06
1.252493150803701288e-06
1.249328627270551244e-06
1.246213100171210249e-06
1.243125812771029359e-06
1.240064488312023144e-06
1.237029158052248456e-06
1.234022623857093760e-06
1.231061660873233370e-06
1.228149046327730788e-06
1.225284764155250916e-06
1.222469265923288089e-06
1.219702243799062858e-06
1.216973019855526799e-06
1.214266462591078077e-06
1.211582245801300836e-06
1.208920527947594189e-06
1.206286062360831846e-06
1.203691675166775058e-06
1.201138018310250888e-06
1.198625231004851162e-06
1.196153270117117106e-06
1.193722291146034803e-06
1.191319559320887465e-06
1.188935199160267798e-06
1.186569151419980966e-06
1.184221432187723735e-06
1.181896843563477602e-06
1.179604427874676258e-06
1.177344400223134372e-06
1.175116854164826815e-06
1.172921736586213816e-06
1.170759275883800371e-06
1.168618963564910190e-06
1.166492718515775750e-06
1.164380563575115815e-06
1.162282489352214913e-06
1.160201217672591376e-06
1.158143332694614275e-06
1.156109190504835998e-06
1.154098744723798112e-06
1.152112041054857351e-06
1.150149165838114909e-06
1.148204190134996965e-06
1.146268895657968915e-06
1.144343246730850054e-06
1.142427233037626118e-06
1.140521641842227910e-06
1.138630673274245530e-06
1.136754946325875075e-06
1.134894490685790751e-06
1.133049353467659153e-06
1.131219517730313113e-06
1.129403255636993331e-06
1.127593396781903722e-06
1.125789162921336744e-06
1.123990567027771392e-06
1.122197635224550791e-06
1.120411415298206958e-06
1.118632479322425789e-06
1.116860837529365286e-06
1.115096499998378708e-06
1.113339476657878043e-06
1.111589719535305291e-06
1.109843743326065878e-06
1.108099408524207303e-06
1.106356716976769609e-06
1.104615670220439971e-06
1.102875774716563889e-06
1.101135190516625823e-06
1.099393734755529823e-06
1.097651391011170514e-06
1.095908164551415201e-06
1.094164062059523245e-06
1.092418868219211234e-06
1.090671332525076544e-06
1.088921246695952610e-06
1.087168604260677121e-06
1.085413406427627280e-06
1.083653498983478708e-06
1.081886039972604139e-06
1.080110967269710870e-06
1.078328318317551522e-06
1.076538077658283026e-06
1.074740210115643524e-06
1.072935388955634612e-06
1.071125427048483972e-06
1.069310405238403800e-06
1.067490292411502462e-06
1.065665090150206910e-06
1.063831136907607829e-06
1.061985543736892328e-06
1.060128341101769759e-06
1.058259416947404499e-06
1.056378817586169971e-06
1.054486556602611176e-06
1.052584042152749916e-06
1.050674804372432373e-06
1.048758966186298581e-06
1.046836453596533825e-06
1.044907314259414006e-06
1.042967699902835311e-06
1.041014290275551491e-06
1.039047017256970641e-06
1.037065902140484615e-06
1.035070942175777435e-06
1.033062089787380144e-06
1.031040674745530352e-06
1.029011567559300878e-06
1.026975267971015527e-06
1.024931705163468304e-06
1.022880919887414300e-06
1.020820655632174251e-06
1.018746973989141483e-06
1.016659838889281409e-06
1.014559228305671644e-06
1.012445060664465388e-06
1.010317405823519121e-06
1.008176629030724181e-06
1.006028008086710911e-06
1.003873142647420333e-06
1.001712032162958657e-06
9.995446826343849081e-07
9.973705074534360360e-07
9.951860170764563807e-07
9.929906099867253947e-07
9.907841926807842503e-07
9.885668394852658493e-07
9.863384361986142650e-07
9.840990178315811194e-07
9.818510153363683738e-07
9.795982437122704184e-07
9.773407806078139676e-07
9.750785539591299349e-07
9.728116246304483716e-07
9.705388816816465594e-07
9.682588283956811178e-07
9.659715004656734111e-07
9.636768854368509828e-07
9.613749821770695958e-07
9.590657520550199982e-07
9.567493147332489342e-07
9.544289194474215435e-07
9.521059734475731859e-07
9.497804488793642040e-07
9.474523670060320795e-07
9.451217268755117794e-07
9.427887609829313257e-07
9.404535802374295789e-07
9.381161827662166927e-07
9.357765796149411126e-07
9.334347263746818534e-07
9.310906675471947112e-07
9.287445976710449017e-07
9.263984334506713612e-07
9.240526355251218828e-07
9.217072023031603719e-07
9.193621373939942168e-07
9.170175740560654047e-07
9.146753917929728613e-07
9.123362465509272920e-07
9.100001053620511370e-07
9.076670149158168883e-07
9.053369421117016266e-07
9.030099301802341008e-07
9.006859098788425649e-07
8.983646345306957681e-07
8.960460381856390306e-07
8.937301034849180503e-07
8.914168851422870302e-07
8.891064508326292433e-07
8.868021518863544342e-07
8.845053346457304178e-07
8.822160746303512988e-07
8.799343601701359431e-07
8.776602138579941530e-07
8.753935920048135418e-07
8.731345193680119052e-07
8.708811308015375866e-07
8.686326153142034570e-07
8.663889888227750348e-07
8.641502214501979849e-07
8.619163812518426740e-07
8.596906889004068209e-07
8.574770969352089448e-07
8.552754608881730346e-07
8.530859011714699929e-07
8.509083865517763292e-07
8.487429173504563436e-07
8.465895903115475134e-07
8.444466040619393742e-07
8.423108495309460189e-07
8.401822822491683100e-07
8.380608939277112324e-07
8.359467206806715251e-07
8.338407519975386106e-07
8.317488864348309302e-07
8.296720755935765492e-07
8.276103403731275951e-07
8.255637473660285349e-07
8.235322988848487211e-07
8.215159976187483546e-07
8.195145500193116088e-07
8.175229498921048753e-07
8.155392390382391978e-07
8.135634582601386786e-07
8.115956102085082227e-07
8.096356937024144951e-07
8.076868813090130410e-07
8.057543316253099101e-07
8.038383497330909453e-07
8.019387503186573532e-07
8.000556327081418473e-07
7.981890432774453228e-07
7.963388905241395865e-07
7.945043410376000552e-07
7.926791881305426473e-07
7.908626146341995429e-07
7.890545771815002823e-07
7.872550815798721583e-07
7.854642117929807269e-07
7.836863724290823469e-07
7.819260761636072934e-07
7.801830605650809029e-07
7.784575182574351173e-07
7.767494786281392283e-07
7.750589168223666514e-07
7.733857340806498207e-07
7.717288057224667422e-07
7.700815223426150198e-07
7.684431738735443769e-07
7.668136774029265515e-07
7.651930383892112625e-07
7.635813739233532263e-07
7.619823567859515166e-07
7.604001754515922864e-07
7.588348203450762868e-07
7.572862731943781862e-07
7.557545506919762760e-07
7.542397312533009012e-07
7.527418364888730516e-07
7.512600396728521635e-07
7.497878001121954491e-07
7.483234754808301367e-07
7.468671127965386889e-07
7.454187056257670580e-07
7.439782102185858921e-07
7.425476576193952377e-07
7.411315730027823526e-07
7.397302328890903185e-07
7.383436875368496540e-07
7.369720017557698789e-07
7.356151460707984944e-07
7.342730337047653073e-07
7.329458655947224166e-07
7.316290845621284986e-07
7.303190982826560075e-07
7.290160293096057299e-07
7.277197708536376539e-07
7.264303321358912564e-07
7.251480755323079660e-07
7.238767703205295263e-07
7.226177339591696573e-07
7.213711047687086458e-07
7.201368408996202602e-07
7.189148722346865332e-07
7.177053873571534351e-07
7.165081871394006486e-07
7.153226627067018197e-07
7.141434655443892237e-07
7.129697553020973404e-07
7.118015666614207886e-07
7.106388946809387604e-07
7.094817330141721954e-07
7.083308028539409127e-07
7.071888847595360286e-07
7.060560649246914426e-07
7.049323312859639198e-07
7.038178506902093447e-07
7.027124797198419670e-07
7.016162795667241822e-07
7.005293251737900645e-07
6.994500726872903449e-07
6.983746355761676442e-07
6.973028896316799835e-07
6.962347499308122910e-07
6.951702536107076995e-07
6.941093977817980126e-07
6.930528416654315296e-07
6.920018240427196319e-07
6.909563901772395483e-07
6.899166116019401141e-07
6.888824153225712533e-07
6.878538853305812026e-07
6.868309631276723390e-07
6.858136902697892744e-07
6.848010342583282502e-07
6.837904444759994620e-07
6.827818517859408758e-07
6.817752069116719719e-07
6.807705382303211426e-07
6.797678231106926966e-07
6.787672489506946976e-07
6.777691845227225786e-07
6.767736504979377909e-07
6.757806363673719646e-07
6.747901867366271350e-07
6.738022696312259827e-07
6.728168952062465124e-07
6.718340572158371777e-07
6.708534949203869241e-07
6.698736765123102454e-07
6.688944203746989429e-07
6.679157214817677273e-07
6.669375895232347021e-07
6.659600216147832752e-07
6.649829547864594886e-07
6.640059518272998369e-07
6.630289068490379575e-07
6.620518357038954585e-07
6.610747301214426426e-07
6.600975864579131776e-07
6.591204001252684011e-07
6.581431804012295912e-07
6.571659265043241507e-07
6.561882743431995264e-07
6.552100186939699788e-07
6.542311608592025625e-07
6.532516936699493310e-07
6.522716160609816498e-07
6.512909347777310977e-07
6.503091604137087070e-07
6.493256677193471875e-07
6.483404493891567756e-07
6.473534984850906005e-07
6.463648196234782246e-07
6.453744158190793139e-07
6.443822769063126552e-07
6.433883943230304044e-07
6.423928507801363884e-07
6.413961129587338199e-07
6.403982522394750101e-07
6.393992598457433728e-07
6.383991401663554208e-07
6.373978948581075990e-07
6.363955030790766138e-07
6.353911308723016310e-07
6.343844086286880721e-07
6.333753321901511993e-07
6.323638993452573937e-07
6.313501092977956850e-07
6.303339659049847084e-07
6.293154561330202847e-07
6.282945758205989506e-07
6.272715743106728619e-07
6.262472705611128295e-07
6.252217399214287423e-07
6.241949814193961836e-07
6.231669940936327581e-07
6.221377769925816528e-07
6.211072926294445345e-07
6.200748361154305657e-07
6.190401359691956683e-07
6.180031903298084571e-07
6.169639932704099936e-07
6.159225397313336706e-07
6.148788349348764212e-07
6.138328771024384626e-07
6.127846529130714467e-07
6.117343576375158686e-07
6.106829329499124652e-07
6.096304895657683652e-07
6.085770266151807321e-07
6.075225389395495103e-07
6.064670288175627347e-07
6.054104948162100649e-07
6.043527837966780220e-07
6.032937732998558831e-07
6.022334622325629263e-07
6.011718457672195721e-07
6.001089159635695664e-07
5.990446818492900610e-07
5.979791423794812122e-07
5.969122965205934177e-07
5.958441739570657206e-07
5.947754785714138168e-07
5.937065053411675217e-07
5.926372540106922918e-07
5.915677243272334957e-07
5.904979160393917546e-07
5.894278288998334479e-07
5.883575738786838086e-07
5.872875313653951412e-07
5.862177348245451257e-07
5.851481829193463650e-07
5.840788767399302620e-07
5.830098173598263742e-07
5.819410051002295951e-07
5.808724402786078733e-07
5.798041242112504089e-07
5.787361227825821251e-07
5.776686383079471327e-07
5.766016842985373800e-07
5.755352612737534704e-07
5.744693697490996554e-07
5.734040102343203627e-07
5.723391832350942619e-07
5.712755704320176552e-07
5.702138611770948413e-07
5.691540582873879964e-07
5.680961638223730282e-07
5.670401798211970542e-07
5.659861083050500929e-07
5.649339512759792185e-07
5.638837107170579672e-07
5.628353977913335508e-07
5.617887841909006190e-07
5.607435595461160457e-07
5.596997200592229083e-07
5.586572671842379643e-07
5.576162023611172240e-07
5.565765270147395111e-07
5.555382619614477243e-07
5.545026955613939335e-07
5.534707327237620196e-07
5.524423937783591562e-07
5.514176644409911275e-07
5.503965487360808724e-07
5.493790506529841659e-07
5.483651741444649596e-07
5.473549299619124531e-07
5.463483408654407522e-07
5.453448413440058312e-07
5.443435906335512784e-07
5.433445724481746170e-07
5.423477892901805796e-07
5.413532436390040096e-07
5.403609379530733330e-07
5.393708770448909430e-07
5.383842942908203911e-07
5.374025672097017754e-07
5.364257104926440456e-07
5.354537635332858941e-07
5.344867222819629059e-07
5.335245666685682092e-07
5.325673023153676946e-07
5.316149381987083173e-07
5.306674938633671155e-07
5.297245690395202928e-07
5.287844763496148987e-07
5.278470321375956172e-07
5.269122395756008360e-07
5.259801437884637869e-07
5.250507044721545540e-07
5.241239243820713146e-07
5.232002747505947136e-07
5.222818129504498972e-07
5.213687952797459574e-07
5.204612217411933997e-07
5.195591162763478850e-07
5.186625123187856873e-07
5.177713596174301779e-07
5.168856647887945211e-07
5.160054597087614010e-07
5.151307360304987488e-07
5.142599825515139398e-07
5.133920183510079997e-07
5.125268992706444157e-07
5.116645865737430374e-07
5.108050718291073145e-07
5.099483585378632312e-07
5.090944639203600116e-07
5.082445918870566648e-07
5.074001987154413836e-07
5.065613919939450625e-07
5.057281043243254950e-07
5.049003569267908888e-07
5.040781962057024462e-07
5.032615606469864387e-07
5.024504615526034815e-07
5.016449842267334728e-07
5.008449366024533371e-07
5.000483503444308382e-07
4.992545165690983530e-07
4.984634066572454730e-07
4.976750196381724406e-07
4.968893979148568151e-07
4.961065414871291899e-07
4.953264265459098572e-07
4.945502459043403709e-07
4.937790296578226116e-07
4.930127586471489389e-07
4.922514881415579744e-07
4.914951504509199578e-07
4.907438410793855383e-07
4.899974930374906099e-07
4.892561104114915165e-07
4.885197547988100288e-07
4.877882895111983494e-07
4.870598576593125849e-07
4.863336503515908761e-07
4.856096502956861983e-07
4.848879161081419738e-07
4.841684161824319958e-07
4.834511312763393948e-07
4.827360932398276469e-07
4.820239500137990728e-07
4.813157299574074182e-07
4.806114715018927525e-07
4.799111472604776056e-07
4.792147373631242873e-07
4.785222705144241276e-07
4.778337794894699875e-07
4.771492028175562253e-07
4.764685762893824010e-07
4.757919393458518574e-07
4.751182622266489476e-07
4.744462967943363547e-07
4.737760281599383385e-07
4.731074657002790316e-07
4.724405900538793258e-07
4.717754677177383715e-07
4.711120411276664801e-07
4.704504660531920580e-07
4.697916428695010262e-07
4.691357623636496770e-07
4.684828377524013060e-07
4.678328583538234155e-07
4.671857864078648432e-07
4.665417044988826938e-07
4.659005436436667098e-07
4.652623234744077296e-07
4.646270797889203898e-07
4.639946841776875130e-07
4.633638530603639506e-07
4.627342531255886064e-07
4.621058732936623107e-07
4.614787394334794923e-07
4.608528464364150397e-07
4.602281791537929112e-07
4.596047483419150971e-07
4.589827365850014222e-07
4.583626083037629758e-07
4.577443188290702517e-07
4.571278805303147852e-07
4.565133181159558675e-07
4.559006074455545017e-07
4.552897814463306664e-07
4.546808071927584489e-07
4.540737137301058305e-07
4.534684742035320316e-07
4.528649359685520011e-07
4.522621669787402940e-07
4.516600192484624759e-07
4.510584968646525171e-07
4.504575903764556053e-07
4.498573261116886204e-07
4.492576810969545603e-07
4.486586651142981197e-07
4.480603523294159403e-07
4.474629271235929476e-07
4.468663658319144943e-07
4.462706735326818065e-07
4.456758563226686850e-07
4.450819170685734363e-07
4.444888516951511447e-07
4.438966637795913530e-07
4.433053482371552788e-07
4.427149048469367295e-07
4.421252963818376733e-07
4.415360358827861403e-07
4.409470194149431508e-07
4.403582440402902239e-07
4.397697228121132966e-07
4.391814430223770613e-07
4.385934093048599592e-07
4.380056213260004156e-07
4.374180992082519388e-07
4.368308992928580483e-07
4.362440277951771044e-07
4.356574913610296114e-07
4.350712855792373864e-07
4.344854113034402339e-07
4.338998654174039407e-07
4.333146576142347421e-07
4.327297797119331808e-07
4.321452354411711696e-07
4.315610223604609416e-07
4.309770112520464808e-07
4.303930859251996874e-07
4.298092446716245132e-07
4.292254869324486197e-07
4.286418164185233487e-07
4.280582295463911137e-07
4.274747263811040450e-07
4.268913109706325975e-07
4.263079981497424028e-07
4.257248013757541137e-07
4.251417224042282168e-07
4.245587603537422270e-07
4.239759148399125930e-07
4.233931848847550738e-07
4.228105750971453420e-07
4.222280810199960292e-07
4.216457040715791023e-07
4.210634441954821670e-07
4.204812974919655340e-07
4.198991995905909703e-07
4.193171331144775629e-07
4.187350991779818573e-07
4.181530967189245375e-07
4.175711257525521966e-07
4.169891874237145661e-07
4.164072806388921112e-07
4.158254122399087599e-07
4.152437373852433508e-07
4.146622909436847840e-07
4.140810775403717646e-07
4.135000991321198074e-07
4.129193514727527478e-07
4.123388429321419508e-07
4.117585655126023284e-07
4.111785202500551752e-07
4.105987139980134739e-07
4.100191393837330450e-07
4.094397984282345008e-07
4.088606659636278794e-07
4.082817342338018894e-07
4.077030098598436729e-07
4.071244865762505192e-07
4.065461625890066457e-07
4.059680504299645074e-07
4.053901379147245643e-07
4.048124382549679148e-07
4.042352895608361141e-07
4.036588115485777956e-07
4.030830308445042494e-07
4.025079287037763530e-07
4.019335103302257210e-07
4.013597775659796072e-07
4.007867226659381484e-07
4.002143720370311016e-07
3.996426957479940229e-07
3.990717119693776968e-07
3.985014122979376602e-07
3.979316596961097283e-07
3.973624089397884078e-07
3.967936314040034658e-07
3.962253363139601377e-07
3.956575290203655510e-07
3.950902007982721295e-07
3.945233671958166528e-07
3.939570135447601669e-07
3.933913855505565386e-07
3.928269295824589056e-07
3.922636123612203965e-07
3.917014763713031402e-07
3.911404919369078296e-07
3.905806820814064107e-07
3.900220324592794821e-07
3.894645461908270150e-07
3.889082231313757819e-07
3.883530676068924512e-07
3.877990916279654015e-07
3.872461841460342021e-07
3.866940041369944465e-07
3.861424986734842584e-07
3.855916683694331183e-07
3.850415291851440379e-07
3.844920614946942229e-07
3.839432930963497493e-07
3.833951975194839826e-07
3.828477994940708508e-07
3.823016676280762414e-07
3.817570615764008166e-07
3.812140307332626758e-07
3.806725188841344283e-07
3.801325713056376104e-07
3.795941615000405329e-07
3.790573245355236519e-07
3.785220253349279622e-07
3.779882890468310743e-07
3.774560836450866592e-07
3.769254596170935380e-07
3.763961819898135051e-07
3.758677796555491655e-07
3.753402628945699934e-07
3.748135957996246955e-07
3.742878249942866007e-07
3.737629056799995681e-07
3.732388641923731806e-07
3.727156918815069809e-07
3.721934041579795982e-07
3.716726820478002730e-07
3.711537827914869546e-07
3.706367723735838605e-07
3.701215837206012162e-07
3.696082686023457250e-07
3.690967922105066392e-07
3.685871771644211889e-07
3.680794274187167983e-07
3.675735495499266763e-07
3.670695103806173121e-07
3.665673589389191651e-07
3.660668849909159138e-07
3.655674810447471937e-07
3.650690471842371404e-07
3.645716094663214969e-07
3.640751542720657242e-07
3.635796847798762534e-07
3.630852113086472614e-07
3.625917120028958297e-07
3.620992232665733721e-07
3.616081042524915462e-07
3.611189708864177720e-07
3.606317302302030107e-07
3.601464609145933825e-07
3.596631050301485691e-07
3.591817050396466560e-07
3.587022390603302640e-07
3.582247135897891316e-07
3.577491451402529390e-07
3.572755215642527832e-07
3.568038481535422988e-07
3.563341140633892554e-07
3.558656732822629797e-07
3.553982063896344906e-07
3.549316684268584205e-07
3.544661099624793466e-07
3.540014769168317187e-07
3.535378302520625967e-07
3.530751112481211320e-07
3.526133791769848418e-07
3.521526095671942533e-07
3.516935047310353849e-07
3.512361429934754626e-07
3.507806095841554852e-07
3.503268391285643640e-07
3.498748823206075524e-07
3.494247082845788704e-07
3.489763331771235670e-07
3.485297606211709644e-07
3.480849722383083927e-07
3.476420061477289837e-07
3.472008198702222131e-07
3.467613919829695918e-07
3.463229714547216680e-07
3.458853936012670782e-07
3.454486506722543552e-07
3.450127533355552498e-07
3.445776910005474159e-07
3.441434761509718367e-07
3.437100973650974382e-07
3.432775669418426147e-07
3.428459338385258712e-07
3.424157094424799700e-07
3.419869653766086451e-07
3.415597552143905577e-07
3.411340299434500610e-07
3.407098264995058531e-07
3.402871207782025406e-07
3.398659251135256819e-07
3.394462435131269634e-07
3.390280600700664490e-07
3.386114070986510764e-07
3.381962402545037711e-07
3.377825813516028371e-07
3.373697765155801579e-07
3.369576561138578925e-07
3.365461784568296296e-07
3.361353937361102852e-07
3.357252522882946892e-07
3.353157969759604782e-07
3.349069908942209535e-07
3.344988674744501037e-07
3.340914095889641088e-07
3.336849493925852790e-07
3.332796163112703282e-07
3.328754188739634090e-07
3.324723649509558541e-07
3.320704460515894001e-07
3.316696721672952864e-07
3.312700347477841301e-07
3.308715347254697996e-07
3.304741824788775911e-07
3.300779598291557970e-07
3.296828963970465829e-07
3.292889628137153819e-07
3.288959254771315168e-07
3.285033565257117477e-07
3.281112674807982230e-07
3.277196441188443388e-07
3.273284938464754867e-07
3.269378173592751758e-07
3.265476077485038752e-07
3.261578794008467874e-07
3.257686123183642475e-07
3.253799064773714595e-07
3.249919739576389437e-07
3.246048723914578378e-07
3.242185692077008146e-07
3.238330815718293633e-07
3.234484126895243761e-07
3.230645560176257420e-07
3.226815128348143982e-07
3.222992862530893930e-07
3.219178682735797922e-07
3.215372745718161308e-07
3.211574925676650764e-07
3.207785295213848329e-07
3.204000820193362435e-07
3.200219751858075235e-07
3.196442109564383639e-07
3.192667797529801972e-07
3.188897007144812799e-07
3.185129550203777436e-07
3.181365592816633103e-07
3.177604990391467574e-07
3.173847821399107146e-07
3.170094865413101090e-07
3.166347795248981334e-07
3.162606959093193372e-07
3.158872037278891044e-07
3.155143306018436251e-07
3.151420614055461536e-07
3.147704037777092148e-07
3.143993533550966909e-07
3.140289122700293233e-07
3.136590746939039953e-07
3.132898550782886331e-07
3.129212444332837545e-07
3.125532425207036946e-07
3.121856616351674299e-07
3.118183407992491808e-07
3.114512968736479822e-07
3.110845132712564412e-07
3.107180000300926091e-07
3.103517520574555938e-07
3.099857668374881354e-07
3.096200553255449671e-07
3.092546068288515693e-07
3.088894691039725412e-07
3.085248084737891859e-07
3.081606495246186435e-07
3.077970121991740309e-07
3.074338704339127477e-07
3.070712443673819283e-07
3.067091296011088839e-07
3.063475242324882086e-07
3.059864253563662999e-07
3.056258373657948353e-07
3.052657595948365117e-07
3.049061922967541805e-07
3.045471396557211943e-07
3.041885386333433330e-07
3.038302048488438908e-07
3.034721074541299618e-07
3.031142528807227145e-07
3.027566413867977911e-07
3.023992664141178942e-07
3.020421448157587623e-07
3.016852599991919915e-07
3.013286165973489901e-07
3.009722194411974695e-07
3.006161967938873138e-07
3.002607050283732013e-07
2.999057348257680529e-07
2.995512871235679347e-07
2.991973693468636621e-07
2.988439721969275404e-07
2.984911075020664580e-07
2.981387685773269888e-07
2.977869538086031483e-07
2.974356637713691211e-07
2.970849037277323885e-07
2.967346792257587552e-07
2.963849696681480427e-07
2.960357065517882682e-07
2.956867228480502769e-07
2.953380182423460323e-07
2.949896063636050623e-07
2.946414739181534794e-07
2.942936260232561312e-07
2.939460637160201584e-07
2.935987817311193542e-07
2.932517927200072254e-07
2.929050873585450886e-07
2.925588383404878564e-07
2.922132222644123281e-07
2.918682050562159149e-07
2.915237962975353161e-07
2.911800061082119656e-07
2.908368193280501736e-07
2.904942540156229688e-07
2.901522982086228505e-07
2.898109507134109893e-07
2.894702215578410412e-07
2.891301043263160571e-07
2.887906058047557906e-07
2.884517178348777070e-07
2.881133591858833514e-07
2.877753369309418001e-07
2.874376402105824497e-07
2.871002762882822293e-07
2.867632383156103538e-07
2.864265244182523177e-07
2.860901480826667069e-07
2.857540962293095633e-07
2.854183661303959835e-07
2.850829800444271620e-07
2.847480407310685675e-07
2.844137836913987448e-07
2.840802493075440478e-07
2.837474102269471370e-07
2.834152690061228539e-07
2.830838318971907887e-07
2.827531091583975591e-07
2.824230846939148816e-07
2.820937540659677389e-07
2.817651458993569571e-07
2.814372430948590234e-07
2.811100338993835749e-07
2.807835376483211051e-07
2.804577389641272699e-07
2.801323868441735566e-07
2.798074171125004967e-07
2.794828196164017779e-07
2.791585970209818655e-07
2.788347527401223499e-07
2.785112838646038707e-07
2.781881920324187411e-07
2.778654764720893528e-07
2.775431391541531544e-07
2.772211890864667267e-07
2.768998806314994708e-07
2.765793846535845398e-07
2.762596652276829485e-07
2.759407320740059863e-07
2.756225956142776297e-07
2.753052494940567083e-07
2.749886965622538370e-07
2.746729214250616389e-07
2.743579584789634428e-07
2.740437841381574258e-07
2.737303936560403580e-07
2.734177993420338421e-07
2.731060079217488859e-07
2.727949633868259181e-07
2.724843775461630966e-07
2.721742197195494457e-07
2.718644698783827077e-07
2.715551222697845113e-07
2.712462156666880173e-07
2.709377118912854137e-07
2.706296177191626523e-07
2.703219524584357657e-07
2.700146973857802680e-07
2.697078689687024999e-07
2.694017109441517592e-07
2.690963708947442040e-07
2.687918156076403462e-07
2.684880539192572981e-07
2.681850955113511064e-07
2.678829438343950791e-07
2.675815768604504428e-07
2.672810184190951027e-07
2.669812608043621178e-07
2.666822962249036261e-07
2.663841481664021561e-07
2.660867814412456064e-07
2.657902295245148657e-07
2.654944663938331350e-07
2.651991860155189449e-07
2.649042844408419755e-07
2.646097768501573009e-07
2.643156461676195175e-07
2.640218899454728146e-07
2.637285340571855987e-07
2.634355532135727902e-07
2.631429581621272370e-07
2.628507433785000571e-07
2.625589232470047608e-07
2.622676151440461676e-07
2.619770194523780162e-07
2.616871734495815020e-07
2.613980617325318859e-07
2.611096690783530396e-07
2.608220168127934763e-07
2.605350885328907659e-07
2.602489111920803228e-07
2.599634515615984394e-07
2.596787388024177975e-07
2.593947485489580430e-07
2.591114983832514686e-07
2.588289962435214494e-07
2.585472185580269094e-07
2.582660691294054355e-07
2.579852967254825864e-07
2.577048657212384469e-07
2.574247805286982324e-07
2.571450483611945219e-07
2.568656701064178440e-07
2.565866380345149287e-07
2.563079478566191509e-07
2.560296215627222608e-07
2.557516394535484107e-07
2.554740163763993200e-07
2.551969297453751095e-07
2.549205440879860474e-07
2.546448255955896703e-07
2.543697740322025993e-07
2.540954007443393825e-07
2.538216994536224082e-07
2.535486892784323290e-07
2.532763327379000420e-07
2.530046791186704623e-07
2.527336806621461117e-07
2.524633732272974056e-07
2.521937413532319578e-07
2.519247903984495992e-07
2.516565115460149751e-07
2.513888023267949180e-07
2.511214324491329151e-07
2.508543849838896694e-07
2.505876593959097648e-07
2.503212637835058035e-07
2.500552001658349251e-07
2.497894582284075243e-07
2.495240397843823281e-07
2.492589510965515417e-07
2.489941957659910372e-07
2.487297645402211185e-07
2.484657927708715921e-07
2.482023976039543161e-07
2.479395974470198935e-07
2.476773705928161719e-07
2.474157147252162603e-07
2.471546488638367696e-07
2.468941544046154528e-07
2.466342569479372946e-07
2.463749230080487911e-07
2.461161890517512008e-07
2.458580234127177906e-07
2.456004437746248068e-07
2.453434471506646708e-07
2.450870385388399913e-07
2.448311750372708029e-07
2.445756028376166587e-07
2.443202959452834402e-07
2.440652390643807795e-07
2.438104347238102437e-07
2.435558809171201876e-07
2.433015822960461508e-07
2.430475447855835993e-07
2.427937555137116469e-07
2.425402218162438366e-07
2.422869356966809265e-07
2.420339520681688872e-07
2.417814056411335841e-07
2.415293239678627254e-07
2.412777006602032295e-07
2.410265511900589111e-07
2.407758656993215167e-07
2.405256506049432483e-07
2.402758888915568547e-07
2.400266078763136980e-07
2.397777848334892101e-07
2.395294303355792320e-07
2.392815427583133840e-07
2.390341274363051680e-07
2.387871786207419708e-07
2.385406944813550002e-07
2.382946011046940259e-07
2.380487358788984934e-07
2.378030761243224268e-07
2.375576311464697845e-07
2.373123924946622586e-07
2.370673699907550920e-07
2.368225629030812250e-07
2.365779631030042761e-07
2.363335777918289560e-07
2.360893983250758184e-07
2.358454416181622264e-07
2.356017456220605687e-07
2.353584567924943705e-07
2.351155912493476510e-07
2.348731441594504131e-07
2.346311247302202001e-07
2.343895319006635422e-07
2.341483643251838995e-07
2.339076087441581091e-07
2.336672908370840328e-07
2.334273900200446128e-07
2.331879107001522737e-07
2.329488636045710727e-07
2.327102388914557891e-07
2.324720424070278248e-07
2.322342663436762852e-07
2.319968671889798567e-07
2.317596989671438819e-07
2.315227433886941506e-07
2.312859941681379743e-07
2.310494607317662099e-07
2.308131338376023699e-07
2.305770205648090143e-07
2.303411259237554326e-07
2.301054379395980363e-07
2.298699643606554138e-07
2.296346995353543344e-07
2.293996576924930592e-07
2.291649990649554071e-07
2.289307339308085668e-07
2.286968671000138325e-07
2.284633968541107607e-07
2.282303274775614054e-07
2.279976629863183761e-07
2.277653933650641043e-07
2.275335350001591745e-07
2.273020691147466186e-07
2.270710059684283069e-07
2.268403511824536905e-07
2.266100897921222837e-07
2.263802293273875810e-07
2.261507755736540188e-07
2.259217287631780311e-07
2.256929393029954628e-07
2.254643419625908259e-07
2.252359292047261427e-07
2.250077022210073633e-07
2.247796745124620406e-07
2.245518315709404475e-07
2.243241749419388995e-07
2.240967096610682680e-07
2.238694292924028132e-07
2.236423397387457380e-07
2.234154455910156428e-07
2.231887900529749826e-07
2.229625068602841333e-07
2.227366069503407298e-07
2.225110844577804255e-07
2.222859519153027079e-07
2.220611972564150238e-07
2.218368336248664287e-07
2.216128527121107430e-07
2.213892477708529156e-07
2.211660315528351542e-07
2.209432030754992399e-07
2.207207509128789341e-07
2.204986836974258154e-07
2.202770067158113207e-07
2.200557145004377757e-07
2.198348026740083154e-07
2.196141385672770707e-07
2.193936687382248939e-07
2.191733900067512878e-07
2.189533063828796314e-07
2.187334250203113840e-07
2.185137349625059661e-07
2.182942366372150163e-07
2.180749369780808341e-07
2.178558287876950602e-07
2.176369121089175616e-07
2.174182012250955213e-07
2.171997285398131497e-07
2.169816462367695746e-07
2.167639724492461307e-07
2.165467055502619331e-07
2.163298436500864763e-07
2.161133976080209573e-07
2.158973563848543812e-07
2.156817228632092741e-07
2.154665079449078869e-07
2.152516965263363305e-07
2.150372885214360575e-07
2.148233021498857632e-07
2.146097234868026082e-07
2.143965498757218630e-07
2.141837862927926864e-07
2.139714372218686878e-07
2.137594189413663277e-07
2.135476148209474065e-07
2.133360219419057944e-07
2.131246457560843532e-07
2.129134830735570034e-07
2.127025318365419032e-07
2.124917932976313747e-07
2.122812805389104753e-07
2.120709794688002812e-07
2.118608901372757363e-07
2.116510168862277282e-07
2.114413634075340609e-07
2.112320459764567225e-07
2.110231420995597053e-07
2.108146645551820518e-07
2.106066048606276083e-07
2.103989629535547499e-07
2.101917397660385318e-07
2.099849311034023925e-07
2.097785351280930564e-07
2.095725644043196365e-07
2.093670168963231475e-07
2.091618825220398248e-07
2.089571641290250305e-07
2.087528659659960280e-07
2.085489924768264717e-07
2.083455361251254169e-07
2.081425038965429860e-07
2.079397422661880826e-07
2.077371860087968233e-07
2.075348328334838988e-07
2.073326808303594197e-07
2.071307300546499341e-07
2.069289866903735834e-07
2.067274516812944773e-07
2.065261181501827106e-07
2.063249861495543260e-07
2.061240584803778734e-07
2.059233364794407502e-07
2.057228226519276013e-07
2.055226413258426443e-07
2.053228612534949551e-07
2.051234829436125220e-07
2.049245064597228159e-07
2.047259272134483616e-07
2.045277480680993339e-07
2.043299663368872242e-07
2.041325799884576184e-07
2.039355896118372279e-07
2.037390139662647357e-07
2.035428341642606707e-07
2.033470503164475357e-07
2.031516660018783462e-07
2.029566819110543606e-07
2.027621008232600857e-07
2.025679265013546861e-07
2.023740485164669823e-07
2.021803644070871031e-07
2.019868742270863438e-07
2.017935811569040149e-07
2.016004845104434291e-07
2.014075820134211230e-07
2.012148737232659304e-07
2.010223596979149049e-07
2.008300486806115346e-07
2.006379348447855821e-07
2.004460155287207138e-07
2.002542907879822910e-07
2.000628303528636307e-07
1.998717453388408194e-07
1.996810375219725411e-07
1.994907053525273153e-07
1.993007480490325451e-07
1.991111754270754297e-07
1.989219805896054928e-07
1.987331610554938253e-07
1.985447169409533477e-07
1.983566565951878209e-07
1.981689778633454272e-07
1.979816750243962343e-07
1.977947481920120635e-07
1.976082042756100724e-07
1.974220429536565541e-07
1.972362563753419336e-07
1.970508374996201337e-07
1.968656356542376177e-07
1.966806147996365458e-07
1.964957749954480375e-07
1.963111163016420254e-07
1.961266396990826625e-07
1.959423523741668799e-07
1.957582464205197412e-07
1.955743218962477068e-07
1.953905788587796103e-07
1.952070173660525055e-07
1.950236399310437402e-07
1.948404482510379341e-07
1.946575252141382067e-07
1.944749377040989523e-07
1.942926858379801241e-07
1.941107724187831513e-07
1.939292021966688020e-07
1.937479680465653305e-07
1.935670700821445848e-07
1.933865084165701137e-07
1.932062893038250065e-07
1.930264111081192354e-07
1.928468696644223922e-07
1.926676650835263863e-07
1.924887974755455010e-07
1.923102732862310582e-07
1.921320908835199751e-07
1.919542440901703741e-07
1.917767265661406449e-07
1.915994035183345065e-07
1.914222353020524889e-07
1.912452219738763930e-07
1.910683635883551407e-07
1.908916602008846867e-07
1.907151118661833594e-07
1.905387202706937568e-07
1.903624887656170313e-07
1.901864125498010314e-07
1.900104916764394262e-07
1.898347261980482583e-07
1.896591161676517903e-07
1.894837140287867317e-07
1.893086086201320630e-07
1.891338029239213848e-07
1.889592956892564407e-07
1.887850874333355482e-07
1.886111791089013665e-07
1.884375696185380090e-07
1.882642629104354495e-07
1.880912590443942141e-07
1.879185544105292882e-07
1.877461491164138561e-07
1.875740432689434757e-07
1.874022369748442983e-07
1.872307336618892550e-07
1.870595308469165575e-07
1.868886279353090769e-07
1.867180299559014211e-07
1.865476723718980859e-07
1.863774625046809279e-07
1.862073964551878841e-07
1.860374742786455028e-07
1.858676960301109256e-07
1.856980617646412940e-07
1.855285715366161232e-07
1.853592254012619614e-07
1.851900234110948513e-07
1.850209679869349561e-07
1.848520569771491834e-07
1.846832903097397324e-07
1.845146716762455940e-07
1.843462842861341879e-07
1.841781779068263299e-07
1.840103526525020613e-07
1.838428086380190497e-07
1.836755505520434715e-07
1.835085750377837567e-07
1.833418811719739926e-07
1.831754690657449021e-07
1.830093388309048341e-07
1.828434905765516323e-07
1.826779244129689864e-07
1.825126422551289835e-07
1.823476437101777427e-07
1.821829276158166538e-07
1.820184959224237811e-07
1.818543477411227498e-07
1.816904864246393718e-07
1.815268423226402403e-07
1.813633378621539800e-07
1.811999710741678016e-07
1.810367420150940996e-07
1.808736507418534878e-07
1.807106973110277672e-07
1.805478817790293322e-07
1.803852042015929505e-07
1.802226646346227968e-07
1.800602631331760126e-07
1.798979998520902206e-07
1.797358764976285899e-07
1.795738919930428378e-07
1.794121121302618896e-07
1.792505974438505736e-07
1.790893480506994365e-07
1.789283640653273328e-07
1.787676456027613366e-07
1.786071927776897091e-07
