4.213031679390303864e-06
4.541093845745375480e-06
4.857551304911119721e-06
5.162817539379054156e-06
5.457137776856133939e-06
5.740780921898202933e-06
6.014087181227849031e-06
6.277326072975317511e-06
6.530798506868382084e-06
6.774748409881743793e-06
7.009480824832478673e-06
7.235241820276640398e-06
7.452265293464011410e-06
7.660792133194756312e-06
7.861076455843187243e-06
8.053350301244241818e-06
8.237764382459471224e-06
8.414636068187606626e-06
8.584065839271232619e-06
8.746323458875371898e-06
8.901604131257240821e-06
9.050045000549457924e-06
9.191832241674615351e-06
9.327173125525294319e-06
9.456197721758356092e-06
9.579064949951839001e-06
9.695989204670432733e-06
9.807076049804489370e-06
9.912532832454144389e-06
1.001241896214642576e-05
1.010688931453451564e-05
1.019620021637873451e-05
1.028026369276178042e-05
1.035946185367197081e-05
1.043366629598282246e-05
1.050325125039074632e-05
1.056807779539255880e-05
1.062852676712762264e-05
1.068447549519267679e-05
1.073619080052382835e-05
1.078374828770240219e-05
1.082725734979856218e-05
1.086672344888105996e-05
1.090242204770593509e-05
1.093439158622617691e-05
1.096265624586006675e-05
1.098738953908863977e-05
1.100861363786072286e-05
1.102654980346905777e-05
1.104120754568349461e-05
1.105267622011366907e-05
1.106111280474955484e-05
1.106648019294527097e-05
1.106895841763301023e-05
1.106862966932835586e-05
1.106549338168356469e-05
1.105974088168083463e-05
1.105140720333808871e-05
1.104051604954827393e-05
1.102724580551818351e-05
1.101162020917692707e-05
1.099366379221581238e-05
1.097355275678514236e-05
1.095133766456327597e-05
1.092700857776902443e-05
1.090073054147756927e-05
1.087259181801245356e-05
1.084253689137081074e-05
1.081067104304441056e-05
1.077711990303180397e-05
1.074192006587494931e-05
1.070510715121002055e-05
1.066682960949043825e-05
1.062709613827242744e-05
1.058588054175563066e-05
1.054333458539429629e-05
1.049960833544951835e-05
1.045465344427356129e-05
1.040842586782469931e-05
1.036110805992220575e-05
1.031285362946268604e-05
1.026358591311157829e-05
1.021327839709743885e-05
1.016211320301424393e-05
1.011019646043889485e-05
1.005745454360624585e-05
1.000394375410884898e-05
9.949755383677653939e-06
9.894933268740339717e-06
9.839552817024047306e-06
9.783624516809383403e-06
9.727126202499590597e-06
9.670200981495767783e-06
9.612920227570624608e-06
9.555210650028986207e-06
9.497147996091509338e-06
9.438789062225849135e-06
9.380191887372480513e-06
9.321414565666916920e-06
9.262408610843462844e-06
9.203239924710698565e-06
9.143973830888109993e-06
9.084646588158030336e-06
9.025276965286738431e-06
8.965862758794932588e-06
8.906449556702259512e-06
8.847102253624482648e-06
8.787860531667910299e-06
8.728715418019069875e-06
8.669689984965043550e-06
8.610772067673769180e-06
8.552082158381770990e-06
8.493605530496128192e-06
8.435398977777210908e-06
8.377390149301718416e-06
8.319642307862041718e-06
8.262154480803301810e-06
8.205051281642838923e-06
8.148300255958880424e-06
8.091910971563870327e-06
8.035839594283406689e-06
7.980136719802019020e-06
7.924826395908376824e-06
7.869989678409179668e-06
7.815593449833564731e-06
7.761669108207190941e-06
7.708144566122095598e-06
7.655113330043056860e-06
7.602507694535784563e-06
7.550497701286054870e-06
7.498938954683896901e-06
7.447985137807198119e-06
7.397431470433943150e-06
7.347495000857295628e-06
7.297988965938054197e-06
7.249142784704650899e-06
7.200792842070369618e-06
7.153058178672746473e-06
7.105874680936798605e-06
7.059204968982110480e-06
7.013182278228822902e-06
6.967625715909739859e-06
6.922788393590415588e-06
6.878423199044843675e-06
6.834742270819668904e-06
6.791598181031154276e-06
6.749009370732766501e-06
6.707097562049479392e-06
6.665653299320198443e-06
6.624941159764106514e-06
6.584710946532423241e-06
6.545111951132649666e-06
6.506130296174067019e-06
6.467619610016416672e-06
6.429838015836292763e-06
6.392521069132716805e-06
6.355846320139759257e-06
6.319781575282323504e-06
6.284166208231311289e-06
6.249252586018447731e-06
6.214789780618663516e-06
6.180902495371722768e-06
6.147663946187751524e-06
6.114848282649789369e-06
6.082706886202013974e-06
6.051063319080049693e-06
6.019867163260292540e-06
5.989320747465569505e-06
5.959171059375313305e-06
5.929564849026674569e-06
5.900566860937282138e-06
5.871953771612056666e-06
5.843940762181494089e-06
5.816424198601228030e-06
5.789263482503552701e-06
5.762683335404481219e-06
5.736510614659755456e-06
5.710715345312092136e-06
5.685513173244057572e-06
5.660698866038998861e-06
5.636292788573794759e-06
5.612435032759735892e-06
5.588899606870032034e-06
5.565744651442186143e-06
5.543079120702488455e-06
5.520704213246726582e-06
5.498708956923612621e-06
5.477194090853188546e-06
5.455970613183599432e-06
5.435108594667803638e-06
5.414687419504329567e-06
5.394520118423595358e-06
5.374660099682015439e-06
5.355203598698684992e-06
5.335990116828623919e-06
5.317049197777028779e-06
5.298500490050564527e-06
5.280199821821468599e-06
5.262133622386782535e-06
5.244420475110088001e-06
5.226942663623961053e-06
5.209647647056595990e-06
5.192653424415401778e-06
5.175898567439727263e-06
5.159298516400832937e-06
5.142951906177161557e-06
5.126854425062352793e-06
5.110904287508981720e-06
5.095141314172874638e-06
5.079611690573768562e-06
5.064219249281192482e-06
5.048953230892676404e-06
5.033887339605737098e-06
5.018969652996799553e-06
5.004149920728525316e-06
4.989481632688604446e-06
4.974965416074949419e-06
4.960535381419233559e-06
4.946197679792049410e-06
4.931987145144678965e-06
4.917858780559078949e-06
4.903786112379455491e-06
4.889801783453617881e-06
4.875903485827865460e-06
4.862054334827569132e-06
4.848254983279656070e-06
4.834521974475690662e-06
4.820832920232717704e-06
4.807169156174492844e-06
4.793531667601080548e-06
4.779918349727425260e-06
4.766313428734135747e-06
4.752712784980927720e-06
4.739114723334983971e-06
4.725517830950091865e-06
4.711919678318918240e-06
4.698313689736652249e-06
4.684684817250142059e-06
4.671034844019087484e-06
4.657366182173263145e-06
4.643660414157420946e-06
4.629899586888692893e-06
4.616097250629099548e-06
4.602261080708061336e-06
4.588366650003706532e-06
4.574404919520998467e-06
4.560399274296655614e-06
4.546357006548790423e-06
4.532238952739911491e-06
4.518037361795354712e-06
4.503778370024796118e-06
4.489467877956816260e-06
4.475059139315368840e-06
4.460547409756769126e-06
4.445967933514221751e-06
4.431329125173960998e-06
4.416588181609560058e-06
4.401741037395078431e-06
4.386827444874998693e-06
4.371858481238223856e-06
4.356784793442958999e-06
4.341593721552662376e-06
4.326322839356120529e-06
4.310988129874616073e-06
4.295547289986456807e-06
4.279977294818077660e-06
4.264317168819415016e-06
4.248591767841964050e-06
4.232777455678665251e-06
4.216840415612459642e-06
4.200809675726046281e-06
4.184720071188232320e-06
4.168560781769925977e-06
4.152282040025747370e-06
4.135896261137832973e-06
4.119442389545896883e-06
4.102925551860948185e-06
4.086301872942852878e-06
4.069565690558640060e-06
4.052756549262227223e-06
4.035892523151232502e-06
4.018954602126137860e-06
4.001917849357743958e-06
3.984803721292425207e-06
3.967643455105808508e-06
3.950435593092308119e-06
3.933144235877698223e-06
3.915770165143623688e-06
3.898342713619194479e-06
3.880872865343406333e-06
3.863347137280872021e-06
3.845748579307392085e-06
3.828092113392842351e-06
3.810402716971487584e-06
3.792682472232254811e-06
3.774918408111542300e-06
3.757109569078258515e-06
3.739273239958453297e-06
3.721419584638088084e-06
3.703546664472198913e-06
3.685645529497721013e-06
3.667718751263652973e-06
3.649777453237898131e-06
3.631824618452639844e-06
3.613863039676302129e-06
3.595895919174032102e-06
3.577925673477634611e-06
3.559958601455973370e-06
3.541995080571153972e-06
3.524047773567971619e-06
3.506123969244558532e-06
3.488221141009883862e-06
3.470336211840414448e-06
3.452468630513535646e-06
3.434638571498879490e-06
3.416852581076518090e-06
3.399102572331016455e-06
3.381378820508108564e-06
3.363681116575817848e-06
3.346043129959797052e-06
3.328474325403318885e-06
3.310962502622265416e-06
3.293493154587534073e-06
3.276064714547364518e-06
3.258718095848211512e-06
3.241466614320650278e-06
3.224293665389605068e-06
3.207174969472452231e-06
3.190106868479023910e-06
3.173131304721404201e-06
3.156271566362847469e-06
3.139511333378662795e-06
3.122817110973947288e-06
3.106182437193299838e-06
3.089642348381782225e-06
3.073243104747954808e-06
3.056971327177378420e-06
3.040785898353829434e-06
3.024674362837220057e-06
3.008652561148753237e-06
2.992787160964040776e-06
2.977073460085216299e-06
2.961468763116585424e-06
2.945946092169400605e-06
2.930504303173708863e-06
2.915214622058378729e-06
2.900094267422156183e-06
2.885116236784047307e-06
2.870231609423977107e-06
2.855432122224853434e-06
2.840756418259521642e-06
2.826271478418250923e-06
2.811964063165095307e-06
2.797779532583704379e-06
2.783693030201369848e-06
2.769704932435637121e-06
2.755896222825032333e-06
2.742282192037796066e-06
2.728833169553330591e-06
2.715489544073058986e-06
2.702241529486867256e-06
2.689116125462583493e-06
2.676191580256064252e-06
2.663459873328425608e-06
2.650870219128467760e-06
2.638382820547372123e-06
2.625991432318383781e-06
2.613760568728970077e-06
2.601740682870914606e-06
2.589915215842683221e-06
2.578220678752702685e-06
2.566632715117752723e-06
2.555148837651164119e-06
2.543848808482658559e-06
2.532754885062093289e-06
2.521845028681465121e-06
2.511051165752422510e-06
2.500356993019155202e-06
2.489765631184652567e-06
2.479360247800400644e-06
2.469151660389898574e-06
2.459115224751807438e-06
2.449187716217503346e-06
2.439357011898132232e-06
2.429628723223661702e-06
2.420088915717696147e-06
2.410746057309894364e-06
2.401575964840305877e-06
2.392517031659413894e-06
2.383557030338913251e-06
2.374698155790367376e-06
2.366015398074561388e-06
2.357519046178293802e-06
2.349188865455154471e-06
2.340961860791257353e-06
2.332823394304123240e-06
2.324771157604676538e-06
2.316870605737527037e-06
2.309142205746973522e-06
2.301572571132110290e-06
2.294107201813086783e-06
2.286725810345218744e-06
2.279423168644813482e-06
2.272244719172971475e-06
2.265230840226102308e-06
2.258372447079723960e-06
2.251628855945338243e-06
2.244966184807608056e-06
2.238379746603112911e-06
2.231884531329146915e-06
2.225534534962711211e-06
2.219325857876602617e-06
2.213238235212270415e-06
2.207224237882791242e-06
2.201276494774693438e-06
2.195393519419862877e-06
2.189620968657848568e-06
2.183972571456665846e-06
2.178440652336461233e-06
2.172987839443305096e-06
2.167593992273586584e-06
2.162255747196791712e-06
2.156986115949858495e-06
2.151824547117193875e-06
2.146767386734696889e-06
2.141801360387807508e-06
2.136891058884500807e-06
2.132030364215744067e-06
2.127216693599695972e-06
2.122475293382236809e-06
2.117821276260328764e-06
2.113249947774429062e-06
2.108741284428533523e-06
2.104272072241347461e-06
2.099840125037774670e-06
2.095445776095125522e-06
2.091112390983437892e-06
2.086843780980312805e-06
2.082636078783187819e-06
2.078468859296562639e-06
2.074330364795279463e-06
2.070219110094987300e-06
2.066136911168256493e-06
2.062099649113572738e-06
2.058107332205092677e-06
2.054156850171884717e-06
2.050231962813134668e-06
2.046326108810378070e-06
2.042438334098906828e-06
2.038569460493972697e-06
2.034726025791088158e-06
2.030907577951808558e-06
2.027112162286502441e-06
2.023329167254498033e-06
2.019554598119158853e-06
2.015788009002680281e-06
2.012028991143733223e-06
2.008277226987632876e-06
2.004532311793915547e-06
2.000793764460742096e-06
1.997057343384909414e-06
1.993321021190008928e-06
1.989584792874649898e-06
1.985847912330368956e-06
1.982103707047500808e-06
1.978350861729059816e-06
1.974589795040392512e-06
1.970820804790829260e-06
1.967044275452859984e-06
1.963260554121104711e-06
1.959469846821589487e-06
1.955661044667405534e-06
1.951828277974677078e-06
1.947972592392702604e-06
1.944096374246059180e-06
1.940204243559067059e-06
1.936297331219474866e-06
1.932376302942324288e-06
1.928435124795411341e-06
1.924459190295768171e-06
1.920449518590218189e-06
1.916408093122789718e-06
1.912343623035085637e-06
1.908260275571319495e-06
1.904158835943908299e-06
1.900039230758633014e-06
1.895883290231612772e-06
1.891685637464275192e-06
1.887448334889859061e-06
1.883176624294339649e-06
1.878881338472711919e-06
1.874564223793121992e-06
1.870226248254308759e-06
1.865861522526653080e-06
1.861449804016712290e-06
1.856991755102048856e-06
1.852489434422210400e-06
1.847953604185717663e-06
1.843392786328033718e-06
1.838808078632487921e-06
1.834200674680650116e-06
1.829558646670769988e-06
1.824868409513542690e-06
1.820132367568740210e-06
1.815353119764684720e-06
1.810544909252271854e-06
1.805713504124447979e-06
1.800860035454631344e-06
1.795985210122309618e-06
1.791074136672138304e-06
1.786118655060601343e-06
1.781120674582801244e-06
1.776083440560094704e-06
1.771020642459115560e-06
1.765936494806642324e-06
1.760831834800383886e-06
1.755707444153833553e-06
1.750549767236475946e-06
1.745352664644580926e-06
1.740117758548394661e-06
1.734847954099317356e-06
1.729555737985668079e-06
1.724245089889427923e-06
1.718916834080380719e-06
1.713571638826186643e-06
1.708201443894642608e-06
1.702801107067818666e-06
1.697371937499678708e-06
1.691915635748116566e-06
1.686442170772248556e-06
1.680956063055962882e-06
1.675457886119338899e-06
1.669948183704504481e-06
1.664423925670183659e-06
1.658880288097842656e-06
1.653318097196293125e-06
1.647738198972725421e-06
1.642145552732200885e-06
1.636545308024566655e-06
1.630937802729740734e-06
1.625323355358708122e-06
1.619701986765419982e-06
1.614072672642081154e-06
1.608435606462197627e-06
1.602791151456028259e-06
1.597140552874999709e-06
1.591487943178562296e-06
1.585833863360730200e-06
1.580178376027741432e-06
1.574521577462339325e-06
1.568868118708207100e-06
1.563220940269697897e-06
1.557579838267505971e-06
1.551944588258398497e-06
1.546315544947756151e-06
1.540692914018386805e-06
1.535076446112430737e-06
1.529465871670800438e-06
1.523862783322451598e-06
1.518277176826622987e-06
1.512709931662875344e-06
1.507160434159734734e-06
1.501627450063989099e-06
1.496107053132118953e-06
1.490597996024592017e-06
1.485099790190083785e-06
1.479611990866840248e-06
1.474140792922817149e-06
1.468699013646342184e-06
1.463285917911072960e-06
1.457900432110710942e-06
1.452539719166844575e-06
1.447197034553542731e-06
1.441871116197982045e-06
1.436561379548664870e-06
1.431267027104420203e-06
1.426000135327718051e-06
1.420775323066852045e-06
1.415590765764742328e-06
1.410444903161797289e-06
1.405333324706469192e-06
1.400246100927131873e-06
1.395181886407493935e-06
1.390139822331532794e-06
1.385118974865583487e-06
1.380132707217145668e-06
1.375196555694861655e-06
1.370308406773312316e-06
1.365466507974025254e-06
1.360665222516522597e-06
1.355891242843538730e-06
1.351142709599000413e-06
1.346418510163965624e-06
1.341717681139592596e-06
1.337051268932421193e-06
1.332439583298999939e-06
1.327881376647550142e-06
1.323374100790072490e-06
1.318914088077801725e-06
1.314485847404347572e-06
1.310085723506091330e-06
1.305712841627713399e-06
1.301365915638113823e-06
1.297049983371794923e-06
1.292791277432695715e-06
1.288591388666089907e-06
1.284447662218474394e-06
1.280358138080511997e-06
1.276307999666947462e-06
1.272288886426319307e-06
1.268299374962788947e-06
1.264338464690735349e-06
1.260405341393808734e-06
1.256521879203543517e-06
1.252698657667160617e-06
1.248933555088761091e-06
1.245224130232315967e-06
1.241563624496239412e-06
1.237934702644670984e-06
1.234335164515290013e-06
1.230763761949822171e-06
1.227219551553802806e-06
1.223707678703239507e-06
1.220252208591634779e-06
1.216853776132185401e-06
1.213510220384261919e-06
1.210219268150466600e-06
1.206967844246858516e-06
1.203744979855454586e-06
1.200549886659970271e-06
1.197381248487587865e-06
1.194238334734951506e-06
1.191133107299428735e-06
1.188082923514614335e-06
1.185085807575361916e-06
1.182139904186612997e-06
1.179242282948101060e-06
1.176377704131130533e-06
1.173539554908994025e-06
1.170726949015194605e-06
1.167939033759621371e-06
1.165174792797266495e-06
1.162448782895854244e-06
1.159771841139754424e-06
1.157142000470452263e-06
1.154557519791395889e-06
1.152015667172133315e-06
1.149501354653807796e-06
1.147009838116351298e-06
1.144540408913026609e-06
1.142092153523712907e-06
1.139664305021740452e-06
1.137268813675900264e-06
1.134914379343805901e-06
1.132599454402242072e-06
1.130322683922737381e-06
1.128081850325432667e-06
1.125864742283272058e-06
1.123666290303049798e-06
1.121485915725907048e-06
1.119322972820342226e-06
1.117176838226857360e-06
1.115054057610578639e-06
1.112963783493691029e-06
1.110905014978695965e-06
1.108876515247396220e-06
1.106877381653202320e-06
1.104899084410349836e-06
1.102935293718703935e-06
1.100985445252558498e-06
1.099049182803727205e-06
1.097125908219904375e-06
1.095217345792169393e-06
1.093331594408767958e-06
1.091468999755873714e-06
1.089628544435955691e-06
1.087809453513647634e-06
1.086008833805108440e-06
1.084218729222868767e-06
1.082438308924846741e-06
1.080667260506148470e-06
1.078905212620584208e-06
1.077151999132975152e-06
1.075411483544908099e-06
1.073685864681069288e-06
1.071974558610667027e-06
1.070277117315952233e-06
1.068592926140351865e-06
1.066917334083550792e-06
1.065247521427755338e-06
1.063583284386833382e-06
1.061924443665763442e-06
1.060270841649671131e-06
1.058622501210648312e-06
1.056980756417116579e-06
1.055345614874415360e-06
1.053716820783168563e-06
1.052094186564541885e-06
1.050477068887694525e-06
1.048862321200563252e-06
1.047249231675463327e-06
1.045637745976586435e-06
1.044027806604964425e-06
1.042419359878020791e-06
1.040811527052774647e-06
1.039202074462686501e-06
1.037590896499010862e-06
1.035978033224373259e-06
1.034363529117829002e-06
1.032747236641315867e-06
1.031128353872659086e-06
1.029506854019698315e-06
1.027882822885854674e-06
1.026256345211184116e-06
1.024627499662685773e-06
1.022994527317321770e-06
1.021353316896717076e-06
1.019703940632283894e-06
1.018046653569030774e-06
1.016381706079563122e-06
1.014709602321618090e-06
1.013031936326499114e-06
1.011349085010992823e-06
1.009661215200779277e-06
1.007968491764214801e-06
1.006271077559138320e-06
1.004567440866902785e-06
1.002851829763234946e-06
1.001124072437327036e-06
9.993845485572981014e-07
9.976336335389923864e-07
9.958718653282913079e-07
9.941022005726407278e-07
9.923257158953011328e-07
9.905426253814782490e-07
9.887531407753481433e-07
9.869574714121251801e-07
9.851552875867757397e-07
9.833402818909891692e-07
9.815109532541421459e-07
9.796677422858331724e-07
9.778110748876112489e-07
9.759413258114161960e-07
9.740611373126606894e-07
9.721733767571133790e-07
9.702782918153445693e-07
9.683761106746421190e-07
9.664670486148670231e-07
9.645513351751717240e-07
9.626262386444857667e-07
9.606872433148315186e-07
9.587348083485395327e-07
9.567693382560193524e-07
9.547912226253316828e-07
9.528013171181484120e-07
9.508038057717888955e-07
9.487997927921251075e-07
9.467895230148774851e-07
9.447732009766493400e-07
9.427510167028449383e-07
9.407229896245694966e-07
9.386853294332002241e-07
9.366365740548330629e-07
9.345771255075678127e-07
9.325072690927687125e-07
9.304273790102795082e-07
9.283387154215090161e-07
9.262448068227864482e-07
9.241460715218410260e-07
9.220426314697331105e-07
9.199346413787245838e-07
9.178222523290000497e-07
9.157053040073769661e-07
9.135815661013969063e-07
9.114507184673341592e-07
9.093129509649133463e-07
9.071684835931548250e-07
9.050175493599803633e-07
9.028613345828052491e-07
9.007022910640556600e-07
8.985405861740538417e-07
8.963763272240815082e-07
8.942095710475083214e-07
8.920404140968231240e-07
8.898689451807197184e-07
8.876955382224009958e-07
8.855203435160049850e-07
8.833434195474626281e-07
8.811648273112776438e-07
8.789846329873200470e-07
8.768032959486621882e-07
8.746222044450351675e-07
8.724414439918689000e-07
8.702610039983716332e-07
8.680808783621792018e-07
8.659010551707896422e-07
8.637215918447358554e-07
8.615447048625647667e-07
8.593712887464646315e-07
8.572012509663868851e-07
8.550345469678902822e-07
8.528710387288195400e-07
8.507106232799532390e-07
8.485530749169959020e-07
8.463982392758161886e-07
8.442460497511641376e-07
8.420964244009030248e-07
8.399493021620888698e-07
8.378045881755019093e-07
8.356643417627206945e-07
8.335322413388074644e-07
8.314080945212346673e-07
8.292917738849068170e-07
8.271829634636646981e-07
8.250815096228417442e-07
8.229863514348673879e-07
8.208962615842376283e-07
8.188111053337603588e-07
8.167307243484137821e-07
8.146549797757809209e-07
8.125837510464815573e-07
8.105172291386626166e-07
8.084614721852758251e-07
8.064184998825126151e-07
8.043879331489089592e-07
8.023695348401423950e-07
8.003628129012213353e-07
7.983674490097103118e-07
7.963806008254291015e-07
7.944011116256159671e-07
7.924289135117710435e-07
7.904636662976750215e-07
7.885052109491651091e-07
7.865533647827492206e-07
7.846092245566774382e-07
7.826799329782602507e-07
7.807661360915543968e-07
7.788675109093445613e-07
7.769835330775788124e-07
7.751139465126168000e-07
7.732576895533575302e-07
7.714107381312603819e-07
7.695719048084549903e-07
7.677409887673209018e-07
7.659178062958986260e-07
7.641020528004627039e-07
7.622936667886234504e-07
7.604939395085764725e-07
7.587106443602332682e-07
7.569442221690163352e-07
7.551943332408325065e-07
7.534604327607019766e-07
7.517421699551712217e-07
7.500385310049152558e-07
7.483452015952204908e-07
7.466606091077763954e-07
7.449846928231955522e-07
7.433170547029083545e-07
7.416575780130691765e-07
7.400059587699856878e-07
7.383629194126325796e-07
7.367363409312157166e-07
7.351277999640639977e-07
7.335367234800054850e-07
7.319626917599846603e-07
7.304051639909135805e-07
7.288636937649144057e-07
7.273340505601772616e-07
7.258136908107922230e-07
7.243022872925157660e-07
7.227996774875079930e-07
7.213055389015267643e-07
7.198197233702136934e-07
7.183419318914466192e-07
7.168773776453735256e-07
7.154301625132165216e-07
7.139997945853348736e-07
7.125858260896194771e-07
7.111878126083811050e-07
7.098052559051511277e-07
7.084363491913986357e-07
7.070761174235125021e-07
7.057240895661319458e-07
7.043799404529646914e-07
7.030435959420310196e-07
7.017146879355125366e-07
7.003931812512181519e-07
6.990797535666664590e-07
6.977806216464619194e-07
6.964964826847786710e-07
6.952269620706231753e-07
6.939715960759878871e-07
6.927301158780263362e-07
6.915019799421479150e-07
6.902840543133633854e-07
6.890732283316142182e-07
6.878694228284577785e-07
6.866723615056430234e-07
6.854819065465048633e-07
6.842978904763665936e-07
6.831200868751898968e-07
6.819502228213007744e-07
6.807927154153363046e-07
6.796476276157307974e-07
6.785145734363464527e-07
6.773932640755400801e-07
6.762832576892473594e-07
6.751844295500033351e-07
6.740932135464396732e-07
6.730077201560823414e-07
6.719278328158475559e-07
6.708533522966404523e-07
6.697842313457116285e-07
6.687202332386975573e-07
6.676612459604037553e-07
6.666084295873342110e-07
6.655646363804578392e-07
6.645299016547804965e-07
6.635038917040543268e-07
6.624864213018249299e-07
6.614772342109695859e-07
6.604761111236468223e-07
6.594806193492042568e-07
6.584889114735473573e-07
6.575009270337702828e-07
6.565165382429250722e-07
6.555356375132585634e-07
6.545582106545969858e-07
6.535840889130745836e-07
6.526135689082792438e-07
6.516483851837771452e-07
6.506886550844634818e-07
6.497342088842479750e-07
6.487849021758715793e-07
6.478406112364504143e-07
6.469012199741898283e-07
6.459658014099542799e-07
6.450324979456027054e-07
6.441012121989430052e-07
6.431718787747964865e-07
6.422444447451235939e-07
6.413188881483928842e-07
6.403951339706889222e-07
6.394731428569975061e-07
6.385533041439799622e-07
6.376357989723425661e-07
6.367205576929377576e-07
6.358075324758478841e-07
6.348966542922923159e-07
6.339878814316582246e-07
6.330810866838270861e-07
6.321752626106813259e-07
6.312700065832409828e-07
6.303653008671772402e-07
6.294611320205854450e-07
6.285574823353948017e-07
6.276543517143659282e-07
6.267517139746939852e-07
6.258494537809847427e-07
6.249469886977982626e-07
6.240442153489984971e-07
6.231411272053166756e-07
6.222377497146718524e-07
6.213340723191371529e-07
6.204301094441918887e-07
6.195257986992526376e-07
6.186208678237050098e-07
6.177152842257540739e-07
6.168090681045945231e-07
6.159022233221883772e-07
6.149947741011368288e-07
6.140867337620494129e-07
6.131781227804229702e-07
6.122686404143296660e-07
6.113572676248580866e-07
6.104439518673357887e-07
6.095287579635001596e-07
6.086117089192742666e-07
6.076928664586266025e-07
6.067722708218902056e-07
6.058500046035865760e-07
6.049264797036406888e-07
6.040017538156688674e-07
6.030758654015737740e-07
6.021488299549432665e-07
6.012206740427963292e-07
6.002914385363361394e-07
5.993611426686316107e-07
5.984295657374556328e-07
5.974955612130715494e-07
5.965590606731743206e-07
5.956200778334296483e-07
5.946787146347609542e-07
5.937350036947129712e-07
5.927890133791783447e-07
5.918408555220865073e-07
5.908911875116370536e-07
5.899401853145202045e-07
5.889879053902252788e-07
5.880343789688570420e-07
5.870796245799388414e-07
5.861236856244224550e-07
5.851665742907731805e-07
5.842082929598312260e-07
5.832479559458254487e-07
5.822852517999927473e-07
5.813202494176213593e-07
5.803529809812198959e-07
5.793835049614727060e-07
5.784118844326882068e-07
5.774381690354016790e-07
5.764628054478638789e-07
5.754863143993339442e-07
5.745087463822928935e-07
5.735301262818910908e-07
5.725504703816593207e-07
5.715698088505394723e-07
5.705881687735958799e-07
5.696055602605055824e-07
5.686219222027542264e-07
5.676370128393509737e-07
5.666508358825024188e-07
5.656634303280807941e-07
5.646748296027167036e-07
5.636850425114870407e-07
5.626941206183695023e-07
5.617021151622505405e-07
5.607095734214511781e-07
5.597167111454274762e-07
5.587235355595398815e-07
5.577300518559309540e-07
5.567362657779922958e-07
5.557421877842091135e-07
5.547478248437990902e-07
5.537531826506871042e-07
5.527585282025330307e-07
5.517642289271522022e-07
5.507702840374816040e-07
5.497766833569285948e-07
5.487834275707428289e-07
5.477905091779393384e-07
5.467979206068906080e-07
5.458056721747967484e-07
5.448139167360375748e-07
5.438226887182672286e-07
5.428319778356258180e-07
5.418417761788584948e-07
5.408520670470166378e-07
5.398628390193856128e-07
5.388740807801134641e-07
5.378857811212602336e-07
5.368985851334623748e-07
5.359134992304359216e-07
5.349304975888566060e-07
5.339495365075842797e-07
5.329705763722432522e-07
5.319935737115780111e-07
5.310184823917696777e-07
5.300452513519781255e-07
5.290736013603384022e-07
5.281033890836292395e-07
5.271345789058092710e-07
5.261671398231009351e-07
5.252010410912575650e-07
5.242362522328478725e-07
5.232727430374253541e-07
5.223104835664410825e-07
5.213499407615456050e-07
5.203931224633490044e-07
5.194401798047213342e-07
5.184910298499562232e-07
5.175455917589068119e-07
5.166037853329689948e-07
5.156655319215760812e-07
5.147307567247731581e-07
5.137990504006747512e-07
5.128697139739658410e-07
5.119426792059781309e-07
5.110178963909548036e-07
5.100953162181952082e-07
5.091748897759512122e-07
5.082565685597281240e-07
5.073403044770280776e-07
5.064260674253165670e-07
5.055156330314599987e-07
5.046103813066082145e-07
5.037102148943189163e-07
5.028150293330680379e-07
5.019247035333971320e-07
5.010391319121411037e-07
5.001582097372335633e-07
4.992818057529572241e-07
4.984088122358816882e-07
4.975386023123386924e-07
4.966711175265516675e-07
4.958062998526979686e-07
4.949440917047344568e-07
4.940844359401244444e-07
4.932272758710185298e-07
4.923725552727249270e-07
4.915203265443958190e-07
4.906730433002608577e-07
4.898314943221338884e-07
4.889955387023571904e-07
4.881650593723377170e-07
4.873399401259313685e-07
4.865200656329955193e-07
4.857053214583625558e-07
4.848955312333404204e-07
4.840892684045211053e-07
4.832859539428923728e-07
4.824855165247225257e-07
4.816878960565814948e-07
4.808930328714355964e-07
4.801008677364402355e-07
4.793113418614102356e-07
4.785243969066125412e-07
4.777400471132120945e-07
4.769606362376369809e-07
4.761869900246942044e-07
4.754189913918993781e-07
4.746565240446781626e-07
4.738994811359228990e-07
4.731477546252259123e-07
4.724012134061171210e-07
4.716597324531453786e-07
4.709220207373272049e-07
4.701871869723096098e-07
4.694551747014831862e-07
4.687259559193975992e-07
4.679994392611828062e-07
4.672755680843903717e-07
4.665542861365458290e-07
4.658355375666683284e-07
4.651192669298446151e-07
4.644066484905499507e-07
4.636991267603072645e-07
4.629966191581475836e-07
4.622990829553244773e-07
4.616063504637089381e-07
4.609183201667410507e-07
4.602348926083532473e-07
4.595559822236488887e-07
4.588810444243141856e-07
4.582085732452306330e-07
4.575384157293580220e-07
4.568705274806502687e-07
4.562048979379617734e-07
4.555414421662495963e-07
4.548801152808990492e-07
4.542208726873195252e-07
4.535636700872125420e-07
4.529086140651055450e-07
4.522571942431245419e-07
4.516098160171673193e-07
4.509663481338882825e-07
4.503267052643741715e-07
4.496908266531539652e-07
4.490586275113826106e-07
4.484300201482801773e-07
4.478049614490226171e-07
4.471825972466123807e-07
4.465620253513496207e-07
4.459432075379925742e-07
4.453261156494720617e-07
4.447107231860235150e-07
4.440969818117117992e-07
4.434848581114259581e-07
4.428743220131246721e-07
4.422653655447032481e-07
4.416581442273400328e-07
4.410537636096236284e-07
4.404523193847624380e-07
4.398537852910081516e-07
4.392581052474951776e-07
4.386651877014815660e-07
4.380749925957628016e-07
4.374874551658609241e-07
4.369025241410410428e-07
4.363195352170795487e-07
4.357378410068642619e-07
4.351574048443717748e-07
4.345782132990476758e-07
4.340002393420706180e-07
4.334234512302032767e-07
4.328478328681255882e-07
4.322733770220067763e-07
4.317000350062565053e-07
4.311278541527370546e-07
4.305573739629905518e-07
4.299887142413570567e-07
4.294218115989401152e-07
4.288566332970692831e-07
4.282931623998289998e-07
4.277313441273962807e-07
4.271711658779537497e-07
4.266125629873121475e-07
4.260552589207288324e-07
4.254986286417500039e-07
4.249426303511631873e-07
4.243872696614086912e-07
4.238325220136132429e-07
4.232783703603917459e-07
4.227248132131684987e-07
4.221718288562210195e-07
4.216194072247650157e-07
4.210675529739241589e-07
4.205163886049914127e-07
4.199660314250843018e-07
4.194164818536535416e-07
4.188677100768334546e-07
4.183197004409469559e-07
4.177724470799520724e-07
4.172259287590716298e-07
4.166801295498510549e-07
4.161350153483721990e-07
4.155902767704300665e-07
4.150457762160305959e-07
4.145015180321468724e-07
4.139574906289964853e-07
4.134136902482942477e-07
4.128701129970767339e-07
4.123267520760410699e-07
4.117836118560466699e-07
4.112406793104044316e-07
4.106979570984589962e-07
4.101555013009065486e-07
4.096133210174220413e-07
4.090714159879663594e-07
4.085297756271687611e-07
4.079883959089122415e-07
4.074472722775147970e-07
4.069063970190473771e-07
4.063657647036899767e-07
4.058253603714854945e-07
4.052850493169208562e-07
4.047448064917071521e-07
4.042046297511569599e-07
4.036645197276650780e-07
4.031244739809295853e-07
4.025844911163954374e-07
4.020445698255661374e-07
4.015047092444680792e-07
4.009649090136204800e-07
4.004251675378908933e-07
3.998854963464141710e-07
3.993458960050083218e-07
3.988063666915502646e-07
3.982669054873338697e-07
3.977275116678071541e-07
3.971881833720387327e-07
3.966489188544631078e-07
3.961097185357168409e-07
3.955705766227721992e-07
3.950314583357787421e-07
3.944923532379353067e-07
3.939532614330881323e-07
3.934141824064105936e-07
3.928751159712166291e-07
3.923360616987381607e-07
3.917970198623974239e-07
3.912579897500091167e-07
3.907189713244731959e-07
3.901799676598416337e-07
3.896411236014589161e-07
3.891025189399980810e-07
3.885641539405804408e-07
3.880260203763137921e-07
3.874881162319373468e-07
3.869504367140917092e-07
3.864129800572212983e-07
3.858757398828292611e-07
3.853387104781865879e-07
3.848018922429234234e-07
3.842652681174573966e-07
3.837288352688021122e-07
3.831925964723457252e-07
3.826565418936969047e-07
3.821206709465394447e-07
3.815849778280200301e-07
3.810494641886670619e-07
3.805141213262334466e-07
3.799789461658201792e-07
3.794440486616211756e-07
3.789098526531684290e-07
3.783763940380570573e-07
3.778436553130288319e-07
3.773116305129389249e-07
3.767803050996526430e-07
3.762496646319358617e-07
3.757196939778837915e-07
3.751903926350364882e-07
3.746617314908715546e-07
3.741336101919747186e-07
3.736059842911391060e-07
3.730788453029580579e-07
3.725521832014413906e-07
3.720259865348730640e-07
3.715002562436290560e-07
3.709749741205667590e-07
3.704501281207082562e-07
3.699257300303476022e-07
3.694017511601400603e-07
3.688784341086226470e-07
3.683563460690468213e-07
3.678354611250843093e-07
3.673158127843420649e-07
3.667973286858118435e-07
3.662800031465801956e-07
3.657638312645286421e-07
3.652487663586550203e-07
3.647348091177665230e-07
3.642219150165598382e-07
3.637098288397727934e-07
3.631984538316788568e-07
3.626877731217534112e-07
3.621777719872085807e-07
3.616684500885535600e-07
3.611597833437946257e-07
3.606517592141336530e-07
3.601443791786595745e-07
3.596376178143561046e-07
3.591314644545373386e-07
3.586261229739350434e-07
3.581223540767455220e-07
3.576202414232271287e-07
3.571197281481617626e-07
3.566207846357200495e-07
3.561234160722847253e-07
3.556275582485232234e-07
3.551332147043556370e-07
3.546403359850857143e-07
3.541488816423491251e-07
3.536586453970263784e-07
3.531693063315424623e-07
3.526808594053737142e-07
3.521933100136117885e-07
3.517066217270636895e-07
3.512207896046474229e-07
3.507357943230003628e-07
3.502516127388106981e-07
3.497682548718005684e-07
3.492856806415567557e-07
3.488038905766278192e-07
3.483236794729309362e-07
3.478454064192420734e-07
3.473690757217073281e-07
3.468946547266983638e-07
3.464221125273381880e-07
3.459513783997638368e-07
3.454824637607935929e-07
3.450153196373541385e-07
3.445498843618893749e-07
3.440861599540646617e-07
3.436235833802379371e-07
3.431620401073245789e-07
3.427015247300685376e-07
3.422419965968175754e-07
3.417834772396574313e-07
3.413259108069296294e-07
3.408692848946836901e-07
3.404136078732991980e-07
3.399588376404952901e-07
3.395049737615746580e-07
3.390520695748796166e-07
3.386010006083927987e-07
3.381519718330760116e-07
3.377049228226152377e-07
3.372598252576497317e-07
3.368166520676841257e-07
3.363753821768446261e-07
3.359359469220994297e-07
3.354983709803982019e-07
3.350625576337920803e-07
3.346284443859879308e-07
3.341954493255203964e-07
3.337634435036511253e-07
3.333324428759397451e-07
3.329023978994291708e-07
3.324733247304258383e-07
3.320451747765130362e-07
3.316179412058618251e-07
3.311916198986733561e-07
3.307661693006970830e-07
3.303416182454427502e-07
3.299179399988564764e-07
3.294959111819000832e-07
3.290757190144353087e-07
3.286573796327786114e-07
3.282408343522851197e-07
3.278260659304133463e-07
3.274130136633613329e-07
3.270016872616840875e-07
3.265920279050421136e-07
3.261840229052206744e-07
3.257776180549910577e-07
3.253723143921468046e-07
3.249679169313975231e-07
3.245643710796062901e-07
3.241617094443228498e-07
3.237598714266078698e-07
3.233588713187870825e-07
3.229586807981116106e-07
3.225592851756748962e-07
3.221606853212103694e-07
3.217628379537061177e-07
3.213657799514520054e-07
3.209697678053418235e-07
3.205753160562119966e-07
3.201823794487862190e-07
3.197909504273611945e-07
3.194009981479097752e-07
3.190125027444600294e-07
3.186254354217881019e-07
3.182397794084722307e-07
3.178554800924019546e-07
3.174725584915140136e-07
3.170908235827687363e-07
3.167098539523670839e-07
3.163295594968404789e-07
3.159499644277786858e-07
3.155710290413593349e-07
3.151927632466820630e-07
3.148151421743513189e-07
3.144381609666331501e-07
3.140618099914076936e-07
3.136860692903764264e-07
3.133109447465219804e-07
3.129364098995515230e-07
3.125628379394761201e-07
3.121904094059474681e-07
3.118191196246989509e-07
3.114489422757063919e-07
3.110798558118068657e-07
3.107118546705350076e-07
3.103448978790436864e-07
3.099789989402239276e-07
3.096141032080839521e-07
3.092502345062724346e-07
3.088872036452372211e-07
3.085246918646268099e-07
3.081626621992457564e-07
3.078011183518138863e-07
3.074400426911709959e-07
3.070794353619903126e-07
3.067192828856059532e-07
3.063595810590404336e-07
3.060003212942267015e-07
3.056414943610467307e-07
3.052830971962905707e-07
3.049251176526587250e-07
3.045677779121448626e-07
3.042112606089437519e-07
3.038555439953150655e-07
3.035006220170061098e-07
3.031464792803789143e-07
3.027931011556498208e-07
3.024404762737732047e-07
3.020885900103864183e-07
3.017374299737362565e-07
3.013869838750687207e-07
3.010371947814030742e-07
3.006878034472943815e-07
3.003387607200983399e-07
2.999900627202346444e-07
2.996417036778842648e-07
2.992936773780276539e-07
2.989459800349357573e-07
2.985986040237873904e-07
2.982515466644009015e-07
2.979047997600384600e-07
2.975583609437511982e-07
2.972122222009133690e-07
2.968664484913287304e-07
2.965212610290016993e-07
2.961766817991806415e-07
2.958326918461152303e-07
2.954892847645423187e-07
2.951464543308026233e-07
2.948041821087158275e-07
2.944624736382162195e-07
2.941212994146051475e-07
2.937806770021272124e-07
2.934405720300488871e-07
2.931008871095712148e-07
2.927614711572908665e-07
2.924223283334948657e-07
2.920834471386945140e-07
2.917448278515636510e-07
2.914064646211374903e-07
2.910683526640515721e-07
2.907304907990337481e-07
2.903928701232595231e-07
2.900554932227204849e-07
2.897183479440184997e-07
2.893814398108248232e-07
2.890448687980994067e-07
2.887088126189450014e-07
2.883732589180308191e-07
2.880382020983325508e-07
2.877036410841183536e-07
2.873695617511138319e-07
2.870359549435704524e-07
2.867028194619201550e-07
2.863701354000416464e-07
2.860379131683086615e-07
2.857061254482145855e-07
2.853746895729013048e-07
2.850434943067834606e-07
2.847125485032188243e-07
2.843818373581043569e-07
2.840513638497773077e-07
2.837211218968799284e-07
2.833911064099300522e-07
2.830613188834326113e-07
2.827317472712238430e-07
2.824023995731911208e-07
2.820732596857134583e-07
2.817443377577702228e-07
2.814157210081745865e-07
2.810876368881427767e-07
2.807601037823555071e-07
2.804330942357644516e-07
2.801066062732581839e-07
2.797806350049154995e-07
2.794551613015137241e-07
2.791302015211225418e-07
2.788057250365552391e-07
2.784817312775892359e-07
2.781582151513542336e-07
2.778351145328963421e-07
2.775123226455810438e-07
2.771898141587186445e-07
2.768675969878320362e-07
2.765456559047934865e-07
2.762239904313681936e-07
2.759025994757306883e-07
2.755814693378006752e-07
2.752606128867191285e-07
2.749400088299412268e-07
2.746196653709810641e-07
2.742995689364744739e-07
2.739797346047937635e-07
2.736604609897811908e-07
2.733418136609348292e-07
2.730237922025309081e-07
2.727063968034577748e-07
2.723896118273178163e-07
2.720734227036196807e-07
2.717578283290182508e-07
2.714428026228608608e-07
2.711283690000180849e-07
2.708144891854427290e-07
2.705011606083897981e-07
2.701882644948501096e-07
2.698757017885556468e-07
2.695634893193734454e-07
2.692516002026471660e-07
2.689400365308870017e-07
2.686287974948376745e-07
2.683178666852687105e-07
2.680072614739788778e-07
2.676969547259287922e-07
2.673869508148578330e-07
2.670772451373113384e-07
2.667678243469299718e-07
2.664587567213455454e-07
2.661503689677726722e-07
2.658427205757069302e-07
2.655358024690208828e-07
2.652295953257071572e-07
2.649240888817593116e-07
2.646192890454015597e-07
2.643151759657391564e-07
2.640117213249360155e-07
2.637089503420428888e-07
2.634068229542648438e-07
2.631053361912267409e-07
2.628043484117403272e-07
2.625037489641647578e-07
2.622035500689831759e-07
2.619037280558598706e-07
2.616042762872752605e-07
2.613052097591006439e-07
2.610065022187356666e-07
2.607081578788139887e-07
2.604101685270123733e-07
2.601125187868029157e-07
2.598152316624146172e-07
2.595182732200135449e-07
2.592216667540221878e-07
2.589257866560525509e-07
2.586307273311453310e-07
2.583364975615075318e-07
2.580430828848986117e-07
2.577504598203794269e-07
2.574586174632478144e-07
2.571675588980589549e-07
2.568772691646863405e-07
2.565877113670524153e-07
2.562989184306830916e-07
2.560108426493275276e-07
2.557233989664782586e-07
2.554364281255416409e-07
2.551498799952115042e-07
2.548637541352001228e-07
2.545780601149469213e-07
2.542927759832542587e-07
2.540079018993643289e-07
2.537234317624376261e-07
2.534393527856647785e-07
2.531556756687659758e-07
2.528723776655184525e-07
2.525894487878791011e-07
2.523069116778856347e-07
2.520248612696355288e-07
2.517436282185333702e-07
2.514632180806070730e-07
2.511836298795664624e-07
2.509048453669337225e-07
2.506268374586609584e-07
2.503496196322282070e-07
2.500731725627481833e-07
2.497974636248834513e-07
2.495225221700196992e-07
2.492483031160141557e-07
2.489747923438440294e-07
2.487018670825210663e-07
2.484293367049087946e-07
2.481571962677229340e-07
2.478854696766049484e-07
2.476141217349641870e-07
2.473431485847349818e-07
2.470725687681461744e-07
2.468023526254920838e-07
2.465324971726756369e-07
2.462630132457893278e-07
2.459938790718512474e-07
2.457250924094428107e-07
2.454566544425466713e-07
2.451886911317383495e-07
2.449214854798734789e-07
2.446550339961598772e-07
2.443893312639912532e-07
2.441243682104588959e-07
2.438601137813020796e-07
2.435965871177713466e-07
2.433337699854496281e-07
2.430716289295848262e-07
2.428101833235145104e-07
2.425494094330366855e-07
2.422892943847752125e-07
2.420297254964124590e-07
2.417705289596675603e-07
2.415116985561328375e-07
2.412532255910150870e-07
2.409951118342743553e-07
2.407373454760690722e-07
2.404799191219710146e-07
2.402228416453279315e-07
2.399660942811413158e-07
2.397096707955874891e-07
2.394535839204186815e-07
2.391978111860530879e-07
2.389423473828992697e-07
2.386872480607331604e-07
2.384328060435880104e-07
2.381790531981985481e-07
2.379259944036439563e-07
2.376736272226716325e-07
2.374219192859174974e-07
2.371708861330480013e-07
2.369204935690042505e-07
2.366707562606699464e-07
2.364216507967320532e-07
2.361731600959241566e-07
2.359252973411282344e-07
2.356780188979502288e-07
2.354311369212486797e-07
2.351845938058375038e-07
2.349383962500532478e-07
2.346925272493706826e-07
2.344469756871600017e-07
2.342017688297505904e-07
2.339568703174061550e-07
2.337122816209147050e-07
2.334680119222827952e-07
2.332240430746765637e-07
2.329803753167898949e-07
2.327370036484178948e-07
2.324939268996386565e-07
2.322512284471239034e-07
2.320091118062940263e-07
2.317675818147235934e-07
2.315266433218456345e-07
2.312862596513029400e-07
2.310464560167252507e-07
2.308071912170747596e-07
2.305684821289747209e-07
2.303303190220494498e-07
2.300926792346100687e-07
2.298555551145609323e-07
2.296189657413191773e-07
2.293828480958029348e-07
2.291470251921719417e-07
2.289114751097217430e-07
2.286761825351130917e-07
2.284411480204420630e-07
2.282063596936948680e-07
2.279718351811189195e-07
2.277375499871990091e-07
2.275035055312235433e-07
2.272697048350672647e-07
2.270361403799575137e-07
2.268028083484862036e-07
2.265696993233410268e-07
2.263368284963967056e-07
2.261042324926802529e-07
2.258720927790056290e-07
2.256404325361235015e-07
2.254092287547226715e-07
2.251784987212209331e-07
2.249482106281758641e-07
2.247183767646802765e-07
2.244889725398430523e-07
2.242600113984487565e-07
2.240314810197255451e-07
2.238033693837676766e-07
2.235756618057343513e-07
2.233483809396911763e-07
2.231213724769027131e-07
2.228945858608522784e-07
2.226680103550584526e-07
2.224416602406661330e-07
2.222155147121744428e-07
2.219895777519934869e-07
2.217638441505318264e-07
2.215383201200985030e-07
2.213129916192589436e-07
2.210878579392159779e-07
2.208629214287919686e-07
2.206381776249703167e-07
2.204136211375721590e-07
2.201892508136162476e-07
2.199652314165962298e-07
2.197416503825045255e-07
2.195185050985833055e-07
2.192957776746496909e-07
2.190734777114833257e-07
2.188515824222038627e-07
2.186301073928951579e-07
2.184090322764705654e-07
2.181883555028698143e-07
2.179680648201001357e-07
2.177481659859526918e-07
2.175286523369886932e-07
2.173094928214885133e-07
2.170905709759794431e-07
2.168718701542311898e-07
2.166533890067508620e-07
2.164351168356817423e-07
2.162170536571174569e-07
2.159991964305485382e-07
2.157815506569457589e-07
2.155641013975278414e-07
2.153468509741815008e-07
2.151297938855971512e-07
2.149129380623748712e-07
2.146962675604746814e-07
2.144797849799489168e-07
2.142634929528677575e-07
2.140475466001017794e-07
2.138320181779659544e-07
2.136168873049840992e-07
2.134021528712042396e-07
2.131878149614990771e-07
2.129738564227738033e-07
2.127602911997318289e-07
2.125470996069886465e-07
2.123342814231298437e-07
2.121218260422864814e-07
2.119097283771786783e-07
2.116980007395997293e-07
2.114866053735642305e-07
2.112754393679572221e-07
2.110644625029438631e-07
2.108536854458876846e-07
2.106430980254476495e-07
2.104326962487104443e-07
2.102224787604233535e-07
2.100124418045034757e-07
2.098025933676244706e-07
2.095929167798391231e-07
2.093834184055835922e-07
2.091740870936691273e-07
2.089649348767069640e-07
2.087559477862767691e-07
2.085471264290235394e-07
2.083385674387010625e-07
2.081304085054277055e-07
2.079226396370946029e-07
2.077152672604795387e-07
2.075082775284572979e-07
2.073016624726501323e-07
2.070954293761861357e-07
2.068895569522803106e-07
2.066840514542380934e-07
2.064789100253561662e-07
2.062741223892614063e-07
2.060696839504612617e-07
2.058655876585922926e-07
2.056617799151036627e-07
2.054581861301046302e-07
2.052547878657208124e-07
2.050515901938160908e-07
2.048485846479573446e-07
2.046457736584515059e-07
2.044431595712410255e-07
2.042407283997790651e-07
2.040384859738545875e-07
2.038364220979014132e-07
2.036345433260910814e-07
2.034328453204290562e-07
2.032313196285429633e-07
2.030299689453528279e-07
2.028287906540350627e-07
2.026279580309338413e-07
2.024275501721551849e-07
2.022275782675125466e-07
2.020280180047886479e-07
2.018288680787057170e-07
2.016301348752145500e-07
2.014317950121400444e-07
2.012338553758600614e-07
2.010363126221191187e-07
2.008391602035219406e-07
2.006423856344640714e-07
2.004459888808947865e-07
2.002499587252179525e-07
2.000542430393319292e-07
1.998587567997635372e-07
1.996634880189636939e-07
1.994684423432540255e-07
1.992736097679895789e-07
1.990789897407354659e-07
1.988845915383659315e-07
1.986903969532301479e-07
1.984964081335730762e-07
1.983026219302956248e-07
1.981090313609663965e-07
1.979156500624770289e-07
1.977224604597408994e-07
1.975294614915951316e-07
1.973366531678653078e-07
1.971441564892408223e-07
1.969521009077670040e-07
1.967604699899882366e-07
1.965692698521600256e-07
1.963784930222659302e-07
1.961881218733809114e-07
1.959981686080310138e-07
1.958086182137430937e-07
1.956194614947886623e-07
1.954306960901480826e-07
1.952423271865429036e-07
1.950543464947392971e-07
1.948667330991221031e-07
1.946794780836531121e-07
1.944924497069263455e-07
1.943056305907056375e-07
1.941190340603439079e-07
1.939326424507996351e-07
1.937464521743800676e-07
1.935604685018324495e-07
1.933746814906839930e-07
1.931890882489948361e-07
1.930037022783007513e-07
1.928185047497369477e-07
1.926334942407962936e-07
1.924486741406270174e-07
1.922640350381848556e-07
1.920795792819533576e-07
1.918953246123599772e-07
1.917114489191985388e-07
1.915279926770913939e-07
1.913449437043495083e-07
1.911622935591037164e-07
1.909800558540205136e-07
1.907982109501327981e-07
1.906167508668655473e-07
1.904356780680681983e-07
1.902549926931623741e-07
1.900746835126934799e-07
1.898947450297565012e-07
1.897151702793689192e-07
1.895359596870800867e-07
1.893570602974065808e-07
1.891783736451399756e-07
1.889999020753756887e-07
1.888216295798686434e-07
1.886435537337329184e-07
1.884656776154250570e-07
1.882879951276630919e-07
1.881105019583716951e-07
1.879332022995169226e-07
1.877560949569517253e-07
1.875791695817969604e-07
1.874024255626642463e-07
1.872258641333417743e-07
1.870494775712607574e-07
1.868732650658106652e-07
1.866972471577098752e-07
1.865215734507645644e-07
1.863462996827919808e-07
1.861714146051945848e-07
1.859969070674612522e-07
1.858227729970575725e-07
1.856490247942070804e-07
1.854756417320135566e-07
1.853026182524162077e-07
1.851299548881987577e-07
1.849576491987204723e-07
1.847856967797488389e-07
1.846140946453233119e-07
1.844428269416976241e-07
1.842718831256832745e-07
1.841011510596048156e-07
1.839306074210876710e-07
1.837602499634616516e-07
1.835900855029702904e-07
1.834201061533980354e-07
1.832503060983390442e-07
1.830806831366935003e-07
1.829112410406379309e-07
1.827419717564136669e-07
1.825728729201211591e-07
1.824039463954022980e-07
1.822351939459490865e-07
1.820666052935249294e-07
1.818981783180063596e-07
1.817299156035214928e-07
1.815618851310712030e-07
1.813941985372262460e-07
1.812268597854231888e-07
1.810598652139386002e-07
1.808932033790185498e-07
1.807268703234945145e-07
1.805608719957400697e-07
1.803951996431943649e-07
1.802298437728203469e-07
1.800648085096684690e-07
1.799000843791669964e-07
1.797356680196115678e-07
1.795715567643730589e-07
1.794077453706563393e-07
1.792441862716321900e-07
1.790807953862362886e-07
1.789175734915366610e-07
1.787545098246244596e-07
1.785916025025454426e-07
1.784288496525097636e-07
1.782662528527092101e-07
1.781038080651683157e-07
1.779415121104642098e-07
1.777793631542623417e-07
1.776173641928570590e-07
1.774555129807640187e-07
1.772938031589680724e-07
1.771322329314205588e-07
1.769708026252456021e-07
1.768095107325551497e-07
1.766484297703809148e-07
1.764876591593844880e-07
1.763271981990696219e-07
1.761670422990259621e-07
1.760071838625538180e-07
1.758476193451591184e-07
1.756883484990000229e-07
1.755293732187198280e-07
1.753706814252898927e-07
1.752122701069998696e-07
1.750541426740044045e-07
1.748962879180247261e-07
1.747387037128387302e-07
1.745813891256937353e-07
1.744243180195246813e-07
1.742674050747356705e-07
1.741106409970035791e-07
1.739540242245690591e-07
1.737975605125127672e-07
