9.784561730998171442e-08
1.049893445188820389e-07
1.118035734752284432e-07
1.182999474126768476e-07
1.244894113108303131e-07
1.303838528022681333e-07
1.359933583643201936e-07
1.413281994826155114e-07
1.463977542417367902e-07
1.512117537365841871e-07
1.557784073311851983e-07
1.601068685509263389e-07
1.642050623884566353e-07
1.680809614114009897e-07
1.717420514582669035e-07
1.751950724442314299e-07
1.784478686218971040e-07
1.815063246098853428e-07
1.843774436248662400e-07
1.870666419530617637e-07
1.895799824234673673e-07
1.919235564092462144e-07
1.941028885010337974e-07
1.961226964910146740e-07
1.979885382920395483e-07
1.997056009104933239e-07
2.012780517900537396e-07
2.027106971025662208e-07
2.040081059506711803e-07
2.051748825491213529e-07
2.062159892708415757e-07
2.071339586506653920e-07
2.079348898415956672e-07
2.086212332566158285e-07
2.091978967979901216e-07
2.096679495834365543e-07
2.100359683832331536e-07
2.103044346581829955e-07
2.104783240525845973e-07
2.105598172555556093e-07
2.105528070167428577e-07
2.104607371911828469e-07
2.102868731747801911e-07
2.100336615057926494e-07
2.097048420429635427e-07
2.093036578907912575e-07
2.088327030059007319e-07
2.082948475981189758e-07
2.076927443537059803e-07
2.070296270489026980e-07
2.063078952845064421e-07
2.055304639112811905e-07
2.047001751888890614e-07
2.038189717901139289e-07
2.028900561522705077e-07
2.019158792623732770e-07
2.008983009479659819e-07
1.998405607361846716e-07
1.987446505769646164e-07
1.976121176375810592e-07
1.964465343011293605e-07
1.952497898279204233e-07
1.940232309529322127e-07
1.927695965151384810e-07
1.914909406109076352e-07
1.901889791494497916e-07
1.888654185554587677e-07
1.875226397908040863e-07
1.861626075317770264e-07
1.847866272005796741e-07
1.833965938275089341e-07
1.819940069417589482e-07
1.805806870574635062e-07
1.791579569783702442e-07
1.777277640243433093e-07
1.762913003142414974e-07
1.748501645810588248e-07
1.734055554356631758e-07
1.719589059607258496e-07
1.705112111182264849e-07
1.690641050216915821e-07
1.676188224555014467e-07
1.661762872531436056e-07
1.647373191213279080e-07
1.633035144142153388e-07
1.618757416366646385e-07
1.604547608173447794e-07
1.590414663309887890e-07
1.576365452619548266e-07
1.562412427321183500e-07
1.548564933365126196e-07
1.534826717713412589e-07
1.521200426174361520e-07
1.507699874219935599e-07
1.494327012533454496e-07
1.481091759922684647e-07
1.468002340766494601e-07
1.455050224799258292e-07
1.442252930968184733e-07
1.429609533425325737e-07
1.417123926193298822e-07
1.404807212898942927e-07
1.392646531059540893e-07
1.380659521425883864e-07
1.368839538430128875e-07
1.357195961324831434e-07
1.345731773630008435e-07
1.334439508578091032e-07
1.323332823491540368e-07
1.312395729117470967e-07
1.301650688161850228e-07
1.291079918603113939e-07
1.280700499151949859e-07
1.270498455748158641e-07
1.260482271300805647e-07
1.250646158847791391e-07
1.240993488970172318e-07
1.231524339926515418e-07
1.222235478486809766e-07
1.213130026633957838e-07
1.204200116247833099e-07
1.195450425946439391e-07
1.186873285517462054e-07
1.178474751489775831e-07
1.170247735169510645e-07
1.162194780428181939e-07
1.154309784681280936e-07
1.146591205331282079e-07
1.139037920802019220e-07
1.131644122225823309e-07
1.124416519006658822e-07
1.117340589036486014e-07
1.110428975575378455e-07
1.103658367022659749e-07
1.097047348238668376e-07
1.090569137247093034e-07
1.084244416001130793e-07
1.078052657314160733e-07
1.072003619281689690e-07
1.066087954247057305e-07
1.060301408721549209e-07
1.054648088587679833e-07
1.049108259211229119e-07
1.043698801788088957e-07
1.038397011127000458e-07
1.033215474215088085e-07
1.028142766846071190e-07
1.023175434137762565e-07
1.018317549403017461e-07
1.013549514176270710e-07
1.008885208971967697e-07
1.004308121252942128e-07
9.998215661317089431e-08
9.954245948351598923e-08
9.911030181176473078e-08
9.868667341980561618e-08
9.827003560443212365e-08
9.786061257766098588e-08
9.745834507082756399e-08
9.706187045031317233e-08
9.667199594994180111e-08
9.628771914971546376e-08
9.590877540247015977e-08
9.553537894244329055e-08
9.516624967228321766e-08
9.480176213924087527e-08
9.444154768883266070e-08
9.408473525304410826e-08
9.373167644073714093e-08
9.338170998520246895e-08
9.303449930117521171e-08
9.269016069784182103e-08
9.234795264664680148e-08
9.200778648052137112e-08
9.166958752399816276e-08
9.133270557557010084e-08
9.099701382355311289e-08
9.066237917592712172e-08
9.032831224296439316e-08
8.999474065876678809e-08
8.966156120839155362e-08
8.932834245893609672e-08
8.899489091689950220e-08
8.866118588807379627e-08
8.832683284993647705e-08
8.799156421726758199e-08
8.765540186605023835e-08
8.731804025963398254e-08
8.697927947717335768e-08
8.663924626074304363e-08
8.629763441168714768e-08
8.595409802845211602e-08
8.560883977213217370e-08
8.526168611920700837e-08
8.491216831300679837e-08
8.456045550357063639e-08
8.420657405017826895e-08
8.385008937780518092e-08
8.349117425207885685e-08
8.313009762222189144e-08
8.276617268369049498e-08
8.239948728647043573e-08
8.203055646763163620e-08
8.165871456073754320e-08
8.128392509237296073e-08
8.090662177943820871e-08
8.052650869993840244e-08
8.014342925050962306e-08
7.975776805798866708e-08
7.936965058345514347e-08
7.897857292563641815e-08
7.858471715473112594e-08
7.818865592531867577e-08
7.778985656415939005e-08
7.738832202124849110e-08
7.698451059307206821e-08
7.657830974924173133e-08
7.616957170335107137e-08
7.575853468734407628e-08
7.534568843288151967e-08
7.493061866769888193e-08
7.451337336691209738e-08
7.409446387999878164e-08
7.367385682583280669e-08
7.325144438834664113e-08
7.282736738884637163e-08
7.240201633369828497e-08
7.197528374024222470e-08
7.154719496432838995e-08
7.111806318340489965e-08
7.068813791757313451e-08
7.025737301460105619e-08
6.982581138065236671e-08
6.939377662642892098e-08
6.896144643377455329e-08
6.852884611174267912e-08
6.809601850643781175e-08
6.766319278430643532e-08
6.723062013762040715e-08
6.679831492623555823e-08
6.636631062828446488e-08
6.593489280066455695e-08
6.550439513985000239e-08
6.507480198481655239e-08
6.464605709849022860e-08
6.421850115548502454e-08
6.379246564125791203e-08
6.336790884470000593e-08
6.294466242487510483e-08
6.252316089101082655e-08
6.210372611593768440e-08
6.168630437305085107e-08
6.127059606595041884e-08
6.085716746287455822e-08
6.044640650497371424e-08
6.003824363168534815e-08
5.963227815970000562e-08
5.922905775294014224e-08
5.882902662209594840e-08
5.843210864331311737e-08
5.803783629679451538e-08
5.764661434026388430e-08
5.725904247255906277e-08
5.687505019617109099e-08
5.649414819817226215e-08
5.611639383658308911e-08
5.574272447038744175e-08
5.537306300266644565e-08
5.500704474750646175e-08
5.464426551336376429e-08
5.428585782531795196e-08
5.393182337942320339e-08
5.358194043843352821e-08
5.323541669643029087e-08
5.289332833276348551e-08
5.255591150165965600e-08
5.222304389179167794e-08
5.189385318127332662e-08
5.156877903519515444e-08
5.124859216572370359e-08
5.093318691790904778e-08
5.062210602453893720e-08
5.031470886115147485e-08
5.001224096638338536e-08
4.971471502360153145e-08
4.942198288982778309e-08
4.913300620531243774e-08
4.884850779163952819e-08
4.856904961337018241e-08
4.829451856959298502e-08
4.802442530554259186e-08
4.775800616869883898e-08
4.749646213697273734e-08
4.723983820178154474e-08
4.698801258028169932e-08
4.674001398029451779e-08
4.649607302962601794e-08
4.625699516180791341e-08
4.602268672414248938e-08
4.579289311034335342e-08
4.556653915708824451e-08
4.534452187260097052e-08
4.512715127390793219e-08
4.491433888235298659e-08
4.470562486227021899e-08
4.450017460675794733e-08
4.429900458348191451e-08
4.410219674500786488e-08
4.390964409039378759e-08
4.372072573518679265e-08
4.353492911330162140e-08
4.335316090790363581e-08
4.317539441531986915e-08
4.300156157116218369e-08
4.283093015527109753e-08
4.266322535959035962e-08
4.249921715752664989e-08
4.233884653622053025e-08
4.218205868243165389e-08
4.202813996870763418e-08
4.187685576357097449e-08
4.172883888466332292e-08
4.158402994707887697e-08
4.144238150885190686e-08
4.130328653820781958e-08
4.116643754201142301e-08
4.103238087706323162e-08
4.090109087012275339e-08
4.077251722407737028e-08
4.064623417993356847e-08
4.052175901029507974e-08
4.039958611772819431e-08
4.027971699011289525e-08
4.016211405106267565e-08
4.004654062734938725e-08
3.993244439804848163e-08
3.982011377259279491e-08
3.970961580719630210e-08
3.960091215588571034e-08
3.949391132852453859e-08
3.938809674783401297e-08
3.928352004374738108e-08
3.918029956388858365e-08
3.907841016429086044e-08
3.897782337113587661e-08
3.887821334454229554e-08
3.877937339601405745e-08
3.868139535320365748e-08
3.858427504522763681e-08
3.848799610030080987e-08
3.839246889292357195e-08
3.829740524207952368e-08
3.820277099045592176e-08
3.810856059876760962e-08
3.801476329212418732e-08
3.792137290370680872e-08
3.782823107532177998e-08
3.773520194488597317e-08
3.764220070262708919e-08
3.754922138953292472e-08
3.745626449828900136e-08
3.736331205741505827e-08
3.727026952431824355e-08
3.717697623642179304e-08
3.708332907270725439e-08
3.698933291182048684e-08
3.689499357548385402e-08
3.680031576424933008e-08
3.670528001723416252e-08
3.660966985938856256e-08
3.651343235167590643e-08
3.641657726392662077e-08
3.631911461609777776e-08
3.622109845958373410e-08
3.612252439620076527e-08
3.602312936115084968e-08
3.592288999037759468e-08
3.582181968412574083e-08
3.571993456579459992e-08
3.561736786056348639e-08
3.551410751690771972e-08
3.540986509668550626e-08
3.530463377573970904e-08
3.519842907164453784e-08
3.509126995532887838e-08
3.498332240527479165e-08
3.487459172364191725e-08
3.476483003242452646e-08
3.465403671676013234e-08
3.454222783072770408e-08
3.442942004910394752e-08
3.431579971212233688e-08
3.420142226448898769e-08
3.408604339151428056e-08
3.396964658971561939e-08
3.385225125128512352e-08
3.373387245023294007e-08
3.361467959874625626e-08
3.349482154138113703e-08
3.337408609660361055e-08
3.325243660830969343e-08
3.312988937740098959e-08
3.300645617181383491e-08
3.288222963736788083e-08
3.275741399864309265e-08
3.263190489756892455e-08
3.250565699238799272e-08
3.237867861399780352e-08
3.225098113039877601e-08
3.212259819924339128e-08
3.199374041360401596e-08
3.186442286443296491e-08
3.173458276313998352e-08
3.160422335109490972e-08
3.147335417941335100e-08
3.134198128186715475e-08
3.121022466043466425e-08
3.107820984586637696e-08
3.094593614243262415e-08
3.081341002418348981e-08
3.068063526498850834e-08
3.054761512406382027e-08
3.041436698469010258e-08
3.028099902157264669e-08
3.014757571936206651e-08
3.001418088621606714e-08
2.988081598274512717e-08
2.974748211284982542e-08
2.961417874830553665e-08
2.948093477009206749e-08
2.934780646054943255e-08
2.921492590719098390e-08
2.908236526481852055e-08
2.895012273625811441e-08
2.881818959739743958e-08
2.868656645910415065e-08
2.855524719477431227e-08
2.842425117863934872e-08
2.829380465197743469e-08
2.816395844826385122e-08
2.803469924907833566e-08
2.790602475209070792e-08
2.777791957370704829e-08
2.765031412678236649e-08
2.752322590858257977e-08
2.739694153364201119e-08
2.727149761401869268e-08
2.714687904022269222e-08
2.702307833745352713e-08
2.690007552960759851e-08
2.677774446708703557e-08
2.665611135326074153e-08
2.653550139682288536e-08
2.641594874332373509e-08
2.629743293508471135e-08
2.617994713770325448e-08
2.606346601769067966e-08
2.594781737764059651e-08
2.583297616379134606e-08
2.571929589099926270e-08
2.560683083005733597e-08
2.549555861301707698e-08
2.538547337364472936e-08
2.527654688270445223e-08
2.516859285280686072e-08
2.506149802601671472e-08
2.495560324645202914e-08
2.485101358684615042e-08
2.474772100721068698e-08
2.464569922530195066e-08
2.454493309733740746e-08
2.444529512465895348e-08
2.434653288035689028e-08
2.424891136894564713e-08
2.415265179586667059e-08
2.405774935582656571e-08
2.396417550745586532e-08
2.387192440968615528e-08
2.378093419096299079e-08
2.369090385253092797e-08
2.360187231726811577e-08
2.351415284958292684e-08
2.342777584470940435e-08
2.334272032236337164e-08
2.325897000695532871e-08
2.317651474392717712e-08
2.309515113887955297e-08
2.301466731665753101e-08
2.293529356952759021e-08
2.285719992465912755e-08
2.278036947772375793e-08
2.270478257642103533e-08
2.263042521834090171e-08
2.255726304569823075e-08
2.248498402852502964e-08
2.241353153607851733e-08
2.234320872322617180e-08
2.227403939642858231e-08
2.220602577266931935e-08
2.213914779982564824e-08
2.207338701708310554e-08
2.200865851396100953e-08
2.194469956925807324e-08
2.188153022420963046e-08
2.181936515681805089e-08
2.175820738208836861e-08
2.169804192657908516e-08
2.163885162783989353e-08
2.158062739952604552e-08
2.152326696985126776e-08
2.146652619652012141e-08
2.141047437399969518e-08
2.135525345736939232e-08
2.130085989898762023e-08
2.124727573572035064e-08
2.119449672984255452e-08
2.114251250161808893e-08
2.109121121155101598e-08
2.104038544867603763e-08
2.099008649975634647e-08
2.094041886486079229e-08
2.089138082812040913e-08
2.084296055102971736e-08
2.079514975066809974e-08
2.074794255355539329e-08
2.070127178145928771e-08
2.065496748019923494e-08
2.060903933441419797e-08
2.056355188656003142e-08
2.051850142152479780e-08
2.047388382562867381e-08
2.042969415076681884e-08
2.038592400070229318e-08
2.034254741934351629e-08
2.029942297687072428e-08
2.025653339570078253e-08
2.021390359767920641e-08
2.017153081900855710e-08
2.012941360146513930e-08
2.008754704470489230e-08
2.004593164170009143e-08
2.000455791715743237e-08
1.996333801393078034e-08
1.992222725064031899e-08
1.988120240026033969e-08
1.984024921463300140e-08
1.979936650350176673e-08
1.975855311799922507e-08
1.971780972817778067e-08
1.967713298697208153e-08
1.963650398610100639e-08
1.959587301001327092e-08
1.955522290853504344e-08
1.951450013604311886e-08
1.947370010402271322e-08
1.943282327746535445e-08
1.939187015180075234e-08
1.935084205922323834e-08
1.930973903602474639e-08
1.926854624630404500e-08
1.922725551636074687e-08
1.918581848603071999e-08
1.914418745253454452e-08
1.910236451647355334e-08
1.906035186641405966e-08
1.901815127643692204e-08
1.897576496820109790e-08
1.893319728626196259e-08
1.889046989775846791e-08
1.884758677207881462e-08
1.880447198782442986e-08
1.876109802185818136e-08
1.871746756544881300e-08
1.867358323564425002e-08
1.862944768427218936e-08
1.858506313144868816e-08
1.854044156929538759e-08
1.849562794676963009e-08
1.845062410939622105e-08
1.840536950996300206e-08
1.835984814530120122e-08
1.831406177630503839e-08
1.826801419099121210e-08
1.822170795795500392e-08
1.817514576465329438e-08
1.812834302762301041e-08
1.808135866235932665e-08
1.803419801396699243e-08
1.798681500527401569e-08
1.793919514017961370e-08
1.789134212759422847e-08
1.784325860007574600e-08
1.779494701988762009e-08
1.774640984010269928e-08
1.769765693151737355e-08
1.764875410640439372e-08
1.759971566203694859e-08
1.755052414667003140e-08
1.750117063317303006e-08
1.745165644930457954e-08
1.740198322299133675e-08
1.735215282479942852e-08
1.730216724575689720e-08
1.725202872355242487e-08
1.720178146005174802e-08
1.715144976431032663e-08
1.710104042499675461e-08
1.705056501063456012e-08
1.700002429250255685e-08
1.694941898862435710e-08
1.689875000320290060e-08
1.684801805313289001e-08
1.679722404194215993e-08
1.674638224000633483e-08
1.669552960045413706e-08
1.664467148055136649e-08
1.659384533623975363e-08
1.654306234417748277e-08
1.649232062372707964e-08
1.644161981631098308e-08
1.639096008092206833e-08
1.634034059794722106e-08
1.628976240758246952e-08
1.623924011671099006e-08
1.618877977067288994e-08
1.613840943825747403e-08
1.608818898219339104e-08
1.603811561684016134e-08
1.598819023567041530e-08
1.593841022162864741e-08
1.588877594249235135e-08
1.583928456971314102e-08
1.578993337271629425e-08
1.574071152843631298e-08
1.569161568932802088e-08
1.564271180685470740e-08
1.559404876641214218e-08
1.554562466529825478e-08
1.549743818440504856e-08
1.544948449225982500e-08
1.540176249570313745e-08
1.535427170839886302e-08
1.530700184826182630e-08
1.525991887374968592e-08
1.521302338633621323e-08
1.516639611818066272e-08
1.512008577468565932e-08
1.507408548796613242e-08
1.502839703676316366e-08
1.498301147662595501e-08
1.493792755420304735e-08
1.489314570051424317e-08
1.484864851432788981e-08
1.480438043366691623e-08
1.476033795174187910e-08
1.471660313316584925e-08
1.467323195345333389e-08
1.463021837738237846e-08
1.458755777419224546e-08
1.454524735631112253e-08
1.450328550171567442e-08
1.446166859464846169e-08
1.442038335919117604e-08
1.437935519244004895e-08
1.433857568282891066e-08
1.429809828706989974e-08
1.425800162927732808e-08
1.421827693456887795e-08
1.417892571218776376e-08
1.413994560431052793e-08
1.410133014412666878e-08
1.406307295890109786e-08
1.402517783596647837e-08
1.398756928749207219e-08
1.395021115398660803e-08
1.391311914042887942e-08
1.387639734016084849e-08
1.384004872488552110e-08
1.380406820076736317e-08
1.376845517016492950e-08
1.373320922230398568e-08
1.369832277860165147e-08
1.366378911038851804e-08
1.362959107864777573e-08
1.359563730541864344e-08
1.356192181315282438e-08
1.352850958959305949e-08
1.349544014307396702e-08
1.346271149194400219e-08
1.343032106513276713e-08
1.339826867576234236e-08
1.336654700276624851e-08
1.333515254703012857e-08
1.330408805105660444e-08
1.327328665289360883e-08
1.324269694777176076e-08
1.321233194506398686e-08
1.318224576590465652e-08
1.315245145963776758e-08
1.312295115169461970e-08
1.309374025519802322e-08
1.306481454350956485e-08
1.303617294238412306e-08
1.300781475681548791e-08
1.297972775775673349e-08
1.295184848525528435e-08
1.292414002639562989e-08
1.289661178445264237e-08
1.286931112566693385e-08
1.284224108797463938e-08
1.281539830335332289e-08
1.278878589747820340e-08
1.276239425743891417e-08
1.273622704252974457e-08
1.271028113767574882e-08
1.268454713984464688e-08
1.265897146592148250e-08
1.263352521190217117e-08
1.260821391859580417e-08
1.258306255064449298e-08
1.255807099887504445e-08
1.253323944655551887e-08
1.250856721129693538e-08
1.248404998825291584e-08
1.245968847418206390e-08
1.243548110663649124e-08
1.241142523926490145e-08
1.238747785685881915e-08
1.236361305173384233e-08
1.233983535773359075e-08
1.231614963855837139e-08
1.229255881150598763e-08
1.226906268558706341e-08
1.224565922236399567e-08
1.222234888722048196e-08
1.219912957477307303e-08
1.217600151293941075e-08
1.215296389609770741e-08
1.212999657878660478e-08
1.210707095537747380e-08
1.208418453458374490e-08
1.206133756546748386e-08
1.203852611570246613e-08
1.201575085781724790e-08
1.199301138931951896e-08
1.197030721383033342e-08
1.194763838406363532e-08
1.192500396315950851e-08
1.190240359487725152e-08
1.187983616810510530e-08
1.185728193258461510e-08
1.183473591103104734e-08
1.181219663438393264e-08
1.178965572248884498e-08
1.176711149222281270e-08
1.174456446707779846e-08
1.172201420806393587e-08
1.169946077307674581e-08
1.167690437026349249e-08
1.165434446563287592e-08
1.163178190027115592e-08
1.160921326762356527e-08
1.158663206995947358e-08
1.156403769518368691e-08
1.154142640458543024e-08
1.151879036053634271e-08
1.149612934871417409e-08
1.147344391593019045e-08
1.145073365900128982e-08
1.142799952422119796e-08
1.140524075565999826e-08
1.138245852667331684e-08
1.135965217276083369e-08
1.133682361362983965e-08
1.131397354396199373e-08
1.129110292739517604e-08
1.126820755090673342e-08
1.124528377303103369e-08
1.122233106439577160e-08
1.119935044914575894e-08
1.117634132691342624e-08
1.115330479760780217e-08
1.113024021988478653e-08
1.110714855940178944e-08
1.108402937577289527e-08
1.106088702439090362e-08
1.103772623923795562e-08
1.101454767914516155e-08
1.099135198680869301e-08
1.096814073821040852e-08
1.094491393355271419e-08
1.092167177842967045e-08
1.089841443302238922e-08
1.087514199312782189e-08
1.085185455366283280e-08
1.082855235266674853e-08
1.080523539452993938e-08
1.078190591377437863e-08
1.075857114392458707e-08
1.073523119852337913e-08
1.071188916250113474e-08
1.068855397476470216e-08
1.066522690522369131e-08
1.064190764237796719e-08
1.061859611622985532e-08
1.059529277703279819e-08
1.057199711737277747e-08
1.054870897174831015e-08
1.052542888214492864e-08
1.050215615176173885e-08
1.047889655605134401e-08
1.045565034524050334e-08
1.043241865893721071e-08
1.040921909533085608e-08
1.038606026083303491e-08
1.036294180538208493e-08
1.033986392747826818e-08
1.031682589855805355e-08
1.029382662113106862e-08
1.027086785141346788e-08
1.024794752731706069e-08
1.022506588621347841e-08
1.020222264836804376e-08
1.017941516117801638e-08
1.015664566308113505e-08
1.013391783616132401e-08
1.011125882671457556e-08
1.008867047177237663e-08
1.006615467918218534e-08
1.004370951167465562e-08
1.002133298344903690e-08
9.999027502537334740e-09
9.976790297382074204e-09
9.954621225743247503e-09
9.932521502541646442e-09
9.910483558504674197e-09
9.888503766861428154e-09
9.866580275262715609e-09
9.844724527093845688e-09
9.822967728465190015e-09
9.801307161488095134e-09
9.779743662197558065e-09
9.758275743962525986e-09
9.736903212724814188e-09
9.715625855558479803e-09
9.694441255699562135e-09
9.673350455902365497e-09
9.652352399052577941e-09
9.631434543519399626e-09
9.610588678100863534e-09
9.589811702458822205e-09
9.569115608771906269e-09
9.548535461687342397e-09
9.528066703274229786e-09
9.507711080169397379e-09
9.487468143666184108e-09
9.467334193647221789e-09
9.447312558111910156e-09
9.427399304531954368e-09
9.407594103485942838e-09
9.387899090964794201e-09
9.368299453329847229e-09
9.348776753762979281e-09
9.329336533549113972e-09
9.309977778679583351e-09
9.290730803720117912e-09
9.271603702145623435e-09
9.252590203049849926e-09
9.233692964092306241e-09
9.214910930132488882e-09
9.196239690030525181e-09
9.177683540463719668e-09
9.159239060775887404e-09
9.140904759219216619e-09
9.122677280291869085e-09
9.104531715060512895e-09
9.086462529930026281e-09
9.068469807745025823e-09
9.050574105461340227e-09
9.032788980378406794e-09
9.015112523378447946e-09
8.997545540647879909e-09
8.980083468268039951e-09
8.962731151477928646e-09
8.945484684638877856e-09
8.928341934824889835e-09
8.911303903597276580e-09
8.894371731512844497e-09
8.877526469563154588e-09
8.860747301052988925e-09
8.844038910063486421e-09
8.827398806817733418e-09
8.810848254691755912e-09
8.794393259382605120e-09
8.778028950057066579e-09
8.761756788309988651e-09
8.745576720911675225e-09
8.729487228473498645e-09
8.713486285083205023e-09
8.697575527662099118e-09
8.681754309900012578e-09
8.666020108188432373e-09
8.650352248240542488e-09
8.634743190307402078e-09
8.619187850229698573e-09
8.603691959721548400e-09
8.588269935134401111e-09
8.572922120932142944e-09
8.557646853222267542e-09
8.542445287417161121e-09
8.527316314966968714e-09
8.512258813809646488e-09
8.497272506173779065e-09
8.482357712319307724e-09
8.467513346672435705e-09
8.452738522365290221e-09
8.438014736475227821e-09
8.423335398457407183e-09
8.408696674872101232e-09
8.394102464402489306e-09
8.379560428447695921e-09
8.365073416012192746e-09
8.350638311260060917e-09
8.336255929081833844e-09
8.321926545444586253e-09
8.307649262474488015e-09
8.293422479978334043e-09
8.279247855098717785e-09
8.265124185027914888e-09
8.251050931779854207e-09
8.237018258109168786e-09
8.223013653493068382e-09
8.209038792644569420e-09
8.195092012467839732e-09
8.181179465135230450e-09
8.167301129645663103e-09
8.153458325682034787e-09
8.139649676326275762e-09
8.125874630128042937e-09
8.112134202183756694e-09
8.098427316450135558e-09
8.084754097819760652e-09
8.071113682286176782e-09
8.057506332111283606e-09
8.043930080514728334e-09
8.030372890721261482e-09
8.016832721165938405e-09
8.003309391636580270e-09
7.989805322008210455e-09
7.976323365593270494e-09
7.962862734796599004e-09
7.949423675740086321e-09
7.936006308223830723e-09
7.922610169206509974e-09
7.909235243812382561e-09
7.895880838519028500e-09
7.882547771985293473e-09
7.869235305962387092e-09
7.855943546266614976e-09
7.842668183533783330e-09
7.829403722771387060e-09
7.816149649236850646e-09
7.802906912267082422e-09
7.789677345595305746e-09
7.776462837447427421e-09
7.763263042836443915e-09
7.750078167393407165e-09
7.736907980804199065e-09
7.723752305750871299e-09
7.710610788777015651e-09
7.697483968547573704e-09
7.684371317114782540e-09
7.671272989854001797e-09
7.658188518696039125e-09
7.645115373351786316e-09
7.632050527378329640e-09
7.618994381737483407e-09
7.605946984437913706e-09
7.592912546075898167e-09
7.579893314828309104e-09
7.566888690633228546e-09
7.553898819482553712e-09
7.540923601802927786e-09
7.527962885738783601e-09
7.515016334183645814e-09
7.502084182297653609e-09
7.489166467928148199e-09
7.476262977784540687e-09
7.463373365869704357e-09
7.450496091262232142e-09
7.437628850552523701e-09
7.424771356095470990e-09
7.411924357176701219e-09
7.399093208838656169e-09
7.386281323936522697e-09
7.373488943749875008e-09
7.360716106304195108e-09
7.347962449378714861e-09
7.335227843099009836e-09
7.322512260865627465e-09
7.309815434420662474e-09
7.297137249933758387e-09
7.284477639034191659e-09
7.271836581605389704e-09
7.259213807928848121e-09
7.246605895537767979e-09
7.234012530783699681e-09
7.221434036718936977e-09
7.208873609931035779e-09
7.196339781654640647e-09
7.183833579942813923e-09
7.171354326383853507e-09
7.158901643414937431e-09
7.146475358195426008e-09
7.134075446393775048e-09
7.121702577048205819e-09
7.109355524463284444e-09
7.097034776271736134e-09
7.084739519290981737e-09
7.072469989651605420e-09
7.060223451403112673e-09
7.047996946048911752e-09
7.035790343405997674e-09
7.023605011832392214e-09
7.011448272235182806e-09
6.999325162190051259e-09
6.987235796474552777e-09
6.975180128992512479e-09
6.963158196389685035e-09
6.951169724445727376e-09
6.939213995310077523e-09
6.927291423977690387e-09
6.915401344292552146e-09
6.903543633912077672e-09
6.891718222667248632e-09
6.879924745212033173e-09
6.868157500121428066e-09
6.856414464409559968e-09
6.844696495070151068e-09
6.833002777473520186e-09
6.821343281893624118e-09
6.809722240383485465e-09
6.798139666780825885e-09
6.786595404311472040e-09
6.775089011772932142e-09
6.763620273806488745e-09
6.752188915372936294e-09
6.740794913023218992e-09
6.729437750752002286e-09
6.718117245915533831e-09
6.706833176027438008e-09
6.695585656388312039e-09
6.684367259381518650e-09
6.673174721141556766e-09
6.662008512165114249e-09
6.650869153115368927e-09
6.639765118140349392e-09
6.628701783914890061e-09
6.617679186091482842e-09
6.606696999605051264e-09
6.595755115822645423e-09
6.584853373616324432e-09
6.573992139026270260e-09
6.563170172542428870e-09
6.552387406285402145e-09
6.541644223043522086e-09
6.530939777032234825e-09
6.520273845775567365e-09
6.509641746472030031e-09
6.499037452111266369e-09
6.488460286550133651e-09
6.477909935559668581e-09
6.467390650508197991e-09
6.456910397894003032e-09
6.446469772723038024e-09
6.436068451002220310e-09
6.425705931865095410e-09
6.415381843155135851e-09
6.405096241721834698e-09
6.394848521413059117e-09
6.384638453361860027e-09
6.374466127251865025e-09
6.364331793607021145e-09
6.354234319257474808e-09
6.344172968579506535e-09
6.334139270940453136e-09
6.324131282105800910e-09
6.314148658286140071e-09
6.304191158482849965e-09
6.294265387970865117e-09
6.284374564300988800e-09
6.274518601648485274e-09
6.264697423958851021e-09
6.254910588325363963e-09
6.245158088830366554e-09
6.235439556919412548e-09
6.225755154536971013e-09
6.216104611318774186e-09
6.206487579183021536e-09
6.196903714465954494e-09
6.187352582582432701e-09
6.177833385508121375e-09
6.168335984435264795e-09
6.158859200183941520e-09
6.149402912504785013e-09
6.139967531038278556e-09
6.130559581191384270e-09
6.121180912720432706e-09
6.111831317655372336e-09
6.102510547331126178e-09
6.093218541941257949e-09
6.083955013734202289e-09
6.074719797330644970e-09
6.065513162518081393e-09
6.056334587494004933e-09
6.047183908610520250e-09
6.038060910091017426e-09
6.028965239235881578e-09
6.019896051014867322e-09
6.010845732146530364e-09
6.001812757628176504e-09
5.992797028435543826e-09
5.983798702806414081e-09
5.974821918778095958e-09
5.965868492077847807e-09
5.956938293145501042e-09
5.948031252486717268e-09
5.939147293436721447e-09
5.930286171963449566e-09
5.921447757358191100e-09
5.912631918643527559e-09
5.903838524979979437e-09
5.895067540920198928e-09
5.886318946748413886e-09
5.877592526312386713e-09
5.868887914080542327e-09
5.860199638290343547e-09
5.851525051476870631e-09
5.842864076796694897e-09
5.834216637239153251e-09
5.825584821950484465e-09
5.816971882491257615e-09
5.808377867724662687e-09
5.799802875285879675e-09
5.791246586094023930e-09
5.782708896462247204e-09
5.774189702467406355e-09
5.765688899951608520e-09
5.757206384523767038e-09
5.748742051561135049e-09
5.740295851848841768e-09
5.731867702670733418e-09
5.723457445889818549e-09
5.715063712327256621e-09
5.706681289476368764e-09
5.698309588556898610e-09
5.689948550948135237e-09
5.681598334805394627e-09
5.673262637759875047e-09
5.664943264826007158e-09
5.656640131224594968e-09
5.648353151952650425e-09
5.640082241784814513e-09
5.631827315274746089e-09
5.623588316520312942e-09
5.615365190313885361e-09
5.607157818087845982e-09
5.598966083487934918e-09
5.590789899990193210e-09
5.582629180857966467e-09
5.574483884861972305e-09
5.566352340379312765e-09
5.558231336411426962e-09
5.550120583566322167e-09
5.542020027460714531e-09
5.533929910094165361e-09
5.525854137438631238e-09
5.517794038836341375e-09
5.509749535355162425e-09
5.501720547832889025e-09
5.493706996878650006e-09
5.485708802874310459e-09
5.477725967907062136e-09
5.469758331488565016e-09
5.461805817216036146e-09
5.453868366779264218e-09
5.445945869700891701e-09
5.438038245038139136e-09
5.430145390330609872e-09
5.422266354904671703e-09
5.414397960189703790e-09
5.406539836253624493e-09
5.398691929859641317e-09
5.390854302363405533e-09
5.383030315192724426e-09
5.375222541444776940e-09
5.367430927910014600e-09
5.359655250503073685e-09
5.351895430198681966e-09
5.344151387722072998e-09
5.336423043550499858e-09
5.328710317914708359e-09
5.321013130800421006e-09
5.313331401949822618e-09
5.305665264345969219e-09
5.298014436958676419e-09
5.290378777548521245e-09
5.282758160895250688e-09
5.275149409534504509e-09
5.267551163268391057e-09
5.259963369586099522e-09
5.252385975808125529e-09
5.244820175791669070e-09
5.237271021680801272e-09
5.229739326927390765e-09
5.222224613260064219e-09
5.214726744838984041e-09
5.207245640989793361e-09
5.199781220756174254e-09
5.192333402901484732e-09
5.184902125867260417e-09
5.177487445082563965e-09
5.170089116489938572e-09
5.162707057804550555e-09
5.155341186469142571e-09
5.147991356814953855e-09
5.140656978623140188e-09
5.133334704684583899e-09
5.126024187331188916e-09
5.118725250167799687e-09
5.111437730349935761e-09
5.104164222665020902e-09
5.096908358665931033e-09
5.089670201279264931e-09
5.082449668985632074e-09
5.075246986466844690e-09
5.068061939494266251e-09
5.060894350393756196e-09
5.053744042574765681e-09
5.046610933130738841e-09
5.039494938848705642e-09
5.032396152788154246e-09
5.025314339161157576e-09
5.018249384182456213e-09
5.011201155628736365e-09
5.004168876831180337e-09
4.997149055420469434e-09
4.990141471116362571e-09
4.983145841949616913e-09
4.976161980606789959e-09
4.969192118890958643e-09
4.962239901333714988e-09
4.955305437842048196e-09
4.948388967328172989e-09
4.941490445267475759e-09
4.934609428465809017e-09
4.927745829034734718e-09
4.920899566090745028e-09
4.914070722903660450e-09
4.907259194064249141e-09
4.900464748658739992e-09
4.893687480228627579e-09
4.886927228216932433e-09
4.880183946217331610e-09
4.873457446758261246e-09
4.866743571040855912e-09
4.860041053983890452e-09
4.853349843779227442e-09
4.846669900162383974e-09
4.840001973934631949e-09
4.833350871099120386e-09
4.826716685520630035e-09
4.820099344277290448e-09
4.813498838941103119e-09
4.806915371291400612e-09
4.800348773177288387e-09
4.793798708955301463e-09
4.787265104192193781e-09
4.780748341284465191e-09
4.774248133292463671e-09
4.767764186000071716e-09
4.761296511574360093e-09
4.754844977356927105e-09
4.748409672720117397e-09
4.741988596740809175e-09
4.735578609625887416e-09
4.729179404573777546e-09
4.722791414278327702e-09
4.716414388771284168e-09
4.710050087267606617e-09
4.703701412983983827e-09
4.697368456082606258e-09
4.691051861488446435e-09
4.684750871793579783e-09
4.678465420515542534e-09
4.672195493856862809e-09
4.665941145888685370e-09
4.659702322542565374e-09
4.653478845863222595e-09
4.647270597868580974e-09
4.641077844003201949e-09
4.634900067536753632e-09
4.628737363355678298e-09
4.622589924891357101e-09
4.616455194879820789e-09
4.610330486285559576e-09
4.604215657107998064e-09
4.598110665355125513e-09
4.592016127735054120e-09
4.585933628956056235e-09
4.579865254698550861e-09
4.573811002461571481e-09
4.567771481265948862e-09
4.561746111691506319e-09
4.555734775635953636e-09
4.549737476884651274e-09
4.543754212373648625e-09
4.537785084365432763e-09
4.531829640250816157e-09
4.525888255467671534e-09
4.519960603065518898e-09
4.514046747592355105e-09
4.508146459621477124e-09
4.502259825933009343e-09
4.496385032743377597e-09
4.490519218481427667e-09
4.484662527875249699e-09
4.478814902787462671e-09
4.472975868606251955e-09
4.467146317317036758e-09
4.461329414376523283e-09
4.455525522217701122e-09
4.449734077713143470e-09
4.443955041062082388e-09
4.438188800724816582e-09
4.432434959111328368e-09
4.426693426309849598e-09
4.420964769493803881e-09
4.415248307419025829e-09
4.409543942212634344e-09
4.403851727280175036e-09
4.398171500702692396e-09
4.392503443332694869e-09
4.386847532494432168e-09
4.381203638839640353e-09
4.375568473791044048e-09
4.369940963942787454e-09
4.364321431715738483e-09
4.358709467408984998e-09
4.353105144317465005e-09
4.347510918540708205e-09
4.341928652163085265e-09
4.336357580501310411e-09
4.330797784957699155e-09
4.325249659292059815e-09
4.319712578495366408e-09
4.314186665879683731e-09
4.308671979590807711e-09
4.303168454015822558e-09
4.297675910594713671e-09
4.292194688691635033e-09
4.286724442001752048e-09
4.281265003295448374e-09
4.275816385399551553e-09
4.270378258250287179e-09
4.264950834950763665e-09
4.259531346639502753e-09
4.254118792864925550e-09
4.248713148587368324e-09
4.243314830186272916e-09
4.237923596753187151e-09
4.232541891507699093e-09
4.227171164346275142e-09
4.221811300284431765e-09
4.216461688146424336e-09
4.211123053967845576e-09
4.205794721511253340e-09
4.200476735798476193e-09
4.195169207632433411e-09
4.189872096458991560e-09
4.184585225242102168e-09
4.179308936594656183e-09
4.174042836099993573e-09
4.168786804827080136e-09
4.163540740565331900e-09
4.158304635839333210e-09
4.153078879448902361e-09
4.147860466740030758e-09
4.142648618149800057e-09
4.137443719106020170e-09
4.132245418136884385e-09
4.127053683344571203e-09
4.121871138417875699e-09
4.116698965818904983e-09
4.111536616762958425e-09
4.106384975736986052e-09
4.101243258599447813e-09
4.096111445597714050e-09
4.090989909144308091e-09
4.085878109281381069e-09
4.080776817804408653e-09
4.075685371811469984e-09
4.070603560086897518e-09
4.065531525874240356e-09
4.060469353348305875e-09
4.055417098707945897e-09
4.050374485520010780e-09
4.045341564953763348e-09
4.040316875963316135e-09
4.035298593842591061e-09
4.030286791002263436e-09
4.025282150420246880e-09
4.020283749316320390e-09
4.015292135898035865e-09
4.010310891687391389e-09
4.005339201900093319e-09
4.000377669603839584e-09
3.995426237787052730e-09
3.990484625354389696e-09
3.985553179049625161e-09
3.980631220392713706e-09
3.975719063801970196e-09
3.970816783189900718e-09
3.965924079460714501e-09
3.961041404132780285e-09
3.956168212974709903e-09
3.951304493421937562e-09
3.946450078093541524e-09
3.941605512937156698e-09
3.936770458812019153e-09
3.931942602255383184e-09
3.927121422936581025e-09
3.922306456925535329e-09
3.917497949886148861e-09
3.912696402685025821e-09
3.907901873115290374e-09
3.903117350696232590e-09
3.898342803554541985e-09
3.893577785447586258e-09
3.888822981714303961e-09
3.884077832784649500e-09
3.879342867020971198e-09
3.874617249214244963e-09
3.869901279422511672e-09
3.865195048239895650e-09
3.860498299247443003e-09
3.855811510914066890e-09
3.851134036176384835e-09
3.846465913188679139e-09
3.841807121461141744e-09
3.837158086339509052e-09
3.832518298687376650e-09
3.827886061430395796e-09
3.823260280337227779e-09
3.818640581000712411e-09
3.814028095776417576e-09
3.809421764721787487e-09
3.804822057097298506e-09
3.800232098544408275e-09
3.795651124707593065e-09
3.791080303228856296e-09
3.786518711625651143e-09
3.781966908466917109e-09
3.777424255466202304e-09
3.772890867394370870e-09
3.768366963628484407e-09
3.763852457164730693e-09
3.759347421718735248e-09
3.754851292226102956e-09
3.750364230592258306e-09
3.745886512289964472e-09
3.741418054695970811e-09
3.736958562290251031e-09
3.732508212378224969e-09
3.728065650804015201e-09
3.723630064718302477e-09
3.719200541698679975e-09
3.714776930108566257e-09
3.710359440971947956e-09
3.705947664462198028e-09
3.701544345580220298e-09
3.697149576589181529e-09
3.692764003070340587e-09
3.688387253996386511e-09
3.684019290709113198e-09
3.679660308167933521e-09
3.675310325057808653e-09
3.670969120117922454e-09
3.666636428394122401e-09
3.662312553280429076e-09
3.657997255181871226e-09
3.653691067067202222e-09
3.649393198561753912e-09
3.645103629956991566e-09
3.640822915828810681e-09
3.636550748242117588e-09
3.632287026475689757e-09
3.628030473998467994e-09
3.623779248653814673e-09
3.619534381065568152e-09
3.615294736203916644e-09
3.611060681380959284e-09
3.606832065626656357e-09
3.602610987625866217e-09
3.598398622274430243e-09
3.594194429238469465e-09
3.589998774309078609e-09
3.585811116610220129e-09
3.581631952954669263e-09
3.577461185146829083e-09
3.573298697600063309e-09
3.569144111639410193e-09
3.564997772036290559e-09
3.560859535342744088e-09
3.556729746191188453e-09
3.552607705325447812e-09
3.548493527163336109e-09
3.544387654560447386e-09
3.540289531565953152e-09
3.536199699950086017e-09
3.532116441691915496e-09
3.528038886303579203e-09
3.523966865217269922e-09
3.519899895386691904e-09
3.515838186347968781e-09
3.511781484459958948e-09
3.507731994248056571e-09
3.503689691488814664e-09
3.499655596505256349e-09
3.495628720708219157e-09
3.491609952845280126e-09
3.487598763806799423e-09
3.483595339615446389e-09
3.479599241376616087e-09
3.475610836429315420e-09
3.471630095952790102e-09
3.467656988877272748e-09
3.463691036901920064e-09
3.459732622234160749e-09
3.455781741342641653e-09
3.451838335329131103e-09
3.447902200547959110e-09
3.443973032671557325e-09
3.440051742062948973e-09
3.436135614930078934e-09
3.432224518875752191e-09
3.428317886650590516e-09
3.424416939381948499e-09
3.420520459366256891e-09
3.416629168491932121e-09
3.412744342459120530e-09
3.408867352337602091e-09
3.404997179407640225e-09
3.401134598063106591e-09
3.397278703131748892e-09
3.393430179835533655e-09
3.389588902995385336e-09
3.385754702173020909e-09
3.381927289423007038e-09
3.378106968346289742e-09
3.374293877649776242e-09
3.370487714914177391e-09
3.366688229850290088e-09
3.362895781118551527e-09
3.359110275558871428e-09
3.355331788573052795e-09
3.351559723769491776e-09
3.347794499661920389e-09
3.344034204891292851e-09
3.340278278054885367e-09
3.336526587556269999e-09
3.332779671914890570e-09
3.329037196367060232e-09
3.325299348572955332e-09
3.321567900420185304e-09
3.317843656622574781e-09
3.314125978842225376e-09
3.310415559133223390e-09
3.306711441458090139e-09
3.303014356464414722e-09
3.299324155392877433e-09
3.295640567132812769e-09
3.291963568970824626e-09
3.288293098648660863e-09
3.284629875451433841e-09
3.280972882137056786e-09
3.277322381367226428e-09
3.273678608964432762e-09
3.270041428850891004e-09
3.266410724740953003e-09
3.262786129344506087e-09
3.259168603389412259e-09
3.255555723135906880e-09
3.251947254360730832e-09
3.248343130830903813e-09
3.244743766469680566e-09
3.241148543327635346e-09
3.237557603992281549e-09
3.233972676636983996e-09
3.230394118425183149e-09
3.226822336933663711e-09
3.223256540645943879e-09
3.219697597148900352e-09
3.216145021245626519e-09
3.212598764310018076e-09
3.209058777717405051e-09
3.205525096445369867e-09
3.201998157538677330e-09
3.198477073296027584e-09
3.194962313404224226e-09
3.191453904322257113e-09
3.187951810920043978e-09
3.184455589550062947e-09
3.180965822857158369e-09
3.177482045776775517e-09
3.174004666224257910e-09
3.170532352003384434e-09
3.167065048793976020e-09
3.163601565701602970e-09
3.160142247350074900e-09
3.156687000560279269e-09
3.153236215812232998e-09
3.149789607577361133e-09
3.146348786913919192e-09
3.142914518373398263e-09
3.139486136808793085e-09
3.136064124893820714e-09
3.132647909438268603e-09
3.129237881405227977e-09
3.125834236282649104e-09
3.122436230653862887e-09
3.119044271270794899e-09
3.115658576268210912e-09
3.112278702940940506e-09
3.108904686272607417e-09
3.105536606500410178e-09
3.102174681605844614e-09
3.098818346476571808e-09
3.095467861391852814e-09
3.092123347987642142e-09
3.088784791989656606e-09
3.085450939880633268e-09
3.082121689367876417e-09
3.078795933626644793e-09
3.075473976736494837e-09
3.072155788455736028e-09
3.068841605672385691e-09
3.065531306163216722e-09
3.062226314859774591e-09
3.058927845268021530e-09
3.055634943640575532e-09
3.052347945021225410e-09
3.049066733671406624e-09
3.045791497600816139e-09
3.042522152235756924e-09
3.039258369023324364e-09
3.036000321999356792e-09
3.032748464308651112e-09
3.029501878098105423e-09
3.026260991002911325e-09
3.023026164415990874e-09
3.019796813741897406e-09
3.016572891909143098e-09
3.013354858144773141e-09
3.010142406020203178e-09
3.006935183627885947e-09
3.003733868280355200e-09
3.000536513745567311e-09
2.997342993394861517e-09
2.994153191607774401e-09
2.990967490880425658e-09
2.987785423523407197e-09
2.984606791681565195e-09
2.981433626158658798e-09
2.978265679386013281e-09
2.975103289759753837e-09
2.971946707057452917e-09
2.968795613774514896e-09
2.965650074732629184e-09
2.962509947557120091e-09
2.959375467743890991e-09
2.956246521255493295e-09
2.953122878088619946e-09
2.950004679306451770e-09
2.946892242242862176e-09
2.943784770922671059e-09
2.940682855477420342e-09
2.937586499056680445e-09
2.934495281686908936e-09
2.931409299842698885e-09
2.928328791962778976e-09
2.925253718218511488e-09
2.922183008384972353e-09
2.919116724567442377e-09
2.916053741700043297e-09
2.912994058178741624e-09
2.909938576592653080e-09
2.906886366114750695e-09
2.903837712206737247e-09
2.900793997116293187e-09
2.897755393005545938e-09
2.894722371706393904e-09
2.891694329014321681e-09
2.888671729738630951e-09
2.885654496155947811e-09
2.882642202645273723e-09
2.879635228167446953e-09
2.876633599233059779e-09
2.873636889324473870e-09
2.870645318402312274e-09
2.867659245910069329e-09
2.864677831557154400e-09
2.861701677908261433e-09
2.858730792481532444e-09
2.855764660376738321e-09
2.852803693244313215e-09
2.849847712406431740e-09
2.846896828093332460e-09
2.843950447641875191e-09
2.841007804217786929e-09
2.838068309534285757e-09
2.835131857213085335e-09
2.832199066500312973e-09
2.829269293262531065e-09
2.826342423837958819e-09
2.823420259223382536e-09
2.820502807087476215e-09
2.817590045087082350e-09
2.814682606101129562e-09
2.811780037658144313e-09
2.808882114770907299e-09
2.805989251997686172e-09
2.803101481482722431e-09
2.800218180259580270e-09
2.797339725033447146e-09
2.794466609669962135e-09
2.791597794675864683e-09
2.788733771843128171e-09
2.785874926632954965e-09
2.783020442933125446e-09
2.780170769971154396e-09
2.777325955178256012e-09
2.774485739481595206e-09
2.771650118284113242e-09
2.768819341117832767e-09
2.765992361422665916e-09
2.763168519439745718e-09
2.760348015921337997e-09
2.757530598809218371e-09
2.754716231302280621e-09
2.751905220635043998e-09
2.749097390430711398e-09
2.746293774206434766e-09
2.743494937200937116e-09
2.740701001353500090e-09
2.737911343821304234e-09
2.735126554750343555e-09
2.732346475245477523e-09
2.729570750500843743e-09
2.726799787901077408e-09
2.724033376800361904e-09
2.721271436533911253e-09
2.718514149797661317e-09
2.715761344383981468e-09
2.713012963337107851e-09
2.710269201470458443e-09
2.707529933723238739e-09
2.704794890227873981e-09
2.702064501661654747e-09
2.699338625920246582e-09
2.696616798969565760e-09
2.693899775009298238e-09
2.691186157099120135e-09
2.688475407877544535e-09
2.685767917521607818e-09
2.683063273962567702e-09
2.680361506584573672e-09
2.677662888384969855e-09
2.674967261718821872e-09
2.672275647660533524e-09
2.669588442357634070e-09
2.666905887564320715e-09
2.664227532737858608e-09
2.661553682886507577e-09
2.658884101170634986e-09
2.656218862206668938e-09
2.653558229097050326e-09
2.650901618930035877e-09
2.648249234436267143e-09
2.645601677549894006e-09
2.642957913594948177e-09
2.640318464899133105e-09
2.637683622468116211e-09
2.635052582157822875e-09
2.632426004190550899e-09
2.629803671616536498e-09
2.627185246527151307e-09
2.624571337314457162e-09
2.621961538108403526e-09
2.619355079492448948e-09
2.616752040244821964e-09
2.614151479594771343e-09
2.611553411180350167e-09
2.608958578934841528e-09
2.606366219291205974e-09
2.603776424046166844e-09
2.601190141643330351e-09
2.598608126241734384e-09
2.596030069729206586e-09
2.593456230068094970e-09
2.590886575220799815e-09
2.588321002788781036e-09
2.585759691403010440e-09
2.583202231436204891e-09
2.580648899134025689e-09
2.578099988522102225e-09
2.575554735858668032e-09
2.573013616106806604e-09
2.570476753003866480e-09
2.567943637603075645e-09
2.565414627345752242e-09
2.562889719690663424e-09
2.560368505817854750e-09
2.557851474505819417e-09
2.555338442609633720e-09
2.552829114290168244e-09
2.550323937033428933e-09
2.547821897469289081e-09
2.545322702174366340e-09
2.542826127105616789e-09
2.540331994116291053e-09
2.537840947127160259e-09
2.535352323677581241e-09
2.532866049302098767e-09
2.530383667863974518e-09
2.527905075074881240e-09
2.525430216065274896e-09
2.522959505354458379e-09
2.520492857632248613e-09
2.518029939726828132e-09
2.515571148839462482e-09
2.513116021242039561e-09
2.510664822046513966e-09
2.508217833053693879e-09
2.505774336778873103e-09
2.503334807618462232e-09
2.500899224520148058e-09
2.498467307081930311e-09
2.496039334118507981e-09
2.493615135802359671e-09
2.491194600052776786e-09
2.488778052649355650e-09
2.486365048651203058e-09
2.483955995649964009e-09
2.481550664491855032e-09
2.479148309691844393e-09
2.476749114914205282e-09
2.474352190069573620e-09
2.471957638083815891e-09
2.469565922354908556e-09
2.467176562285619698e-09
2.464789768925017308e-09
2.462405743128694475e-09
2.460025441194821229e-09
2.457649156394211833e-09
2.455276507791678595e-09
2.452907382646030294e-09
2.450542182521369229e-09
2.448180791458138393e-09
2.445822855365859232e-09
2.443468960690017895e-09
2.441118425609008684e-09
2.438771569471468409e-09
2.436428744288571036e-09
2.434089206035810755e-09
2.431753420479403627e-09
2.429421298679668444e-09
2.427092592246600106e-09
2.424767792486532189e-09
2.422446297090736410e-09
2.420128566405738148e-09
2.417814370516971521e-09
2.415503413676823483e-09
2.413196488398136804e-09
2.410892075929224896e-09
2.408589961156720353e-09
2.406290355617934937e-09
2.403992972110963149e-09
2.401698166907704399e-09
2.399405570253285189e-09
2.397115020956310780e-09
2.394827909600428427e-09
2.392544211538556383e-09
2.390263915791080530e-09
2.387987219502884888e-09
2.385713923533903465e-09
2.383444305472135089e-09
2.381178248067825308e-09
2.378915429075123983e-09
2.376656254593330617e-09
2.374400478204555323e-09
2.372147979559267850e-09
2.369899384543498361e-09
2.367653792628880402e-09
2.365411742554659537e-09
2.363173197522899300e-09
2.360937813922859265e-09
2.358706090548331173e-09
2.356477487053566838e-09
2.354252424093104571e-09
2.352030692352906739e-09
2.349811979496586881e-09
2.347597065489820061e-09
2.345384577737295983e-09
2.343174379529232856e-09
2.340966467308715170e-09
2.338760507897578089e-09
2.336557300938321439e-09
2.334356032610172650e-09
2.332156894213561612e-09
2.329960420663680812e-09
2.327767385307111844e-09
2.325577771025486762e-09
2.323391426180415910e-09
2.321208194479218682e-09
2.319028507052164648e-09
2.316852051845131976e-09
2.314678868727313811e-09
2.312509163737935604e-09
2.310342471219971615e-09
2.308179168597697674e-09
2.306019111546199740e-09
2.303862113202657665e-09
2.301708774472302949e-09
2.299558260491653793e-09
2.297411097360199661e-09
2.295267217052635224e-09
2.293126314589333099e-09
2.290988830638588525e-09
2.288854223552036999e-09
2.286723097055032597e-09
2.284595050738661352e-09
2.282469708041288452e-09
2.280346844570690157e-09
2.278225899271890226e-09
2.276107388999917615e-09
2.273990812813336815e-09
2.271876208212311827e-09
2.269763939614265417e-09
2.267653659761767734e-09
2.265546397809763865e-09
2.263442206069509783e-09
2.261341009584877467e-09
2.259243182770392322e-09
2.257148415779979906e-09
2.255056861823153156e-09
2.252968512070477852e-09
2.250883046202872611e-09
2.248800912651955158e-09
2.246721699781329838e-09
2.244645548545498356e-09
2.242572761835346619e-09
2.240502773326312447e-09
2.238436040115812436e-09
2.236372152950583504e-09
2.234311358682740280e-09
2.232253780437500691e-09
2.230198921430947350e-09
2.228147327495799514e-09
2.226098551210211918e-09
2.224052939967942050e-09
2.222010296175691691e-09
2.219970145844440006e-09
2.217932383913524101e-09
2.215896397303210319e-09
2.213862713933903406e-09
2.211830841111542375e-09
2.209800865328711222e-09
2.207773040943938826e-09
2.205747004652452574e-09
2.203723892816490920e-09
2.201703640464659650e-09
2.199686273355828329e-09
2.197671970201651133e-09
2.195660509231123877e-09
2.193652127771584886e-09
2.191646793381783535e-09
2.189644188917409745e-09
2.187644777416780604e-09
2.185648020995096276e-09
