2.076350558451638543e-06
2.114089669930090792e-06
2.136146900722705085e-06
2.144438158891235672e-06
2.140717514763697507e-06
2.126595482611818694e-06
2.103571695109404460e-06
2.073032882208383605e-06
2.036268765402544337e-06
1.994466539031513421e-06
1.948716421820989049e-06
1.900011404691026514e-06
1.849244804241931579e-06
1.797215865219225234e-06
1.744630876204112256e-06
1.692106488172985828e-06
1.640174634735859744e-06
1.589282835476011832e-06
1.539803273299637665e-06
1.492034751885426227e-06
1.446209995087934897e-06
1.402498862648825352e-06
1.361020848555262495e-06
1.321843157299047259e-06
1.284988285291999726e-06
1.250444073582873676e-06
1.218162573780767138e-06
1.188070707126615167e-06
1.160069196350076579e-06
1.134043847102703368e-06
1.109861296718764157e-06
1.087377738151840913e-06
1.066445320443899833e-06
1.046905349162371252e-06
1.028601744762905806e-06
1.011377556331369529e-06
9.950793230197865506e-07
9.795591304827692724e-07
9.646751489052697528e-07
9.502958985156270471e-07
9.362980978565057587e-07
9.225726157288495553e-07
9.090210384886314727e-07
8.955567706815455160e-07
8.821087558063599992e-07
8.686176386948776264e-07
8.550372038370214716e-07
8.413343066248526383e-07
8.274879488662654933e-07
8.134882997948376497e-07
7.993357463506336131e-07
7.850411319115349500e-07
7.706214211343510399e-07
7.561027542418834784e-07
7.415170889414193739e-07
7.268989223812689960e-07
7.122884167961598893e-07
6.977278295105991379e-07
6.832586054010920841e-07
6.689247485038986845e-07
6.547690218151548904e-07
6.408313580663066964e-07
6.271503263281126305e-07
6.137628452275203107e-07
6.007012388549653743e-07
5.879944234752749679e-07
5.756668422389372460e-07
5.637390395732391280e-07
5.522290822177030524e-07
5.411477483992591261e-07
5.305018868009542537e-07
5.202966707247207652e-07
5.105302717186278709e-07
5.011992008069721248e-07
4.922961607231957522e-07
4.838089963450049369e-07
4.757250066017195285e-07
4.680269594335589719e-07
4.606976398710516793e-07
4.537159941334038668e-07
4.470607740013329481e-07
4.407092889803877945e-07
4.346386095096870573e-07
4.288267275880906290e-07
4.232476609088987680e-07
4.178816421009237186e-07
4.127049946421996218e-07
4.076957055706430942e-07
4.028348348188629876e-07
3.981039535745882317e-07
3.934831086629020648e-07
3.889581446387156238e-07
3.845138718581678900e-07
3.801354639615521931e-07
3.758148445716402193e-07
3.715392284015538713e-07
3.672999590070020213e-07
3.630916536389938385e-07
3.589066766041588905e-07
3.547432369770467852e-07
3.505958783332286434e-07
3.464628884305593285e-07
3.423441023717042997e-07
3.382380514829002205e-07
3.341478788136251105e-07
3.300722019197174074e-07
3.260147067812046868e-07
3.219771717207893933e-07
3.179632289738087718e-07
3.139757539992336597e-07
3.100182132955048563e-07
3.060946572898268967e-07
3.022086622594232371e-07
2.983642963637892680e-07
2.945650297021731512e-07
2.908141830716205282e-07
2.871149589993623668e-07
2.834713402405432488e-07
2.798854189409068580e-07
2.763608505992151223e-07
2.728986551248647332e-07
2.695021497861092932e-07
2.661716040745618774e-07
2.629095977895000710e-07
2.597159085816159986e-07
2.565918286189021033e-07
2.535368703179211186e-07
2.505510327940554453e-07
2.476344934140319752e-07
2.447854497858976217e-07
2.420040464155389940e-07
2.392887572655206470e-07
2.366371068251539446e-07
2.340491459411619751e-07
2.315220700876936810e-07
2.290545752082388700e-07
2.266437054663316231e-07
2.242893286329587929e-07
2.219876092840366965e-07
2.197367616087344260e-07
2.175352275525130253e-07
2.153793870383078195e-07
2.132692708924853991e-07
2.112005956796984383e-07
2.091730168395203952e-07
2.071827132298890838e-07
2.052285822127529017e-07
2.033090381553294741e-07
2.014206304047349692e-07
1.995639088887635176e-07
1.977345298984704810e-07
1.959330610947867401e-07
1.941565785362051684e-07
1.924034828931267669e-07
1.906741652113302935e-07
1.889651300884626851e-07
1.872769686626986790e-07
1.856075105055645048e-07
1.839558327772645993e-07
1.823223485511445408e-07
1.807048439083339545e-07
1.791033956199034076e-07
1.775174372714046403e-07
1.759460440251328772e-07
1.743894010497951209e-07
1.728466802120042368e-07
1.713174512252094306e-07
1.698023499992531285e-07
1.683005607679659799e-07
1.668121616644652394e-07
1.653372745280952192e-07
1.638758921574701315e-07
1.624280503622098698e-07
1.609941578259658938e-07
1.595743906954607510e-07
1.581686926114107345e-07
1.567774061231953755e-07
1.554006990412652181e-07
1.540391338260270329e-07
1.526927478231853814e-07
1.513614806971843704e-07
1.500460742927149157e-07
1.487465398384295248e-07
1.474627113036544151e-07
1.461950859979360859e-07
1.449438160074744818e-07
1.437086762645028950e-07
1.424899735676866780e-07
1.412877709108469806e-07
1.401017396085047096e-07
1.389322545884298291e-07
1.377789156164599003e-07
1.366413771186429820e-07
1.355202512158454313e-07
1.344146184008275780e-07
1.333242190865766771e-07
1.322497871077881500e-07
1.311899874915333827e-07
1.301446842706042331e-07
1.291144937810999975e-07
1.280978751273945327e-07
1.270950202334853803e-07
1.261058402654583320e-07
1.251294987004412845e-07
1.241656213455065952e-07
1.232143493361846267e-07
1.222750356455839974e-07
1.213471103439242385e-07
1.204303226794107688e-07
1.195248590535703320e-07
1.186295321529764338e-07
1.177441810681577437e-07
1.168690596634352619e-07
1.160032204578871389e-07
1.151463072465714956e-07
1.142986001196539667e-07
1.134595578582272215e-07
1.126287304607825307e-07
1.118058080139352343e-07
1.109912686361200200e-07
1.101841141026373967e-07
1.093843193160879874e-07
1.085920220644417216e-07
1.078069124434373044e-07
1.070287707694886141e-07
1.062573033107322339e-07
1.054928874443401607e-07
1.047350881181104655e-07
1.039837085730086298e-07
1.032389842323399698e-07
1.025008641176984528e-07
1.017689608966333604e-07
1.010435107860799905e-07
1.003243956893230713e-07
9.961156698689527185e-08
9.890514638504075452e-08
9.820475517087760401e-08
9.751079428905136898e-08
9.682305907183880495e-08
9.614146962523038965e-08
9.546596009475784364e-08
9.479699387713874766e-08
9.413394684748395628e-08
9.347699682079919462e-08
9.282623563581882885e-08
9.218177288260365048e-08
9.154316823827861522e-08
9.091059307690701013e-08
9.028412733110042820e-08
8.966371300703895553e-08
8.904906540660598003e-08
8.844032341582111004e-08
8.783745872220586203e-08
8.724045967235504983e-08
8.664902818809085863e-08
8.606325651195936256e-08
8.548314521119040225e-08
8.490868043048232707e-08
8.433949760941251945e-08
8.377561158173125674e-08
8.321715230679523303e-08
8.266411958686795521e-08
8.211599712780348887e-08
8.157284872989992722e-08
8.103473146135748622e-08
8.050180285235669315e-08
7.997346744967943951e-08
7.944984847908186598e-08
7.893081793077683662e-08
7.841664358992705000e-08
7.790681967290296057e-08
7.740146983593280546e-08
7.690035377459221840e-08
7.640363376423713690e-08
7.591117692924752728e-08
7.542275254801696302e-08
7.493837494475368174e-08
7.445806572622499389e-08
7.398191708217759833e-08
7.350945829997096812e-08
7.304082258313083435e-08
7.257592915101314464e-08
7.211498000692254994e-08
7.165759334507874593e-08
7.120389820730568317e-08
7.075371369592489392e-08
7.030712069420281314e-08
6.986416966927980141e-08
6.942454622000327751e-08
6.898833817956912263e-08
6.855548464017133135e-08
6.812615570838321316e-08
6.770007532738600115e-08
6.727726140560524198e-08
6.685767739711392244e-08
6.644134098557604668e-08
6.602837948475332845e-08
6.561844501612181491e-08
6.521170203996981009e-08
6.480799845328545952e-08
6.440745078678285196e-08
6.401004505632630784e-08
6.361559652800982854e-08
6.322414961514627814e-08
6.283566663714400666e-08
6.245026201552892386e-08
6.206777596254293754e-08
6.168815487691612969e-08
6.131139706053344422e-08
6.093748944059139923e-08
6.056661043231652762e-08
6.019842617699549272e-08
5.983300717845130263e-08
5.947031421448669867e-08
5.911038566335954848e-08
5.875333418483294937e-08
5.839883036983829285e-08
5.804699997979337085e-08
5.769773381682367186e-08
5.735111125698206121e-08
5.700723315088814671e-08
5.666577395842631277e-08
5.632685093721486818e-08
5.599037000762543983e-08
5.565639730380865863e-08
5.532504189463723511e-08
5.499599955000641291e-08
5.466932494087617954e-08
5.434501465870595695e-08
5.402305543774593338e-08
5.370355797258276811e-08
5.338632060396104902e-08
5.307131647600072023e-08
5.275854651633954233e-08
5.244800978711832362e-08
5.213973403591832982e-08
5.183371076741959891e-08
5.152975365862031774e-08
5.122796680165825546e-08
5.092824106835664929e-08
5.063064467792694619e-08
5.033525129817398501e-08
5.004181098827214229e-08
4.975043477274349729e-08
4.946100183221808853e-08
4.917361907453026536e-08
4.888835925489254200e-08
4.860498112002042746e-08
4.832352610483359280e-08
4.804398949898319475e-08
4.776634965495604485e-08
4.749063251332369115e-08
4.721687398389968186e-08
4.694486383227271043e-08
4.667474532921353696e-08
4.640636484383120473e-08
4.613984944866831934e-08
4.587526370552174676e-08
4.561238900959178124e-08
4.535125058659038060e-08
4.509186429614678009e-08
4.483417736638112000e-08
4.457822344987305405e-08
4.432409010938944392e-08
4.407155963022857871e-08
4.382073110002374778e-08
4.357155426857142139e-08
4.332403322099973548e-08
4.307818490477143392e-08
4.283401843179183735e-08
4.259135496655932257e-08
4.235033062169034479e-08
4.211082601852281373e-08
4.187294598788248211e-08
4.163671108729211335e-08
4.140200974045430071e-08
4.116877058282248872e-08
4.093709029523613969e-08
4.070682373688144923e-08
4.047810557442430417e-08
4.025099237144354659e-08
4.002531363521044174e-08
3.980103938729767174e-08
3.957824319799008697e-08
3.935679575227863763e-08
3.913681059096512059e-08
3.891836825371398527e-08
3.870128851610251115e-08
3.848554306098452053e-08
3.827120594514631693e-08
3.805814142445457354e-08
3.784649524897819050e-08
3.763630246241234300e-08
3.742742282266268812e-08
3.721978976195451686e-08
3.701350301094820541e-08
3.680845469768251667e-08
3.660476279251809813e-08
3.640239576473823125e-08
3.620133693574535706e-08
3.600143588025919329e-08
3.580282111134817744e-08
3.560545108590249654e-08
3.540932628329653617e-08
3.521441162672850752e-08
3.502077955961346472e-08
3.482831359444322560e-08
3.463704579323605722e-08
3.444695880773798093e-08
3.425801989501964430e-08
3.407022023478490425e-08
3.388373874916144348e-08
3.369835240087920190e-08
3.351406435323057840e-08
3.333093048381677561e-08
3.314885522301902171e-08
3.296796903578829463e-08
3.278821542391453401e-08
3.260958290716396634e-08
3.243197413256169567e-08
3.225549340596126081e-08
3.208008250290405401e-08
3.190570259046662014e-08
3.173235560309451250e-08
3.156021014719986726e-08
3.138906264981206951e-08
3.121890079829612504e-08
3.104978432282811282e-08
3.088167288222520036e-08
3.071461405145644103e-08
3.054853707872752932e-08
3.038353360923431962e-08
3.021948903137115016e-08
3.005642509410190722e-08
2.989434445069339341e-08
2.973315048405601656e-08
2.957300735456985628e-08
2.941385563837481924e-08
2.925566137819575263e-08
2.909836994828810823e-08
2.894203866003947647e-08
2.878663252062494979e-08
2.863209776343637292e-08
2.847849976316647696e-08
2.832590664799884746e-08
2.817421977845470645e-08
2.802334571919813564e-08
2.787342532763467400e-08
2.772437622537470640e-08
2.757616913492971062e-08
2.742882897880050776e-08
2.728246686828366589e-08
2.713696149928757519e-08
2.699222746479801463e-08
2.684840492503599598e-08
2.670541183314955635e-08
2.656320795407554896e-08
2.642185535295908247e-08
2.628141040040617613e-08
2.614178377385978967e-08
2.600292724512181031e-08
2.586490209112109349e-08
2.572768383798443047e-08
2.559118367283801050e-08
2.545556544160420386e-08
2.532074962151498607e-08
2.518672621396401763e-08
2.505347050759866193e-08
2.492097625454865145e-08
2.478925022126911130e-08
2.465825167904704261e-08
2.452806576361761630e-08
2.439858275210743201e-08
2.426995181761822852e-08
2.414202685896951793e-08
2.401479842808763129e-08
2.388831305842794798e-08
2.376258597350332990e-08
2.363754563708105471e-08
2.351319713927116569e-08
2.338967182365519593e-08
2.326684329404211633e-08
2.314466612216082132e-08
2.302321664352869558e-08
2.290246100352521241e-08
2.278232806172126638e-08
2.266296728941992355e-08
2.254424448618115386e-08
2.242628349345825650e-08
2.230896405243753325e-08
2.219227403051966494e-08
2.207626058080297330e-08
2.196093637623764556e-08
2.184622225076017708e-08
2.173215464286095103e-08
2.161881820941696308e-08
2.150610830369131392e-08
2.139402603582449539e-08
2.128256999179476997e-08
2.117173529789248203e-08
2.106152939750528528e-08
2.095195484194632896e-08
2.084296081088757043e-08
2.073468900346456014e-08
2.062700835664831713e-08
2.051988740025420414e-08
2.041339487511426535e-08
2.030749539874419446e-08
2.020215460232767714e-08
2.009745723656895150e-08
1.999329081202836662e-08
1.988982226099979006e-08
1.978691589531409968e-08
1.968452138960671074e-08
1.958274721994580235e-08
1.948153293224297453e-08
1.938083968077760651e-08
1.928076853406884277e-08
1.918119665407621254e-08
1.908229257554387815e-08
1.898392187728072649e-08
1.888604105702542545e-08
1.878874437709022868e-08
1.869197887099722241e-08
1.859571963487209151e-08
1.850003808371359207e-08
1.840484117925830787e-08
1.831027652043196693e-08
1.821621278524606659e-08
1.812264157249070364e-08
1.802959810080870727e-08
1.793705820505570385e-08
1.784504052167549370e-08
1.775353304192759956e-08
1.766249762739009354e-08
1.757205911920686988e-08
1.748209677314454750e-08
1.739263100311884857e-08
1.730363304930475829e-08
1.721513313107439633e-08
1.712714773710383575e-08
1.703958882019337498e-08
1.695256867494125436e-08
1.686601284346006382e-08
1.677998901124001323e-08
1.669442580675493278e-08
1.660927306536546078e-08
1.652464698470770096e-08
1.644047049780896042e-08
1.635671825051365187e-08
1.627346891782054266e-08
1.619063370006640595e-08
1.610833991432299812e-08
1.602647705505534218e-08
1.594505607100624207e-08
1.586406049802700888e-08
1.578351124659680174e-08
1.570342900616749123e-08
1.562372394008568978e-08
1.554452461391054273e-08
1.546571783613895884e-08
1.538740868721782647e-08
1.530952054961863464e-08
1.523200886222854916e-08
1.515494682303069874e-08
1.507828602530335528e-08
1.500206234806807017e-08
1.492623634207254174e-08
1.485082016770904010e-08
1.477585274710644576e-08
1.470131241920348835e-08
1.462717281992385080e-08
1.455338139622405004e-08
1.448004750694585865e-08
1.440708706645363487e-08
1.433451083426827981e-08
1.426234691588588488e-08
1.419054566111725721e-08
1.411919969588587300e-08
1.404823448689340237e-08
1.397765412953977615e-08
1.390740615212082954e-08
1.383759187791238688e-08
1.376813402247875653e-08
1.369903495960609428e-08
1.363033091260301635e-08
1.356197095996960834e-08
1.349403970354424659e-08
1.342647456567148643e-08
1.335927522636629013e-08
1.329238716691157793e-08
1.322591228925656889e-08
1.315976732989880090e-08
1.309398569503575172e-08
1.302855315283554973e-08
1.296346972663228504e-08
1.289875932104644727e-08
1.283442831395717748e-08
1.277044030647676060e-08
1.270675471500313936e-08
1.264343349731824935e-08
1.258043471074021606e-08
1.251780553752661106e-08
1.245545719729606058e-08
1.239350980046818017e-08
1.233184281444979514e-08
1.227058381933980615e-08
1.220962668417713000e-08
1.214899350325972660e-08
1.208866722681603381e-08
1.202867853299762575e-08
1.196902095756432225e-08
1.190963707083930316e-08
1.185061427588962986e-08
1.179187010792378867e-08
1.173351025526082860e-08
1.167544811006624631e-08
1.161770005265287547e-08
1.156021734500225374e-08
1.150307991418278865e-08
1.144621913498079883e-08
1.138969147060864727e-08
1.133341577660782842e-08
1.127750108981346093e-08
1.122183242296118948e-08
1.116653669261978660e-08
1.111151135667589125e-08
1.105677919705093909e-08
1.100231211971326090e-08
1.094816330790829393e-08
1.089429112216280562e-08
1.084068917146494508e-08
1.078738763731433454e-08
1.073436200616677535e-08
1.068162743919658162e-08
1.062921129246887781e-08
1.057706321611244731e-08
1.052517469721992310e-08
1.047355400544182947e-08
1.042222075270429398e-08
1.037116657020218413e-08
1.032034637741758084e-08
1.026982925875857840e-08
1.021955673890996969e-08
1.016957996173486924e-08
1.011988734530947924e-08
1.007045605568646715e-08
1.002125943169260048e-08
9.972324257875076925e-09
9.923657825235725552e-09
9.875258085414016849e-09
9.827076857635560070e-09
9.779183373305157770e-09
9.731521523902340411e-09
9.684134010540073266e-09
9.637022602646307408e-09
9.590153040602321813e-09
9.543514415276173046e-09
9.497113658064828600e-09
9.450974166719092586e-09
9.405075049419121128e-09
9.359396880358993822e-09
9.313974833604521879e-09
9.268791349342365582e-09
9.223840950463143553e-09
9.179172530164440771e-09
9.134720573739085833e-09
9.090505908780765196e-09
9.046491873670589680e-09
9.002747759522894741e-09
8.959204660423422914e-09
8.915910187068820870e-09
8.872802474239841459e-09
8.829979619381123428e-09
8.787328647640097631e-09
8.744967811785877369e-09
8.702812190912454758e-09
8.660882228295939061e-09
8.619141446044093634e-09
8.577635958156270207e-09
8.536338929372217377e-09
8.495281184775996861e-09
8.454397214486385965e-09
8.413762620688214472e-09
8.373319357428459085e-09
8.333104011501955654e-09
8.293127000360292740e-09
8.253345705801640208e-09
8.213772816989363673e-09
8.174379748827973142e-09
8.135227302420007259e-09
8.096250823951387573e-09
8.057500688278054720e-09
8.018911215082187948e-09
7.967800736413605547e-09
7.929687321044571740e-09
7.840422825219097574e-09
7.803020179288486308e-09
7.765818386187701608e-09
7.703069632424528993e-09
7.666369996158556141e-09
7.629878483693638513e-09
7.542099782748413147e-09
7.506249663841208742e-09
7.444686462842875642e-09
7.409368605151972430e-09
7.374194126176871858e-09
7.287468175188866944e-09
7.252961033998591063e-09
7.218643831809748865e-09
7.158567341405911906e-09
7.124722122945798316e-09
7.038955363255208692e-09
7.005730420132007036e-09
6.972675374586068204e-09
6.913716101848579494e-09
6.881163540243100005e-09
6.848747127228051373e-09
6.764386486306984661e-09
6.732595835548915659e-09
6.674757065906725889e-09
6.643414610693165749e-09
6.612244610534850817e-09
6.528780043142887256e-09
6.498187843786383860e-09
6.441385517235830940e-09
6.411233365692918440e-09
6.381283396601811722e-09
6.298670128528116560e-09
6.269302939696143183e-09
6.240061533398428584e-09
6.184582538570809644e-09
6.155773737978827854e-09
6.074020955012820777e-09
6.045796810870416108e-09
6.017675506215456277e-09
5.963175635531000501e-09
5.935478275590506588e-09
5.907956203120746447e-09
5.827443208834343201e-09
5.800461735044472560e-09
5.746923519404702316e-09
5.720350506383824440e-09
5.693926127932002487e-09
5.614196162074027345e-09
5.588302583462338308e-09
5.562521879747608209e-09
5.510167682519598156e-09
5.484774056579087627e-09
5.405817655118130748e-09
5.380978261868314661e-09
5.356234030943627566e-09
5.304796649894007445e-09
5.280454430617711583e-09
5.202259190771462651e-09
5.178428839474552207e-09
5.154708181247141488e-09
5.104132367221157294e-09
5.080773925552455353e-09
5.057562176432127912e-09
4.980438227507876861e-09
4.957726458400655333e-09
4.907978526659618152e-09
4.885613279814080587e-09
4.863381894857772576e-09
4.786971812218431465e-09
4.765231068806135706e-09
4.716295023919492021e-09
4.694885728470725348e-09
4.673595594971289795e-09
4.597827811822922020e-09
4.577012582660133040e-09
4.556274044029926574e-09
4.508390976172547420e-09
4.488007666529095407e-09
4.412907174671128027e-09
4.393006600354586338e-09
4.373199666571667371e-09
4.326088781787038351e-09
4.306596371536538609e-09
4.287210564933945967e-09
4.213102026941909972e-09
4.194154278945105743e-09
4.147776726258144722e-09
4.129145521360785575e-09
4.110637700658787189e-09
4.037118354027518109e-09
4.019046217206301506e-09
3.973397159221331167e-09
3.955638605181155543e-09
3.937979074125529262e-09
3.865038180994005863e-09
3.847797495154573584e-09
3.830651145566068060e-09
3.785892338741400572e-09
3.769045732811137465e-09
3.696661065201128987e-09
3.680240799517977815e-09
3.663894956823330337e-09
3.619824485931933979e-09
3.603786409641622712e-09
3.531968907875877176e-09
3.516342821412133405e-09
3.500782837896723119e-09
3.457366042339204903e-09
3.442102656538629840e-09
3.426890050303506171e-09
3.355936469801853109e-09
3.341131514529688107e-09
3.298356705237827947e-09
3.283851604403866652e-09
3.269383838282949526e-09
3.198950984321715770e-09
3.184909190534489191e-09
3.142770414857605182e-09
3.129000157951146559e-09
3.115274219983812818e-09
3.045321566293485307e-09
3.032002254461610152e-09
2.990450785936795516e-09
2.977385496083943766e-09
2.964368330084190418e-09
2.894899737143885223e-09
2.882279477778117040e-09
2.869712877668356128e-09
2.828967455965818087e-09
2.816662607619669000e-09
2.747659250775810391e-09
2.735729304268112381e-09
2.723842619346258547e-09
2.683659092822010716e-09
2.672024777068606570e-09
2.603458529029517263e-09
2.592189450387123577e-09
2.580964658551669018e-09
2.541332824402920791e-09
2.530354356770519838e-09
2.462234164442574493e-09
2.451625314478295592e-09
2.441069468947832511e-09
2.401975027283888765e-09
2.391637863852416898e-09
2.381345582830945419e-09
2.313958459151434189e-09
2.304024272129159865e-09
2.265440060179229198e-09
2.255722010214014994e-09
2.246046755212870622e-09
2.179067312750843942e-09
2.169744969453495426e-09
2.131676431875735275e-09
2.122575804353980370e-09
2.113523941978805173e-09
2.046942019622504825e-09
2.038219171500051760e-09
2.000636885385892484e-09
1.992126508349941551e-09
1.983655457531743710e-09
1.917446774181710376e-09
1.909300652008032443e-09
1.901192490986232405e-09
1.864261767566546884e-09
1.856360531171849891e-09
1.790532603392178998e-09
1.782963177628337023e-09
1.775433457262103151e-09
1.738969526820603742e-09
1.731631255979763230e-09
1.666163460021348777e-09
1.659139399154165364e-09
1.652156907195188842e-09
1.616132286670970625e-09
1.609331244605716635e-09
1.544209190255917580e-09
1.537728174030162227e-09
1.531277973102636154e-09
1.495693415603146855e-09
1.489430357987630503e-09
1.424664289143548363e-09
1.418717465347053776e-09
1.412789622968644720e-09
1.377638153161221507e-09
1.371883606140870924e-09
1.366161757853548561e-09
1.302000549279819978e-09
1.296573023966238819e-09
1.261832828969292184e-09
1.256578863577019832e-09
1.251358543075753254e-09
1.187516226402435600e-09
1.182590021677074192e-09
1.148263668500857288e-09
1.143512586430851183e-09
1.138784169468627691e-09
1.075257587861596549e-09
1.070812670196695950e-09
1.036874162031512241e-09
1.032597697585300790e-09
1.028334603625337951e-09
9.651060623604918288e-10
9.611255216356153147e-10
9.275695320572889750e-10
9.237594450189465014e-10
9.199596921444198915e-10
8.570326886763475236e-10
8.535186477004809614e-10
8.203503025819413578e-10
8.169952637417428673e-10
8.136505673205899768e-10
7.510086939551802609e-10
7.479345116421592270e-10
7.151273252841187208e-10
7.122056696512591126e-10
7.092951437351897695e-10
6.469292999041529721e-10
6.442879719750669131e-10
6.118368742336616908e-10
6.093462179493480046e-10
6.068697844373128367e-10
5.447859704880593865e-10
5.425800525011048839e-10
5.403848416231701068e-10
5.084100261065578791e-10
5.063494340428729112e-10
4.445264665935090987e-10
4.427297251721285261e-10
4.409379505303434866e-10
4.092933843921070602e-10
4.076358082311394510e-10
3.460710298224796608e-10
3.446766149159485849e-10
3.432859780385762426e-10
3.119726165821798166e-10
3.107199042058930451e-10
2.494191831414712041e-10
2.484212753356363912e-10
2.474243054552712207e-10
2.164314325179703363e-10
2.155595460251832419e-10
1.545028446538627738e-10
1.538807306949816515e-10
1.532586167361005034e-10
1.225729957839717734e-10
1.220755708556938855e-10
6.502362232975372468e-11
6.475964743025675577e-11
6.449567253075979978e-11
1.905146631529309741e-11
1.897387774276018675e-11
0.000000000000000000e+00
0.000000000000000000e+00
0.000000000000000000e+00
0.000000000000000000e+00
0.000000000000000000e+00
0.000000000000000000e+00
0.000000000000000000e+00
0.000000000000000000e+00
0.000000000000000000e+00
0.000000000000000000e+00
0.000000000000000000e+00
0.000000000000000000e+00
0.000000000000000000e+00
0.000000000000000000e+00
0.000000000000000000e+00
0.000000000000000000e+00
0.000000000000000000e+00
0.000000000000000000e+00
0.000000000000000000e+00
0.000000000000000000e+00
0.000000000000000000e+00
0.000000000000000000e+00
0.000000000000000000e+00
0.000000000000000000e+00
0.000000000000000000e+00
0.000000000000000000e+00
0.000000000000000000e+00
0.000000000000000000e+00
0.000000000000000000e+00
0.000000000000000000e+00
0.000000000000000000e+00
0.000000000000000000e+00
0.000000000000000000e+00
0.000000000000000000e+00
0.000000000000000000e+00
0.000000000000000000e+00
0.000000000000000000e+00
0.000000000000000000e+00
0.000000000000000000e+00
0.000000000000000000e+00
0.000000000000000000e+00
0.000000000000000000e+00
0.000000000000000000e+00
0.000000000000000000e+00
0.000000000000000000e+00
0.000000000000000000e+00
0.000000000000000000e+00
0.000000000000000000e+00
0.000000000000000000e+00
0.000000000000000000e+00
0.000000000000000000e+00
0.000000000000000000e+00
0.000000000000000000e+00
0.000000000000000000e+00
0.000000000000000000e+00
0.000000000000000000e+00
0.000000000000000000e+00
0.000000000000000000e+00
0.000000000000000000e+00
0.000000000000000000e+00
0.000000000000000000e+00
0.000000000000000000e+00
0.000000000000000000e+00
0.000000000000000000e+00
0.000000000000000000e+00
0.000000000000000000e+00
0.000000000000000000e+00
0.000000000000000000e+00
0.000000000000000000e+00
0.000000000000000000e+00
0.000000000000000000e+00
0.000000000000000000e+00
0.000000000000000000e+00
0.000000000000000000e+00
0.000000000000000000e+00
0.000000000000000000e+00
0.000000000000000000e+00
0.000000000000000000e+00
0.000000000000000000e+00
0.000000000000000000e+00
0.000000000000000000e+00
0.000000000000000000e+00
0.000000000000000000e+00
0.000000000000000000e+00
0.000000000000000000e+00
0.000000000000000000e+00
0.000000000000000000e+00
0.000000000000000000e+00
0.000000000000000000e+00
0.000000000000000000e+00
0.000000000000000000e+00
0.000000000000000000e+00
0.000000000000000000e+00
0.000000000000000000e+00
0.000000000000000000e+00
0.000000000000000000e+00
0.000000000000000000e+00
0.000000000000000000e+00
0.000000000000000000e+00
0.000000000000000000e+00
0.000000000000000000e+00
0.000000000000000000e+00
0.000000000000000000e+00
0.000000000000000000e+00
0.000000000000000000e+00
0.000000000000000000e+00
0.000000000000000000e+00
0.000000000000000000e+00
0.000000000000000000e+00
0.000000000000000000e+00
0.000000000000000000e+00
0.000000000000000000e+00
0.000000000000000000e+00
0.000000000000000000e+00
0.000000000000000000e+00
0.000000000000000000e+00
0.000000000000000000e+00
0.000000000000000000e+00
0.000000000000000000e+00
0.000000000000000000e+00
0.000000000000000000e+00
0.000000000000000000e+00
0.000000000000000000e+00
0.000000000000000000e+00
0.000000000000000000e+00
0.000000000000000000e+00
0.000000000000000000e+00
0.000000000000000000e+00
0.000000000000000000e+00
0.000000000000000000e+00
0.000000000000000000e+00
0.000000000000000000e+00
0.000000000000000000e+00
0.000000000000000000e+00
0.000000000000000000e+00
0.000000000000000000e+00
0.000000000000000000e+00
0.000000000000000000e+00
0.000000000000000000e+00
0.000000000000000000e+00
0.000000000000000000e+00
0.000000000000000000e+00
0.000000000000000000e+00
0.000000000000000000e+00
0.000000000000000000e+00
0.000000000000000000e+00
0.000000000000000000e+00
0.000000000000000000e+00
0.000000000000000000e+00
0.000000000000000000e+00
0.000000000000000000e+00
0.000000000000000000e+00
0.000000000000000000e+00
0.000000000000000000e+00
0.000000000000000000e+00
0.000000000000000000e+00
0.000000000000000000e+00
0.000000000000000000e+00
0.000000000000000000e+00
0.000000000000000000e+00
0.000000000000000000e+00
0.000000000000000000e+00
0.000000000000000000e+00
0.000000000000000000e+00
0.000000000000000000e+00
0.000000000000000000e+00
0.000000000000000000e+00
0.000000000000000000e+00
0.000000000000000000e+00
0.000000000000000000e+00
0.000000000000000000e+00
0.000000000000000000e+00
0.000000000000000000e+00
0.000000000000000000e+00
0.000000000000000000e+00
0.000000000000000000e+00
0.000000000000000000e+00
0.000000000000000000e+00
0.000000000000000000e+00
0.000000000000000000e+00
0.000000000000000000e+00
0.000000000000000000e+00
0.000000000000000000e+00
0.000000000000000000e+00
0.000000000000000000e+00
0.000000000000000000e+00
0.000000000000000000e+00
0.000000000000000000e+00
0.000000000000000000e+00
0.000000000000000000e+00
0.000000000000000000e+00
0.000000000000000000e+00
0.000000000000000000e+00
0.000000000000000000e+00
0.000000000000000000e+00
0.000000000000000000e+00
0.000000000000000000e+00
0.000000000000000000e+00
0.000000000000000000e+00
0.000000000000000000e+00
0.000000000000000000e+00
0.000000000000000000e+00
0.000000000000000000e+00
0.000000000000000000e+00
0.000000000000000000e+00
0.000000000000000000e+00
0.000000000000000000e+00
0.000000000000000000e+00
0.000000000000000000e+00
0.000000000000000000e+00
0.000000000000000000e+00
0.000000000000000000e+00
0.000000000000000000e+00
0.000000000000000000e+00
0.000000000000000000e+00
0.000000000000000000e+00
0.000000000000000000e+00
0.000000000000000000e+00
0.000000000000000000e+00
0.000000000000000000e+00
0.000000000000000000e+00
0.000000000000000000e+00
0.000000000000000000e+00
0.000000000000000000e+00
0.000000000000000000e+00
0.000000000000000000e+00
0.000000000000000000e+00
0.000000000000000000e+00
0.000000000000000000e+00
0.000000000000000000e+00
0.000000000000000000e+00
0.000000000000000000e+00
0.000000000000000000e+00
0.000000000000000000e+00
0.000000000000000000e+00
0.000000000000000000e+00
0.000000000000000000e+00
0.000000000000000000e+00
0.000000000000000000e+00
0.000000000000000000e+00
0.000000000000000000e+00
0.000000000000000000e+00
0.000000000000000000e+00
0.000000000000000000e+00
0.000000000000000000e+00
0.000000000000000000e+00
0.000000000000000000e+00
0.000000000000000000e+00
0.000000000000000000e+00
0.000000000000000000e+00
0.000000000000000000e+00
0.000000000000000000e+00
0.000000000000000000e+00
0.000000000000000000e+00
0.000000000000000000e+00
0.000000000000000000e+00
0.000000000000000000e+00
0.000000000000000000e+00
0.000000000000000000e+00
0.000000000000000000e+00
0.000000000000000000e+00
0.000000000000000000e+00
0.000000000000000000e+00
0.000000000000000000e+00
0.000000000000000000e+00
0.000000000000000000e+00
0.000000000000000000e+00
0.000000000000000000e+00
0.000000000000000000e+00
0.000000000000000000e+00
0.000000000000000000e+00
0.000000000000000000e+00
0.000000000000000000e+00
0.000000000000000000e+00
0.000000000000000000e+00
0.000000000000000000e+00
0.000000000000000000e+00
0.000000000000000000e+00
0.000000000000000000e+00
0.000000000000000000e+00
0.000000000000000000e+00
0.000000000000000000e+00
0.000000000000000000e+00
0.000000000000000000e+00
0.000000000000000000e+00
0.000000000000000000e+00
0.000000000000000000e+00
0.000000000000000000e+00
0.000000000000000000e+00
0.000000000000000000e+00
0.000000000000000000e+00
0.000000000000000000e+00
0.000000000000000000e+00
0.000000000000000000e+00
0.000000000000000000e+00
0.000000000000000000e+00
0.000000000000000000e+00
0.000000000000000000e+00
0.000000000000000000e+00
0.000000000000000000e+00
0.000000000000000000e+00
0.000000000000000000e+00
0.000000000000000000e+00
0.000000000000000000e+00
0.000000000000000000e+00
0.000000000000000000e+00
0.000000000000000000e+00
0.000000000000000000e+00
0.000000000000000000e+00
0.000000000000000000e+00
0.000000000000000000e+00
0.000000000000000000e+00
0.000000000000000000e+00
0.000000000000000000e+00
0.000000000000000000e+00
0.000000000000000000e+00
0.000000000000000000e+00
0.000000000000000000e+00
0.000000000000000000e+00
0.000000000000000000e+00
0.000000000000000000e+00
0.000000000000000000e+00
0.000000000000000000e+00
0.000000000000000000e+00
0.000000000000000000e+00
0.000000000000000000e+00
0.000000000000000000e+00
0.000000000000000000e+00
0.000000000000000000e+00
0.000000000000000000e+00
0.000000000000000000e+00
0.000000000000000000e+00
0.000000000000000000e+00
0.000000000000000000e+00
0.000000000000000000e+00
0.000000000000000000e+00
0.000000000000000000e+00
0.000000000000000000e+00
0.000000000000000000e+00
0.000000000000000000e+00
0.000000000000000000e+00
0.000000000000000000e+00
0.000000000000000000e+00
0.000000000000000000e+00
0.000000000000000000e+00
0.000000000000000000e+00
0.000000000000000000e+00
0.000000000000000000e+00
0.000000000000000000e+00
0.000000000000000000e+00
0.000000000000000000e+00
0.000000000000000000e+00
0.000000000000000000e+00
0.000000000000000000e+00
0.000000000000000000e+00
0.000000000000000000e+00
0.000000000000000000e+00
0.000000000000000000e+00
0.000000000000000000e+00
0.000000000000000000e+00
0.000000000000000000e+00
0.000000000000000000e+00
0.000000000000000000e+00
0.000000000000000000e+00
0.000000000000000000e+00
0.000000000000000000e+00
0.000000000000000000e+00
0.000000000000000000e+00
0.000000000000000000e+00
0.000000000000000000e+00
0.000000000000000000e+00
0.000000000000000000e+00
0.000000000000000000e+00
0.000000000000000000e+00
0.000000000000000000e+00
0.000000000000000000e+00
0.000000000000000000e+00
0.000000000000000000e+00
0.000000000000000000e+00
0.000000000000000000e+00
0.000000000000000000e+00
0.000000000000000000e+00
0.000000000000000000e+00
0.000000000000000000e+00
0.000000000000000000e+00
0.000000000000000000e+00
0.000000000000000000e+00
0.000000000000000000e+00
0.000000000000000000e+00
0.000000000000000000e+00
0.000000000000000000e+00
0.000000000000000000e+00
0.000000000000000000e+00
0.000000000000000000e+00
0.000000000000000000e+00
0.000000000000000000e+00
0.000000000000000000e+00
0.000000000000000000e+00
0.000000000000000000e+00
0.000000000000000000e+00
0.000000000000000000e+00
0.000000000000000000e+00
0.000000000000000000e+00
0.000000000000000000e+00
0.000000000000000000e+00
0.000000000000000000e+00
0.000000000000000000e+00
0.000000000000000000e+00
0.000000000000000000e+00
0.000000000000000000e+00
0.000000000000000000e+00
0.000000000000000000e+00
0.000000000000000000e+00
0.000000000000000000e+00
0.000000000000000000e+00
0.000000000000000000e+00
0.000000000000000000e+00
0.000000000000000000e+00
0.000000000000000000e+00
0.000000000000000000e+00
0.000000000000000000e+00
0.000000000000000000e+00
0.000000000000000000e+00
0.000000000000000000e+00
0.000000000000000000e+00
0.000000000000000000e+00
0.000000000000000000e+00
0.000000000000000000e+00
0.000000000000000000e+00
0.000000000000000000e+00
0.000000000000000000e+00
0.000000000000000000e+00
0.000000000000000000e+00
0.000000000000000000e+00
0.000000000000000000e+00
0.000000000000000000e+00
0.000000000000000000e+00
0.000000000000000000e+00
0.000000000000000000e+00
0.000000000000000000e+00
0.000000000000000000e+00
0.000000000000000000e+00
0.000000000000000000e+00
0.000000000000000000e+00
0.000000000000000000e+00
0.000000000000000000e+00
0.000000000000000000e+00
0.000000000000000000e+00
0.000000000000000000e+00
0.000000000000000000e+00
0.000000000000000000e+00
0.000000000000000000e+00
0.000000000000000000e+00
0.000000000000000000e+00
0.000000000000000000e+00
0.000000000000000000e+00
0.000000000000000000e+00
0.000000000000000000e+00
0.000000000000000000e+00
0.000000000000000000e+00
0.000000000000000000e+00
0.000000000000000000e+00
0.000000000000000000e+00
0.000000000000000000e+00
0.000000000000000000e+00
0.000000000000000000e+00
0.000000000000000000e+00
0.000000000000000000e+00
0.000000000000000000e+00
0.000000000000000000e+00
0.000000000000000000e+00
0.000000000000000000e+00
0.000000000000000000e+00
0.000000000000000000e+00
0.000000000000000000e+00
0.000000000000000000e+00
0.000000000000000000e+00
0.000000000000000000e+00
0.000000000000000000e+00
0.000000000000000000e+00
0.000000000000000000e+00
0.000000000000000000e+00
0.000000000000000000e+00
0.000000000000000000e+00
0.000000000000000000e+00
0.000000000000000000e+00
0.000000000000000000e+00
0.000000000000000000e+00
0.000000000000000000e+00
0.000000000000000000e+00
0.000000000000000000e+00
0.000000000000000000e+00
0.000000000000000000e+00
0.000000000000000000e+00
0.000000000000000000e+00
0.000000000000000000e+00
0.000000000000000000e+00
0.000000000000000000e+00
0.000000000000000000e+00
0.000000000000000000e+00
0.000000000000000000e+00
0.000000000000000000e+00
0.000000000000000000e+00
0.000000000000000000e+00
0.000000000000000000e+00
0.000000000000000000e+00
0.000000000000000000e+00
0.000000000000000000e+00
0.000000000000000000e+00
0.000000000000000000e+00
0.000000000000000000e+00
0.000000000000000000e+00
0.000000000000000000e+00
0.000000000000000000e+00
0.000000000000000000e+00
0.000000000000000000e+00
0.000000000000000000e+00
0.000000000000000000e+00
0.000000000000000000e+00
0.000000000000000000e+00
0.000000000000000000e+00
0.000000000000000000e+00
0.000000000000000000e+00
0.000000000000000000e+00
0.000000000000000000e+00
0.000000000000000000e+00
0.000000000000000000e+00
0.000000000000000000e+00
0.000000000000000000e+00
0.000000000000000000e+00
0.000000000000000000e+00
0.000000000000000000e+00
0.000000000000000000e+00
0.000000000000000000e+00
0.000000000000000000e+00
0.000000000000000000e+00
0.000000000000000000e+00
0.000000000000000000e+00
0.000000000000000000e+00
0.000000000000000000e+00
0.000000000000000000e+00
0.000000000000000000e+00
0.000000000000000000e+00
0.000000000000000000e+00
0.000000000000000000e+00
0.000000000000000000e+00
0.000000000000000000e+00
0.000000000000000000e+00
0.000000000000000000e+00
0.000000000000000000e+00
0.000000000000000000e+00
0.000000000000000000e+00
0.000000000000000000e+00
0.000000000000000000e+00
0.000000000000000000e+00
0.000000000000000000e+00
0.000000000000000000e+00
0.000000000000000000e+00
0.000000000000000000e+00
0.000000000000000000e+00
0.000000000000000000e+00
0.000000000000000000e+00
0.000000000000000000e+00
0.000000000000000000e+00
0.000000000000000000e+00
0.000000000000000000e+00
0.000000000000000000e+00
0.000000000000000000e+00
0.000000000000000000e+00
0.000000000000000000e+00
0.000000000000000000e+00
0.000000000000000000e+00
0.000000000000000000e+00
0.000000000000000000e+00
0.000000000000000000e+00
0.000000000000000000e+00
0.000000000000000000e+00
0.000000000000000000e+00
0.000000000000000000e+00
0.000000000000000000e+00
0.000000000000000000e+00
0.000000000000000000e+00
0.000000000000000000e+00
0.000000000000000000e+00
0.000000000000000000e+00
0.000000000000000000e+00
0.000000000000000000e+00
0.000000000000000000e+00
0.000000000000000000e+00
0.000000000000000000e+00
0.000000000000000000e+00
0.000000000000000000e+00
0.000000000000000000e+00
0.000000000000000000e+00
0.000000000000000000e+00
0.000000000000000000e+00
0.000000000000000000e+00
0.000000000000000000e+00
0.000000000000000000e+00
0.000000000000000000e+00
0.000000000000000000e+00
0.000000000000000000e+00
0.000000000000000000e+00
0.000000000000000000e+00
0.000000000000000000e+00
0.000000000000000000e+00
0.000000000000000000e+00
0.000000000000000000e+00
0.000000000000000000e+00
0.000000000000000000e+00
0.000000000000000000e+00
0.000000000000000000e+00
0.000000000000000000e+00
0.000000000000000000e+00
0.000000000000000000e+00
0.000000000000000000e+00
0.000000000000000000e+00
0.000000000000000000e+00
0.000000000000000000e+00
0.000000000000000000e+00
0.000000000000000000e+00
0.000000000000000000e+00
0.000000000000000000e+00
0.000000000000000000e+00
0.000000000000000000e+00
0.000000000000000000e+00
0.000000000000000000e+00
0.000000000000000000e+00
0.000000000000000000e+00
0.000000000000000000e+00
0.000000000000000000e+00
0.000000000000000000e+00
0.000000000000000000e+00
0.000000000000000000e+00
0.000000000000000000e+00
0.000000000000000000e+00
0.000000000000000000e+00
0.000000000000000000e+00
0.000000000000000000e+00
0.000000000000000000e+00
0.000000000000000000e+00
0.000000000000000000e+00
0.000000000000000000e+00
0.000000000000000000e+00
0.000000000000000000e+00
0.000000000000000000e+00
0.000000000000000000e+00
0.000000000000000000e+00
0.000000000000000000e+00
0.000000000000000000e+00
0.000000000000000000e+00
0.000000000000000000e+00
0.000000000000000000e+00
0.000000000000000000e+00
0.000000000000000000e+00
0.000000000000000000e+00
0.000000000000000000e+00
0.000000000000000000e+00
0.000000000000000000e+00
0.000000000000000000e+00
0.000000000000000000e+00
0.000000000000000000e+00
0.000000000000000000e+00
0.000000000000000000e+00
0.000000000000000000e+00
0.000000000000000000e+00
0.000000000000000000e+00
0.000000000000000000e+00
0.000000000000000000e+00
0.000000000000000000e+00
0.000000000000000000e+00
0.000000000000000000e+00
0.000000000000000000e+00
0.000000000000000000e+00
0.000000000000000000e+00
0.000000000000000000e+00
0.000000000000000000e+00
0.000000000000000000e+00
0.000000000000000000e+00
0.000000000000000000e+00
0.000000000000000000e+00
0.000000000000000000e+00
0.000000000000000000e+00
0.000000000000000000e+00
0.000000000000000000e+00
0.000000000000000000e+00
0.000000000000000000e+00
0.000000000000000000e+00
0.000000000000000000e+00
0.000000000000000000e+00
0.000000000000000000e+00
0.000000000000000000e+00
0.000000000000000000e+00
0.000000000000000000e+00
0.000000000000000000e+00
0.000000000000000000e+00
0.000000000000000000e+00
0.000000000000000000e+00
0.000000000000000000e+00
0.000000000000000000e+00
0.000000000000000000e+00
0.000000000000000000e+00
0.000000000000000000e+00
0.000000000000000000e+00
0.000000000000000000e+00
0.000000000000000000e+00
0.000000000000000000e+00
0.000000000000000000e+00
0.000000000000000000e+00
0.000000000000000000e+00
0.000000000000000000e+00
0.000000000000000000e+00
0.000000000000000000e+00
0.000000000000000000e+00
0.000000000000000000e+00
0.000000000000000000e+00
0.000000000000000000e+00
0.000000000000000000e+00
0.000000000000000000e+00
0.000000000000000000e+00
0.000000000000000000e+00
0.000000000000000000e+00
0.000000000000000000e+00
0.000000000000000000e+00
0.000000000000000000e+00
0.000000000000000000e+00
0.000000000000000000e+00
0.000000000000000000e+00
0.000000000000000000e+00
0.000000000000000000e+00
0.000000000000000000e+00
0.000000000000000000e+00
0.000000000000000000e+00
0.000000000000000000e+00
0.000000000000000000e+00
0.000000000000000000e+00
0.000000000000000000e+00
0.000000000000000000e+00
0.000000000000000000e+00
0.000000000000000000e+00
0.000000000000000000e+00
0.000000000000000000e+00
0.000000000000000000e+00
0.000000000000000000e+00
0.000000000000000000e+00
0.000000000000000000e+00
0.000000000000000000e+00
0.000000000000000000e+00
0.000000000000000000e+00
0.000000000000000000e+00
0.000000000000000000e+00
0.000000000000000000e+00
0.000000000000000000e+00
0.000000000000000000e+00
0.000000000000000000e+00
0.000000000000000000e+00
0.000000000000000000e+00
0.000000000000000000e+00
0.000000000000000000e+00
0.000000000000000000e+00
0.000000000000000000e+00
0.000000000000000000e+00
0.000000000000000000e+00
0.000000000000000000e+00
0.000000000000000000e+00
0.000000000000000000e+00
0.000000000000000000e+00
0.000000000000000000e+00
0.000000000000000000e+00
0.000000000000000000e+00
0.000000000000000000e+00
0.000000000000000000e+00
0.000000000000000000e+00
0.000000000000000000e+00
0.000000000000000000e+00
0.000000000000000000e+00
0.000000000000000000e+00
0.000000000000000000e+00
0.000000000000000000e+00
0.000000000000000000e+00
0.000000000000000000e+00
0.000000000000000000e+00
0.000000000000000000e+00
0.000000000000000000e+00
0.000000000000000000e+00
0.000000000000000000e+00
0.000000000000000000e+00
0.000000000000000000e+00
0.000000000000000000e+00
0.000000000000000000e+00
0.000000000000000000e+00
0.000000000000000000e+00
0.000000000000000000e+00
0.000000000000000000e+00
0.000000000000000000e+00
0.000000000000000000e+00
0.000000000000000000e+00
0.000000000000000000e+00
0.000000000000000000e+00
0.000000000000000000e+00
0.000000000000000000e+00
0.000000000000000000e+00
0.000000000000000000e+00
0.000000000000000000e+00
0.000000000000000000e+00
0.000000000000000000e+00
0.000000000000000000e+00
0.000000000000000000e+00
0.000000000000000000e+00
0.000000000000000000e+00
0.000000000000000000e+00
0.000000000000000000e+00
0.000000000000000000e+00
0.000000000000000000e+00
0.000000000000000000e+00
0.000000000000000000e+00
0.000000000000000000e+00
0.000000000000000000e+00
0.000000000000000000e+00
0.000000000000000000e+00
0.000000000000000000e+00
0.000000000000000000e+00
0.000000000000000000e+00
0.000000000000000000e+00
0.000000000000000000e+00
0.000000000000000000e+00
0.000000000000000000e+00
0.000000000000000000e+00
0.000000000000000000e+00
0.000000000000000000e+00
0.000000000000000000e+00
0.000000000000000000e+00
0.000000000000000000e+00
0.000000000000000000e+00
0.000000000000000000e+00
0.000000000000000000e+00
0.000000000000000000e+00
0.000000000000000000e+00
0.000000000000000000e+00
0.000000000000000000e+00
0.000000000000000000e+00
0.000000000000000000e+00
0.000000000000000000e+00
0.000000000000000000e+00
0.000000000000000000e+00
0.000000000000000000e+00
0.000000000000000000e+00
0.000000000000000000e+00
0.000000000000000000e+00
0.000000000000000000e+00
0.000000000000000000e+00
0.000000000000000000e+00
0.000000000000000000e+00
0.000000000000000000e+00
0.000000000000000000e+00
0.000000000000000000e+00
0.000000000000000000e+00
0.000000000000000000e+00
0.000000000000000000e+00
0.000000000000000000e+00
0.000000000000000000e+00
0.000000000000000000e+00
0.000000000000000000e+00
0.000000000000000000e+00
0.000000000000000000e+00
0.000000000000000000e+00
0.000000000000000000e+00
0.000000000000000000e+00
0.000000000000000000e+00
0.000000000000000000e+00
0.000000000000000000e+00
0.000000000000000000e+00
0.000000000000000000e+00
0.000000000000000000e+00
0.000000000000000000e+00
0.000000000000000000e+00
0.000000000000000000e+00
0.000000000000000000e+00
0.000000000000000000e+00
0.000000000000000000e+00
0.000000000000000000e+00
0.000000000000000000e+00
0.000000000000000000e+00
0.000000000000000000e+00
0.000000000000000000e+00
0.000000000000000000e+00
0.000000000000000000e+00
0.000000000000000000e+00
0.000000000000000000e+00
0.000000000000000000e+00
0.000000000000000000e+00
0.000000000000000000e+00
0.000000000000000000e+00
0.000000000000000000e+00
0.000000000000000000e+00
0.000000000000000000e+00
0.000000000000000000e+00
0.000000000000000000e+00
0.000000000000000000e+00
0.000000000000000000e+00
0.000000000000000000e+00
0.000000000000000000e+00
0.000000000000000000e+00
0.000000000000000000e+00
0.000000000000000000e+00
0.000000000000000000e+00
0.000000000000000000e+00
0.000000000000000000e+00
0.000000000000000000e+00
0.000000000000000000e+00
0.000000000000000000e+00
0.000000000000000000e+00
0.000000000000000000e+00
0.000000000000000000e+00
0.000000000000000000e+00
0.000000000000000000e+00
0.000000000000000000e+00
0.000000000000000000e+00
0.000000000000000000e+00
0.000000000000000000e+00
0.000000000000000000e+00
0.000000000000000000e+00
0.000000000000000000e+00
0.000000000000000000e+00
0.000000000000000000e+00
0.000000000000000000e+00
0.000000000000000000e+00
0.000000000000000000e+00
0.000000000000000000e+00
0.000000000000000000e+00
0.000000000000000000e+00
0.000000000000000000e+00
0.000000000000000000e+00
0.000000000000000000e+00
0.000000000000000000e+00
0.000000000000000000e+00
0.000000000000000000e+00
0.000000000000000000e+00
0.000000000000000000e+00
0.000000000000000000e+00
0.000000000000000000e+00
0.000000000000000000e+00
0.000000000000000000e+00
0.000000000000000000e+00
0.000000000000000000e+00
0.000000000000000000e+00
0.000000000000000000e+00
0.000000000000000000e+00
0.000000000000000000e+00
0.000000000000000000e+00
0.000000000000000000e+00
0.000000000000000000e+00
0.000000000000000000e+00
0.000000000000000000e+00
0.000000000000000000e+00
0.000000000000000000e+00
0.000000000000000000e+00
0.000000000000000000e+00
0.000000000000000000e+00
0.000000000000000000e+00
0.000000000000000000e+00
0.000000000000000000e+00
0.000000000000000000e+00
0.000000000000000000e+00
0.000000000000000000e+00
0.000000000000000000e+00
0.000000000000000000e+00
0.000000000000000000e+00
0.000000000000000000e+00
0.000000000000000000e+00
0.000000000000000000e+00
0.000000000000000000e+00
0.000000000000000000e+00
0.000000000000000000e+00
0.000000000000000000e+00
0.000000000000000000e+00
0.000000000000000000e+00
0.000000000000000000e+00
0.000000000000000000e+00
0.000000000000000000e+00
0.000000000000000000e+00
0.000000000000000000e+00
0.000000000000000000e+00
0.000000000000000000e+00
0.000000000000000000e+00
0.000000000000000000e+00
0.000000000000000000e+00
0.000000000000000000e+00
0.000000000000000000e+00
0.000000000000000000e+00
0.000000000000000000e+00
0.000000000000000000e+00
0.000000000000000000e+00
0.000000000000000000e+00
0.000000000000000000e+00
0.000000000000000000e+00
0.000000000000000000e+00
0.000000000000000000e+00
0.000000000000000000e+00
0.000000000000000000e+00
0.000000000000000000e+00
0.000000000000000000e+00
0.000000000000000000e+00
0.000000000000000000e+00
0.000000000000000000e+00
0.000000000000000000e+00
0.000000000000000000e+00
0.000000000000000000e+00
0.000000000000000000e+00
0.000000000000000000e+00
0.000000000000000000e+00
0.000000000000000000e+00
0.000000000000000000e+00
0.000000000000000000e+00
0.000000000000000000e+00
0.000000000000000000e+00
0.000000000000000000e+00
0.000000000000000000e+00
0.000000000000000000e+00
0.000000000000000000e+00
0.000000000000000000e+00
0.000000000000000000e+00
0.000000000000000000e+00
0.000000000000000000e+00
0.000000000000000000e+00
0.000000000000000000e+00
0.000000000000000000e+00
0.000000000000000000e+00
0.000000000000000000e+00
0.000000000000000000e+00
0.000000000000000000e+00
0.000000000000000000e+00
0.000000000000000000e+00
0.000000000000000000e+00
0.000000000000000000e+00
0.000000000000000000e+00
0.000000000000000000e+00
0.000000000000000000e+00
0.000000000000000000e+00
0.000000000000000000e+00
0.000000000000000000e+00
