8.546440417071168979e-07
9.157697500824955499e-07
9.738660075196008660e-07
1.029047417608065862e-06
1.081425880420993374e-06
1.131107064615010995e-06
1.178196098473046760e-06
1.222787536587055734e-06
1.264975231554449980e-06
1.304848027090647167e-06
1.342491378242266797e-06
1.377986816276852094e-06
1.411411580409999970e-06
1.442840355867757870e-06
1.472344521820975993e-06
1.499992748788329107e-06
1.525849379750259796e-06
1.549978171996644267e-06
1.572438140982744400e-06
1.593289206482391061e-06
1.612583921138099445e-06
1.630377419603997621e-06
1.646721778006270223e-06
1.661667262736579160e-06
1.675260345290189797e-06
1.687550117718458158e-06
1.698583082066724772e-06
1.708399984299931157e-06
1.717049386166594052e-06
1.724569217624745041e-06
1.731001291286051020e-06
1.736388698122017308e-06
1.740764476571457570e-06
1.744172207560703246e-06
1.746643771754755057e-06
1.748219649730192657e-06
1.748929883893427884e-06
1.748814976761628732e-06
1.747900587943837312e-06
1.746226992726784743e-06
1.743820148904607644e-06
1.740713779503013505e-06
1.736937755224405600e-06
1.732522069304413735e-06
1.727497753763525642e-06
1.721888119604265656e-06
1.715727074830032042e-06
1.709036862125076440e-06
1.701848881299110548e-06
1.694187236196809255e-06
1.686075827085519117e-06
1.677543798145970126e-06
1.668612615990244745e-06
1.659306097856947815e-06
1.649650225491575810e-06
1.639664843126747891e-06
1.629373946003009884e-06
1.618800236762254769e-06
1.607961996073224616e-06
1.596881684388074878e-06
1.585580306837974181e-06
1.574074082203163073e-06
1.562383922321045370e-06
1.550530243862277353e-06
1.538526167281724765e-06
1.526391119396341944e-06
1.514143377976058458e-06
1.501796957306337553e-06
1.489366246682216472e-06
1.476868128587930864e-06
1.464317691015435496e-06
1.451726070065229718e-06
1.439108539244412701e-06
1.426478438289931911e-06
1.413847058810600730e-06
1.401224819419836917e-06
1.388625485031457263e-06
1.376059572422184234e-06
1.363536466127400622e-06
1.351065517846039620e-06
1.338657557294109827e-06
1.326320604432036038e-06
1.314063258140537128e-06
1.301892701172397116e-06
1.289817921573969874e-06
1.277845413853054248e-06
1.265981169111050483e-06
1.254230809646714577e-06
1.242602053281901358e-06
1.231099948320959606e-06
1.219727499163918303e-06
1.208490803299368487e-06
1.197394221928801765e-06
1.186441488937657346e-06
1.175637228213890815e-06
1.164981695710540418e-06
1.154479176655779870e-06
1.144133744960480296e-06
1.133946471580372546e-06
1.123919835027140000e-06
1.114053403961187058e-06
1.104349752534529048e-06
1.094811594463550645e-06
1.085437608491955745e-06
1.076229809169066709e-06
1.067186911910889471e-06
1.058309308824518159e-06
1.049597953215253268e-06
1.041051329817946708e-06
1.032671575838093988e-06
1.024453615133036982e-06
1.016399922204870010e-06
1.008507398462822091e-06
1.000775998691459021e-06
9.932039764407481909e-07
9.857899232498098422e-07
9.785313150917087009e-07
9.714263797000549477e-07
9.644738077694138117e-07
9.576699540361947936e-07
9.510146652195797641e-07
9.445032524195476592e-07
9.381358894235634027e-07
9.319072858635690251e-07
9.258170361831431967e-07
9.198602505703275987e-07
9.140356076917141537e-07
9.083394601435245906e-07
9.027691619307383351e-07
8.973216411825990361e-07
8.919943560965497463e-07
8.867836578240710833e-07
8.816852256482036549e-07
8.766983007804540230e-07
8.718164427259218386e-07
8.670409295709164542e-07
8.623633408448235611e-07
8.577848203341469373e-07
8.532987847585256082e-07
8.489033019250571173e-07
8.445940889825011241e-07
8.403689678224156406e-07
8.362251240144731578e-07
8.321572036523760146e-07
8.281652119849600625e-07
8.242421591610732916e-07
8.203869582897535923e-07
8.165948818492263450e-07
8.128634665189156907e-07
8.091912839249490237e-07
8.055718244566236354e-07
8.020058747901775891e-07
7.984868612549814220e-07
7.950133497730733609e-07
7.915828979843219253e-07
7.881905799785906651e-07
7.848365250057278745e-07
7.815152069061329241e-07
7.782256109494442711e-07
7.749654632942277634e-07
7.717296469476659957e-07
7.685181822021589432e-07
7.653270747220661119e-07
7.621543575407863931e-07
7.589986299281298504e-07
7.558560893507873601e-07
7.527258059282865090e-07
7.496054971404146874e-07
7.464920225027440565e-07
7.433850900296453770e-07
7.402817122448342103e-07
7.371801234730751111e-07
7.340798018566492980e-07
7.309775818899033607e-07
7.278729341259148567e-07
7.247644718993757770e-07
7.216498340257153248e-07
7.185286641381670484e-07
7.153998856464093490e-07
7.122617631567036789e-07
7.091138559107339372e-07
7.059549802028366020e-07
7.027840563464990960e-07
6.996006200014095326e-07
6.964037356434475312e-07
6.931927392719183399e-07
6.899673274246692013e-07
6.867270254259557336e-07
6.834714266732657292e-07
6.802003776339156003e-07
6.769135099354893537e-07
6.736106178243773267e-07
6.702914279445290769e-07
6.669560571364107139e-07
6.636048261957727361e-07
6.602373575326752334e-07
6.568541198577338536e-07
6.534557586514635158e-07
6.500422338696036388e-07
6.466137801146630536e-07
6.431710768355973079e-07
6.397139718703332958e-07
6.362432084852157052e-07
6.327598987252319488e-07
6.292643722743721715e-07
6.257566231394544376e-07
6.222385242757403904e-07
6.187104929895862074e-07
6.151727782889794655e-07
6.116267594178542444e-07
6.080733114811741236e-07
6.045124943136802280e-07
6.009453530241208734e-07
5.973737146736703245e-07
5.937981354634372897e-07
5.902185934805947204e-07
5.866378418179242042e-07
5.830561485487484262e-07
5.794743468939197438e-07
5.758932515392186773e-07
5.723149496355179414e-07
5.687392628047461697e-07
5.651668876922954412e-07
5.616005749092781334e-07
5.580404753647360551e-07
5.544875040064110162e-07
5.509426921582150144e-07
5.474080149692196718e-07
5.438842238788914875e-07
5.403710746830791777e-07
5.368713446461152705e-07
5.333851617545407707e-07
5.299129161628112218e-07
5.264567046903470180e-07
5.230171656105295102e-07
5.195953034146648492e-07
5.161915948373218507e-07
5.128075553333475621e-07
5.094441655628604429e-07
5.061024589861695785e-07
5.027822330278704611e-07
4.994847311715527914e-07
4.962120552077670284e-07
4.929635690818811575e-07
4.897397022960703819e-07
4.865423722295355422e-07
4.833720286521820881e-07
4.802291306499380950e-07
4.771139693938836745e-07
4.740282092510325921e-07
4.709712395733896190e-07
4.679445309379260558e-07
4.649480545098775965e-07
4.619831243147644989e-07
4.590486887036163228e-07
4.561466264411969709e-07
4.532766764425864201e-07
4.504396872550469457e-07
4.476349603848863565e-07
4.448640353725240317e-07
4.421264871836508424e-07
4.394227558211251093e-07
4.367533390589777715e-07
4.341179611618376494e-07
4.315169687185295806e-07
4.289501611474906588e-07
4.264187720398814032e-07
4.239215566444588041e-07
4.214586854157294990e-07
4.190318023029568311e-07
4.166388094335410272e-07
4.142804039991364079e-07
4.119558221004588777e-07
4.096675796511862186e-07
4.074134052193171424e-07
4.051916623512901704e-07
4.030048169737106905e-07
4.008524694525693884e-07
3.987331727799414689e-07
3.966475793840981021e-07
3.945948589516753265e-07
3.925745239628283035e-07
3.905883969859993535e-07
3.886332561498863037e-07
3.867096850271183640e-07
3.848170060922565185e-07
3.829571798867333485e-07
3.811271229639861889e-07
3.793269529410564140e-07
3.775566153658091284e-07
3.758151901155916299e-07
3.741044058213968460e-07
3.724209893722182359e-07
3.707643656622116000e-07
3.691355665615642537e-07
3.675349248575225280e-07
3.659601128739276317e-07
3.644113823034196450e-07
3.628868081462853467e-07
3.613870864225498499e-07
3.599130594785826452e-07
3.584621174704512027e-07
3.570330875360941299e-07
3.556267493874924550e-07
3.542421101749770009e-07
3.528803921930019230e-07
3.515386019680960219e-07
3.502151059802402603e-07
3.489124290640367386e-07
3.476288124666138559e-07
3.463646187570339055e-07
3.451171936666620899e-07
3.438859632149904197e-07
3.426718053444637558e-07
3.414744177942017900e-07
3.402931479103605904e-07
3.391255888108178184e-07
3.379716896031924249e-07
3.368314946171415870e-07
3.357053576339645874e-07
3.345923433486472938e-07
3.334903225792929337e-07
3.323992247006491660e-07
3.313191427910700522e-07
3.302502271392674751e-07
3.291919452533626022e-07
3.281421498836294150e-07
3.271004355292066512e-07
3.260675596664440872e-07
3.250429146537205867e-07
3.240266225854330144e-07
3.230165797068196342e-07
3.220122040572950662e-07
3.210141189745754061e-07
3.200219417349681354e-07
3.190355977228988852e-07
3.180536966590793863e-07
3.170757992641182521e-07
3.161015185575482994e-07
3.151311826674448528e-07
3.141645777369781502e-07
3.132011258660402905e-07
3.122395826674375717e-07
3.112802414018012416e-07
3.103225149645067848e-07
3.093671240389975225e-07
3.084135911505724381e-07
3.074606278710917266e-07
3.065081657651638483e-07
3.055561604247755728e-07
3.046048146671406793e-07
3.036537814945821675e-07
3.027029099816762407e-07
3.017511110136975474e-07
3.007988526102678211e-07
2.998456644203309109e-07
2.988920547564557285e-07
2.979378142395725665e-07
2.969821312063526354e-07
2.960251142554485623e-07
2.950665320915862588e-07
2.941066936280839293e-07
2.931452438948314964e-07
2.921827782263420053e-07
2.912180948608407533e-07
2.902517419356618798e-07
2.892831736159133133e-07
2.883130484720964711e-07
2.873410197175776938e-07
2.863674264138409447e-07
2.853916274062743924e-07
2.844141013221022684e-07
2.834344284595433917e-07
2.824529775315234884e-07
2.814697174709174673e-07
2.804847255981698713e-07
2.794979752437837529e-07
2.785097165006479283e-07
2.775196275867240357e-07
2.765279079033828528e-07
2.755347022434369411e-07
2.745401860323965304e-07
2.735443772124815983e-07
2.725475063681095019e-07
2.715493881827466931e-07
2.705500351552801100e-07
2.695497455628563611e-07
2.685488352415993285e-07
2.675473628098311508e-07
2.665456127088626354e-07
2.655433319503738724e-07
2.645405512230858189e-07
2.635375642815161055e-07
2.625347826673554394e-07
2.615323489516994129e-07
2.605304799323502430e-07
2.595289172870415565e-07
2.585276679077124622e-07
2.575270525836099396e-07
2.565276061637596650e-07
2.555296547625881842e-07
2.545328459364253506e-07
2.535374428013152086e-07
2.525430872079763256e-07
2.515507248331241684e-07
2.505602083005804957e-07
2.495722676370304993e-07
2.485863493864851150e-07
2.476029358132832631e-07
2.466218345336003725e-07
2.456436098737089631e-07
2.446679705496273723e-07
2.436956302817989363e-07
2.427265034018037078e-07
2.417609924937580183e-07
2.407988767803108233e-07
2.398399119723136766e-07
2.388848385063251204e-07
2.379336401014295842e-07
2.369871166968369331e-07
2.360444992569373624e-07
2.351063779366215364e-07
2.341723664784363081e-07
2.332432598284831699e-07
2.323184715753865337e-07
2.313987561944795138e-07
2.304841613357725584e-07
2.295746078404184072e-07
2.286705340195809669e-07
2.277710990196036746e-07
2.268777237223154748e-07
2.259893905434093135e-07
2.251071909943035016e-07
2.242301180728218524e-07
2.233592890216130759e-07
2.224941185141602336e-07
2.216346195998053183e-07
2.207813664376054913e-07
2.199338538691309106e-07
2.190932269068731659e-07
2.182581569668854406e-07
2.174297478315841160e-07
2.166073914477959493e-07
2.157913837211447826e-07
2.149818989413280029e-07
2.141784744176939156e-07
2.133821911803561075e-07
2.125918765659036143e-07
2.118085084771483264e-07
2.110313936845835970e-07
2.102610051896341573e-07
2.094972924147981358e-07
2.087396973091073772e-07
2.079892760691305865e-07
2.072448666401393969e-07
2.065074281621469099e-07
2.057762276761086918e-07
2.050517090500980071e-07
2.043339680623125064e-07
2.036223181967412267e-07
2.029177338444557190e-07
2.022188729372078677e-07
2.015268721232215497e-07
2.008409144445554194e-07
2.001615153030098673e-07
1.994890380104025169e-07
1.988223509241803417e-07
1.981621621710368135e-07
1.975075741496785707e-07
1.968593188886765196e-07
1.962170787487457664e-07
1.955809488195334728e-07
1.949513052769502643e-07
1.943274383787966720e-07
1.937091948903961571e-07
1.930966038190934474e-07
1.924892615187570612e-07
1.918881088409793075e-07
1.912922264841709570e-07
1.907022814227740984e-07
1.901180022805878854e-07
1.895385913850124066e-07
1.889647103479373965e-07
1.883954002656799396e-07
1.878314979733790411e-07
1.872723253194424341e-07
1.867184422200735659e-07
1.861698542856163386e-07
1.856259848178072853e-07
1.850865058797650260e-07
1.845514972791614119e-07
1.840206155964670856e-07
1.834945973133751485e-07
1.829727863795295213e-07
1.824555933030503183e-07
1.819430331400488153e-07
1.814343113669977222e-07
1.809294763764589738e-07
1.804281722939613232e-07
1.799307250618645932e-07
1.794369931518555060e-07
1.789470177105844922e-07
1.784609798447944267e-07
1.779787998163865745e-07
1.774996938964823528e-07
1.770238808802963006e-07
1.765508680486598208e-07
1.760812407317399020e-07
1.756144427555697096e-07
1.751509160083704235e-07
1.746905304143575343e-07
1.742332639254751832e-07
1.737784784929535310e-07
1.733262996534413957e-07
1.728764014183839481e-07
1.724292054068004282e-07
1.719842618836066988e-07
1.715419972807743796e-07
1.711022224432520009e-07
1.706649878370349996e-07
1.702297019398171318e-07
1.697964137715867530e-07
1.693648552072461303e-07
1.689354891364387146e-07
1.685078146129288723e-07
1.680821670675924148e-07
1.676585427408233658e-07
1.672369208701368081e-07
1.668168295295432860e-07
1.663981681454661886e-07
1.659807982335322685e-07
1.655650858284550046e-07
1.651505495227513592e-07
1.647375017847871088e-07
1.643260582862841499e-07
1.639160708341246806e-07
1.635074362836111447e-07
1.630996759723964012e-07
1.626929749896149013e-07
1.622874193498795457e-07
1.618827534828440097e-07
1.614792557603065522e-07
1.610769437011558598e-07
1.606755952827410426e-07
1.602754985978445403e-07
1.598759531013134089e-07
1.594773815765116392e-07
1.590794153121228675e-07
1.586823599735412054e-07
1.582860006497355667e-07
1.578903972731230777e-07
1.574957884474162443e-07
1.571018897855408373e-07
1.567087353609086376e-07
1.563161408499096960e-07
1.559240545810460708e-07
1.555326851414511299e-07
1.551417668833470748e-07
1.547515257170329832e-07
1.543618371883576881e-07
1.539728357644368145e-07
1.535845498411552404e-07
1.531966262592535035e-07
1.528093692488893196e-07
1.524223907161681554e-07
1.520361034930979559e-07
1.516502695235517606e-07
1.512648773675343477e-07
1.508800651153421533e-07
1.504957649323098328e-07
1.501121283255610065e-07
1.497288242675259600e-07
1.493461849572633518e-07
1.489638663134013699e-07
1.485821625327198575e-07
1.482009508071252235e-07
1.478201372467845614e-07
1.474399725979506600e-07
1.470602346693443308e-07
1.466811766741144185e-07
1.463026002909260006e-07
1.459247106132562328e-07
1.455472756112920756e-07
1.451705001026690318e-07
1.447943332193264593e-07
1.444186222364805308e-07
1.440436503069541160e-07
1.436692157779363669e-07
1.432955093166363546e-07
1.429224421831311995e-07
1.425502110968405229e-07
1.421785669156847090e-07
1.418077007124123519e-07
1.414376412404899058e-07
1.410681833445286711e-07
1.406994358572232014e-07
1.403315698486601907e-07
1.399644483014203063e-07
1.395980538718818341e-07
1.392328812512067898e-07
1.388683098779328737e-07
1.385046442598394673e-07
1.381420689169198116e-07
1.377802818285704022e-07
1.374191977404089638e-07
1.370594009381288311e-07
1.367003212005303912e-07
1.363422022620866672e-07
1.359854523590483807e-07
1.356295428766912604e-07
1.352746745629845055e-07
1.349210523902650283e-07
1.345684397633351819e-07
1.342167376163820001e-07
1.338664084662922067e-07
1.335170843085613218e-07
1.331688973247414369e-07
1.328218928456390504e-07
1.324762665180719923e-07
1.321317120803878165e-07
1.317883808731358199e-07
1.314464725758272279e-07
1.311056958481843975e-07
1.307660200764870892e-07
1.304279240873446848e-07
1.300908865536542518e-07
1.297551499334604808e-07
1.294210029073840831e-07
1.290879749466945354e-07
1.287563604509897496e-07
1.284262091930744950e-07
1.280973878894200242e-07
1.277698358967726763e-07
1.274437076055588446e-07
1.271191630556685379e-07
1.267958683164206092e-07
1.264738960020583609e-07
1.261537443678558777e-07
1.258347257897084009e-07
1.255170804030354525e-07
1.252011795735508618e-07
1.248865916896474201e-07
1.245733419716305469e-07
1.242617186915810807e-07
1.239516930628963738e-07
1.236430061084384411e-07
1.233356505507648976e-07
1.230301582631807348e-07
1.227258207381983642e-07
1.224228619389483396e-07
1.221217141629598562e-07
1.218218808456921788e-07
1.215234274170497041e-07
1.212266198729964379e-07
1.209314290269965089e-07
1.206376145107532976e-07
1.203451392813852033e-07
1.200544448975381802e-07
1.197649071124962664e-07
1.194768105135603416e-07
1.191903949962966271e-07
1.189053084018378670e-07
1.186216065312879052e-07
1.183395092262473758e-07
1.180589918210916954e-07
1.177798673551961928e-07
1.175021376807228418e-07
1.172258663189805085e-07
1.169508277146098881e-07
1.166772476721925380e-07
1.164051590447602618e-07
1.161343153434344094e-07
1.158649326674453960e-07
1.155970004340390045e-07
1.153305176189260849e-07
1.150654757855936317e-07
1.148017963548665831e-07
1.145391966888745058e-07
1.142781809123228991e-07
1.140182346357930656e-07
1.137594903460389362e-07
1.135022921000139644e-07
1.132462487159093155e-07
1.129914236808362768e-07
1.127380547130284414e-07
1.124860278168872672e-07
1.122352610577722719e-07
1.119856393317952281e-07
1.117372365621234619e-07
1.114898464558016754e-07
1.112436598197795635e-07
1.109987559327596148e-07
1.107548141027806604e-07
1.105121661466247356e-07
1.102706869377513218e-07
1.100304189790666506e-07
1.097913628797885813e-07
1.095534323185883156e-07
1.093163737272989381e-07
1.090805633275339017e-07
1.088455538325644206e-07
1.086115726922779260e-07
1.083787775445034228e-07
1.081468338514912376e-07
1.079159166240721022e-07
1.076861409582595109e-07
1.074574179923245463e-07
1.072297185058011029e-07
1.070030174211021427e-07
1.067770151134833884e-07
1.065521310683238072e-07
1.063279173147183086e-07
1.061045666104101875e-07
1.058822568060550388e-07
1.056606881592437844e-07
1.054399578487429606e-07
1.052202311734186828e-07
1.050014267243666137e-07
1.047834655717850501e-07
1.045663704955544456e-07
1.043498610053080941e-07
1.041342988700698416e-07
1.039192886104252302e-07
1.037050240276767442e-07
1.034916175493862560e-07
1.032788264716246747e-07
1.030667816585974239e-07
1.028555196180200870e-07
1.026450737267892390e-07
1.024353307589469038e-07
1.022263314905718117e-07
1.020178445412882363e-07
1.018101254918662752e-07
1.016029012302050773e-07
1.013962895353108264e-07
1.011903876790826680e-07
1.009850464437391160e-07
1.007803341186049683e-07
1.005762277027189575e-07
1.003728055952933679e-07
1.001700205204720299e-07
9.996787614713181900e-08
9.976622283175131426e-08
9.956506223103692351e-08
9.936455314824633976e-08
9.916444437228824823e-08
9.896484874561587032e-08
9.876591325648894942e-08
9.856743446530580807e-08
9.836941893612575845e-08
9.817197245071270795e-08
9.797518435779976116e-08
9.777882406409003501e-08
9.758302717832489318e-08
9.738758052162917017e-08
9.719276677960893973e-08
9.699828573910197850e-08
9.680426301389392008e-08
9.661074104575250201e-08
9.641771715786830927e-08
9.622511126907041372e-08
9.603293195967419262e-08
9.584124831079103014e-08
9.565014062400172546e-08
9.545939684791934260e-08
9.526914538139766854e-08
9.507923034430962974e-08
9.488992816985051567e-08
9.470089765123486823e-08
9.451230870351937260e-08
9.432418859158555684e-08
9.413650405526725061e-08
9.394922810434398661e-08
9.376233523385965610e-08
9.357594751933022997e-08
9.339004453929557277e-08
9.320452241077098984e-08
9.301943079770831829e-08
9.283470176813923756e-08
9.265055272915803219e-08
9.246667299726806239e-08
9.228322291968009565e-08
9.210023274370509739e-08
9.191766733263102886e-08
9.173551017566287174e-08
9.155371303354371400e-08
9.137241258658967020e-08
9.119160458245184962e-08
9.101114116557491888e-08
9.083114317213463487e-08
9.065148609873136303e-08
9.047244314408837432e-08
9.029365478574352582e-08
9.011531897409353937e-08
8.993741608308724208e-08
8.976000150522110766e-08
8.958297520630771629e-08
8.940632473333487835e-08
8.923012517003207275e-08
8.905448548449065350e-08
8.887917119734443223e-08
8.870436575367000983e-08
8.852988049606765212e-08
8.835602843609874723e-08
8.818247073415959924e-08
8.800938451447979922e-08
8.783671792833695328e-08
8.766460068002413871e-08
8.749286746998169213e-08
8.732154730089834689e-08
8.715064797812314170e-08
8.698031892543731202e-08
8.681041841120535467e-08
8.664095439672570158e-08
8.647194547210704209e-08
8.630337294038351009e-08
8.613537802811010333e-08
8.596771521028939340e-08
8.580052014023519264e-08
8.563383875210481906e-08
8.546759913166950741e-08
8.530185404628927017e-08
8.513649809685927176e-08
8.497166469763720701e-08
8.480738346563034228e-08
8.464350568614844014e-08
8.448014511529937812e-08
8.431715698845036197e-08
8.415478773281863729e-08
8.399280275109790253e-08
8.383129200177248773e-08
8.367021055163580681e-08
8.350973376103482596e-08
8.334962493757228690e-08
8.319004430825434106e-08
8.303088082008420919e-08
8.287228046100615099e-08
8.271420887222322618e-08
8.255654812488377582e-08
8.239943923837050308e-08
8.224267981110737249e-08
8.208657705016530125e-08
8.193080651188889532e-08
8.177555981419570886e-08
8.162072930044088876e-08
8.146652481081204958e-08
8.131268039894690540e-08
8.115936083494596043e-08
8.100647920906248305e-08
8.085415666620778526e-08
8.070236225562856780e-08
8.055099204588323400e-08
8.040015822506160000e-08
8.024967801345127085e-08
8.009982308249963503e-08
7.995033371670082296e-08
7.980132940171992370e-08
7.965273977098701562e-08
7.950476071094955954e-08
7.935712231039384014e-08
7.921003350315049436e-08
7.906336288192966001e-08
7.891723498262785385e-08
7.877162561770045938e-08
7.862645886487790570e-08
7.848177112865554721e-08
7.833748421892571452e-08
7.819367193992300362e-08
7.805037617740679067e-08
7.790742734633501464e-08
7.776491502630755085e-08
7.762291719966544818e-08
7.748135482500645544e-08
7.734025531907053654e-08
7.719954227999008518e-08
7.705933707094621598e-08
7.691962416291200650e-08
7.678037171548883555e-08
7.664156369212087360e-08
7.650319019693146230e-08
7.636512916308141127e-08
7.622767398112213174e-08
7.609046837706209517e-08
7.595373909975251511e-08
7.581737205587901104e-08
7.568157157904021415e-08
7.554606790873609312e-08
7.541101357476740842e-08
7.527636145939519229e-08
7.514218165651091856e-08
7.500847298610769446e-08
7.487514814839598482e-08
7.474224277352294104e-08
7.460969607044872294e-08
7.447751015160604275e-08
7.434583589429921857e-08
7.421439889143575753e-08
7.408336155634757324e-08
7.395274326753779955e-08
7.382256483363475745e-08
7.369271467888858745e-08
7.356322176947821619e-08
7.343413092427405648e-08
7.330546838027379782e-08
7.317725353018828118e-08
7.304936051463858746e-08
7.292187300504934735e-08
7.279466807901723971e-08
7.266784577336205103e-08
7.254144911459542002e-08
7.241528744845461824e-08
7.228947171881616142e-08
7.216404298075021741e-08
7.203900938446471472e-08
7.191427734122845718e-08
7.178986051525254196e-08
7.166580697112505975e-08
7.154214545871129102e-08
7.141889574992676291e-08
7.129593072095369728e-08
7.117333524603395016e-08
7.105100566265756214e-08
7.092900295622929156e-08
7.080741689204112183e-08
7.068601267108704407e-08
7.056495080058761697e-08
7.044420856573442264e-08
7.032386574271623562e-08
7.020376404733985290e-08
7.008397566361008944e-08
6.996449648347939475e-08
6.984536375264872205e-08
6.972661637002091302e-08
6.960814385878672014e-08
6.948998962712283426e-08
6.937212298824053927e-08
6.925447874242325938e-08
6.913727789774315999e-08
6.902023851396865548e-08
6.890352499742338227e-08
6.878706221759253925e-08
6.867097642798210965e-08
6.855511753167640858e-08
6.843957953121536708e-08
6.832428214143471681e-08
6.820929751403027299e-08
6.809465554109252924e-08
6.798031377089320966e-08
6.786622733766144894e-08
6.775246520699190578e-08
6.763888889886029106e-08
6.752564935817743989e-08
6.741271595480127472e-08
6.729996016512855784e-08
6.718747817778663534e-08
6.707528516464308621e-08
6.696342450659881693e-08
6.685176636847035030e-08
6.674038475870663194e-08
6.662925277141991237e-08
6.651841689709743913e-08
6.640791445324477626e-08
6.629764539759196997e-08
6.618765021700761540e-08
6.607792228441842978e-08
6.596837237364108089e-08
6.585919903515546875e-08
6.575022491169335968e-08
6.564147579500172616e-08
6.553297078794065217e-08
6.542474495412455659e-08
6.531680629270362970e-08
6.520908579827138046e-08
6.510160821170860962e-08
6.499436850415159255e-08
6.488742040821795233e-08
6.478078059831903241e-08
6.467436045020091941e-08
6.456819634219625081e-08
6.446228686402825666e-08
6.435654827044410725e-08
6.425117307233128298e-08
6.414598381235126463e-08
6.404101199234625136e-08
6.393627309409990294e-08
6.383180231195690926e-08
6.372760900930798986e-08
6.362361540777495610e-08
6.351986893710136186e-08
6.341634817732083713e-08
6.331310013072969990e-08
6.321014252680220925e-08
6.310740196855984396e-08
6.300490434587700673e-08
6.290267356470749150e-08
6.280059627961010016e-08
6.269883592614787080e-08
6.259732147823251342e-08
6.249596064987477224e-08
6.239484827726967249e-08
6.229397638605994294e-08
6.219341334334392744e-08
6.209299361394125919e-08
6.199287012195580000e-08
6.189292950164403083e-08
6.179323791109663213e-08
6.169383060356149430e-08
6.159467479804959965e-08
6.149571524012425389e-08
6.139701970735416351e-08
6.129852665932018873e-08
6.120021829068042788e-08
6.110226354611607661e-08
6.100441626663741721e-08
6.090683425922855464e-08
6.080945162436752700e-08
6.071232755160495768e-08
6.061544170525208800e-08
6.051876666459586665e-08
6.042230191203828234e-08
6.032605240852028175e-08
6.023006910306437779e-08
6.013435156927550831e-08
6.003883686533310713e-08
5.994354814538176926e-08
5.984850861820232209e-08
5.975361739351778991e-08
5.965899193052909976e-08
5.956463892337737816e-08
5.947039265036426660e-08
5.937641050863830199e-08
5.928262005111416366e-08
5.918911746778771840e-08
5.909578527386438280e-08
5.900269376452904016e-08
5.890978035131944049e-08
5.881709422411229842e-08
5.872466195380176713e-08
5.863248299944216624e-08
5.854050183047065163e-08
5.844873552219396013e-08
5.835719949790814637e-08
5.826580042309507758e-08
5.817468231115674023e-08
5.808380375945749541e-08
5.799303358938917130e-08
5.790251360343231271e-08
5.781217687406870863e-08
5.772212206585201879e-08
5.763222977041420453e-08
5.754256448215941782e-08
5.745307109098799248e-08
5.736379326008783264e-08
5.727475570675381545e-08
5.718597019771488422e-08
5.709736668245027252e-08
5.700897291791336787e-08
5.692080318370189570e-08
5.683277022811400253e-08
5.674496831259842169e-08
5.665743718430328449e-08
5.656998902158432794e-08
5.648279176747190996e-08
5.639575676996648755e-08
5.630895671681926449e-08
5.622237323727395480e-08
5.613595957061994182e-08
5.604973668878950843e-08
5.596370770210879293e-08
5.587789603167273812e-08
5.579231815775142572e-08
5.570695138659709810e-08
5.562175268064040582e-08
5.553677079079513017e-08
5.545196115617728144e-08
5.536728864143536757e-08
5.528292056816605731e-08
5.519867032056388467e-08
5.511459145795145280e-08
5.503068266624978826e-08
5.494697544164715853e-08
5.486352808522809373e-08
5.478018993363420677e-08
5.469708528862494218e-08
5.461412112293811454e-08
5.453135413090687148e-08
5.444880501688844145e-08
5.436648230270922674e-08
5.428431908287522294e-08
5.420233965017885412e-08
5.412056645018854123e-08
5.403891304963608480e-08
5.395745746232983419e-08
5.387625785412021554e-08
5.379513246035663180e-08
5.371422188773010905e-08
5.363345947684676512e-08
5.355289276073655080e-08
5.347254495950804887e-08
5.339231832660867296e-08
5.331230170942463757e-08
5.323242828825841508e-08
5.315274071662534560e-08
5.307326171522737654e-08
5.299399513149592226e-08
5.291487582437144519e-08
5.283593363727974257e-08
5.275717595993875326e-08
5.267853033524036794e-08
5.260008816372928108e-08
5.252187932988193435e-08
5.244373706144091309e-08
5.236580249845405777e-08
5.228800793332285083e-08
5.221039725407876877e-08
5.213299597171966737e-08
5.205570451796067174e-08
5.197861905714976236e-08
5.190165984894222335e-08
5.182487844854364694e-08
5.174829845982547092e-08
5.167191541177324568e-08
5.159567347296728865e-08
5.151959329703016864e-08
5.144370260485152193e-08
5.136792115320313877e-08
5.129229851984326665e-08
5.121692293709969720e-08
5.114161952926329270e-08
5.106649039347284976e-08
5.099149384942608478e-08
5.091666875062354997e-08
5.084206431753967525e-08
5.076755033221019696e-08
5.069323237256843832e-08
5.061903035072147727e-08
5.054499270714948379e-08
5.047113817436726446e-08
5.039746863353970393e-08
5.032395695492807724e-08
5.025058123530991501e-08
5.017738327758492544e-08
5.010432851649713498e-08
5.003136937093160448e-08
4.995865083399108020e-08
4.988606565117681934e-08
4.981356723254271425e-08
4.974125629617189001e-08
4.966907793265723248e-08
4.959707602548797752e-08
4.952523618324879283e-08
4.945351156030076069e-08
4.938195782866123402e-08
4.931053019466171027e-08
4.923925844259187190e-08
4.916816803686673968e-08
4.909725029235588323e-08
4.902646119345676297e-08
4.895581681910067198e-08
4.888535144800821297e-08
4.881498905307357950e-08
4.874474678896917869e-08
4.867474274670711044e-08
4.860482413526167320e-08
4.853502686642105415e-08
4.846537348051947553e-08
4.839586673494167169e-08
4.832655187310546745e-08
4.825735270452697903e-08
4.818828811013175346e-08
4.811936429050404361e-08
4.805057530279584058e-08
4.798193845881606799e-08
4.791347028177409064e-08
4.784516813591907891e-08
4.777698654615646205e-08
4.770894198833982580e-08
4.764106370690767117e-08
4.757328323892517030e-08
4.750562070905739465e-08
4.743818265509806350e-08
4.737082325822890047e-08
4.730357704507852312e-08
4.723647220093691958e-08
4.716950425493919452e-08
4.710270868854113954e-08
4.703603558076675693e-08
4.696947851026457413e-08
4.690306901351381379e-08
4.683677674314246287e-08
4.677062560794321242e-08
4.670463719622226993e-08
4.663880559727257625e-08
4.657308754615863295e-08
4.650750576574494859e-08
4.644207612349442351e-08
4.637675807671503412e-08
4.631152500444635603e-08
4.624650365225829098e-08
4.618159383165126122e-08
4.611675233534490554e-08
4.605208020942395966e-08
4.598751415591036205e-08
4.592309322860547088e-08
4.585883095279506193e-08
4.579464346232957085e-08
4.573063410840654244e-08
4.566670999024432592e-08
4.560292081274608828e-08
4.553928268852062317e-08
4.547579251353629927e-08
4.541244205336893067e-08
4.534919674691301190e-08
4.528608809932211155e-08
4.522310948228813826e-08
4.516021041616392605e-08
4.509745107521694750e-08
4.503488170936974241e-08
4.497236741233065760e-08
4.490997456843421705e-08
4.484769280524579448e-08
4.478553926366162667e-08
4.472354910888050272e-08
4.466166695025488284e-08
4.459988550047708856e-08
4.453824027891026301e-08
4.447669479817686463e-08
4.441528006780236784e-08
4.435400907663203114e-08
4.429288553566277363e-08
4.423187187132966766e-08
4.417097038750672338e-08
4.411019985892936270e-08
4.404954511340049099e-08
4.398895759978303788e-08
4.392853010437815440e-08
4.386825936412775046e-08
4.380802941101515099e-08
4.374793686186142549e-08
4.368793445825793295e-08
4.362805433153264218e-08
4.356833910139502091e-08
4.350871191206310096e-08
4.344918664099913170e-08
4.338978340999618045e-08
4.333047847534298362e-08
4.327129353240678249e-08
4.321224388397197943e-08
4.315333533456080908e-08
4.309453179112134381e-08
4.303583070731240201e-08
4.297725413920884236e-08
4.291878655547559750e-08
4.286038459332501128e-08
4.280212240855932189e-08
4.274402099360237227e-08
4.268596630371976840e-08
4.262801868634557805e-08
4.257017238620064088e-08
4.251244067998110120e-08
4.245484087839741984e-08
4.239735800446843037e-08
4.233994644827045228e-08
4.228267530864827875e-08
4.222547976268529361e-08
4.216839684860707657e-08
4.211143992862967916e-08
4.205461260378000427e-08
4.199790550785888873e-08
4.194128186239400066e-08
4.188476917666761726e-08
4.182837630273517022e-08
4.177205728717067205e-08
4.171582150482757376e-08
4.165976445380818635e-08
4.160378424693992612e-08
4.154785557981760981e-08
4.149206615124415142e-08
4.143635598621395207e-08
4.138075088734243605e-08
4.132530098332188268e-08
4.126990881857404520e-08
4.121463175382867135e-08
4.115944068825636268e-08
4.110435291566926613e-08
4.104936723429835962e-08
4.099450740098919812e-08
4.093977333877825046e-08
4.088512721558745037e-08
4.083057521234987972e-08
4.077613551413500375e-08
4.072179402494210221e-08
4.066751258502106679e-08
4.061334371198957252e-08
4.055933320326206922e-08
4.050537039084335879e-08
4.045147980549977844e-08
4.039770895624657139e-08
4.034402294805535828e-08
4.029044304134590598e-08
4.023699230015304242e-08
4.018359535808840389e-08
4.013032362940108925e-08
4.007712074825847056e-08
4.002401866807983397e-08
3.997101612700181676e-08
3.991813219958435130e-08
3.986536644603072599e-08
3.981267935309966090e-08
3.976008595157608689e-08
3.970759961165804403e-08
3.965520586591027017e-08
3.960286821785494002e-08
3.955063830571613246e-08
3.949856015906452947e-08
3.944652790175030343e-08
3.939456098487526594e-08
3.934271326335139230e-08
3.929094291346975044e-08
3.923927004450189829e-08
3.918772802091019207e-08
3.913623697688050698e-08
3.908485584446147999e-08
3.903354978781114568e-08
3.898233671900156064e-08
3.893121439522581975e-08
3.888020645848900907e-08
3.882930902703104386e-08
3.877850161833926847e-08
3.872777089884057322e-08
3.867713801145537995e-08
3.862660365214830313e-08
3.857613262330167790e-08
3.852573396166516643e-08
3.847548945397803409e-08
3.842531612720755008e-08
3.837517864757283641e-08
3.832516764939127323e-08
3.827521552354516458e-08
3.822535983695554990e-08
3.817563472808231680e-08
3.812597606266251709e-08
3.807638425932497300e-08
3.802690891481734526e-08
3.797749103421599934e-08
3.792816652883798680e-08
3.787894509339626507e-08
3.782982290247958975e-08
3.778080468010587108e-08
3.773185497276744746e-08
3.768299500921300108e-08
3.763423350457114368e-08
3.758555403741942080e-08
3.753692215704056571e-08
3.748839665719584214e-08
3.744000509844870851e-08
3.739165352603193832e-08
3.734336069502315844e-08
3.729518021402113355e-08
3.724706596142941223e-08
3.719903703995322360e-08
3.715113786437795221e-08
3.710328457504309354e-08
3.705551636094439187e-08
3.700783909906378002e-08
3.696022943032236181e-08
3.691270618839581079e-08
3.686528453367172282e-08
3.681795898145029878e-08
3.677072916252972266e-08
3.672356296770681080e-08
3.667647992326281635e-08
3.662949696741089662e-08
3.658258681065001463e-08
3.653571865994308902e-08
3.648896296842148162e-08
3.644232907924773286e-08
3.639573125414944400e-08
3.634919120668521234e-08
3.630275841765048576e-08
3.625638764759655645e-08
3.621009719742862886e-08
3.616393319624070630e-08
3.611781374909565890e-08
3.607177044993728395e-08
3.602582052662560569e-08
3.597993083434449902e-08
3.593412297590959438e-08
3.588841143697529658e-08
3.584278906800249266e-08
3.579726172304501222e-08
3.575179525043057716e-08
3.570641362454927308e-08
3.566111798438645844e-08
3.561589980612252347e-08
3.557072549987054114e-08
3.552563312934033170e-08
3.548067337468762176e-08
3.543576238756774423e-08
3.539088508092365716e-08
3.534612073243215842e-08
3.530140321985720753e-08
3.525677277177263665e-08
3.521224683719481533e-08
3.516779366513342040e-08
3.512338285670224418e-08
3.507908700631212650e-08
3.503483312252143523e-08
3.499066097157620796e-08
3.494656722525503132e-08
3.490256546022551364e-08
3.485865464850994126e-08
3.481482199201220856e-08
3.477104918695915017e-08
3.472735155055062363e-08
3.468374443955086609e-08
3.464019519352750412e-08
3.459668643477110085e-08
3.455328860594159975e-08
3.450999437882360145e-08
3.446672827249933955e-08
3.442351861203642402e-08
3.438040402980157432e-08
3.433734473656240288e-08
3.429435715823061230e-08
3.425148567797872933e-08
3.420865733211470867e-08
3.416588988822796851e-08
3.412321598471084016e-08
3.408058903317097878e-08
3.403803883014032665e-08
3.399556698321991973e-08
3.395318041620794662e-08
3.391088356016007102e-08
3.386864940950732393e-08
3.382647905824568967e-08
3.378438358718079475e-08
3.374236647579955867e-08
3.370040174849198906e-08
3.365847921089232416e-08
3.361666602979365792e-08
3.357494567195592243e-08
3.353325020118893342e-08
3.349161127376090774e-08
3.345005999204139525e-08
3.340856164339731364e-08
3.336713024411297504e-08
3.332580957291817519e-08
3.328453119266229855e-08
3.324330573027893487e-08
3.320217382726651428e-08
3.316108355318250555e-08
3.312006559205350334e-08
3.307911819463868104e-08
3.303825456308075166e-08
3.299747375146360568e-08
3.295676001975383883e-08
3.291609908120421836e-08
3.287550390842079299e-08
3.283499301430786577e-08
3.279453459395615263e-08
3.275410898383064563e-08
3.271377659806528666e-08
3.267354606410886601e-08
3.263334663691730211e-08
3.259318222704715955e-08
3.255311198161668152e-08
3.251308058528747835e-08
3.247312443470530455e-08
3.243325310665759585e-08
3.239345049474403876e-08
3.235368208316877306e-08
3.231400212111908212e-08
3.227436422857669661e-08
3.223479206353446932e-08
3.219528571824222915e-08
3.215585470172873987e-08
3.211649834996121886e-08
3.207721784300344244e-08
3.203798201298773449e-08
3.199881627901416998e-08
3.195972009941047310e-08
3.192068506402356825e-08
3.188169316105517409e-08
3.184274594122144672e-08
3.180390224582732467e-08
3.176513227398261644e-08
3.172638162323075031e-08
3.168768807661056863e-08
3.164906939139489302e-08
3.161049896658415987e-08
3.157198749800220735e-08
3.153357487326431970e-08
3.149520421654330854e-08
3.145687249235763441e-08
3.141863468173635433e-08
3.138042732471429651e-08
3.134228594270204155e-08
3.130420375946645166e-08
3.126619842671357345e-08
3.122826446590841947e-08
3.119039778334472609e-08
3.115257228321852576e-08
3.111481271027653049e-08
3.107712201185987752e-08
3.103948848741409899e-08
3.100189210052041137e-08
3.096434266499386231e-08
3.092689389673376206e-08
3.088951028149622288e-08
3.085214479815035508e-08
3.081483507395240712e-08
3.077759675829135973e-08
3.074040310728245552e-08
3.070326472361826011e-08
3.066622126852729723e-08
3.062922022544537586e-08
3.059225296729032537e-08
3.055537605208124224e-08
3.051852872932871812e-08
3.048174203809585446e-08
3.044501234614787823e-08
3.040835393000541625e-08
3.037176183402412476e-08
3.033523657373869569e-08
3.029875475107892404e-08
3.026233303504043636e-08
3.022597113386670444e-08
3.018966947040451650e-08
3.015340974856354081e-08
3.011718241037238450e-08
3.008104205640862564e-08
3.004498307495325720e-08
3.000894717143066788e-08
2.997294225732180780e-08
2.993702099682739383e-08
2.990113104875082538e-08
2.986530829545516573e-08
2.982955085904721485e-08
2.979386078215221569e-08
2.975819878378531251e-08
2.972259855040447588e-08
2.968705777606044509e-08
2.965155658883616601e-08
2.961611453090538384e-08
2.958073105462291039e-08
2.954541413876250954e-08
2.951016201511377720e-08
2.947496882196651988e-08
2.943981359195319466e-08
2.940471227210618616e-08
2.936967866992809642e-08
2.933469738250726793e-08
2.929974490937648009e-08
2.926484051154745933e-08
2.923002863072269915e-08
2.919527280769908478e-08
2.916053384141860333e-08
2.912584258761729979e-08
2.909122132882431444e-08
2.905663541013450401e-08
2.902210481353685082e-08
2.898765319306167837e-08
2.895325239016274031e-08
2.891887914029531135e-08
2.888457574419478012e-08
2.885031482000176126e-08
2.881610030726781595e-08
2.878193850909332998e-08
2.874783726235021581e-08
2.871379773555350810e-08
2.867982154892769062e-08
2.864589723831459325e-08
2.861201216581323637e-08
2.857817760988569496e-08
2.854440900634952975e-08
2.851068853770522957e-08
2.847699570323819483e-08
2.844334854675925832e-08
2.840978922489968154e-08
2.837628676942155231e-08
2.834280041638782468e-08
2.830935480229573343e-08
2.827597978579251593e-08
2.824263498689191000e-08
2.820934802291522215e-08
2.817612955006897470e-08
2.814296726668190652e-08
2.810982955484316830e-08
2.807674968970078263e-08
2.804372357873168504e-08
2.801073306312708196e-08
2.797779606110400253e-08
2.794491077151438235e-08
2.791208714605302090e-08
2.787932498463882464e-08
2.784661632486828143e-08
2.781393930271005440e-08
2.778131854244027119e-08
2.774875329492181742e-08
2.771623660437439327e-08
2.768375550568554463e-08
2.765130131751798039e-08
2.761892205673217136e-08
2.758661745885531135e-08
2.755433523002671653e-08
2.752207263162342239e-08
2.748988367794121492e-08
2.745772530227280799e-08
2.742562203772183028e-08
2.739356065204412217e-08
2.736157806624648477e-08
2.732962301484960870e-08
2.729769767911419766e-08
2.726585077484585400e-08
2.723402461086875830e-08
2.720224948325650728e-08
2.717052092039246715e-08
2.713884976823442561e-08
2.710723057223960012e-08
2.707567222831857967e-08
2.704415751845148059e-08
2.701267849622650148e-08
2.698124450692241519e-08
2.694987094129330616e-08
2.691854171654594377e-08
2.688723824001463149e-08
2.685597032487518502e-08
2.682477914530651292e-08
2.679364947839411587e-08
2.676253572619582935e-08
2.673144724927010649e-08
2.670043001187438841e-08
2.666943566822942903e-08
2.663850053913182939e-08
2.660760754204330227e-08
2.657678385854625979e-08
2.654598437175767816e-08
2.651521689543869534e-08
2.648452279267643602e-08
2.645384766222796789e-08
2.642322135405050958e-08
2.639263991393883657e-08
2.636211263639076970e-08
2.633163542522379750e-08
2.630121566342987462e-08
2.627083749148438101e-08
2.624049229445608182e-08
2.621019207375232283e-08
2.617994821652669495e-08
2.614974552281928515e-08
2.611957093131851597e-08
2.608942444670557457e-08
2.605934879067137200e-08
2.602933829786250043e-08
2.599934646248954266e-08
2.596937232465108442e-08
2.593946488418006738e-08
2.590958629209084032e-08
2.587975458090355154e-08
2.584995911233436976e-08
2.582023751850998289e-08
2.579054615542250893e-08
2.576087957770491445e-08
2.573127474514752161e-08
2.570170127301753372e-08
2.567216412606885928e-08
2.564267255178768031e-08
2.561322537613206557e-08
2.558383084831486022e-08
2.555448959358931613e-08
2.552519375960134674e-08
2.549592518745348803e-08
2.546670619749092429e-08
2.543752876998454500e-08
2.540839811347492880e-08
2.537930108298879596e-08
2.535022464356655811e-08
2.532119666104105747e-08
2.529224179515792300e-08
2.526332338963594953e-08
2.523441811972225106e-08
2.520554612350471108e-08
2.517673362241948858e-08
2.514794300556865892e-08
2.511920454567549942e-08
2.509050861091660530e-08
2.506187066230878068e-08
2.503325325622986319e-08
2.500466532891980131e-08
2.497614473183254991e-08
2.494763992484630743e-08
2.491917931729657052e-08
2.489075784278545717e-08
2.486238365913361773e-08
2.483405669464234698e-08
2.480577774714257575e-08
2.477754379470396827e-08
2.474933216437344234e-08
2.472116763378507440e-08
2.469304776847751353e-08
2.466496842213050197e-08
2.463691932166376754e-08
2.460888855886477112e-08
2.458090970177759414e-08
2.455300025761636390e-08
2.452512139242450316e-08
2.449725480654354401e-08
2.446942193470866999e-08
2.444164471937059033e-08
2.441388824799644387e-08
2.438618206783108256e-08
2.435851481571179029e-08
2.433090451388314690e-08
2.430331427102950641e-08
2.427574964742983625e-08
2.424825046855499231e-08
2.422076808613173419e-08
2.419332506037571904e-08
2.416591949683422622e-08
2.413855670620663518e-08
2.411124019438217684e-08
2.408397160263672755e-08
2.405674315282688475e-08
2.402954014797412774e-08
2.400238143758438176e-08
2.397525811373242488e-08
2.394817952205172498e-08
2.392113245922695452e-08
2.389410560172596131e-08
2.386711420650205444e-08
2.384018630303749511e-08
2.381330710095645886e-08
2.378643971690277564e-08
2.375958984759917589e-08
2.373280037567151049e-08
2.370603323646232454e-08
2.367930629749637559e-08
2.365260881176653285e-08
2.362597460851933606e-08
2.359937354819567512e-08
2.357279022147555557e-08
2.354624933015980545e-08
2.351975184751573772e-08
2.349327559976796178e-08
2.346683891263575715e-08
2.344043822575508647e-08
2.341408384587050744e-08
2.338776967142650332e-08
2.336150244154822789e-08
2.333526925518803459e-08
2.330905977748914619e-08
2.328288968079910677e-08
2.325676385913002527e-08
2.323067323632270152e-08
2.320460958838204609e-08
2.317856221054008893e-08
2.315256156502387364e-08
2.312662397937019673e-08
2.310071681801368946e-08
2.307482119212890241e-08
2.304895011730218561e-08
2.302313481096325369e-08
2.299733565373758848e-08
2.297158358373785591e-08
2.294585735529456388e-08
2.292019171910169079e-08
2.289455055743746117e-08
2.286892943189819720e-08
2.284335296464774802e-08
2.281781243100984245e-08
2.279229442457580508e-08
2.276681363895719736e-08
2.274136697970972558e-08
2.271596446998204900e-08
2.269060027238175735e-08
2.266528054740859275e-08
2.263999357274198760e-08
2.261472805632631820e-08
2.258950131363922624e-08
2.256431564168848089e-08
2.253916409431422374e-08
2.251403888966859666e-08
2.248892962704595173e-08
2.246386018503828162e-08
2.243885101204134968e-08
2.241387769890421775e-08
2.238891582868589486e-08
2.236397082792413342e-08
2.233908163761931260e-08
2.231421178308482667e-08
2.228937789906573090e-08
2.226457048321290375e-08
2.223982098076424422e-08
2.221510463229951794e-08
2.219040260877129233e-08
2.216573288786359346e-08
2.214111163221708546e-08
2.211650446533575698e-08
2.209193401013027155e-08
2.206739571145065501e-08
2.204289602370121356e-08
2.201843521443317221e-08
2.199401573368139990e-08
2.196963090903781904e-08
2.194526924268265072e-08
2.192094383144991329e-08
2.189664490266918455e-08
2.187239169490979822e-08
2.184816670518087043e-08
2.182396069284925501e-08
2.179977412786338946e-08
2.177563838565904047e-08
2.175155759688898671e-08
2.172749454860330347e-08
2.170344087959681838e-08
2.167941892145644764e-08
2.165544279181001516e-08
2.163148199924886547e-08
2.160756430459360764e-08
2.158367120457362155e-08
2.155983312156304403e-08
2.153601555450175106e-08
2.151221673693561506e-08
2.148845778304152749e-08
2.146473334237969539e-08
2.144102711219831363e-08
2.141735550842073666e-08
2.139371460050571627e-08
2.137011303035851289e-08
2.134654689300768214e-08
2.132301925439353883e-08
2.129952614453486316e-08
2.127605017393523534e-08
2.125261298941631423e-08
2.122920236858118163e-08
2.120583182078743004e-08
2.118248832088385787e-08
2.115916245386367205e-08
2.113585629916496480e-08
2.111259914421184565e-08
2.108939327939332530e-08
2.106620395330470186e-08
2.104302359038505387e-08
2.101987253855879232e-08
2.099676633988524554e-08
2.097367340014399380e-08
2.095062273821133771e-08
2.092759306058026936e-08
2.090461606530419968e-08
2.088166265437147465e-08
2.085872471469669492e-08
2.083582020384554714e-08
2.081295504597174512e-08
2.079010355941353239e-08
2.076728521389420721e-08
2.074449656220010899e-08
2.072174231068716767e-08
2.069902281532759347e-08
2.067634139624437730e-08
2.065369177803246377e-08
2.063106571550902174e-08
2.060846709115810428e-08
2.058589380658792025e-08
2.056336226572308952e-08
2.054085731032270544e-08
2.051837272357654354e-08
2.049590046701884660e-08
2.047346831571625907e-08
2.045108743378933907e-08
2.042873526015025353e-08
2.040639308212198540e-08
2.038406427023656726e-08
2.036178295813771030e-08
2.033952186958177329e-08
2.031728493153393718e-08
2.029507917714169709e-08
2.027291314837763104e-08
2.025078372749477816e-08
2.022866775643500971e-08
2.020657034784288311e-08
2.018452110678515044e-08
2.016248977018809584e-08
2.014048090648421236e-08
2.011850193660857016e-08
2.009655071127064217e-08
2.007463599105824296e-08
2.005275294951013781e-08
2.003090458491517886e-08
2.000908728231012096e-08
1.998728500467061951e-08
1.996551803778328116e-08
1.994377306989138861e-08
1.992206709873066938e-08
1.990038606146441988e-08
1.987872189970572013e-08
1.985707058575070196e-08
1.983546155516955059e-08
1.981390273542169200e-08
1.979236476738830505e-08
1.977083592614683286e-08
1.974932168654237892e-08
1.972785483884160543e-08
1.970640431384159310e-08
1.968497935088112581e-08
1.966358132181210470e-08
1.964222369776712020e-08
1.962089992063461296e-08
1.959958861009596241e-08
1.957829504560827042e-08
1.955704715274534165e-08
1.953581747976227864e-08
1.951460770688789861e-08
1.949342676945952727e-08
1.947227208526546117e-08
1.945115171569560355e-08
1.943006185590708202e-08
1.940900545845292017e-08
1.938797778867703645e-08
1.936696889397537459e-08
1.934598846236801489e-08
1.932502916569778486e-08
1.930410873007464454e-08
1.928321208007369663e-08
1.926233367739250488e-08
1.924146649927429611e-08
1.922063266293384244e-08
1.919984515195023974e-08
1.917908988215212882e-08
1.915834330743971915e-08
1.913760470058491969e-08
1.911690572203950589e-08
1.909623336431025951e-08
1.907557571098297690e-08
1.905495452907063525e-08
1.903435295617880699e-08
1.901379635704791746e-08
1.899325838054385806e-08
1.897273417105686619e-08
1.895223712484844046e-08
1.893177752786846651e-08
1.891132703166988170e-08
1.889090645786571769e-08
1.887051053416292177e-08
1.885013996560921992e-08
1.882980469303754086e-08
1.880949700424467018e-08
1.878922247545893111e-08
1.876897117891287814e-08
1.874873309483803956e-08
1.872852868153385007e-08
1.870834717153071575e-08
1.868819714254335800e-08
1.866806996231872153e-08
1.864795751896653078e-08
1.862785733098862323e-08
1.860779586239683891e-08
1.858778021912261929e-08
1.856778419643223628e-08
1.854779662367372027e-08
1.852782063063512162e-08
1.850788619851613342e-08
1.848797058350008645e-08
1.846807171847984522e-08
1.844820651323205304e-08
1.842836504206714209e-08
1.840856282823235511e-08
1.838877566741183314e-08
1.836900336825685300e-08
1.834925912958287642e-08
1.832954815353275282e-08
1.830984641883045944e-08
1.829017324087915928e-08
1.827052340314174337e-08
1.825089781277461636e-08
1.823130614031587934e-08
1.821174080160192921e-08
1.819220679628311830e-08
1.817269546616997778e-08
1.815319582277952179e-08
1.813372977295265843e-08
1.811428259573719092e-08
1.809486809584977700e-08
1.807547562076848765e-08
1.805609805115626483e-08
1.803672998046267679e-08
1.801739684336130325e-08
1.799810532248813802e-08
1.797884042476313110e-08
1.795958365374485556e-08
