2.641968793479517773e-05
2.793404164326043478e-05
2.931505528612489726e-05
3.057059649562126192e-05
3.170798236465838292e-05
3.273401341709353550e-05
3.365504535282187591e-05
3.447699046469208153e-05
3.520536091159553050e-05
3.584537343917933275e-05
3.640193509250457351e-05
3.687971031498026638e-05
3.728314660773302897e-05
3.761647849325740016e-05
3.788376262038024671e-05
3.808886315715117395e-05
3.823543237136095937e-05
3.832708850334895777e-05
3.836717085982819863e-05
3.835894088957912662e-05
3.830554304428856647e-05
3.820996644133434233e-05
3.807516364630306898e-05
3.790391424851999498e-05
3.769890443063925851e-05
3.746282918281847104e-05
3.719816621346033872e-05
3.690738608460715319e-05
3.659289047377943505e-05
3.625687080062731181e-05
3.590157523294175857e-05
3.552912056005596864e-05
3.514144642691492009e-05
3.474057899760857522e-05
3.432821991455784432e-05
3.390627231622160505e-05
3.347623014716649107e-05
3.303981800172290322e-05
3.259840209610557956e-05
3.215348118552989996e-05
3.170632785291823265e-05
3.125819382434185534e-05
3.081025075078196629e-05
3.036356611619211261e-05
2.991919214828337454e-05
2.947799055412308312e-05
2.904088900147812498e-05
2.860862960288075715e-05
2.818196480858829058e-05
2.776151174760369184e-05
2.734784596077264565e-05
2.694154691669310147e-05
2.654298987543892530e-05
2.615261977328256062e-05
2.577082474185458900e-05
2.539781386651871140e-05
2.503388929875960398e-05
2.467926842672072657e-05
2.433402960241166891e-05
2.399832573965329506e-05
2.367223420071821246e-05
2.335572957700968909e-05
2.304884890963154495e-05
2.275157649333086224e-05
2.246377541601749604e-05
2.218538122103830683e-05
2.191627708958398933e-05
2.165632033074446099e-05
2.140533167941679706e-05
2.116308802650808705e-05
2.092941002604865574e-05
2.070404169376782673e-05
2.048675152027878098e-05
2.027730997542794741e-05
2.007542051097692732e-05
1.988079444078326199e-05
1.969314157234770617e-05
1.951220290473155237e-05
1.933764416598108624e-05
1.916916601866598682e-05
1.900644639851141796e-05
1.884921210609944714e-05
1.869711057888813536e-05
1.854981235139137354e-05
1.840703653809111395e-05
1.826852229219206859e-05
1.813388056243524845e-05
1.800280000839577345e-05
1.787505285555832340e-05
1.775033155646463042e-05
1.762830142949587029e-05
1.750873564550832839e-05
1.739133136579746542e-05
1.727583637613496165e-05
1.716203739612173461e-05
1.704963767988051381e-05
1.693842273287317088e-05
1.682819089954750452e-05
1.671871457390895353e-05
1.660982529495228806e-05
1.650130488056568567e-05
1.639298566272345622e-05
1.628473338810987003e-05
1.617637778924388073e-05
1.606780291820803248e-05
1.595886782808156459e-05
1.584947914558073223e-05
1.573953932194762197e-05
1.562896078710940780e-05
1.551768651159763466e-05
1.540563406131562071e-05
1.529277147481307116e-05
1.517907172743791148e-05
1.506449945086863806e-05
1.494905248860511035e-05
1.483272090810317149e-05
1.471551357427785082e-05
1.459745050008281273e-05
1.447856656418335808e-05
1.435889772870903189e-05
1.423847737626725267e-05
1.411736172160123848e-05
1.399560517975245551e-05
1.387328322473803244e-05
1.375046645051944883e-05
1.362722875835406493e-05
1.350364888456896861e-05
1.337979972605668880e-05
1.325578388612905012e-05
1.313168428454186492e-05
1.300761427610161123e-05
1.288365252056715264e-05
1.275989945647737013e-05
1.263642861747664893e-05
1.251337527103461664e-05
1.239079047623888509e-05
1.226883356546358522e-05
1.214753996589866149e-05
1.202704119909625540e-05
1.190740797300451525e-05
1.178872276866217383e-05
1.167108533785887236e-05
1.155457244164662216e-05
1.143929004682452686e-05
1.132526766545991997e-05
1.121261573295527943e-05
1.110138910515878130e-05
1.099164549511429302e-05
1.088344606901885918e-05
1.077684037444953819e-05
1.067192597562631664e-05
1.056868778820208458e-05
1.046721637789577962e-05
1.036750301315000538e-05
1.026961473232722955e-05
1.017358718176041395e-05
1.007939123505809468e-05
9.987113155439421240e-06
9.896712757008975213e-06
9.808230608987692539e-06
9.721665921575293733e-06
9.637018718489036742e-06
9.554301269489729457e-06
9.473456267701472751e-06
9.394530791680153904e-06
9.317487817487580439e-06
9.242278509435957989e-06
9.168953533882348830e-06
9.097422292372702438e-06
9.027683486322079622e-06
8.959723612326664664e-06
8.893463316942333446e-06
8.828898670186597036e-06
8.766011411174641683e-06
8.704693920000757069e-06
8.644973349067893944e-06
8.586769226493107496e-06
8.530018394952065122e-06
8.474734495180661777e-06
8.420819503939301978e-06
8.368218241922074327e-06
8.316953812619821344e-06
8.266880448607990731e-06
8.217977535920520954e-06
8.170243071469591889e-06
8.123541180603302718e-06
8.077865793011163143e-06
8.033198585300458538e-06
7.989414075616247415e-06
7.946505497429052676e-06
7.904456214480446477e-06
7.863135884537601102e-06
7.822525087331649941e-06
7.782624218270276572e-06
7.743313692508033583e-06
7.704568237833447995e-06
7.666392569915686267e-06
7.628692722813474324e-06
7.591421552496288572e-06
7.554589753936278082e-06
7.518122448062093627e-06
7.481959964865018565e-06
7.446108792979621002e-06
7.410529716221584071e-06
7.375154348145091786e-06
7.339980294888670453e-06
7.305000500509470895e-06
7.270144011563789948e-06
7.235401926721466033e-06
7.200776616689738541e-06
7.166215794921152994e-06
7.131696707167305804e-06
7.097221996125676986e-06
7.062776027693013478e-06
7.028321313815845013e-06
6.993857632734002872e-06
6.959391645287493883e-06
6.924889671878730491e-06
6.890345622001078719e-06
6.855767965219985695e-06
6.821150156004835758e-06
6.786475257701453903e-06
6.751742853368715559e-06
6.716966074924997022e-06
6.682137582233753249e-06
6.647253632778332026e-06
6.612320862024258881e-06
6.577354565089917789e-06
6.542349647314211338e-06
6.507304370307028175e-06
6.472238163985367932e-06
6.437160283846988894e-06
6.402071753031626939e-06
6.366974558983002507e-06
6.331884914010232591e-06
6.296824631526483166e-06
6.261794991691185724e-06
6.226797302922403626e-06
6.191861972858874122e-06
6.156988638303116835e-06
6.122191797948078271e-06
6.087479864709684400e-06
6.052873137866093267e-06
6.018384231643458662e-06
5.984006423635862460e-06
5.949770293991270697e-06
5.915687001819842900e-06
5.881773250777742591e-06
5.848015052056213900e-06
5.814448306120079069e-06
5.781083261521368856e-06
5.747929693482943125e-06
5.714977662359970356e-06
5.682256708502974812e-06
5.649780510920357540e-06
5.617553718213172193e-06
5.585565962929468229e-06
5.553849924282550207e-06
5.522409741201296033e-06
5.491252345945392613e-06
5.460364533065320897e-06
5.429785163286198617e-06
5.399502314191204412e-06
5.369518570401848764e-06
5.339839797587158522e-06
5.310481732621358416e-06
5.281436261866778224e-06
5.252701206574851667e-06
5.224299705607968265e-06
5.196215334388474978e-06
5.168460286796032966e-06
5.141029541676630989e-06
5.113923835119689598e-06
5.087150137353570229e-06
5.060701653446725660e-06
5.034581324176211288e-06
5.008781946960834954e-06
4.983292665309814340e-06
4.958144395145988896e-06
4.933306401047207352e-06
4.908768769244140323e-06
4.884551535032723269e-06
4.860641266958528821e-06
4.837041785565657791e-06
4.813732461399797095e-06
4.790716491414818646e-06
4.767988423781791887e-06
4.745558844643359779e-06
4.723405887905358184e-06
4.701509171653262436e-06
4.679887368159487616e-06
4.658529286536285454e-06
4.637438188187248377e-06
4.616583796274752146e-06
4.595972469209120255e-06
4.575591364274140821e-06
4.555462970127602102e-06
4.535555194771024578e-06
4.515861551407350222e-06
4.496374106119436450e-06
4.477102133508006200e-06
4.458039834183262144e-06
4.439171992615519187e-06
4.420476744425643998e-06
4.401967128142605336e-06
4.383636497594931791e-06
4.365491620445978573e-06
4.347502519688517314e-06
4.329662843154262722e-06
4.311977722186046384e-06
4.294447918882534098e-06
4.277074056357204811e-06
4.259827331815167993e-06
4.242710285899646386e-06
4.225716886436537590e-06
4.208859158083309846e-06
4.192129442146567966e-06
4.175504667701257912e-06
4.158987564661554442e-06
4.142570703508988953e-06
4.126267807149954897e-06
4.110070497058061421e-06
4.093961509093541370e-06
4.077940590442258370e-06
4.062003646980118044e-06
4.046160727289112520e-06
4.030406802761003506e-06
4.014729742939967253e-06
3.999124385843789880e-06
3.983592823644612588e-06
3.968138055814215338e-06
3.952759092088793539e-06
3.937449132381840459e-06
3.922197464334078709e-06
3.907013850944922937e-06
3.891892654729078305e-06
3.876838633398611743e-06
3.861846684364326198e-06
3.846908043843793069e-06
3.832030365293461172e-06
3.817204831212366311e-06
3.802444276999631333e-06
3.787740296348937575e-06
3.773089839630940460e-06
3.758493331842897462e-06
3.743946611019303933e-06
3.729459017319327953e-06
3.715023888120931157e-06
3.700646701025586838e-06
3.686316377215927946e-06
3.672043699522255497e-06
3.657820356616902660e-06
3.643654613832969181e-06
3.629543061115801230e-06
3.615484806496803977e-06
3.601483021620756017e-06
3.587531810181154452e-06
3.573640044304835687e-06
3.559802336223888804e-06
3.546026659757442537e-06
3.532303151532680532e-06
3.518642307562265888e-06
3.505034324228885986e-06
3.491491321499344253e-06
3.478005303531060708e-06
3.464583444508741452e-06
3.451220021813929397e-06
3.437920200204270201e-06
3.424682307671030396e-06
3.411508000346496699e-06
3.398398097088252068e-06
3.385352810790191470e-06
3.372375454064129076e-06
3.359461164272130008e-06
3.346614579922425565e-06
3.333834680667904721e-06
3.321125038159996729e-06
3.308482200154184114e-06
3.295909843223698321e-06
3.283402474940771179e-06
3.270967016495768274e-06
3.258601302323132780e-06
3.246308663264775647e-06
3.234083734808286859e-06
3.221931068644028011e-06
3.209845381568483555e-06
3.197833804532571460e-06
3.185894199370047189e-06
3.174027571052977865e-06
3.162230611698449558e-06
3.150506033932185932e-06
3.138849354561475706e-06
3.127266726055447100e-06
3.115757561678697420e-06
3.104319641949058134e-06
3.092950483595178206e-06
3.081653010142719628e-06
3.070422826616604697e-06
3.059265079270917705e-06
3.048179165128483473e-06
3.037162492007175011e-06
3.026213478549375307e-06
3.015329867738134775e-06
3.004516987974857090e-06
2.993770560090047616e-06
2.983095348387891469e-06
2.972487714735333471e-06
2.961946051424283295e-06
2.951464841629501623e-06
2.941051997203475875e-06
2.930698758898368755e-06
2.920416565742640664e-06
2.910198121150369907e-06
2.900042347848833062e-06
2.889945408018397588e-06
2.879909112441354742e-06
2.869930702608883310e-06
2.860013968482195097e-06
2.850159576356761963e-06
2.840362952365460219e-06
2.830624057849239863e-06
2.820936869511032107e-06
2.811309058933448218e-06
2.801731666881334913e-06
2.792215917582417059e-06
2.782754892721879294e-06
2.773346949231436227e-06
2.763988863118274672e-06
2.754680526725100804e-06
2.745424651385997744e-06
2.736217497051296738e-06
2.727065360108732167e-06
2.717962244564959443e-06
2.708908145347734364e-06
2.699896591144313025e-06
2.690932967885094993e-06
2.682012438473832688e-06
2.673139719625815953e-06
2.664314470168625018e-06
2.655533107528425902e-06
2.646796589681820890e-06
2.638097811315039497e-06
2.629444396889743185e-06
2.620829152976297631e-06
2.612258291342999601e-06
2.603730077009298196e-06
2.595241464077368208e-06
2.586793482640493515e-06
2.578380487259276153e-06
2.570009314912063553e-06
2.561672774952996867e-06
2.553377104348839020e-06
2.545120355019315560e-06
2.536899962603221164e-06
2.528717048182076971e-06
2.520566368460453494e-06
2.512454133066702189e-06
2.504373936264353486e-06
2.496331051587576394e-06
2.488324163396377588e-06
2.480351640950699105e-06
2.472414653532851843e-06
2.464508154758848782e-06
2.456636738034280673e-06
2.448796092769218117e-06
2.440989761200983583e-06
2.433218315841092601e-06
2.425480159104135110e-06
2.417775432480019277e-06
2.410100211456644395e-06
2.402457070969193938e-06
2.394845759281423311e-06
2.387264897976003064e-06
2.379719570031835209e-06
2.372205279538684273e-06
2.364723012206495233e-06
2.357270618657696311e-06
2.349847298053214614e-06
2.342457183929291094e-06
2.335094989972189502e-06
2.327765959505695872e-06
2.320467964795476486e-06
2.313200182723648794e-06
2.305964269814273006e-06
2.298755785774314674e-06
2.291578309746807552e-06
2.284429284214086756e-06
2.277309842688474426e-06
2.270223684109721927e-06
2.263167380711420042e-06
2.256141244188394518e-06
2.249143500759486188e-06
2.242173395046386118e-06
2.235235157544689782e-06
2.228323157604870412e-06
2.221441957011486267e-06
2.214590663249563067e-06
2.207768816581973702e-06
2.200976586215767412e-06
2.194210925451487857e-06
2.187472689595391475e-06
2.180765121025035272e-06
2.174083006797758124e-06
2.167432511127118128e-06
2.160810118190855358e-06
2.154214889290815810e-06
2.147649303129772863e-06
2.141108218471021556e-06
2.134594515121571223e-06
2.128108952916075317e-06
2.121648855437202433e-06
2.115219321969323100e-06
2.108817245426159870e-06
2.102440503789093826e-06
2.096092377424029687e-06
2.089767333501401012e-06
2.083468703446427988e-06
2.077196295746972944e-06
2.070948364881435660e-06
2.064729697969956433e-06
2.058536994685705792e-06
2.052368133848056961e-06
2.046226696272086311e-06
2.040106754609566731e-06
2.034011351541927568e-06
2.027941861594785067e-06
2.021894798270054058e-06
2.015875614470170937e-06
2.009880198487653781e-06
2.003908143444360250e-06
1.997961439897045753e-06
1.992035804167119192e-06
1.986132241032421762e-06
1.980255347981411582e-06
1.974398471740604697e-06
1.968566091636326738e-06
1.962757284134789334e-06
1.956971505728282250e-06
1.951208926259129436e-06
1.945467285117774493e-06
1.939745681180974351e-06
1.934048943839137979e-06
1.928370757180908180e-06
1.922714178179511909e-06
1.917082746158793392e-06
1.911472098877263173e-06
1.905882134999182540e-06
1.900314280300149899e-06
1.894764707626731572e-06
1.889235695146460516e-06
1.883728384228652211e-06
1.878240065326250661e-06
1.872774608080646106e-06
1.867328819737875954e-06
1.861903738734668438e-06
1.856499507931748464e-06
1.851114198484683891e-06
1.845747088007862258e-06
1.840402175983422766e-06
1.835074039663513486e-06
1.829765262724209382e-06
1.824479393036998781e-06
1.819212882906047025e-06
1.813964655576782132e-06
1.808736964555691075e-06
1.803525992889204411e-06
1.798333652393428060e-06
1.793162546267128061e-06
1.788007657983466667e-06
1.782871731614943546e-06
1.777756582178273536e-06
1.772660340932808700e-06
1.767582294853160132e-06
1.762523505814728055e-06
1.757480621024573287e-06
1.752455863224670234e-06
1.747451631341519007e-06
1.742463357330501458e-06
1.737493710270064108e-06
1.732543173297953948e-06
1.727611596273303348e-06
1.722697742843232418e-06
1.717802169952953381e-06
1.712922358838251908e-06
1.708059834921864486e-06
1.703217491702834143e-06
1.698390549995961492e-06
1.693581549438787693e-06
1.688791398092326762e-06
1.684019561684088594e-06
1.679264607922567957e-06
1.674527744488409437e-06
1.669805456050971666e-06
1.665100478227946083e-06
1.660414890463344208e-06
1.655743573848756731e-06
1.651089193459362730e-06
1.646454259179187935e-06
1.641836336967706330e-06
1.637234248482677603e-06
1.632649576116134883e-06
1.628080246967248360e-06
1.623526522190040381e-06
1.618991393974475504e-06
1.614469713069772957e-06
1.609964457900531303e-06
1.605478233142848980e-06
1.601007449790140734e-06
1.596552791516347525e-06
1.592114819456909733e-06
1.587691867960140745e-06
1.583283677742965974e-06
1.578890712754320335e-06
1.574514261474020476e-06
1.570152421178033099e-06
1.565806424886206012e-06
1.561476891901680894e-06
1.557163341375584783e-06
1.552864032203658231e-06
1.548580932016226564e-06
1.544310518192023444e-06
1.540054352939197425e-06
1.535815241116170032e-06
1.531587888682911189e-06
1.527375083857625637e-06
1.523179666372733478e-06
1.518997611699077572e-06
1.514830301272729362e-06
1.510677669687562041e-06
1.506538657428157196e-06
1.502411911608409276e-06
1.498298205604974505e-06
1.494201181449736983e-06
1.490115141748223915e-06
1.486042255259940977e-06
1.481986005262193872e-06
1.477943044537511374e-06
1.473912549795533003e-06
1.469896382816816216e-06
1.465892391433790398e-06
1.461900561565421973e-06
1.457920917097955985e-06
1.453956137006169782e-06
1.450002230684131283e-06
1.446060858759860666e-06
1.442134665223429707e-06
1.438221059699029504e-06
1.434318948498184642e-06
1.430430420171336044e-06
1.426553231429691867e-06
1.422687482387951321e-06
1.418833232257232820e-06
1.414992879618235909e-06
1.411162703700523196e-06
1.407344174708562967e-06
1.403540076996797999e-06
1.399747689631254485e-06
1.395966369549241293e-06
1.392197793915063590e-06
1.388440170382546911e-06
1.384693114104176860e-06
1.380956797911923586e-06
1.377234530595639736e-06
1.373521151475126429e-06
1.369818992829790602e-06
1.366130864437134304e-06
1.362452989051751930e-06
1.358786684204191898e-06
1.355132090157477292e-06
1.351488654062033968e-06
1.347854508619096576e-06
1.344231412410073850e-06
1.340621210357746051e-06
1.337019395548666670e-06
1.333428832768287889e-06
1.329850861617511701e-06
1.326283225579369412e-06
1.322727252377519432e-06
1.319181381347254833e-06
1.315646946176255901e-06
1.312122493693041156e-06
1.308608091583759093e-06
1.305103992121757051e-06
1.301611651556380553e-06
1.298128455482681406e-06
1.294655162227573030e-06
1.291195050095472960e-06
1.287744653411880841e-06
1.284304573896551232e-06
1.280875666422758294e-06
1.277457143885411710e-06
1.274047283314930126e-06
1.270647835980519775e-06
1.267260321567348048e-06
1.263880960006044269e-06
1.260512455707996950e-06
1.257154287790634626e-06
1.253807308192135664e-06
1.250470883538256272e-06
1.247143614870545434e-06
1.243827621261683193e-06
1.240521269104128716e-06
1.237223671430972679e-06
1.233935822015849557e-06
1.230660177166151220e-06
1.227391777682822503e-06
1.224133727910401928e-06
1.220886988616063211e-06
1.217649861244870581e-06
1.214423418321673046e-06
1.211205752300575412e-06
1.207998839388535324e-06
1.204801122758413749e-06
1.201612088558309143e-06
1.198432145229456002e-06
1.195264207791633907e-06
1.192103124358348820e-06
1.188952011404222815e-06
1.185811792379800829e-06
1.182680919952823178e-06
1.179560262341229929e-06
1.176448008040888136e-06
1.173346171915984329e-06
1.170253290977373964e-06
1.167168360133707772e-06
1.164092607967778100e-06
1.161028095039102150e-06
1.157970304101469071e-06
1.154922378663510784e-06
1.151883697966268484e-06
1.148855270711971929e-06
1.145836064854078208e-06
1.142825152879228736e-06
1.139824083246617758e-06
1.136831809735178376e-06
1.133846875321376951e-06
1.130870676938620481e-06
1.127904366139381591e-06
1.124946077174796242e-06
1.121996108082449636e-06
1.119054091838623838e-06
1.116123466078784431e-06
1.113200272750021122e-06
1.110286272945872323e-06
1.107380267121233360e-06
1.104483372386014305e-06
1.101594183934928854e-06
1.098712773567656517e-06
1.095838763574439385e-06
1.092975595986653245e-06
1.090118119410947063e-06
1.087269105974758743e-06
1.084429514855869050e-06
1.081598277519948363e-06
1.078775543144534375e-06
1.075960119294811951e-06
1.073153603547426268e-06
1.070354984846412416e-06
1.067562929458562087e-06
1.064778712499417848e-06
1.062002945532590967e-06
1.059235357998330177e-06
1.056474400354975689e-06
1.053720912838755120e-06
1.050977387519913908e-06
1.048240569257654367e-06
1.045512450737684848e-06
1.042791077616344502e-06
1.040078216573777756e-06
1.037372544917215498e-06
1.034673102659029395e-06
1.031981184787383154e-06
1.029297940744747767e-06
1.026621104566688492e-06
1.023951448643936170e-06
1.021288514430080256e-06
1.018635362381134153e-06
1.015988279984004354e-06
1.013349442220839587e-06
1.010717127956859340e-06
1.008092808444374334e-06
1.005475301487144347e-06
1.002863692588314324e-06
1.000259296567650696e-06
9.976631528652775607e-07
9.950731448465929126e-07
9.924898613838306382e-07
9.899130395349246135e-07
9.873454460383622888e-07
9.847836704967595512e-07
9.822299042770373164e-07
9.796821302332090211e-07
9.771422565816809288e-07
9.746089314826025837e-07
9.720812950296294167e-07
9.695605054070996913e-07
9.670469800999559996e-07
9.645407293689860581e-07
9.620399320163156235e-07
9.595456829150168633e-07
9.570598902952821371e-07
9.545804048011819935e-07
9.521080892366971864e-07
9.496417052957959387e-07
9.471827220968165171e-07
9.447304356455619317e-07
9.422838287714212347e-07
9.398436429565969832e-07
9.374091813652945735e-07
9.349836325513364634e-07
9.325621498283032431e-07
9.301479477129323504e-07
9.277396242908821061e-07
9.253395786364176266e-07
9.229451830125250620e-07
9.205577154040075598e-07
9.181762000692708970e-07
9.158016594352526090e-07
9.134331999256672027e-07
9.110699109250392381e-07
9.087130159332433986e-07
9.063630669727475414e-07
9.040194744912349204e-07
9.016810263953580024e-07
8.993486269569290220e-07
8.970239013031444470e-07
8.947052459051740884e-07
8.923929414891548965e-07
8.900864535732739592e-07
8.877864262243377247e-07
8.854928048500773728e-07
8.832048312126026448e-07
8.809223414075018844e-07
8.786455493151255819e-07
8.763763052688041124e-07
8.741117851739972963e-07
8.718532448331132083e-07
8.696001432715347224e-07
8.673549100889847994e-07
8.651149010096657439e-07
8.628815235018720246e-07
8.606532754537862439e-07
8.584316094846035415e-07
8.562158853484832000e-07
8.540055019484517430e-07
8.518005396898528422e-07
8.496009157646490618e-07
8.474087488108236657e-07
8.452208800382115721e-07
8.430388695800485698e-07
8.408620554931517571e-07
8.386927857022830557e-07
8.365285921108128884e-07
8.343706185680845016e-07
8.322177022752934359e-07
8.300709109477513451e-07
8.279299570699074082e-07
8.257942104708270326e-07
8.236633542966392980e-07
8.215378947817307505e-07
8.194190833963171044e-07
8.173052408505699938e-07
8.151961883951477353e-07
8.130924535667226810e-07
8.109955152710564516e-07
8.089040429306466882e-07
8.068180435120216386e-07
8.047376226627211137e-07
8.026623558264113827e-07
8.005930445918750468e-07
7.985288384839075515e-07
7.964689823097444350e-07
7.944145773532480076e-07
7.923653003245792581e-07
7.903228530993610660e-07
7.882836637965968616e-07
7.862504978699520631e-07
7.842218620067992875e-07
7.822005561701545277e-07
7.801832760951419840e-07
7.781721576902380715e-07
7.761653318286753066e-07
7.741643542762177717e-07
7.721685444886909184e-07
7.701771505501617329e-07
7.681906398364063238e-07
7.662087770320581198e-07
7.642333558067805674e-07
7.622620786183266053e-07
7.602953256212665134e-07
7.583334306111463845e-07
7.563776848123393416e-07
7.544270422017932944e-07
7.524812953742373786e-07
7.505408470619047657e-07
7.486048737851029950e-07
7.466744891776465062e-07
7.447487980076816648e-07
7.428270825268269561e-07
7.409103138600927186e-07
7.389977078387974380e-07
7.370919982809632502e-07
7.351891801159614550e-07
7.332916078205654736e-07
7.313981792048205703e-07
7.295110630425686635e-07
7.276284518815860720e-07
7.257506455169450622e-07
7.238777377890965198e-07
7.220092951876365135e-07
7.201461104021232510e-07
7.182874504536336527e-07
7.164325396051903392e-07
7.145824307123092971e-07
7.127362250907366899e-07
7.108967472319955464e-07
7.090599421008467625e-07
7.072281779050820394e-07
7.054003291038057728e-07
7.035785411280086011e-07
7.017611069876610038e-07
6.999482631960885672e-07
6.981401785010160580e-07
6.963362430095835199e-07
6.945374854634436015e-07
6.927430257369822538e-07
6.909521944976921491e-07
6.891658454588783906e-07
6.873834701569120520e-07
6.856070583427442901e-07
6.838340316991806074e-07
6.820649819842961423e-07
6.803002940057308973e-07
6.785405592440080660e-07
6.767860675161307262e-07
6.750352774991145429e-07
6.732895720479165993e-07
6.715474025595796645e-07
6.698102022335442206e-07
6.680772745981763039e-07
6.663483672039245453e-07
6.646230831758520255e-07
6.629022012890311238e-07
6.611857645492517843e-07
6.594745461514181392e-07
6.577658614567273788e-07
6.560621320631519354e-07
6.543618230409855286e-07
6.526675998836928569e-07
6.509767597450325704e-07
6.492904188661134697e-07
6.476082315983280353e-07
6.459301063917718774e-07
6.442566467705062563e-07
6.425871734310696262e-07
6.409210012326936381e-07
6.392589798812015386e-07
6.376005791615604450e-07
6.359476558363768399e-07
6.342980567949941524e-07
6.326519430446534043e-07
6.310100833291217658e-07
6.293721023226583336e-07
6.277397694287454105e-07
6.261104102879393126e-07
6.244858783317625082e-07
6.228645581459459711e-07
6.212476529305633531e-07
6.196351594844441066e-07
6.180263908796865603e-07
6.164207215656454572e-07
6.148192092603141209e-07
6.132209703581072720e-07
6.116284124896992225e-07
6.100384686672457340e-07
6.084521440352473909e-07
6.068697660895062681e-07
6.052914564974537446e-07
6.037182593134678287e-07
6.021479655872397418e-07
6.005823515020729034e-07
5.990197953207670599e-07
5.974614619171027521e-07
5.959073942265027678e-07
5.943568989331873222e-07
5.928094052667364833e-07
5.912658330778050568e-07
5.897254522188676425e-07
5.881903828753516781e-07
5.866581561211919601e-07
5.851291409239403125e-07
5.836041691952267943e-07
5.820825135985326367e-07
5.805663715885525662e-07
5.790528666480260576e-07
5.775436239596083199e-07
5.760377673024224876e-07
5.745356467327818512e-07
5.730376507495896948e-07
5.715431282720772653e-07
5.700515068143500845e-07
5.685635208646171005e-07
5.670788176742921877e-07
5.655983589212154658e-07
5.641220535258826098e-07
5.626478758291169761e-07
5.611779316219104483e-07
5.597108468436680813e-07
5.582487362224474552e-07
5.567898556174813556e-07
5.553345544482626333e-07
5.538831783285221202e-07
5.524346890635288938e-07
5.509902349255149316e-07
5.495493132997615093e-07
5.481117809365012796e-07
5.466769395976345607e-07
5.452458590270107182e-07
5.438175665975969580e-07
5.423944826755468730e-07
5.409735378220837228e-07
5.395557384379428675e-07
5.381415902360986522e-07
5.367304910694048708e-07
5.353245200837591608e-07
5.339209468224835465e-07
5.325211389503331733e-07
5.311247307394878338e-07
5.297314558551968129e-07
5.283421321699005515e-07
5.269559160190264348e-07
5.255726893483105630e-07
5.241924161063153536e-07
5.228156318319510485e-07
5.214418091665704454e-07
5.200729734309602081e-07
5.187057416945794836e-07
5.173419540784632491e-07
5.159813599001189887e-07
5.146242469872927975e-07
5.132716401076339155e-07
5.119213434719257255e-07
5.105748647758809230e-07
5.092313951127545832e-07
5.078911081496907060e-07
5.065545527939393751e-07
5.052209598323077608e-07
5.038901826898099931e-07
5.025622630916281845e-07
5.012377056245636017e-07
4.999159046209263532e-07
4.985989676229064837e-07
4.972835947456779154e-07
4.959714215428403143e-07
4.946624224225849043e-07
4.933563869349383290e-07
4.920550502048915696e-07
4.907558934915879716e-07
4.894601717435626599e-07
4.881676435834671938e-07
4.868778836938241420e-07
4.855917216147622114e-07
4.843085223582492621e-07
4.830283251409154883e-07
4.817505213575815959e-07
4.804760458809889347e-07
4.792039835324205042e-07
4.779364322706508803e-07
4.766710992742230610e-07
4.754081355840826905e-07
4.741487821770836953e-07
4.728917372834410957e-07
4.716390484860427990e-07
4.703889841164700337e-07
4.691419347716632197e-07
4.678983520845923914e-07
4.666569895047789162e-07
4.654190195714823658e-07
4.641844194442899638e-07
4.629526026004677595e-07
4.617229958815348687e-07
4.604963465848077007e-07
4.592724543466119342e-07
4.580516845866806648e-07
4.568350135701168283e-07
4.556196477100295398e-07
4.544075254114184864e-07
4.531981599470656330e-07
4.519917270435061838e-07
4.507895221743597090e-07
4.495893073012743382e-07
4.483922169004114270e-07
4.471981938405209486e-07
4.460066183325183166e-07
4.448183555133247272e-07
4.436329148815552492e-07
4.424503294238280465e-07
4.412698627645753047e-07
4.400923093961589277e-07
4.389171978503629104e-07
4.377455377215544086e-07
4.365771707229077468e-07
4.354102758993718518e-07
4.342467153441433545e-07
4.330853530912571591e-07
4.319274218858464774e-07
4.307731312861284319e-07
4.296207587504642579e-07
4.284715330564214737e-07
4.273250756532235279e-07
4.261810214582349974e-07
4.250401797972493406e-07
4.239019988164217314e-07
4.227665443905843918e-07
4.216331128856776710e-07
4.205024700275538229e-07
4.193741593341274206e-07
4.182491147878025192e-07
4.171273668736336508e-07
4.160069262835622226e-07
4.148896348455004799e-07
4.137746416206839648e-07
4.126625331913507985e-07
4.115542629412367799e-07
4.104477868387033196e-07
4.093441469874961458e-07
4.082434348044930709e-07
4.071448519756467470e-07
4.060492408190861099e-07
4.049565125445189362e-07
4.038662986815805132e-07
4.027779693380737211e-07
4.016922318711280556e-07
4.006089699797952544e-07
3.995282897202235574e-07
3.984515686143025399e-07
3.973760101611149384e-07
3.963029039526953483e-07
3.952326726328192984e-07
3.941644347097145278e-07
3.931000384447839606e-07
3.920378087766299490e-07
3.909780576163263886e-07
3.899213856443179865e-07
3.888665385893996200e-07
3.878145226768224924e-07
3.867653403045578945e-07
3.857183599610933636e-07
3.846738336700075053e-07
3.836312988078448074e-07
3.825915038210702618e-07
3.815536364559729560e-07
3.805190911526123681e-07
3.794872030345731160e-07
3.784566279601154015e-07
3.774290158169868746e-07
3.764034645394508538e-07
3.753805563945572863e-07
3.743612779955467794e-07
3.733436120960379256e-07
3.723284893817400386e-07
3.713162351554024018e-07
3.703057272577391520e-07
3.692980034162789611e-07
3.682930445580422482e-07
3.672902644811511432e-07
3.662893573307540077e-07
3.652906993666363634e-07
3.642946147035837851e-07
3.633003316225834705e-07
3.623095985895646211e-07
3.613208723021328362e-07
3.603336082483555227e-07
3.593492357388388111e-07
3.583666333042687013e-07
3.573869101972453467e-07
3.564104499756324414e-07
3.554355359679838138e-07
3.544630753283323603e-07
3.534933750932677356e-07
3.525253294107093793e-07
3.515599659331527308e-07
3.505972664634712938e-07
3.496366252741319818e-07
3.486778453182297364e-07
3.477211816798636783e-07
3.467669983984420652e-07
3.458145357352802747e-07
3.448652941381994794e-07
3.439183464017157058e-07
3.429726019138829764e-07
3.420295766053529506e-07
3.410885748408944542e-07
3.401496794491276650e-07
3.392144017556827283e-07
3.382805499207823212e-07
3.373490428790359751e-07
3.364202309150532710e-07
3.354929739675071645e-07
3.345682511531425700e-07
3.336460112771612593e-07
3.327257016125121409e-07
3.318077316254674777e-07
3.308913585425019675e-07
3.299772586323914634e-07
3.290650346418929558e-07
3.281552132115178327e-07
3.272486965247614781e-07
3.263430773039929125e-07
3.254394736178370303e-07
3.245384360990559081e-07
3.236389446043130481e-07
3.227425259662094152e-07
3.218485537882105114e-07
3.209561447776673265e-07
3.200662120863048787e-07
3.191784783468530183e-07
3.182924984047461529e-07
3.174088897814137031e-07
3.165277352365907335e-07
3.156485202773406914e-07
3.147708813244694421e-07
3.138952408624468456e-07
3.130218890611707637e-07
3.121500918097218988e-07
3.112811570036908206e-07
3.104145625610008430e-07
3.095489433519605527e-07
3.086857578939943671e-07
3.078246286116416632e-07
3.069651327098044233e-07
3.061088502301264012e-07
3.052543319238622745e-07
3.044016861058161476e-07
3.035514782888954657e-07
3.027030672881115194e-07
3.018564950485358569e-07
3.010122574747977557e-07
3.001702373250859313e-07
2.993301558779150810e-07
2.984914667603578579e-07
2.976547609609174042e-07
2.968202697642906430e-07
2.959872357610488006e-07
2.951570528411247905e-07
2.943289822788367634e-07
2.935018740259578503e-07
2.926771035503438523e-07
2.918543247580594134e-07
2.910330850048619163e-07
2.902148860056067676e-07
2.893985055722403323e-07
2.885837920484263543e-07
2.877713773798661734e-07
2.869608606224132757e-07
2.861520024051283025e-07
2.853453123416148317e-07
2.845408943668176690e-07
2.837382239403164584e-07
2.829370740975154007e-07
2.821376740572190247e-07
2.813403925492806922e-07
2.805445590576122332e-07
2.797510571448968670e-07
2.789602807688688142e-07
2.781702736679516994e-07
2.773820588456369978e-07
2.765961349099866399e-07
2.758114967926484093e-07
2.750294910007015037e-07
2.742499443661372634e-07
2.734715986476011569e-07
2.726952541358189696e-07
2.719212086960040647e-07
2.711483939024596433e-07
2.703778023995975707e-07
2.696092495184169522e-07
2.688423376630712855e-07
2.680774360964726246e-07
2.673138050309292109e-07
2.665519301301668098e-07
2.657920183996567875e-07
2.650335933773523793e-07
2.642780631286852119e-07
2.635239612860141100e-07
2.627708691541770881e-07
2.620200076805785177e-07
2.612709000470578074e-07
2.605232368712734341e-07
2.597784184946482817e-07
2.590352289374144031e-07
2.582935325868017343e-07
2.575539355612490671e-07
2.568161702094623237e-07
2.560797900559281892e-07
2.553454699614841930e-07
2.546132306894701470e-07
2.538824082445541822e-07
2.531534255499904010e-07
2.524257528279419764e-07
2.516998720832274684e-07
2.509755391003452459e-07
2.502529332549331004e-07
2.495332182784421878e-07
2.488144863110880798e-07
2.480969006413836007e-07
2.473814779600319003e-07
2.466676025674233028e-07
2.459552152035659659e-07
2.452456175016392073e-07
2.445374490443559412e-07
2.438307707676051533e-07
2.431260875391917140e-07
2.424231458583751911e-07
2.417215218419802187e-07
2.410218935998086550e-07
2.403242288901442856e-07
2.396279159005810892e-07
2.389334443977875654e-07
2.382401554088714867e-07
2.375485163973191174e-07
2.368585581678340744e-07
2.361700571408184580e-07
2.354842246863173772e-07
2.347997002372035385e-07
2.341160527772253425e-07
2.334344337700440118e-07
2.327545008246770030e-07
2.320757850479310342e-07
2.313995287249868841e-07
2.307251668228024478e-07
2.300519273552319340e-07
2.293804621626632162e-07
2.287110267472274032e-07
2.280426359577472196e-07
2.273761502520915623e-07
2.267114460137426869e-07
2.260483051013294214e-07
2.253868949066674461e-07
2.247264886952662359e-07
2.240676872974955416e-07
2.234107057762064905e-07
2.227548419089197857e-07
2.221009743053991549e-07
2.214494668875482631e-07
2.207985491739293972e-07
2.201489986968693987e-07
2.195014949280933054e-07
2.188550516266100759e-07
2.182104416439366859e-07
2.175683565837451177e-07
2.169272164043492399e-07
2.162876785793507969e-07
2.156499560519221151e-07
2.150137348736635937e-07
2.143787520300453345e-07
2.137455849751066186e-07
2.131142132371409722e-07
2.124840419481494924e-07
2.118556274485199183e-07
2.112282318032968061e-07
2.106022567411276215e-07
2.099780872142193975e-07
2.093549809771084001e-07
2.087340915132694421e-07
2.081149881448405864e-07
2.074965132658165433e-07
2.068795366456264271e-07
2.062643928278948391e-07
2.056502195887316187e-07
2.050380238180121593e-07
2.044280812388733879e-07
2.038189431229235242e-07
2.032114493197410342e-07
2.026057396681551140e-07
2.020013252810985487e-07
2.013981623095180348e-07
2.007967276679452315e-07
2.001970170770003619e-07
1.995984411408560701e-07
1.990015519033678479e-07
1.984056086192308120e-07
1.978110087280775719e-07
1.972182099241400008e-07
1.966263780914268285e-07
1.960365209378355968e-07
1.954486312259357190e-07
1.948612670706627205e-07
1.942751885486463262e-07
1.936909839135533844e-07
1.931077487672785188e-07
1.925261166944261812e-07
1.919468409184517148e-07
1.913685256388971216e-07
1.907915281255774127e-07
1.902161636466120047e-07
1.896423568993954315e-07
1.890694942028187329e-07
1.884983633569846476e-07
1.879287280532744888e-07
1.873604522128595683e-07
1.867937042152383344e-07
1.862278055619478614e-07
1.856633072182953607e-07
1.851003583021230052e-07
1.845384037105794472e-07
1.839779680723034978e-07
1.834199087145302543e-07
1.828625057985455442e-07
1.823059681245141686e-07
1.817511775293107341e-07
1.811977772232819785e-07
1.806453212405106779e-07
1.800948607057915738e-07
1.795462239437998177e-07
1.789983483700201665e-07
1.784519460955969108e-07
1.779072810821909617e-07
1.773636157159147142e-07
1.768212093906556015e-07
1.762803274785326227e-07
1.757410623556460778e-07
1.752027786587282580e-07
1.746660601003964757e-07
1.741301782743501818e-07
1.735955348217383119e-07
1.730625376687577977e-07
1.725303744966032976e-07
1.719998714249997476e-07
1.714714334990462391e-07
1.709434377868022024e-07
1.704165009635534161e-07
1.698912455191066674e-07
1.693671458276748368e-07
1.688440944517047473e-07
1.683230615588690306e-07
1.678035212637013357e-07
1.672847975675659508e-07
1.667674895011416971e-07
1.662518261215980940e-07
1.657370493121068549e-07
1.652235340860656692e-07
1.647114594523260187e-07
1.642009377931016569e-07
1.636913458649593811e-07
1.631832325213414806e-07
1.626759008122734165e-07
1.621697680329624007e-07
1.616651980254156362e-07
1.611614157406374758e-07
1.606591492360143958e-07
1.601589648671882552e-07
1.596592196538379015e-07
1.591603869420301286e-07
1.586631329180957013e-07
1.581671315811184296e-07
1.576719760702782471e-07
1.571786394251764413e-07
1.566869781071228060e-07
1.561959652045216736e-07
1.557063118148307345e-07
1.552181928470289658e-07
1.547311199156409145e-07
1.542450364631755495e-07
1.537604446255235523e-07
1.532771622292760779e-07
1.527949591062528415e-07
1.523141586594564297e-07
1.518340562785793156e-07
1.513551462922400728e-07
1.508775789029489147e-07
1.504009061542612708e-07
1.499254625721622285e-07
1.494519962099663577e-07
1.489794815440897323e-07
1.485075654047591729e-07
1.480368583711429757e-07
1.475676182451302552e-07
1.470991499010224803e-07
1.466320341203854079e-07
1.461668786756167146e-07
1.457026383061001327e-07
1.452393268036073274e-07
1.447772895184421750e-07
1.443167591736057359e-07
1.438569438271100911e-07
1.433983386980384819e-07
1.429410368762857934e-07
1.424851309817073379e-07
1.420300405227190614e-07
1.415763315364148015e-07
1.411232985200742408e-07
1.406713776018986416e-07
1.402208427947595312e-07
1.397710027462359954e-07
1.393224473216021728e-07
1.388759135086612919e-07
1.384299273422254803e-07
1.379845580218583594e-07
1.375406301683119401e-07
1.370978935587996891e-07
1.366558309766657497e-07
1.362152455593443158e-07
1.357764629991561663e-07
1.353384035678510963e-07
1.349013568488625044e-07
1.344655234495136862e-07
1.340310919386298760e-07
1.335973108940771452e-07
1.331647099573411660e-07
1.327333424282454301e-07
1.323033022982667975e-07
1.318740337814429716e-07
1.314460822715525467e-07
1.310187476592304157e-07
1.305924953164480726e-07
1.301675283824585497e-07
1.297432446667054140e-07
1.293201456892016644e-07
1.288989375666183273e-07
1.284783930090105945e-07
1.280584174566907290e-07
1.276395991011745896e-07
1.272220794804182888e-07
1.268052709442023729e-07
1.262902874708480759e-07
1.258770343193658587e-07
1.254647094824512745e-07
1.250531236584897901e-07
1.242428417929928161e-07
1.238362607113540068e-07
1.234304177060192378e-07
1.230255243619858825e-07
1.226219073343125533e-07
1.220194958392031579e-07
1.216191614180908045e-07
1.212200438521337731e-07
1.208215447002093233e-07
1.200217279897313736e-07
1.196277800473494464e-07
1.192348170266517261e-07
1.188426970759517637e-07
1.182496213106422180e-07
1.178616560819595264e-07
1.174739843302454325e-07
1.170871358081375466e-07
1.162943740391006844e-07
1.159123582051233624e-07
1.155309540899019818e-07
1.151509992937719567e-07
1.147725237781203401e-07
1.141909857520454997e-07
1.138153606807100335e-07
1.134407259821711494e-07
1.130672036235933960e-07
1.122846956736588369e-07
1.119153464314246423e-07
1.115470846593007601e-07
1.111799332697083950e-07
1.106074662936368507e-07
1.102435028072397607e-07
1.098800358531233489e-07
1.095173799429536438e-07
1.091558077356093261e-07
1.083830914279938743e-07
1.080257166223806251e-07
1.076697894549959762e-07
1.073149170193370426e-07
1.067532591038678813e-07
1.064008097850596986e-07
1.060496021852119584e-07
1.056991123940545055e-07
1.049326596365165909e-07
1.045867039006421423e-07
1.042421255175152053e-07
1.038979186314557717e-07
1.033452916839567380e-07
1.030043279524376300e-07
1.026644120776060298e-07
1.023249539444083972e-07
1.019863958327604299e-07
1.012301260599134405e-07
1.008961762878932727e-07
1.005628708903961407e-07
1.002306603425191632e-07
9.968838534958089268e-08
9.935868936152113297e-08
9.902996447483958539e-08
9.870186148117729326e-08
9.795114050941237061e-08
9.762757448859573117e-08
9.730529184413751757e-08
9.698321504463089524e-08
9.644893582049563802e-08
9.612996865468712163e-08
9.581174619531187753e-08
9.549397430590142883e-08
9.474928437903810667e-08
9.443653844035303238e-08
9.412440419510820219e-08
9.381291846665280572e-08
9.350227986609704370e-08
9.297881775535932530e-08
9.267107131521711997e-08
9.236390242635347246e-08
9.205775644401719005e-08
9.132242741596601123e-08
9.102042153487365417e-08
9.071922719930916477e-08
9.041876484542428751e-08
8.990275710999346155e-08
8.960472175888179936e-08
8.930781833556934342e-08
8.901122092449782210e-08
8.828103335855850501e-08
8.798923378393872640e-08
8.769804127006073089e-08
8.740716404729904350e-08
8.711699248510226317e-08
8.661091030220319555e-08
8.632369226130777861e-08
8.603699203597345173e-08
8.575136148311548259e-08
8.503062817198928827e-08
8.474898252203290466e-08
8.446825840692898300e-08
8.418825155726015347e-08
8.368997058734057399e-08
8.341257998552009650e-08
8.313589784776360022e-08
8.286007792629522349e-08
8.214431792346374370e-08
8.187234859031077237e-08
8.160125923834203873e-08
8.133070602068418168e-08
8.083934892626612162e-08
8.057113700371743699e-08
8.030402587702369756e-08
8.003718473273278251e-08
7.932620610109134199e-08
7.906388539378418005e-08
7.880208012463897136e-08
7.854058934409929282e-08
7.827977548825650004e-08
7.779771741648085783e-08
7.753967457528664611e-08
7.728209971699000899e-08
7.702554016568347261e-08
7.632341505040966819e-08
7.607062508401667819e-08
7.581865012987738799e-08
7.556737355591716712e-08
7.509261504233445774e-08
7.484382538451947925e-08
7.459560912978745665e-08
7.434829361042091339e-08
7.365082836912761489e-08
7.340710223494783127e-08
7.316408114835638661e-08
7.292178550871244744e-08
7.245353524818707460e-08
7.221333104875342557e-08
7.197409440749565607e-08
7.173515287469781981e-08
7.104219919975101776e-08
7.080729520014109202e-08
7.057324424061489346e-08
7.033935557344840853e-08
6.987764126689061227e-08
6.964644579455475630e-08
6.941578892999305108e-08
6.918552249459576759e-08
6.895604763316114878e-08
6.827140019989262686e-08
6.804583509235299121e-08
6.782063758593162902e-08
6.759627057348280193e-08
6.714353204575405161e-08
6.692167403005354022e-08
6.670014689822359047e-08
6.647944166822275109e-08
6.579921646284054248e-08
6.558203588446519183e-08
6.536528226875936588e-08
6.514942613770776450e-08
6.470286669566748201e-08
6.448909067352645185e-08
6.427570775539517432e-08
6.406328011611962025e-08
6.338703658108601122e-08
6.317794396972646709e-08
6.296968914002031413e-08
6.276194622763546486e-08
6.232144687538358591e-08
6.211579880641798903e-08
6.191083452113621115e-08
6.170640026620235673e-08
6.103436253635605091e-08
6.083373766493051136e-08
6.063371368951977573e-08
6.043399393924811211e-08
5.999979625663749245e-08
5.980255479477111333e-08
5.960587864150788561e-08
5.940966446522334300e-08
5.874204739898409258e-08
5.854957205731012421e-08
5.835750429931417264e-08
5.816566004893962842e-08
5.773741447937486443e-08
5.754814382094708812e-08
5.735914332874944833e-08
5.717050641721760996e-08
5.698219917452990881e-08
5.632201188421492081e-08
5.613739792736457839e-08
5.595314851779285434e-08
5.576960491848852949e-08
5.534931456977253661e-08
5.516783149177363484e-08
5.498677434211115667e-08
5.480637772806388651e-08
5.414995164272196912e-08
5.397300286556092967e-08
5.379655969200112593e-08
5.362083041019711174e-08
5.320621933361030593e-08
5.303234621265951208e-08
5.285918578655402037e-08
5.268654776069190614e-08
5.203426263469122261e-08
5.186503772015973022e-08
5.169623664485317501e-08
5.152799996603293647e-08
5.095834578727353492e-08
5.079212166873096138e-08
5.062642754187985840e-08
5.046131668557965224e-08
4.948680195842033195e-08
4.932515295233003039e-08
4.916418624724532646e-08
4.900345487725246024e-08
4.843498294568210095e-08
4.827639094914461553e-08
4.811866236961738532e-08
4.796106257949102805e-08
4.698107118298726234e-08
4.682727394709194747e-08
4.667403434040850838e-08
4.652103108163539111e-08
4.595369518295647738e-08
4.580312257695916789e-08
4.565303608234444376e-08
4.550310595309285188e-08
4.451787276643687647e-08
4.437199698026612840e-08
4.422662321732538584e-08
4.408144458939869005e-08
4.351537931925883562e-08
4.337250929648583707e-08
4.323004975961160624e-08
4.308766218862063178e-08
4.209673245694901324e-08
4.195840740267918348e-08
4.182047329133630904e-08
4.168262311231347087e-08
4.111723289241305970e-08
4.098182232870635412e-08
4.084656100521164560e-08
4.071158107549055044e-08
3.971477651623499960e-08
3.958401323120830346e-08
3.945335085647240323e-08
3.932280653620707217e-08
3.875831144742688883e-08
3.863028108820059721e-08
3.850247731574047071e-08
3.837486003967535368e-08
3.737241566206357200e-08
3.724899799078811725e-08
3.712574121771969229e-08
3.700276349761227327e-08
3.643916922485102743e-08
3.631868646909944746e-08
3.619841484056631779e-08
3.607834705580590080e-08
3.506991271380282473e-08
3.495385358473836832e-08
3.483783528516072337e-08
3.472211530079328294e-08
3.415899111399593285e-08
3.404572269903589970e-08
3.393249822149068075e-08
3.381939305730286695e-08
3.280471882091486934e-08
3.269564872300560272e-08
3.258675831685747100e-08
3.247802678290354985e-08
3.191550449884613128e-08
3.180921300890759920e-08
3.170305841887981000e-08
3.159710208010558109e-08
3.057611595675197924e-08
3.047413126777304592e-08
3.037238834603181886e-08
3.027096377536106747e-08
2.970883345657290839e-08
2.960965211580890552e-08
2.951057353764851683e-08
2.941197300790583852e-08
2.838469372420926277e-08
2.829006273006235637e-08
2.819555673523032949e-08
2.810123766437555379e-08
2.753941180673102164e-08
2.744728173773844752e-08
2.735526184029373765e-08
2.726344343482417449e-08
2.622957465129994232e-08
2.614176511446513534e-08
2.605404508880052612e-08
2.596647562330582545e-08
2.540467382167757168e-08
2.531923711845609130e-08
2.523405029082226301e-08
2.514902258822197345e-08
2.410848619359338956e-08
2.402743254121624394e-08
2.394650468718133613e-08
2.386584160890124348e-08
2.330403857468653335e-08
2.322547350037562428e-08
2.314708794909687708e-08
2.306907306562448615e-08
2.202172613350020994e-08
2.194753466414984796e-08
2.187344870320333218e-08
2.130988701608014357e-08
2.123810486298388267e-08
2.116658496590470068e-08
2.109517618764209491e-08
2.003722852509873542e-08
1.996970543594275939e-08
1.990230422654285224e-08
1.983500283661941095e-08
1.927111784335182335e-08
1.920598486445961940e-08
1.914101666111010632e-08
1.907612399780524966e-08
1.801093612980048794e-08
1.794995591197281676e-08
1.788901752330287515e-08
1.782828329406835917e-08
1.726402455026035873e-08
1.720554343171221082e-08
1.714706270207129971e-08
1.708871151002604846e-08
1.601636178149326859e-08
1.596195179764945589e-08
1.590757535056376531e-08
1.585344767834640856e-08
1.528902843279044988e-08
1.523708217334566560e-08
1.518518131008111801e-08
1.513337690239962444e-08
1.405399652636830293e-08
1.400623734236476746e-08
1.395862809887359344e-08
1.391117017155304792e-08
1.334647046749608205e-08
1.330101033099910409e-08
1.325565569422124426e-08
1.321033880591136946e-08
1.212350299429966212e-08
1.208204375048404308e-08
1.204085849661968968e-08
1.147354931302906176e-08
1.143431641498216653e-08
1.139510833177925367e-08
1.135602008357634452e-08
1.025774724571499889e-08
1.022255519966608417e-08
1.018747828728520904e-08
1.015257694708895948e-08
9.584628313082220482e-09
9.551684737302611859e-09
9.518832473209962813e-09
9.486034954164303579e-09
8.380223518249600834e-09
8.351360907445637024e-09
8.322734716426711067e-09
8.294147352576200590e-09
7.725593121969139676e-09
7.699004425574975055e-09
7.672615283861903193e-09
7.646226142151479963e-09
6.532974598493138986e-09
6.510590757774254283e-09
6.488268056786858284e-09
6.465945355800785774e-09
5.896727174235794399e-09
5.876401091153679337e-09
5.856075008066271973e-09
4.731008274720481661e-09
4.714694953926086950e-09
4.698381633130368750e-09
4.682068312334649722e-09
4.109906784998174801e-09
4.095609618769142063e-09
4.081312452539447580e-09
4.067015286309753097e-09
2.934058006965830505e-09
2.923812749262302655e-09
2.913567491556789985e-09
2.903322233853924292e-09
2.330265715881592654e-09
2.322056222126580292e-09
2.313846728370905357e-09
2.305637234615230837e-09
1.235362200719383925e-09
1.230989146611163292e-09
1.226616092503273117e-09
1.222243038394721405e-09
3.637230159453225809e-10
3.624312425691878800e-10
3.611394691929704093e-10
0.000000000000000000e+00
0.000000000000000000e+00
0.000000000000000000e+00
0.000000000000000000e+00
0.000000000000000000e+00
0.000000000000000000e+00
0.000000000000000000e+00
0.000000000000000000e+00
0.000000000000000000e+00
0.000000000000000000e+00
0.000000000000000000e+00
0.000000000000000000e+00
0.000000000000000000e+00
0.000000000000000000e+00
0.000000000000000000e+00
0.000000000000000000e+00
0.000000000000000000e+00
0.000000000000000000e+00
0.000000000000000000e+00
0.000000000000000000e+00
0.000000000000000000e+00
0.000000000000000000e+00
0.000000000000000000e+00
0.000000000000000000e+00
0.000000000000000000e+00
0.000000000000000000e+00
0.000000000000000000e+00
0.000000000000000000e+00
0.000000000000000000e+00
0.000000000000000000e+00
0.000000000000000000e+00
0.000000000000000000e+00
0.000000000000000000e+00
0.000000000000000000e+00
0.000000000000000000e+00
0.000000000000000000e+00
0.000000000000000000e+00
0.000000000000000000e+00
0.000000000000000000e+00
0.000000000000000000e+00
0.000000000000000000e+00
0.000000000000000000e+00
0.000000000000000000e+00
0.000000000000000000e+00
0.000000000000000000e+00
0.000000000000000000e+00
0.000000000000000000e+00
0.000000000000000000e+00
0.000000000000000000e+00
0.000000000000000000e+00
0.000000000000000000e+00
0.000000000000000000e+00
0.000000000000000000e+00
0.000000000000000000e+00
0.000000000000000000e+00
0.000000000000000000e+00
0.000000000000000000e+00
0.000000000000000000e+00
0.000000000000000000e+00
0.000000000000000000e+00
0.000000000000000000e+00
0.000000000000000000e+00
0.000000000000000000e+00
0.000000000000000000e+00
