-1.208657405022406556e-12
-1.455168411045091328e-12
-1.726845642742150467e-12
-2.024541936560016350e-12
-2.349174701972459086e-12
-2.701706373548351474e-12
-3.083129726841435162e-12
-3.494461277489030856e-12
-3.936734240250667505e-12
-4.410989148779931097e-12
-4.918234458666256046e-12
-5.459482053335531957e-12
-6.035710255841839160e-12
-6.647862022304985249e-12
-7.296833060288190400e-12
-7.983459738726250266e-12
-8.708561704270699549e-12
-9.472848542229488289e-12
-1.027701740042287618e-11
-1.112164461859702237e-11
-1.200726797333792397e-11
-1.293432150285660304e-11
-1.390322340320098354e-11
-1.491424032762205375e-11
-1.596761287318150168e-11
-1.706348994231575424e-11
-1.820189096715176150e-11
-1.938283605148712774e-11
-2.060618370442372099e-11
-2.187182404990641137e-11
-2.317947922473255576e-11
-2.452875755226465894e-11
-2.591938485190816486e-11
-2.735077371293159755e-11
-2.882249310806136790e-11
-3.033384565786664469e-11
-3.188426507450007736e-11
-3.347290139348631101e-11
-3.509913394481581309e-11
-3.676198885235747150e-11
-3.846065422841389164e-11
-4.019422456829469197e-11
-4.196170065767223669e-11
-4.376204543705150443e-11
-4.559419880168562753e-11
-4.745720081839989908e-11
-4.934981561318471585e-11
-5.127103943214524033e-11
-5.321953991230778914e-11
-5.519428321356428499e-11
-5.719406377972893593e-11
-5.921759862720189263e-11
-6.126377384810050511e-11
-6.333136021563859202e-11
-6.541909869474937278e-11
-6.752584563875283430e-11
-6.965032804646477246e-11
-7.179134582770885722e-11
-7.394776446126160610e-11
-7.611834751724801839e-11
-7.830191679269082391e-11
-8.049738117018759035e-11
-8.270355864834767470e-11
-8.491929666348402176e-11
-8.714362615696542635e-11
-8.937538073795375260e-11
-9.161351118739895527e-11
-9.385706322342430472e-11
-9.610505090298789355e-11
-9.835647362209868916e-11
-1.006104098717757796e-10
-1.028660441048747726e-10
-1.051224170598915993e-10
-1.073787008911605070e-10
-1.096341520361027175e-10
-1.118880632023549129e-10
-1.141395888028815754e-10
-1.163880743062075782e-10
-1.186328968651840295e-10
-1.208734677025770556e-10
-1.231091148234744760e-10
-1.253393412610730174e-10
-1.275635914742557924e-10
-1.297814877756638578e-10
-1.319924642248657168e-10
-1.341961415595505141e-10
-1.363921684959644588e-10
-1.385802534827200764e-10
-1.407599370507656215e-10
-1.429310033853705567e-10
-1.450932823222479899e-10
-1.472464262370911604e-10
-1.493902943569946498e-10
-1.515247299974068541e-10
-1.536495123871310054e-10
-1.557646768699403426e-10
-1.578700413999256035e-10
-1.599654854701064546e-10
-1.620510434514917089e-10
-1.641266302966795059e-10
-1.661923810114720077e-10
-1.682482051751020430e-10
-1.702940722149741978e-10
-1.723301700135840850e-10
-1.743564670487329213e-10
-1.763731522683249744e-10
-1.783802655093784932e-10
-1.803779085415786272e-10
-1.823662360807871482e-10
-1.843452663315949774e-10
-1.863153606528158180e-10
-1.882764844186691769e-10
-1.902288828121060855e-10
-1.921726609380038973e-10
-1.941080540895422142e-10
-1.960351830747951643e-10
-1.979543165388645958e-10
-1.998655587296687735e-10
-2.017690919015664224e-10
-2.036651612838306624e-10
-2.055538902090908511e-10
-2.074355453074368645e-10
-2.093102234847318505e-10
-2.111781617017515258e-10
-2.130394740267023614e-10
-2.148944245419579987e-10
-2.167431563133684882e-10
-2.185858219491393493e-10
-2.204226280922225134e-10
-2.222536389219073473e-10
-2.240790488057854662e-10
-2.258989902482648597e-10
-2.277136892781022173e-10
-2.295231451773047933e-10
-2.313276303893878605e-10
-2.331270171116380830e-10
-2.349216263215659427e-10
-2.367114113959634198e-10
-2.384965575653850831e-10
-2.402771413308027041e-10
-2.420531499767959064e-10
-2.438246994012946763e-10
-2.455917250196911468e-10
-2.473543838871138620e-10
-2.491125736432707410e-10
-2.508664327565420157e-10
-2.526159525646922080e-10
-2.543610313675194174e-10
-2.561017462681829013e-10
-2.578378906353112825e-10
-2.595696243844236637e-10
-2.612967593319306889e-10
-2.630193099303320207e-10
-2.647372811592549467e-10
-2.664503692151128108e-10
-2.681586556364073148e-10
-2.698619298428068375e-10
-2.715601011356116253e-10
-2.732531330014149755e-10
-2.749407119668889230e-10
-2.766229563850355119e-10
-2.782996314374768120e-10
-2.799704284683846938e-10
-2.816353650917431212e-10
-2.832940324801517847e-10
-2.849463563792614567e-10
-2.865923701525749638e-10
-2.882315444657116374e-10
-2.898640017132779946e-10
-2.914894653754127555e-10
-2.931075097403048439e-10
-2.947181113921255312e-10
-2.963208590715635071e-10
-2.979156851946540036e-10
-2.995025361203886579e-10
-3.010808374429695846e-10
-3.026504323852009252e-10
-3.042114646961838905e-10
-3.057631950981352622e-10
-3.073057029755784270e-10
-3.088387021968133355e-10
-3.103616114424665426e-10
-3.118747539019295918e-10
-3.133777228670387995e-10
-3.148698421854722657e-10
-3.163514816929905853e-10
-3.178223433531103329e-10
-3.192816280398766109e-10
-3.207297034234911705e-10
-3.221662990291285966e-10
-3.235906009193379433e-10
-3.250031643688838887e-10
-3.264035536603787707e-10
-3.277910258102702266e-10
-3.291662080084053902e-10
-3.305285008234641755e-10
-3.318775438578166735e-10
-3.332133909030181703e-10
-3.345360592951199436e-10
-3.358449217168890455e-10
-3.371398232555947183e-10
-3.384213141021495956e-10
-3.396881769113897953e-10
-3.409411484597043632e-10
-3.421797547676392229e-10
-3.434039400170466392e-10
-3.446133906419543668e-10
-3.458082378497511688e-10
-3.469884803549983733e-10
-3.481534074490767585e-10
-3.493036137689676315e-10
-3.504391468990629100e-10
-3.515590495465484607e-10
-3.526639595321965463e-10
-3.537537114744786283e-10
-3.548283196406059119e-10
-3.558872188544617868e-10
-3.569312368806483183e-10
-3.579599466176911045e-10
-3.589731775423068677e-10
-3.599709314263164798e-10
-3.609536833956463465e-10
-3.619211041463858879e-10
-3.628729827276265684e-10
-3.638100685501141099e-10
-3.647321133157353199e-10
-3.656386942541334839e-10
-3.665303519096409317e-10
-3.674070500004616355e-10
-3.682689382859911369e-10
-3.691156885393080136e-10
-3.699481663354401308e-10
-3.707662080646798222e-10
-3.715691813375225203e-10
-3.723580439794867763e-10
-3.731328029157286786e-10
-3.738936154445678715e-10
-3.746399740145979374e-10
-3.753727291693206502e-10
-3.760918308229499199e-10
-3.767974691740870744e-10
-3.774896858894739293e-10
-3.781685240834183720e-10
-3.788345115848323563e-10
-3.794875763859891982e-10
-3.801278432670843015e-10
-3.807558222924987846e-10
-3.813714390225949626e-10
-3.819747937910724159e-10
-3.825660990427278663e-10
-3.831460790353989695e-10
-3.837143340903029907e-10
-3.842710618754821894e-10
-3.848165556330811605e-10
-3.853515548030105224e-10
-3.858756086131954641e-10
-3.863889420154035696e-10
-3.868919476011340850e-10
-3.873852123526389291e-10
-3.878684120614400953e-10
-3.883417991772702705e-10
-3.888057435358900497e-10
-3.892604888958454236e-10
-3.897062320392682156e-10
-3.901430287669353679e-10
-3.905711930096058276e-10
-3.909908574453953837e-10
-3.914024812538426446e-10
-3.918061062464460330e-10
-3.922015309972817668e-10
-3.925896374215035316e-10
-3.929703747211227299e-10
-3.933440483441610756e-10
-3.937102944014593973e-10
-3.940698095081336403e-10
-3.944230821250888650e-10
-3.947698028321820562e-10
-3.951100464048862276e-10
-3.954443027864140972e-10
-3.957727057666123007e-10
-3.960954678076483529e-10
-3.964127408228961104e-10
-3.967242844121628694e-10
-3.970308772386095342e-10
-3.973324889033485935e-10
-3.976293480523362468e-10
-3.979211668225834224e-10
-3.982085198630791060e-10
-3.984915443220232200e-10
-3.987703080555229540e-10
-3.990449800698123424e-10
-3.993153357779104515e-10
-3.995819743679463189e-10
-3.998450159300012748e-10
-4.001044464574260071e-10
-4.003601372963383035e-10
-4.006124093026531477e-10
-4.008614305561622882e-10
-4.011073957545024046e-10
-4.013502874458169332e-10
-4.015899804445919702e-10
-4.018267776395524143e-10
-4.020608871559578287e-10
-4.022922510158918988e-10
-4.025209818515755524e-10
-4.027468729100418625e-10
-4.029702874493111928e-10
-4.031914290724466980e-10
-4.034100840492129840e-10
-4.036263834538227354e-10
-4.038401751007596740e-10
-4.040518127983328461e-10
-4.042613202460939817e-10
-4.044686982952119313e-10
-4.046738602480595125e-10
-4.048767446004494595e-10
-4.050776300435922120e-10
-4.052764731968277251e-10
-4.054733317948812132e-10
-4.056680533743037125e-10
-4.058605795229090868e-10
-4.060511551515059202e-10
-4.062397541228412173e-10
-4.064263990421067579e-10
-4.066109752794404351e-10
-4.067933566360320946e-10
-4.069737476471774414e-10
-4.071521693373261045e-10
-4.073285581930691104e-10
-4.075028908217387361e-10
-4.076749566487936245e-10
-4.078448747452285914e-10
-4.080127307837940402e-10
-4.081783984267134738e-10
-4.083419727327557062e-10
-4.085031150409430684e-10
-4.086619598591149676e-10
-4.088185243496147531e-10
-4.089727518894479538e-10
-4.091247646184494580e-10
-4.092742268692082336e-10
-4.094211248956368612e-10
-4.095655382559666560e-10
-4.097074499557719332e-10
-4.098469115284048549e-10
-4.099837308586866138e-10
-4.101177538445234525e-10
-4.102490229980357724e-10
-4.103776464639896783e-10
-4.105034322893337628e-10
-4.106265727224229637e-10
-4.107465739347771220e-10
-4.108636174685525071e-10
-4.109775774549840293e-10
-4.110885741173290976e-10
-4.111966366443099873e-10
-4.113015652718087667e-10
-4.114032276228032865e-10
-4.115016287116624201e-10
-4.115969359117656726e-10
-4.116888630682519374e-10
-4.117776563426268849e-10
-4.118628032270178669e-10
-4.119445199009420711e-10
-4.120227010626531584e-10
-4.120975269746589386e-10
-4.121687708902098988e-10
-4.122367059302822336e-10
-4.123008005775656378e-10
-4.123612855393503974e-10
-4.124179239706660813e-10
-4.124709906716655275e-10
-4.125204199923322402e-10
-4.125661355996121124e-10
-4.126079442029026864e-10
-4.126459685152750149e-10
-4.126801319315325696e-10
-4.127103832715293098e-10
-4.127369140656273498e-10
-4.127595152563345760e-10
-4.127781532080057402e-10
-4.127928448513736201e-10
-4.128036963856755195e-10
-4.128104957424818952e-10
-4.128134731542813614e-10
-4.128124427593805419e-10
-4.128074324205311898e-10
-4.127984211364447330e-10
-4.127855218462261065e-10
-4.127685535925357857e-10
-4.127477464920570993e-10
-4.127229223957287021e-10
-4.126940529717874338e-10
-4.126612837353651128e-10
-4.126244790147792100e-10
-4.125837995535566209e-10
-4.125392442920789809e-10
-4.124908426506791368e-10
-4.124383390702524789e-10
-4.123821325405402916e-10
-4.123218220278379970e-10
-4.122579190440927856e-10
-4.121900166032083915e-10
-4.121186170916754877e-10
-4.120430630944673576e-10
-4.119639913727380029e-10
-4.118810046101325184e-10
-4.117946574039546607e-10
-4.117044678710396003e-10
-4.116107849153425314e-10
-4.115132339241348217e-10
-4.114122312521603547e-10
-4.113077055807338968e-10
-4.111997914292753839e-10
-4.110884273283391358e-10
-4.109736941910783113e-10
-4.108556189074802633e-10
-4.107339541579864639e-10
-4.106092510599518327e-10
-4.104811146999810923e-10
-4.103500677710218765e-10
-4.102156506766365482e-10
-4.100783084854895945e-10
-4.099376399727977161e-10
-4.097940462301681337e-10
-4.096475285951518979e-10
-4.094981271653292021e-10
-4.093459840627369922e-10
-4.091909198412947227e-10
-4.090331603965830563e-10
-4.088723966269235137e-10
-4.087091555274299912e-10
-4.085432318766604658e-10
-4.083749848099671284e-10
-4.082040941604764457e-10
-4.080308618123024620e-10
-4.078551253398465063e-10
-4.076768304883322011e-10
-4.074964587182350829e-10
-4.073137112084909155e-10
-4.071289977679498051e-10
-4.069419973496180463e-10
-4.067530395874512835e-10
-4.065618810326826650e-10
-4.063685949987434720e-10
-4.061735485652284982e-10
-4.059765792254753723e-10
-4.057779171222236124e-10
-4.055773612174971434e-10
-4.053751596907087400e-10
-4.051711518765000744e-10
-4.049653872410989580e-10
-4.047581986407431111e-10
-4.045494476360036752e-10
-4.043393281370413865e-10
-4.041276553533617622e-10
-4.039146899655581741e-10
-4.037002239699666093e-10
-4.034843231497796421e-10
-4.032672793806394955e-10
-4.030490103684149783e-10
-4.028296865495354039e-10
-4.026091594355682419e-10
-4.023876417145013145e-10
-4.021649145404007295e-10
-4.019410422720540464e-10
-4.017162527476755967e-10
-4.014905861661751989e-10
-4.012640898513828776e-10
-4.010367293859677059e-10
-4.008085860681354176e-10
-4.005795377088338779e-10
-4.003497026292186772e-10
-4.001190354336177987e-10
-3.998877666179768819e-10
-3.996558335142655390e-10
-3.994232981912218039e-10
-3.991901320391498302e-10
-3.989563542122438823e-10
-3.987219242076052665e-10
-3.984868505224468251e-10
-3.982512981995666876e-10
-3.980153156021473184e-10
-3.977789141196385717e-10
-3.975420457362738404e-10
-3.973047918718544084e-10
-3.970670439734005387e-10
-3.968288931015035546e-10
-3.965902392756699975e-10
-3.963513599914207314e-10
-3.961121435661381719e-10
-3.958726039688349134e-10
-3.956328385222731065e-10
-3.953927259927942238e-10
-3.951522699964183132e-10
-3.949114959958325806e-10
-3.946703771907987696e-10
-3.944291043444689762e-10
-3.941876060107721523e-10
-3.939457783905355415e-10
-3.937038186451532779e-10
-3.934615891603091638e-10
-3.932190701477749955e-10
-3.929762760629455675e-10
-3.927332636330401082e-10
-3.924900959632539590e-10
-3.922467822398414124e-10
-3.920032157916586253e-10
-3.917595153104381026e-10
-3.915156389991570822e-10
-3.912714901430311639e-10
-3.910270897751953733e-10
-3.907825320077103133e-10
-3.905377776723331570e-10
-3.902929021814660930e-10
-3.900477839221882314e-10
-3.898025052407431422e-10
-3.895570800771920985e-10
-3.893113439706585317e-10
-3.890653659121414320e-10
-3.888192143628306070e-10
-3.885728044229759356e-10
-3.883262577923522205e-10
-3.880794141530169912e-10
-3.878323840121641818e-10
-3.875851794627607573e-10
-3.873376113108162438e-10
-3.870898500622431263e-10
-3.868418220764601915e-10
-3.865935318582930555e-10
-3.863450827755397853e-10
-3.860962739291906490e-10
-3.858472747684348989e-10
-3.855980351959059163e-10
-3.853484469162907254e-10
-3.850986563045753912e-10
-3.848484669289390798e-10
-3.845980080917736038e-10
-3.843472853835791331e-10
-3.840961944811639931e-10
-3.838448457585460392e-10
-3.835931399850710381e-10
-3.833411763016441265e-10
-3.830888262367764175e-10
-3.828360768115905096e-10
-3.825830624412815817e-10
-3.823295884340032183e-10
-3.820758228174347891e-10
-3.818216618387256519e-10
-3.815671239572383564e-10
-3.813122975266156713e-10
-3.810569431136390289e-10
-3.808013330286476233e-10
-3.805452922753790144e-10
-3.802887710749311195e-10
-3.800319158167656644e-10
-3.797746384772849449e-10
-3.795169032118578869e-10
-3.792587708703718918e-10
-3.790003017931711034e-10
-3.787412673458798508e-10
-3.784818849673978043e-10
-3.782220838891148376e-10
-3.779616903307240109e-10
-3.777009853892905753e-10
-3.774397826327801221e-10
-3.771780554722990415e-10
-3.769159560846782150e-10
-3.766533982789385857e-10
-3.763903364538537543e-10
-3.761268655494921170e-10
-3.758629215255306498e-10
-3.755984595797994254e-10
-3.753335478666042443e-10
-3.750681571364250561e-10
-3.748022568253518173e-10
-3.745359470152076117e-10
-3.742691336113026293e-10
-3.740018453246623414e-10
-3.737341542730284535e-10
-3.734659137947968180e-10
-3.731972168613459732e-10
-3.729280357431002445e-10
-3.726583500293780171e-10
-3.723881700297448556e-10
-3.721175708236626486e-10
-3.718464690226402544e-10
-3.715748595022937783e-10
-3.713028912895503292e-10
-3.710303895734359242e-10
-3.707574288891276090e-10
-3.704839950649534873e-10
-3.702101175501978306e-10
-3.699357158804529108e-10
-3.696609242711497885e-10
-3.693856930505062704e-10
-3.691099154489440202e-10
-3.688338397037784553e-10
-3.685573213305448006e-10
-3.682802720335029302e-10
-3.680028279012344020e-10
-3.677250698324167141e-10
-3.674467113218777703e-10
-3.671680461878934623e-10
-3.668889457794767100e-10
-3.666093874740649407e-10
-3.663295226002153180e-10
-3.660492793296993507e-10
-3.657685625516358463e-10
-3.654875256935527727e-10
-3.652061779793411404e-10
-3.649243112750559898e-10
-3.646421819301730056e-10
-3.643596514068288363e-10
-3.640768058988976711e-10
-3.637935291870898560e-10
-3.635100494773015045e-10
-3.632261894079472150e-10
-3.629420393187304067e-10
-3.626575316922743509e-10
-3.623728148751501029e-10
-3.620877023166228360e-10
-3.618023561035607607e-10
-3.615166729955516242e-10
-3.612307220733435129e-10
-3.609445050363789954e-10
-3.606580690984730748e-10
-3.603713533778918965e-10
-3.600844576843161226e-10
-3.597973104877158728e-10
-3.595099074656588563e-10
-3.592223086052830955e-10
-3.589344995930552706e-10
-3.586464543901568792e-10
-3.583581558921472149e-10
-3.580697468811533522e-10
-3.577811461284527289e-10
-3.574923856107798745e-10
-3.572034754987340110e-10
-3.569144671664350322e-10
-3.566252333959862695e-10
-3.563359183012755836e-10
-3.560464305148276441e-10
-3.557568456140670684e-10
-3.554670661864826095e-10
-3.551772262651120032e-10
-3.548872912415456006e-10
-3.545972906027042879e-10
-3.543071883968371017e-10
-3.540170712491929206e-10
-3.537267974488435633e-10
-3.534365180956307540e-10
-3.531461437878738878e-10
-3.528557081988549310e-10
-3.525651951911073131e-10
-3.522746526674874879e-10
-3.519840777270730470e-10
-3.516935535267445607e-10
-3.514029967503891909e-10
-3.511124529268550330e-10
-3.508218886434220139e-10
-3.505313624454523483e-10
-3.502408316963349007e-10
-3.499502439391704586e-10
-3.496597417360560020e-10
-3.493692112764518205e-10
-3.490787050737123070e-10
-3.487883477849897489e-10
-3.484980247167291322e-10
-3.482077489940120314e-10
-3.479175318470560327e-10
-3.476274700080163293e-10
-3.473374202851046484e-10
-3.470473811670620106e-10
-3.467575307797887039e-10
-3.464676618868307332e-10
-3.461778910548936097e-10
-3.458882627300460071e-10
-3.455987576278127147e-10
-3.453093346184989297e-10
-3.450199976409319339e-10
-3.447308366960846858e-10
-3.444417542223466330e-10
-3.441527673719281622e-10
-3.438638915194285239e-10
-3.435751752509553575e-10
-3.432865277476608739e-10
-3.429980131844917415e-10
-3.427097588097435168e-10
-3.424215913627854799e-10
-3.421336006954912838e-10
-3.418457436921054750e-10
-3.415581321800022451e-10
-3.412706112073665526e-10
-3.409832254750386997e-10
-3.406960575883765833e-10
-3.404090398953798300e-10
-3.401221637482887258e-10
-3.398354629419807870e-10
-3.395490545686280089e-10
-3.392627755106951378e-10
-3.389766840081079474e-10
-3.386908116351775993e-10
-3.384051388888464059e-10
-3.381196412010229938e-10
-3.378343157084216727e-10
-3.375492293508403085e-10
-3.372643242560349100e-10
-3.369796097955482271e-10
-3.366950928916412161e-10
-3.364108534166670298e-10
-3.361267682623690779e-10
-3.358428785338335397e-10
-3.355592455789105455e-10
-3.352757929719017595e-10
-3.349925412320562519e-10
-3.347094900872316011e-10
-3.344266773999659856e-10
-3.341440877898698908e-10
-3.338617174570823776e-10
-3.335795436965296072e-10
-3.332976808109237545e-10
-3.330159804493510658e-10
-3.327345207919599561e-10
-3.324533190532061532e-10
-3.321723105978169777e-10
-3.318915386356396778e-10
-3.316109929526480496e-10
-3.313306938668794794e-10
-3.310506440186944823e-10
-3.307708337253236031e-10
-3.304912159104706153e-10
-3.302119005240164633e-10
-3.299327587600846010e-10
-3.296538867891745338e-10
-3.293752571364822158e-10
-3.290968164505124986e-10
-3.288186491012063206e-10
-3.285406890202005914e-10
-3.282629919344463832e-10
-3.279855323436197725e-10
-3.277083278211728729e-10
-3.274313793847446330e-10
-3.271545985576491680e-10
-3.268781044398326151e-10
-3.266017927138935641e-10
-3.263257360679147528e-10
-3.260499244789486988e-10
-3.257743105840810935e-10
-3.254989085028714028e-10
-3.252237789332125904e-10
-3.249488816486910824e-10
-3.246742320094304684e-10
-3.243998643198515219e-10
-3.241256581858840374e-10
-3.238517272197511733e-10
-3.235779712498807494e-10
-3.233044535204344499e-10
-3.230312246860918312e-10
-3.227581103209314856e-10
-3.224853044277583780e-10
-3.222126633645911872e-10
-3.219403204117332914e-10
-3.216681696218238833e-10
-3.213962762829879407e-10
-3.211246601269985906e-10
-3.208531528612718722e-10
-3.205819505340236102e-10
-3.203108912451216176e-10
-3.200400785997647972e-10
-3.197695112806680235e-10
-3.194990468444346828e-10
-3.192288937738731581e-10
-3.189589163596642024e-10
-3.186892022519334734e-10
-3.184196683314371186e-10
-3.181503957053021504e-10
-3.178813688816764667e-10
-3.176124361657686877e-10
-3.173438057595593784e-10
-3.170752890640077204e-10
-3.168070098822020187e-10
-3.165389641479291772e-10
-3.162710160186938703e-10
-3.160033580801338786e-10
-3.157358451688759392e-10
-3.154686040381480117e-10
-3.152015353776797288e-10
-3.149347016007298495e-10
-3.146681023671203468e-10
-3.144015906446701589e-10
-3.141353665941303210e-10
-3.138692503814725804e-10
-3.136033350576916093e-10
-3.133376558681261279e-10
-3.130720826707960021e-10
-3.128067689424464461e-10
-3.125415854052942708e-10
-3.122766326536009493e-10
-3.120118920687716640e-10
-3.117473016095721364e-10
-3.114829742107646033e-10
-3.112187465043848804e-10
-3.109547419692664729e-10
-3.106908960642284959e-10
-3.104271900476329639e-10
-3.101637322538772404e-10
-3.099004040303130526e-10
-3.096372722327794344e-10
-3.093742980563726946e-10
-3.091114800491840630e-10
-3.088489411095730496e-10
-3.085865042508738653e-10
-3.083243093774522336e-10
-3.080622641649916506e-10
-3.078003592506347627e-10
-3.075387040081312695e-10
-3.072771301116031906e-10
-3.070157570474968044e-10
-3.067545702055277464e-10
-3.064935360817792811e-10
-3.062326950575545520e-10
-3.059719870125394581e-10
-3.057114635148277472e-10
-3.054511940418006096e-10
-3.051910180569330978e-10
-3.049310889790677834e-10
-3.046712558241682280e-10
-3.044116687830046624e-10
-3.041522381310892479e-10
-3.038929267267717100e-10
-3.036338271317693885e-10
-3.033749036548932130e-10
-3.031161534111440020e-10
-3.028575612401622838e-10
-3.025991005501593163e-10
-3.023408823868236124e-10
-3.020828635200419989e-10
-3.018249659810107073e-10
-3.015672943563784374e-10
-3.013097340683954607e-10
-3.010524459112534854e-10
-3.007952842757288983e-10
-3.005382818507587366e-10
-3.002814790697585224e-10
-3.000248685023716084e-10
-2.997684348811186336e-10
-2.995121578720389850e-10
-2.992560320684733837e-10
-2.990001383763371582e-10
-2.987444714309504457e-10
-2.984889098683737725e-10
-2.982336025982813958e-10
-2.979784107788210889e-10
-2.977235170305857931e-10
-2.974687530059840366e-10
-2.972141642266260847e-10
-2.969597811768058469e-10
-2.967056079458974766e-10
-2.964516229941178228e-10
-2.961978209524443247e-10
-2.959441701206275722e-10
-2.956907292322133693e-10
-2.954375792336488944e-10
-2.951845442919785177e-10
-2.949317568073854457e-10
-2.946791160755931838e-10
-2.944267646890976510e-10
-2.941746343140948541e-10
-2.939226464403913139e-10
-2.936708826788670358e-10
-2.934193262449934152e-10
-2.931680418174701139e-10
-2.929169353276635109e-10
-2.926660149789305362e-10
-2.924152681962647226e-10
-2.921648567133281589e-10
-2.919146047116408761e-10
-2.916645851470853351e-10
-2.914147903823029405e-10
-2.911651750476778644e-10
-2.909159172850336215e-10
-2.906667743708339625e-10
-2.904178840250674083e-10
-2.901692200236269474e-10
-2.899208285626887380e-10
-2.896726231400469657e-10
-2.894246553831455873e-10
-2.891768733373907138e-10
-2.889293547110242206e-10
-2.886821372059044520e-10
-2.884350921189319494e-10
-2.881883222938858619e-10
-2.879417690724938212e-10
-2.876954717141952650e-10
-2.874494926973894256e-10
-2.872036594649626941e-10
-2.869580918826236598e-10
-2.867128000341175800e-10
-2.864677745117125530e-10
-2.862229667408814677e-10
-2.859783969976822944e-10
-2.857340236226110478e-10
-2.854899923435917590e-10
-2.852462216829205012e-10
-2.850026581110514991e-10
-2.847594169642591028e-10
-2.845163647653709483e-10
-2.842736156158875264e-10
-2.840311858848859788e-10
-2.837889232522263827e-10
-2.835469421147127076e-10
-2.833052474982943553e-10
-2.830638306104550046e-10
-2.828226552301964028e-10
-2.825817289282891063e-10
-2.823410228214472812e-10
-2.821006761278903327e-10
-2.818606006893969121e-10
-2.816207490315901231e-10
-2.813812268774580318e-10
-2.811419274472893396e-10
-2.809028863294959257e-10
-2.806642087910825437e-10
-2.804256781429887485e-10
-2.801874456138896447e-10
-2.799495208865546878e-10
-2.797118685346993984e-10
-2.794744343932964956e-10
-2.792372980582140127e-10
-2.790003816692156367e-10
-2.787637941064310368e-10
-2.785275022813949399e-10
-2.782914529960542012e-10
-2.780557036521938385e-10
-2.778202412318521666e-10
-2.775849572167910344e-10
-2.773500942784343126e-10
-2.771153818478647916e-10
-2.768809634860000926e-10
-2.766468365394516057e-10
-2.764130141854132840e-10
-2.761793725484185190e-10
-2.759460854912855163e-10
-2.757130004550259515e-10
-2.754801883587968222e-10
-2.752477325679282132e-10
-2.750155115201640988e-10
-2.747835640855486434e-10
-2.745519547878919390e-10
-2.743205169370656663e-10
-2.740893863799078491e-10
-2.738585881651017968e-10
-2.736279505403806365e-10
-2.733975914230290246e-10
-2.731675513637153351e-10
-2.729377836625105202e-10
-2.727082271409296805e-10
-2.724789717232247726e-10
-2.722499340440657118e-10
-2.720212171267298402e-10
-2.717928114940020845e-10
-2.715646198462813514e-10
-2.713367378025445247e-10
-2.711091331399708424e-10
-2.708816911693479885e-10
-2.706546083253919292e-10
-2.704277491115756299e-10
-2.702010907316285377e-10
-2.699747058359967758e-10
-2.697486141028934749e-10
-2.695227514688345540e-10
-2.692971415276994201e-10
-2.690717723833900938e-10
-2.688466332356161120e-10
-2.686218006157481337e-10
-2.683972636091379763e-10
-2.681729265027169612e-10
-2.679488893160628310e-10
-2.677251086424593517e-10
-2.675014774995359745e-10
-2.672782089675709271e-10
-2.670551448131168826e-10
-2.668322741432391494e-10
-2.666096563921055105e-10
-2.663873230471731632e-10
-2.661652257307839824e-10
-2.659433487397412194e-10
-2.657217106463175776e-10
-2.655002967200807085e-10
-2.652791502866831462e-10
-2.650583157545568465e-10
-2.648376531874896323e-10
-2.646172833950031718e-10
-2.643971647769436888e-10
-2.641771872386735798e-10
-2.639575171750176853e-10
-2.637381169868948521e-10
-2.635188438342753626e-10
-2.632998108285245143e-10
-2.630810453257459354e-10
-2.628625518278701095e-10
-2.626442116996196087e-10
-2.624261548441261651e-10
-2.622082758293624932e-10
-2.619906166825143603e-10
-2.617732892801732045e-10
-2.615561760249664714e-10
-2.613392476572411482e-10
-2.611226056369032192e-10
-2.609061398801718264e-10
-2.606898567382431105e-10
-2.604739214688787626e-10
-2.602580903193230562e-10
-2.600424819074826265e-10
-2.598271068765870176e-10
-2.596119523013187731e-10
-2.593970337878877146e-10
-2.591823247408861851e-10
-2.589678007833015326e-10
-2.587534756749730542e-10
-2.585393949165213069e-10
-2.583256204348228496e-10
-2.581119849896742558e-10
-2.578986045028903515e-10
-2.576854687437979232e-10
-2.574724532825125567e-10
-2.572597201704370936e-10
-2.570472566653711854e-10
-2.568348877406535044e-10
-2.566227554437713437e-10
-2.564108535031446964e-10
-2.561991878812982131e-10
-2.559877126520269115e-10
-2.557764640066539397e-10
-2.555653862573125093e-10
-2.553544917466747329e-10
-2.551438712805603050e-10
-2.549335308330744046e-10
-2.547233249477116391e-10
-2.545133712384915730e-10
-2.543036399803687013e-10
-2.540940359140863091e-10
-2.538847296606383842e-10
-2.536756736414232729e-10
-2.534667137080251038e-10
-2.532579904299662102e-10
-2.530494911229488868e-10
-2.528412323058733636e-10
-2.526331608089140343e-10
-2.524253120265089245e-10
-2.522176322279005751e-10
-2.520101362093855905e-10
-2.518029003329693992e-10
-2.515959568272630276e-10
-2.513891417829125806e-10
-2.511825608266429807e-10
-2.509762340897555906e-10
-2.507700296475926586e-10
-2.505640831182767690e-10
-2.503584231259794291e-10
-2.501528449761726144e-10
-2.499475096345847159e-10
-2.497423924050147112e-10
-2.495374845579154033e-10
-2.493328109972134942e-10
-2.491283223934761665e-10
-2.489240329270606612e-10
-2.487199212036642176e-10
-2.485160258761960895e-10
-2.483124327006417293e-10
-2.481090213191200832e-10
-2.479057873201735470e-10
-2.477028330445520596e-10
-2.475000485952107864e-10
-2.472974202260623079e-10
-2.470951592824769145e-10
-2.468930254525634327e-10
-2.466910704600289631e-10
-2.464893286708158372e-10
-2.462878323490004500e-10
-2.460865915291108125e-10
-2.458854904420503190e-10
-2.456846590618814394e-10
-2.454839862278341581e-10
-2.452834893881461236e-10
-2.450832941531918818e-10
-2.448833513209244296e-10
-2.446835588806388923e-10
-2.444840046605115545e-10
-2.442847160151984781e-10
-2.440855549829676082e-10
-2.438866352636198505e-10
-2.436880422903334234e-10
-2.434895332766029535e-10
-2.432912734526863764e-10
-2.430932340576171913e-10
-2.428954168784157139e-10
-2.426978449943516128e-10
-2.425004252379011468e-10
-2.423032832954360808e-10
-2.421063005656967893e-10
-2.419095076835240533e-10
-2.417130273750170204e-10
-2.415167777803143207e-10
-2.413206948149421652e-10
-2.411248488378494819e-10
-2.409292606064099599e-10
-2.407338034216793670e-10
-2.405386036265006816e-10
-2.403437141873164769e-10
-2.401489059942256276e-10
-2.399543501531567553e-10
-2.397600162739077451e-10
-2.395659132756569495e-10
-2.393720472620667109e-10
-2.391783291694631025e-10
-2.389848995167036452e-10
-2.387916210093842433e-10
-2.385985319363512835e-10
-2.384057599693133980e-10
-2.382132167473899879e-10
-2.380208408004115901e-10
-2.378287062191524661e-10
-2.376368397032450304e-10
-2.374451059827063388e-10
-2.372535900202556364e-10
-2.370624257229924104e-10
-2.368713564895644798e-10
-2.366805110071480762e-10
-2.364898707671634035e-10
-2.362994814352535511e-10
-2.361093545572055090e-10
-2.359193559501584530e-10
-2.357296451177989381e-10
-2.355400893906964686e-10
-2.353507283069469510e-10
-2.351616412351505453e-10
-2.349728187400715944e-10
-2.347841807206415059e-10
-2.345957439432943085e-10
-2.344075765167374713e-10
-2.342196030625867117e-10
-2.340317571657868647e-10
-2.338442546519252136e-10
-2.336569516930081966e-10
-2.334697612468879063e-10
-2.332828291261709890e-10
-2.330961200283398647e-10
-2.329096322901411165e-10
-2.327233636765327036e-10
-2.325372696198504539e-10
-2.323514209321314500e-10
-2.321657455998587438e-10
-2.319802660841912909e-10
-2.317950776306339285e-10
-2.316101221194088672e-10
-2.314253226326453068e-10
-2.312407517390017843e-10
-2.310564504769764399e-10
-2.308722893863927594e-10
-2.306882968221749603e-10
-2.305046518077142952e-10
-2.303211356121583745e-10
-2.301377779656191843e-10
-2.299546258626054680e-10
-2.297717265429884181e-10
-2.295890609198855928e-10
-2.294065624906640798e-10
-2.292242716250464942e-10
-2.290421768916035655e-10
-2.288602676709905898e-10
-2.286785525523408552e-10
-2.284971293013717302e-10
-2.283159269706986786e-10
-2.281348722012920882e-10
-2.279540517653287940e-10
-2.277734730432244139e-10
-2.275930208912308855e-10
-2.274127487672394634e-10
-2.272328179214251684e-10
-2.270530046049478226e-10
-2.268733404297553056e-10
-2.266938832362451549e-10
-2.265146567355496295e-10
-2.263356505652670031e-10
-2.261568279948557656e-10
-2.259781897227665468e-10
-2.257997579785477308e-10
-2.256214930004544528e-10
-2.254434038140611715e-10
-2.252655983158763844e-10
-2.250880223611387872e-10
-2.249105730865270631e-10
-2.247333536455995004e-10
-2.245563702715756052e-10
-2.243795363377589326e-10
-2.242028277580976112e-10
-2.240264446528108262e-10
-2.238502324536885450e-10
-2.236741106803998645e-10
-2.234982271540493558e-10
-2.233225363247992152e-10
-2.231470407743835323e-10
-2.229717728855791198e-10
-2.227966231355369728e-10
-2.226217325989799840e-10
-2.224469696523441445e-10
-2.222723914086250407e-10
-2.220980339462356674e-10
-2.219239285492501889e-10
-2.217500054189277470e-10
-2.215762262533938606e-10
-2.214026783220643103e-10
-2.212293269687597671e-10
-2.210560847054819735e-10
-2.208830593838649045e-10
-2.207103260211251076e-10
-2.205376781610467006e-10
-2.203651966045964716e-10
-2.201928851494640104e-10
-2.200208070369158692e-10
-2.198489300998625798e-10
-2.196772253124330500e-10
-2.195056808335368111e-10
-2.193343368903112202e-10
-2.191631410931687836e-10
-2.189921022592344456e-10
-2.188213212889299036e-10
-2.186507779199490654e-10
-2.184803627271536356e-10
-2.183101252578351256e-10
-2.181401215465523982e-10
-2.179702754035603875e-10
-2.178005309774173389e-10
-2.176310447565296792e-10
-2.174618147461513615e-10
-2.172926427245461037e-10
-2.171236687589308126e-10
-2.169548507772451724e-10
-2.167862420672914245e-10
-2.166178552467792351e-10
-2.164496131452375246e-10
-2.162815424181479423e-10
-2.161136588968168341e-10
-2.159459198338943119e-10
-2.157783310891278350e-10
-2.156109976030960077e-10
-2.154438942771744910e-10
-2.152769171725003768e-10
-2.151101079818717215e-10
-2.149435231335853338e-10
-2.147771023148008249e-10
-2.146107857533437344e-10
-2.144446927576097138e-10
-2.142788680313341975e-10
-2.141131186110646603e-10
-2.139475289304349476e-10
-2.137821067237905822e-10
-2.136169054092147518e-10
-2.134518737790576605e-10
-2.132870343082301416e-10
-2.131223160609281875e-10
-2.129578284384052533e-10
-2.127934573666646036e-10
-2.126292468068402779e-10
-2.124652477610276900e-10
-2.123014800970711775e-10
-2.121378844206110246e-10
-2.119744128070772867e-10
-2.118111391192525690e-10
-2.116480811252866218e-10
-2.114851329205218369e-10
-2.113223223134262398e-10
-2.111598214695468171e-10
-2.109974489024586449e-10
-2.108351577558955396e-10
-2.106730838426777223e-10
-2.105111790283381680e-10
-2.103494516855990370e-10
-2.101879486548032860e-10
-2.100265473336186666e-10
-2.098653530107634235e-10
-2.097043028198906170e-10
-2.095434124135321835e-10
-2.093826638621347555e-10
-2.092221721487665615e-10
-2.090618824837755607e-10
-2.089017151576597831e-10
-2.087417162761224040e-10
-2.085819318761072102e-10
-2.084223110590197621e-10
-2.082627857407612138e-10
-2.081034600498256034e-10
-2.079444214843441507e-10
-2.077854668885516178e-10
-2.076266290527146667e-10
-2.074679924502752102e-10
-2.073095352555557982e-10
-2.071512478415182692e-10
-2.069931744240682912e-10
-2.068351963990511069e-10
-2.066774460298549287e-10
-2.065198149437219959e-10
-2.063623438425913370e-10
-2.062050281716963065e-10
-2.060479672384121397e-10
-2.058910953927223406e-10
-2.057343380031867198e-10
-2.055777569930629210e-10
-2.054213843166481999e-10
-2.052651721803773153e-10
-2.051090566597325810e-10
-2.049531324595528804e-10
-2.047974872516773624e-10
-2.046419275884426503e-10
-2.044864751153042183e-10
-2.043312291323994713e-10
-2.041761563051769040e-10
-2.040212464644848607e-10
-2.038665480444365436e-10
-2.037119456342079497e-10
-2.035575533570130608e-10
-2.034032926020525558e-10
-2.032491910793599673e-10
-2.030952302065296293e-10
-2.029415041477345235e-10
-2.027879768991113078e-10
-2.026345921307976407e-10
-2.024813441357642834e-10
-2.023282912299342284e-10
-2.021754260394059048e-10
-2.020226638772214045e-10
-2.018700366325375097e-10
-2.017177029419486984e-10
-2.015655010587647872e-10
-2.014133605972568755e-10
-2.012614406601357166e-10
-2.011096501745056755e-10
-2.009580570992511330e-10
-2.008066625033996331e-10
-2.006553975095861226e-10
-2.005042641292036585e-10
-2.003533458889859423e-10
-2.002025346557473981e-10
-2.000518722583572416e-10
-1.999013974930337674e-10
-1.997511424783729804e-10
-1.996010565198872573e-10
-1.994510773693403713e-10
-1.993012867628267931e-10
-1.991516951539449113e-10
-1.990022445083233347e-10
-1.988528783788468699e-10
-1.987037159899523364e-10
-1.985548177623237950e-10
-1.984059978813137668e-10
-1.982572772114158299e-10
-1.981087573218272072e-10
-1.979603905767673852e-10
-1.978121796868038338e-10
-1.976641974037121979e-10
-1.975163047712825311e-10
-1.973685816763436471e-10
-1.972210257043553379e-10
-1.970735937381145838e-10
-1.969263011956476173e-10
-1.967792156833564807e-10
-1.966323372519059863e-10
-1.964856176835940601e-10
-1.963389999971536281e-10
-1.961925614962318485e-10
-1.960463252847070130e-10
-1.959002172131784342e-10
-1.957541894236642067e-10
-1.956083750690818945e-10
-1.954628011291679468e-10
-1.953172988343653820e-10
-1.951718959562292651e-10
-1.950266879668085751e-10
-1.948816306574354484e-10
-1.947367232804420089e-10
-1.945920279277273474e-10
-1.944474255738949794e-10
-1.943029810836568069e-10
-1.941587075755803571e-10
-1.940145482312497390e-10
-1.938705277577226691e-10
-1.937266889486711499e-10
-1.935830525621926534e-10
-1.934395847520210679e-10
-1.932962088557810051e-10
-1.931530085355535942e-10
-1.930099997283175047e-10
-1.928671268822771587e-10
-1.927243314853643613e-10
-1.925817029805153500e-10
-1.924393405781184335e-10
-1.922970740798689169e-10
-1.921548678886695246e-10
-1.920128668067257846e-10
-1.918709791119086788e-10
-1.917292782870147185e-10
-1.915877428689817547e-10
-1.914463588533318240e-10
-1.913050615056339711e-10
-1.911639865214555654e-10
-1.910229935440664858e-10
-1.908821526870532110e-10
-1.907414384623961289e-10
-1.906009399981858567e-10
-1.904606236645674103e-10
-1.903204308162965162e-10
-1.901803546954109674e-10
-1.900404446718754313e-10
-1.899007184059959860e-10
-1.897610986042584357e-10
-1.896215589991288386e-10
-1.894822418834569367e-10
-1.893431421089739954e-10
-1.892040985601286383e-10
-1.890651575206746676e-10
-1.889263959750709228e-10
-1.887877733675825484e-10
-1.886492908772521102e-10
-1.885110182007670582e-10
-1.883728358133206130e-10
-1.882347835403505466e-10
-1.880969157343439463e-10
-1.879591384135211555e-10
-1.878214978196565604e-10
-1.876840035472180858e-10
-1.875467198695868932e-10
-1.874096063388717998e-10
-1.872725938048415475e-10
-1.871357111594673668e-10
-1.869989951513853438e-10
-1.868624421059490046e-10
-1.867259868168208546e-10
-1.865896174682428312e-10
-1.864534749069461708e-10
-1.863175221505128669e-10
-1.861816206408136428e-10
-1.860458263928652193e-10
-1.859102017229394287e-10
-1.857747148070199617e-10
-1.856393617743151419e-10
-1.855042026315051336e-10
-1.853691355191557167e-10
-1.852341862973109580e-10
-1.850994271944514193e-10
-1.849647495881141663e-10
-1.848302057079306416e-10
-1.846957886671052580e-10
-1.845615779326726681e-10
-1.844275310576529438e-10
-1.842936008267835156e-10
-1.841597761234807338e-10
-1.840260999433520681e-10
-1.838926100179309673e-10
-1.837592209234483925e-10
-1.836258974413455957e-10
-1.834927722403292897e-10
-1.833598666314671860e-10
-1.832270275635984955e-10
-1.830942556490436666e-10
-1.829616692856792917e-10
-1.828291882928206444e-10
-1.826968777356675276e-10
-1.825647118395822468e-10
-1.824326954966143422e-10
-1.823007527479055365e-10
-1.821689999039421462e-10
-1.820373363147314043e-10
-1.819058065819553373e-10
-1.817743875952216061e-10
-1.816431454981667373e-10
-1.815120803675117326e-10
-1.813811532391206329e-10
-1.812503064759789337e-10
-1.811196191788870715e-10
-1.809890956825816489e-10
-1.808587005144560724e-10
-1.807283904443971686e-10
-1.805981776797296225e-10
-1.804681948963979773e-10
-1.803383747123729319e-10
-1.802085957637150125e-10
-1.800789326572557855e-10
-1.799494253487139691e-10
-1.798200465956198721e-10
-1.796907955439095119e-10
-1.795617329493784951e-10
-1.794327669393509322e-10
-1.793038892171018816e-10
-1.791752169073735754e-10
-1.790466086553390859e-10
-1.789181350739951868e-10
-1.787897686863664829e-10
-1.786615962653535924e-10
-1.785335866354498063e-10
-1.784057041315222434e-10
-1.782778970783572666e-10
-1.781502456754579613e-10
-1.780227605161128419e-10
-1.778953956209188732e-10
-1.777681049851406134e-10
-1.776409200285615460e-10
-1.775139637512326978e-10
-1.773871494515460797e-10
-1.772603750156577345e-10
-1.771337168689041063e-10
-1.770072086914431000e-10
-1.768808243069374362e-10
-1.767545655005979732e-10
-1.766284843786511461e-10
-1.765025039783516065e-10
-1.763766026119025727e-10
-1.762509022584590990e-10
-1.761252666506652177e-10
-1.759997588948019448e-10
-1.758743548762279788e-10
-1.757491250906872416e-10
-1.756240588019440688e-10
-1.754991245022753381e-10
-1.753742699472120545e-10
-1.752495597944641715e-10
-1.751249980802077635e-10
-1.750005696809963453e-10
-1.748762267989219778e-10
-1.747519577998961404e-10
-1.746278901337879651e-10
-1.745040111890399413e-10
-1.743801852874554927e-10
-1.742564232774566540e-10
-1.741328372556649063e-10
-1.740093425166658738e-10
-1.738860128812627457e-10
-1.737628063725726756e-10
-1.736397503655176503e-10
-1.735167587194215339e-10
-1.733939160032655997e-10
-1.732712022952836738e-10
-1.731485785484666395e-10
-1.730260738643209160e-10
-1.729036903613594497e-10
-1.727814888800604624e-10
-1.726594326522457261e-10
-1.725374884986151967e-10
-1.724156252986696761e-10
-1.722938982187902753e-10
-1.721723389281037339e-10
-1.720508886662842756e-10
-1.719294997363917204e-10
-1.718082225549810060e-10
-1.716871651329183752e-10
-1.715662397878698254e-10
-1.714453521982395645e-10
-1.713245668715525664e-10
-1.712039343944527818e-10
-1.710834054490879220e-10
-1.709630088532414562e-10
-1.708427648446108534e-10
-1.707226476731670425e-10
-1.706025917203780897e-10
-1.704827011350039579e-10
-1.703629067009491328e-10
-1.702432157874105955e-10
-1.701236308172520587e-10
-1.700041795573240236e-10
-1.698848995498906750e-10
-1.697657608238202759e-10
-1.696467226214425040e-10
-1.695277691461925989e-10
-1.694089422602337959e-10
-1.692902829680464326e-10
-1.691717260944156846e-10
-1.690532280621744130e-10
-1.689348382116121809e-10
-1.688166592678077192e-10
-1.686986109599653138e-10
-1.685806006290188065e-10
-1.684626791152981024e-10
-1.683449089876753131e-10
-1.682272326163737645e-10
-1.681097005301347648e-10
-1.679922997526141533e-10
-1.678750327341793983e-10
-1.677578217484940486e-10
-1.676407532449277051e-10
-1.675238058512529897e-10
-1.674069398299717693e-10
-1.672901851163885208e-10
-1.671735372306481429e-10
-1.670570621940678289e-10
-1.669407339059456267e-10
-1.668245119104287400e-10
-1.667083510608265163e-10
-1.665923361765491594e-10
-1.664764663977424227e-10
-1.663607046374016507e-10
-1.662450190805578224e-10
-1.661293997856890468e-10
-1.660139625027116792e-10
-1.658987064908337822e-10
-1.657835051936963820e-10
-1.656683443542212357e-10
-1.655533490095467247e-10
-1.654384339754759950e-10
-1.653236691376038689e-10
-1.652089939040715718e-10
-1.650944882333624897e-10
-1.649800525843194407e-10
-1.648656956832325983e-10
-1.647515217136035112e-10
-1.646373985329157335e-10
-1.645233914607788054e-10
-1.644094758708368189e-10
-1.642957012115849010e-10
-1.641820763964111398e-10
-1.640685871266197680e-10
-1.639551837391139884e-10
-1.638418640451739002e-10
-1.637286627143688187e-10
-1.636156195095292830e-10
-1.635026730303308933e-10
-1.633897844758507648e-10
-1.632769832132236912e-10
-1.631643724872046234e-10
-1.630519131936055848e-10
-1.629394943569450170e-10
-1.628271297920697280e-10
-1.627149294850498657e-10
-1.626027958735510948e-10
-1.624908215504134257e-10
-1.623789333386386797e-10
-1.622672012671307205e-10
-1.621555310819674700e-10
-1.620439438568158039e-10
-1.619325341477772179e-10
-1.618211705172999432e-10
-1.617099208793938123e-10
-1.615987616314940218e-10
-1.614877372696102748e-10
-1.613768565703356658e-10
-1.612661076368484321e-10
-1.611554446576632028e-10
-1.610448568480508501e-10
-1.609343853612291256e-10
-1.608240669907086635e-10
-1.607138441392830263e-10
-1.606036840868925062e-10
-1.604935943554523047e-10
-1.603836810949824792e-10
-1.602739300198153570e-10
-1.601642276512657498e-10
-1.600545621435385992e-10
-1.599450533044398516e-10
-1.598356190707251041e-10
-1.597263196481148559e-10
-1.596171064591868640e-10
-1.595080511805370733e-10
-1.593990775829742424e-10
-1.592901654660757287e-10
-1.591814084493677790e-10
-1.590727282452201977e-10
-1.589641343460475016e-10
-1.588556377584183190e-10
-1.587472412822873246e-10
-1.586390027721658252e-10
-1.585308979259527131e-10
-1.584228884953334517e-10
-1.583149356620143636e-10
-1.582071149154804274e-10
-1.580994084868581097e-10
-1.579918188731988846e-10
-1.578843080646747259e-10
-1.577768461943786538e-10
-1.576695084771199846e-10
-1.575623636484022966e-10
-1.574553090624011012e-10
-1.573482865475881217e-10
-1.572413437933038161e-10
-1.571345386041184618e-10
-1.570278104826269960e-10
-1.569212206243232197e-10
-1.568147215935526290e-10
-1.567083627961071516e-10
-1.566020559858257999e-10
-1.564958332968659139e-10
-1.563897771869336511e-10
-1.562837625193704627e-10
-1.561778529961308032e-10
-1.560720246780907574e-10
-1.559663168670310708e-10
-1.558607543351499330e-10
-1.557553089457437115e-10
-1.556499600800431689e-10
-1.555446597950218930e-10
-1.554394908809643464e-10
-1.553344460403280688e-10
-1.552295016502823318e-10
-1.551246295737615855e-10
-1.550198046426583715e-10
-1.549151111306504587e-10
-1.548106035186964232e-10
-1.547061744922093027e-10
-1.546017759583395967e-10
-1.544974597895318195e-10
-1.543932776921222789e-10
-1.542891669959092381e-10
-1.541851937175053008e-10
-1.540813039314553709e-10
-1.539775518603274806e-10
-1.538738547670352207e-10
-1.537702286649163707e-10
-1.536667696300168017e-10
-1.535633536214854813e-10
-1.534600367882389920e-10
-1.533568041975476270e-10
-1.532536736877680911e-10
-1.531506844821506703e-10
-1.530478192464535443e-10
-1.529450459739051875e-10
-1.528423265728900904e-10
-1.527397260159638273e-10
-1.526372252006826210e-10
-1.525348458311283716e-10
-1.524325466451539806e-10
-1.523302937838271332e-10
-1.522281342829122059e-10
-1.521261461311170004e-10
-1.520242836769121967e-10
-1.519224550501551457e-10
-1.518206661779051292e-10
-1.517190269543118497e-10
-1.516174503611122399e-10
-1.515159957890471006e-10
-1.514146190265534617e-10
-1.513133817978486319e-10
-1.512122392823062164e-10
-1.511111404329562534e-10
-1.510101592645757855e-10
-1.509092880775608760e-10
-1.508084719313507210e-10
-1.507077529863071664e-10
-1.506071111621555535e-10
-1.505066013553059210e-10
-1.504062157369590603e-10
-1.503059432574812524e-10
-1.502057460051170725e-10
-1.501056061852986894e-10
-1.500055805002748168e-10
-1.499056827493309270e-10
-1.498058718494562232e-10
-1.497061267414594903e-10
-1.496064249106218281e-10
-1.495068478056958417e-10
-1.494074457907621987e-10
-1.493081240719566762e-10
-1.492088322348956858e-10
-1.491096014492956722e-10
-1.490105079027303521e-10
-1.489114696821403026e-10
-1.488125680339807706e-10
-1.487137274130354835e-10
-1.486150335456147896e-10
-1.485164100693513687e-10
-1.484178396590506886e-10
-1.483193921087490176e-10
-1.482210376984673322e-10
-1.481227419584004352e-10
-1.480245377682021938e-10
-1.479264096190116043e-10
-1.478284116136106066e-10
-1.477305317556572708e-10
-1.476327613677167784e-10
-1.475350638690707078e-10
-1.474374190585726332e-10
-1.473398881393160773e-10
-1.472424773166548993e-10
-1.471451536135864135e-10
-1.470478963295538993e-10
-1.469506816853894925e-10
-1.468535729878621100e-10
-1.467566332299807226e-10
-1.466597884288147411e-10
-1.465629765391490803e-10
-1.464662035571643019e-10
-1.463695759882579338e-10
-1.462730056933888778e-10
-1.461765472722161277e-10
-1.460801597868473853e-10
-1.459839019422390247e-10
-1.458877421467090912e-10
-1.457916190187515437e-10
-1.456955896351728168e-10
-1.455996876743213579e-10
-1.455038231507855438e-10
-1.454080563231220352e-10
-1.453123620286516948e-10
-1.452167684420767642e-10
-1.451212999577806624e-10
-1.450259421471486187e-10
-1.449306684802753148e-10
-1.448354459562732251e-10
-1.447403245031437378e-10
-1.446452801806772631e-10
-1.445503711100991567e-10
-1.444555332123640022e-10
-1.443607419606360593e-10
-1.442660050530716987e-10
-1.441714083904129801e-10
-1.440769644409083728e-10
-1.439825701161400617e-10
-1.438881994123930215e-10
-1.437939126396125085e-10
-1.436997403150245604e-10
-1.436056244766360896e-10
-1.435116384139935369e-10
-1.434177105521924736e-10
-1.433239163550235807e-10
-1.432301848095999571e-10
-1.431365032580419780e-10
-1.430429355973636262e-10
-1.429494599689553234e-10
-1.428560338892860979e-10
-1.427626981931091656e-10
-1.426694299256455400e-10
-1.425762737848403914e-10
-1.424832351516587010e-10
-1.423902981589668622e-10
-1.422974416270637846e-10
-1.422046248742763647e-10
-1.421119219689415899e-10
-1.420192992902517642e-10
-1.419267906117328042e-10
-1.418343515329143674e-10
-1.417419560674522214e-10
-1.416496187644710641e-10
-1.415574193472247429e-10
-1.414653669538359787e-10
-1.413733610171851622e-10
-1.412813771598977499e-10
-1.411894717849381700e-10
-1.410976808697516835e-10
-1.410059404482030280e-10
-1.409143265927844174e-10
-1.408227637231761021e-10
-1.407313352702105315e-10
-1.406399778051613471e-10
-1.405486603960748317e-10
-1.404574421514164020e-10
-1.403663304378497980e-10
-1.402752576594678318e-10
-1.401842720723330784e-10
-1.400933532994198343e-10
-1.400025310375460658e-10
-1.399118278137349850e-10
-1.398212317749537031e-10
-1.397307113617286105e-10
-1.396402455188492989e-10
-1.395498606332739113e-10
-1.394595528552004791e-10
-1.393693706636167527e-10
-1.392792576946425877e-10
-1.391891979816242105e-10
-1.390991754920435909e-10
-1.390092626545072482e-10
-1.389195018132179198e-10
-1.388298196750102497e-10
-1.387401680547524004e-10
-1.386505478274980623e-10
-1.385610574371493088e-10
-1.384716258480200731e-10
-1.383822774874259282e-10
-1.382930198494164288e-10
-1.382038544242608458e-10
-1.381147906128151422e-10
-1.380257664784316883e-10
-1.379368005293283885e-10
-1.378479693558642194e-10
-1.377591873377630475e-10
-1.376704669342260545e-10
-1.375818275154967407e-10
-1.374932539845466501e-10
-1.374047891527804696e-10
-1.373164277087163897e-10
-1.372281608055543615e-10
-1.371399727216411690e-10
-1.370518187662694722e-10
-1.369637687743692811e-10
-1.368757857736555515e-10
-1.367879243105892244e-10
-1.367001276398564955e-10
-1.366123740428998041e-10
-1.365246590058462462e-10
-1.364370648427310468e-10
-1.363496199037738337e-10
-1.362622335706147189e-10
-1.361748737232101313e-10
-1.360875526358346867e-10
-1.360003611526685805e-10
-1.359132191990613013e-10
-1.358261631125401706e-10
-1.357391891059104527e-10
-1.356523106096901631e-10
-1.355655285749302113e-10
-1.354787834639618402e-10
-1.353920933937982235e-10
-1.353055337316050067e-10
-1.352190255542704886e-10
-1.351325745141782628e-10
-1.350462015445813478e-10
-1.349598895993035456e-10
-1.348736796165990461e-10
-1.347875750083810810e-10
-1.347015644373121746e-10
-1.346156242461819042e-10
-1.345297300076746970e-10
-1.344439221490539192e-10
-1.343581804080134785e-10
-1.342725592300465824e-10
-1.341870009307309373e-10
-1.341014921193565946e-10
-1.340160161210480797e-10
-1.339306365700861333e-10
-1.338453974475088286e-10
-1.337602527160104871e-10
-1.336751352501428942e-10
-1.335900360988812438e-10
-1.335050478358852959e-10
-1.334201321303292477e-10
-1.333352733528422204e-10
-1.332505248241585832e-10
-1.331658256625444813e-10
-1.330812493819190967e-10
-1.329967317729560665e-10
-1.329122509061150750e-10
-1.328278546187502110e-10
-1.327435650032529733e-10
-1.326593037021481033e-10
-1.325751228763076553e-10
-1.324910041868789550e-10
-1.324069538193118278e-10
-1.323230252260691559e-10
-1.322391834288881592e-10
-1.321554293469732933e-10
-1.320717326621388555e-10
-1.319880697164506401e-10
-1.319045144617165657e-10
-1.318210317651461742e-10
-1.317376426102953532e-10
-1.316543170452126162e-10
-1.315710315711960253e-10
-1.314877850616772851e-10
-1.314046498113630534e-10
-1.313216555069383339e-10
-1.312387167593756736e-10
-1.311558045996209485e-10
-1.310729210180775078e-10
-1.309901559031700479e-10
-1.309074460816676219e-10
-1.308248004561015725e-10
-1.307422567080643191e-10
-1.306597705496337814e-10
-1.305773908488310913e-10
-1.304950603833694241e-10
-1.304127728885447117e-10
-1.303305742739149266e-10
-1.302484699544628525e-10
-1.301663937004217817e-10
-1.300843974370723903e-10
-1.300024613381878650e-10
-1.299205902140302631e-10
-1.298388336180432516e-10
-1.297571601478141398e-10
-1.296755723108892559e-10
-1.295940440315371624e-10
-1.295125441823827224e-10
-1.294311491008227411e-10
-1.293498142944664305e-10
-1.292685846574041635e-10
-1.291874142272418060e-10
-1.291062833398799450e-10
-1.290251826599649823e-10
-1.289441855678781296e-10
-1.288633192206826800e-10
-1.287825298952208962e-10
-1.287017666668421494e-10
