6.703465927788499609e-07
7.086574909384006391e-07
7.435754320005750211e-07
7.753017184417801971e-07
8.040231406740378275e-07
8.299132479595207995e-07
8.531341411537107546e-07
8.738364875075881036e-07
8.921607892905852070e-07
9.082403812395152858e-07
9.222002154214832487e-07
9.341592642875673932e-07
9.442308799181930232e-07
9.525229586753566722e-07
9.591388148401207716e-07
9.641767774698406561e-07
9.677302018197060085e-07
9.698910361181635421e-07
9.707444686933094150e-07
9.703734168219124681e-07
9.688579085037319128e-07
9.662740794272242109e-07
9.626973507875295513e-07
9.581982859829584583e-07
9.528451446245219179e-07
9.467070742478211000e-07
9.398467509979410301e-07
9.323272679599005874e-07
9.242099051959900980e-07
9.155502669827516348e-07
9.064057692581040476e-07
8.968299795925146287e-07
8.868723882123627339e-07
8.765844728324425941e-07
8.660093585229353884e-07
8.551956443279194444e-07
8.441808818181124886e-07
8.330092985789680502e-07
8.217151162069370249e-07
8.103368193276779156e-07
7.989063518361128362e-07
7.874554803766405588e-07
7.760142275127427184e-07
7.646090587601921514e-07
7.532671536012848833e-07
7.420099759160754767e-07
7.308610354976941831e-07
7.198391593767997865e-07
7.089631905632941630e-07
6.982487323335246246e-07
6.877103034716504932e-07
6.773624807058148946e-07
6.672145626492202960e-07
6.572778152036588366e-07
6.475619777017417907e-07
6.380720354190201768e-07
6.288156690863077880e-07
6.197983339265253673e-07
6.110215735265445485e-07
6.024892775286274538e-07
5.942034407013248028e-07
5.861630026770752966e-07
5.783687906462846713e-07
5.708205026832581144e-07
5.635143166869447071e-07
5.564483856682408633e-07
5.496197711297230270e-07
5.430246628177696779e-07
5.366582658452022927e-07
5.305146695180900314e-07
5.245894518525045499e-07
5.188758310280267479e-07
5.133677543555305942e-07
5.080591960650097321e-07
5.029424596792484809e-07
4.980101574371918580e-07
4.932547430888742433e-07
4.886694192298349831e-07
4.842454563551909770e-07
4.799752186616822909e-07
4.758504228786496281e-07
4.718638072169709146e-07
4.680062258713606179e-07
4.642692735199274287e-07
4.606456894012697003e-07
4.571285281578662140e-07
4.537078046434468106e-07
4.503754912888463237e-07
4.471255368193796648e-07
4.439501436702825730e-07
4.408406437344016779e-07
4.377909045249944634e-07
4.347932608373525365e-07
4.318412485384544060e-07
4.289292121317586388e-07
4.260496004421569275e-07
4.231966556842479520e-07
4.203652624760720787e-07
4.175496966900412527e-07
4.147454262807661790e-07
4.119469458013753453e-07
4.091497790318134722e-07
4.063505541578759633e-07
4.035450378552521645e-07
4.007301117541135335e-07
3.979023163379094145e-07
3.950591259128220964e-07
3.921981472315663997e-07
3.893171813780340728e-07
3.864149212031492462e-07
3.834892310313706770e-07
3.805393997650314579e-07
3.775648451138849561e-07
3.745646881821483993e-07
3.715390746664309973e-07
3.684878285639594550e-07
3.654113401715794189e-07
3.623102646667272916e-07
3.591856098035597576e-07
3.560384975822156182e-07
3.528698617503749815e-07
3.496814081609740231e-07
3.464746431917328552e-07
3.432517983064728957e-07
3.400147684125358791e-07
3.367657216062312277e-07
3.335067226957919792e-07
3.302399650595159262e-07
3.269682025539084723e-07
3.236938761165906839e-07
3.204200512415314246e-07
3.171489819044300310e-07
3.138833411431593662e-07
3.106252463596167675e-07
3.073783990689317061e-07
3.041442382453805645e-07
3.009272378898745682e-07
2.977282975797055602e-07
2.945511622032063080e-07
2.913976322353435664e-07
2.882700966287594958e-07
2.851712410555968674e-07
2.821032208406292183e-07
2.790690434292294391e-07
2.760693885303595287e-07
2.731074793471450206e-07
2.701846977134026933e-07
2.673026742460034911e-07
2.644631082963105199e-07
2.616672494543824202e-07
2.589180805124282666e-07
2.562149251760052020e-07
2.535604426702426300e-07
2.509543813268026925e-07
2.483984746225894366e-07
2.458939416114259576e-07
2.434396664743382064e-07
2.410381949289477100e-07
2.386885041919830895e-07
2.363914820069228967e-07
2.341474479455442479e-07
2.319561593301040758e-07
2.298179167917262883e-07
2.277313233960733968e-07
2.256973822516745539e-07
2.237152761455838247e-07
2.217836692997749785e-07
2.199036836327593632e-07
2.180732102744616944e-07
2.162919112922499086e-07
2.145593415796514881e-07
2.128734885339350267e-07
2.112340151918182861e-07
2.096403968574818898e-07
2.080898457164980227e-07
2.065827739256929148e-07
2.051170765696494902e-07
2.036910587424966070e-07
2.023047545507374788e-07
2.009556448327010657e-07
1.996421454968758053e-07
1.983645647440516044e-07
1.971191197651468457e-07
1.959051175252871188e-07
1.947222126609997525e-07
1.935668570832351347e-07
1.924387424682149158e-07
1.913370980151618628e-07
1.902586272001044731e-07
1.892030221547485823e-07
1.881695528213864436e-07
1.871547614597811211e-07
1.861580494710562615e-07
1.851791337022169413e-07
1.842148095610856431e-07
1.832643709563896500e-07
1.823276480170267487e-07
1.814021267496322109e-07
1.804865275072548637e-07
1.795809291557264042e-07
1.786832083977836386e-07
1.777918161422836175e-07
1.769068090442315634e-07
1.760269041001768804e-07
1.751503871302178998e-07
1.742771311553385020e-07
1.734067536630326315e-07
1.725374440739979375e-07
1.716688860777514673e-07
1.708010355859060468e-07
1.699325169492613089e-07
1.690627651006242892e-07
1.681917870948125500e-07
1.673190919237849089e-07
1.664437761699911872e-07
1.655658431727873639e-07
1.646854383303414161e-07
1.638016725889872993e-07
1.629144496553347400e-07
1.620240357620815944e-07
1.611303008241303317e-07
1.602328472950431521e-07
1.593317073820657082e-07
1.584273043907530117e-07
1.575194657291094325e-07
1.566081766893778531e-07
1.556936922437534097e-07
1.547765486368491710e-07
1.538567171460173148e-07
1.529341607977091429e-07
1.520094958848271508e-07
1.510831468637803277e-07
1.501552117411284523e-07
1.492257605863552939e-07
1.482954236024510369e-07
1.473649089486573730e-07
1.464342766793108894e-07
1.455036475097879113e-07
1.445740966063617559e-07
1.436456198153957991e-07
1.427186751385388904e-07
1.417936291825339423e-07
1.408712302249860378e-07
1.399518890859433799e-07
1.390353778596317864e-07
1.381227564169222828e-07
1.372144520359574739e-07
1.363110238535248588e-07
1.354119737843991520e-07
1.345185798157560934e-07
1.336311842611697910e-07
1.327501474312947753e-07
1.318750807620876463e-07
1.310070700308315416e-07
1.301465685665989486e-07
1.292937674399070853e-07
1.284482455093977812e-07
1.276111811039703678e-07
1.267827008887551712e-07
1.259630742410041187e-07
1.251517789497877284e-07
1.243501506632885119e-07
1.235578308417598420e-07
1.227749266713766928e-07
1.220015589719339318e-07
1.212382524525821224e-07
1.204848125144826402e-07
1.197411128297515124e-07
1.190080064425902374e-07
1.182848225193051329e-07
1.175719452090442783e-07
1.168693334612978781e-07
1.161769944399731195e-07
1.154950440511838224e-07
1.148231851295174171e-07
1.141617194780710334e-07
1.135102940149786491e-07
1.128685312478639252e-07
1.122373771392793006e-07
1.116158289488296148e-07
1.110036080506541320e-07
1.104013685645669629e-07
1.098085350936157438e-07
1.092251353125753014e-07
1.086506782568736546e-07
1.080851756775685123e-07
1.075284236075269377e-07
1.069806243544761907e-07
1.064410881678650242e-07
1.059092358534713152e-07
1.053855924511301618e-07
1.048697077557885941e-07
1.043616002214990859e-07
1.038603468103370077e-07
1.033661528360690018e-07
1.028786127459867868e-07
1.023982175238533971e-07
1.019239784573791233e-07
1.014557762251283079e-07
1.009932334823571737e-07
1.005366839754690795e-07
1.000857705489556473e-07
9.964004221290010772e-08
9.919890634390889294e-08
9.876258565496028461e-08
9.833092870114953384e-08
9.790410713037350345e-08
9.748105283843892571e-08
9.706168041886097187e-08
9.664611070968574023e-08
9.623426246975441152e-08
9.582624641196445921e-08
9.542095954792144809e-08
9.501866946100671013e-08
9.461916319730073844e-08
9.422263354590897732e-08
9.382902304553491963e-08
9.343740966243327955e-08
9.304804557565677778e-08
9.266069400012906674e-08
9.227561352925966735e-08
9.189274085507671379e-08
9.151133119367509019e-08
9.113154498561533139e-08
9.075321827270806957e-08
9.037657908999119968e-08
9.000163491184085085e-08
8.962785328001540391e-08
8.925524445626955607e-08
8.888375236068124428e-08
8.851354124942326109e-08
8.814461877071757180e-08
8.777672726804559591e-08
8.740967013004125656e-08
8.704359599264052647e-08
8.667843793392007887e-08
8.631438505353687111e-08
8.595126979214737905e-08
8.558887328845312836e-08
8.522740844183995072e-08
8.486661309583426114e-08
8.450689572181643051e-08
8.414810696132124420e-08
8.379016061776858678e-08
8.343303604635721484e-08
8.307664771103148437e-08
8.272131102142866954e-08
8.236681858460546475e-08
8.201346154030652713e-08
8.166087732325824895e-08
8.130942928936210980e-08
8.095877905630108512e-08
8.060930897166920955e-08
8.026096422650556510e-08
7.991371239480564101e-08
7.956768126591022681e-08
7.922268051715503750e-08
7.887903887019136402e-08
7.853651876433501193e-08
7.819557752328171653e-08
7.785582983389731340e-08
7.751772227495241735e-08
7.718076658336852439e-08
7.684551570811943764e-08
7.651163474004834459e-08
7.617957420695845952e-08
7.584904417868872778e-08
7.552023150962464673e-08
7.519306233325562729e-08
7.486761948748424309e-08
7.454397683606745853e-08
7.422219865490838301e-08
7.390237779896568040e-08
7.358438367880466534e-08
7.326832888172592456e-08
7.295412366002554470e-08
7.264205994531113463e-08
7.233196226118403526e-08
7.202402700351165527e-08
7.171803543339698254e-08
7.141419441799182934e-08
7.111236022619076905e-08
7.081282101106521430e-08
7.051533491172887416e-08
7.022011295882633964e-08
6.992695616135109498e-08
6.963605239418726203e-08
6.934728264712074025e-08
6.906081381499372295e-08
6.877650666200332716e-08
6.849446190817409733e-08
6.821455051232124865e-08
6.793689842555163775e-08
6.766146028454940336e-08
6.738823482844427599e-08
6.711716186579658631e-08
6.684832529841157854e-08
6.658159272775862074e-08
6.631707697167090259e-08
6.605473250844313242e-08
6.579450196032342292e-08
6.553636257869970064e-08
6.528026129794346205e-08
6.502630109340001632e-08
6.477442402395195864e-08
6.452464127028418854e-08
6.427694021975037104e-08
6.403117168576454218e-08
6.378729457735944986e-08
6.354540596205180690e-08
6.330538243934640049e-08
6.306740972755233877e-08
6.283137076260417798e-08
6.259714248897729760e-08
6.236468261921083728e-08
6.213397815797744682e-08
6.190496559706242330e-08
6.167776811520709219e-08
6.145234702977064192e-08
6.122864185168340291e-08
6.100650345514945705e-08
6.078589949552204639e-08
6.056690119924953270e-08
6.034938469802589888e-08
6.013356232507668712e-08
5.991933805570386838e-08
5.970653968316211699e-08
5.949511918539154965e-08
5.928505933886609870e-08
5.907640378244182632e-08
5.886911158871012129e-08
5.866324969956442898e-08
5.845879162423823885e-08
5.825555697483225238e-08
5.805346343645369334e-08
5.785259376929305870e-08
5.765282826250022024e-08
5.745432341176367300e-08
5.725704817887098806e-08
5.706091876918992214e-08
5.686587360262967387e-08
5.667176501961240670e-08
5.647876444089626282e-08
5.628668118951700509e-08
5.609570396870230444e-08
5.590578829264391075e-08
5.571683063950395981e-08
5.552882692066469211e-08
5.534161784083835759e-08
5.515540318317485786e-08
5.496995081081577636e-08
5.478547076653899747e-08
5.460190309495897809e-08
5.441915184171045454e-08
5.423726079442621381e-08
5.405603962809402863e-08
5.387569879403986798e-08
5.369601971629148216e-08
5.351716963828625633e-08
5.333912536554083588e-08
5.316179237952644919e-08
5.298527509281477931e-08
5.280935144203393335e-08
5.263419745642257199e-08
5.245966437886074446e-08
5.228582983825031167e-08
5.211277538598179933e-08
5.194037467816636843e-08
5.176873619397973036e-08
5.159766339694814536e-08
5.142726605896672135e-08
5.125753740557530609e-08
5.108840014474395702e-08
5.092006093781805893e-08
5.075230690775447115e-08
5.058525416352387374e-08
5.041882205809534870e-08
5.025297403649966718e-08
5.008788445863432164e-08
4.992333695640760950e-08
4.975949910421568400e-08
4.959629132825245119e-08
4.943369818213698593e-08
4.927186217760365329e-08
4.911058538164208191e-08
4.895000054324571057e-08
4.879002991815286574e-08
4.863067435493854463e-08
4.847208315547726054e-08
4.831408626108674831e-08
4.815680080564695199e-08
4.800016234464830123e-08
4.784415367642114302e-08
4.768889317802617544e-08
4.753423559516820279e-08
4.738026400818962031e-08
4.722697757129273269e-08
4.707435718587722436e-08
4.692248188539751063e-08
4.677123118435167839e-08
4.662067102547437234e-08
4.647084973449163135e-08
4.632165643573447291e-08
4.617322212732790232e-08
4.602545663481097642e-08
4.587837476435797454e-08
4.573205654184071639e-08
4.558637490402527669e-08
4.544141120887237410e-08
4.529716500397287061e-08
4.515359790210476875e-08
4.501079340484790920e-08
4.486870121218867872e-08
4.472729249761422882e-08
4.458664284230112924e-08
4.444664210661217836e-08
4.430736421596859724e-08
4.416879402341186211e-08
4.403091760149884387e-08
4.389380638183038260e-08
4.375741554855866288e-08
4.362170645869852049e-08
4.348673929488793333e-08
4.335240834078766667e-08
4.321878371394433643e-08
4.308588198867470785e-08
4.295364262300595475e-08
4.282216802370380528e-08
4.269137823619746964e-08
4.256127392472449406e-08
4.243186573668283726e-08
4.230309249562325807e-08
4.217498046149845573e-08
4.204760188331674398e-08
4.192082574376135602e-08
4.179475329191421072e-08
4.166934855618659484e-08
4.154462692938408344e-08
4.142056227281560441e-08
4.129711249659357786e-08
4.117424968512306783e-08
4.105208091189433798e-08
4.093045526011890731e-08
4.080946065236095920e-08
4.068916400181174451e-08
4.056948723670061475e-08
4.045039719126821772e-08
4.033191813313720818e-08
4.021395824099046729e-08
4.009657121401678123e-08
3.997979278034357951e-08
3.986354650854428754e-08
3.974793434272815040e-08
3.963287452582701027e-08
3.951838897206999365e-08
3.940445600157035254e-08
3.929103177771275440e-08
3.917808492763727962e-08
3.906573265641595250e-08
3.895382265465199410e-08
3.884241924402208165e-08
3.873162423915983033e-08
3.862133658539854526e-08
3.851151350640821762e-08
3.840221451489868014e-08
3.829333072966127605e-08
3.818489088625693751e-08
3.807700207341046427e-08
3.796949566525629826e-08
3.786245810444021348e-08
3.775594911329078675e-08
3.764988912589588073e-08
3.754425410147104327e-08
3.743909153753412397e-08
3.733429182018683235e-08
3.722990117743390884e-08
3.712600747935290864e-08
3.702246497277809972e-08
3.691935518156687759e-08
3.681670536868223406e-08
3.671446951414938380e-08
3.661262618557958334e-08
3.651120441636867428e-08
3.641012319461687337e-08
3.630941347418128652e-08
3.620916183201253703e-08
3.610923429250094883e-08
3.600969536667268966e-08
3.591058914929642695e-08
3.581185883167568842e-08
3.571348725360275956e-08
3.561552233628640609e-08
3.551785752734469189e-08
3.542054782027229243e-08
3.532366635882443015e-08
3.522707890526494047e-08
3.513083928442179565e-08
3.503502754991445669e-08
3.493955889688317075e-08
3.484442105629663803e-08
3.474967548789319689e-08
3.465523681629265658e-08
3.456112710497686787e-08
3.446742138600745795e-08
3.437399259940249923e-08
3.428090850912628370e-08
3.418823077919938108e-08
3.409586782166814563e-08
3.400384966372885609e-08
3.391219831298754447e-08
3.382086636921240311e-08
3.372985816760715995e-08
3.363918211885427294e-08
3.354885934356495721e-08
3.345885200985683093e-08
3.336918350966380203e-08
3.327987064106556614e-08
3.319090178114474982e-08
3.310225271022763865e-08
3.301397054088559137e-08
3.292596831844913328e-08
3.283829628573478672e-08
3.275100158612905506e-08
3.266397060513415232e-08
3.257727274873884527e-08
3.249096037248215959e-08
3.240494592690035585e-08
3.231926379783476654e-08
3.223393608188143963e-08
3.214892428729350613e-08
3.206420493291588819e-08
3.197980070688065393e-08
3.189577886962171312e-08
3.181202311926768973e-08
3.172857583445875567e-08
3.164551866120675266e-08
3.156277478748918819e-08
3.148033021811958060e-08
3.139823603684057648e-08
3.131644456099732247e-08
3.123495398617452309e-08
3.115376481183484364e-08
3.107293600791376513e-08
3.099237937696267817e-08
3.091212863471854090e-08
3.083224593221149670e-08
3.075267526277085210e-08
3.067338964032906294e-08
3.059444167007326656e-08
3.051578424816713151e-08
3.043741510160317676e-08
3.035933397540663793e-08
3.028160078740346656e-08
3.020412576538889778e-08
3.012694034768755279e-08
3.005011416003629180e-08
2.997358431180519655e-08
2.989732843543327260e-08
2.982139429345512641e-08
2.974573941713274694e-08
2.967034876130514177e-08
2.959522898230993678e-08
2.952046226226208727e-08
2.944591847462804120e-08
2.937165545276415314e-08
2.929774185975952682e-08
2.922408592010023420e-08
2.915071832687979845e-08
2.907763976812545044e-08
2.900484195965390489e-08
2.893227322036292848e-08
2.885997732647195614e-08
2.878800151478305584e-08
2.871623231510615775e-08
2.864474011576613290e-08
2.857355646185839511e-08
2.850262845887613638e-08
2.843198419540472154e-08
2.836158281307521298e-08
2.829145809268620514e-08
2.822157367930596696e-08
2.815192700664735521e-08
2.808252767313957019e-08
2.801341068847960514e-08
2.794450821756397774e-08
2.787584200889673135e-08
2.780748839353074844e-08
2.773936550140714025e-08
2.767148470233883738e-08
2.760385763258143117e-08
2.753647284345225521e-08
2.746928634512191786e-08
2.740233154953519574e-08
2.733565632956219964e-08
2.726916452902701378e-08
2.720291562613891235e-08
2.713690376006994292e-08
2.707114836447990398e-08
2.700562735296947244e-08
2.694031202192666402e-08
2.687524975359335214e-08
2.681039805873772572e-08
2.674574143777938373e-08
2.668129627111784672e-08
2.661712488876994238e-08
2.655311056910740986e-08
2.648932008511588837e-08
2.642578019933714438e-08
2.636245279662637712e-08
2.629935375830623889e-08
2.623644643629196787e-08
2.617377534495318613e-08
2.611129874332902969e-08
2.604901175132405490e-08
2.598691861419694078e-08
2.592508615267213984e-08
2.586339954501612318e-08
2.580192375756101284e-08
2.574068379350347282e-08
2.567964453681514868e-08
2.561882037993233195e-08
2.555817570700477161e-08
2.549775622943567485e-08
2.543752441487203886e-08
2.537746359485506074e-08
2.531759656871160141e-08
2.525796956686566309e-08
2.519848338215282087e-08
2.513920588261462438e-08
2.508012262122166565e-08
2.502125787914367053e-08
2.496258622179718558e-08
2.490409022453914484e-08
2.484580741094373624e-08
2.478771201974381277e-08
2.472977333260105666e-08
2.467202286336166913e-08
2.461448352015230829e-08
2.455711478890350079e-08
2.449992360606020292e-08
2.444290013152300494e-08
2.438612174401430839e-08
2.432949803882942523e-08
2.427307056825023825e-08
2.421681812956017697e-08
2.416076327840841160e-08
2.410487414934906365e-08
2.404915543723754273e-08
2.399359804321712368e-08
2.393827324243583127e-08
2.388307088499456049e-08
2.382805380807301209e-08
2.377323730125316711e-08
2.371860071460252932e-08
2.366414755252827347e-08
2.360985153618065662e-08
2.355575260462340677e-08
2.350182543501984089e-08
2.344804111084156260e-08
2.339443075797261331e-08
2.334100290562101615e-08
2.328775296656921148e-08
2.323464896390232103e-08
2.318170613851834617e-08
2.312897970025953619e-08
2.307639740536452957e-08
2.302400576179618374e-08
2.297176040560819378e-08
2.291970346784293600e-08
2.286780572304852349e-08
2.281604472832669087e-08
2.276445013410145458e-08
2.271304601623662343e-08
2.266178207297238937e-08
2.261067634571140436e-08
2.255971691273581097e-08
2.250897201072142633e-08
2.245835836617050341e-08
2.240792609404369655e-08
2.235763668357737690e-08
2.230752384009071530e-08
2.225756183013341792e-08
2.220772930187524572e-08
2.215805651780738088e-08
2.210856444032110732e-08
2.205920738701410394e-08
2.200999742766489914e-08
2.196092936477382001e-08
2.191206231712527204e-08
2.186332209501064878e-08
2.181475665231216153e-08
2.176632139088291227e-08
2.171805847292755325e-08
2.166993820264360800e-08
2.162194193960600296e-08
2.157409384033131359e-08
2.152640353761736009e-08
2.147887078566069683e-08
2.143145626932561172e-08
2.138418203339974646e-08
2.133709051881299730e-08
2.129013506668112434e-08
2.124333340213148969e-08
2.119665862624873859e-08
2.115014201263235132e-08
2.110377011331862637e-08
2.105751873360967125e-08
2.101140453101889271e-08
2.096541216250677332e-08
2.091961022073183568e-08
2.087389446255182964e-08
2.082833250085330768e-08
2.078289554602356463e-08
2.073763406820608990e-08
2.069249194409924564e-08
2.064749629107675663e-08
2.060262558431763069e-08
2.055790336094965710e-08
2.051330809182530527e-08
2.046882236689800783e-08
2.042447015866069179e-08
2.038026489468656357e-08
2.033619198216429780e-08
2.029222620502294836e-08
2.024838760168743343e-08
2.020470864149520212e-08
2.016115665590963851e-08
2.011773540717147087e-08
2.007443635361723526e-08
2.003127011226552767e-08
1.998823761672849011e-08
1.994532114507794107e-08
1.990251864935985736e-08
1.985983334529633288e-08
1.981730397575863405e-08
1.977487184511974993e-08
1.973256223004449834e-08
1.969036375347137158e-08
1.964832726459446461e-08
1.960639769154484074e-08
1.956460312107146099e-08
1.952291324283722982e-08
1.948135793856310802e-08
1.943992456778366416e-08
1.939859831186361942e-08
1.935738359259738773e-08
1.931627666516810227e-08
1.927532176534672628e-08
1.923445329370635259e-08
1.919370385935666880e-08
1.915305839005411095e-08
1.911256602513724899e-08
1.907217582744074085e-08
1.903191122488924534e-08
1.899174825097813338e-08
1.895170958654092768e-08
1.891179042430462134e-08
1.887197493649643165e-08
1.883225956235036440e-08
1.879265319296339644e-08
1.875318102681875125e-08
1.871380860899071530e-08
1.867453229112956486e-08
1.863536400093453675e-08
1.859633080782836068e-08
1.855740808243980401e-08
1.851859404004437747e-08
1.847989192710381784e-08
1.844129423124045508e-08
1.840281678906025243e-08
1.836444213949581143e-08
1.832615523373224799e-08
1.828797859535714888e-08
1.824990459295865547e-08
1.821196772751985149e-08
1.817409603451044034e-08
1.813634564151981011e-08
1.809868457029838358e-08
1.806117134584123657e-08
1.802373723351673181e-08
1.798642655315326795e-08
1.794920089201307849e-08
1.791209351175227464e-08
1.787508955271419880e-08
1.783817322466255832e-08
1.780135546065859611e-08
1.776463020696138511e-08
1.772803375816094903e-08
1.769151937976800878e-08
1.765509580513553333e-08
1.761876831522791637e-08
1.758256237941363067e-08
1.754645829048510281e-08
1.751045120833230697e-08
1.747454868974794272e-08
1.743873531619741881e-08
1.740303419327839127e-08
1.736742685997414103e-08
1.733189826236103050e-08
1.729646875829506102e-08
1.726112205371731812e-08
1.722591242075354143e-08
1.719075997561621222e-08
1.715571157655304502e-08
1.712074545143926515e-08
1.708590360566973148e-08
1.705115103468764374e-08
1.701649301103749439e-08
1.698193162191362329e-08
1.694745908633880638e-08
1.691309092230953245e-08
1.687881257824101559e-08
1.684460840095817346e-08
1.681049957872015348e-08
1.677646812907095439e-08
1.674256924008473715e-08
1.670872325018708465e-08
1.667497626546985767e-08
1.664130686659625994e-08
1.660775588592323108e-08
1.657429081693124573e-08
1.654091518077024290e-08
1.650763315458925694e-08
1.647443218697241286e-08
1.644133306439074491e-08
1.640831802602607252e-08
1.637537418140554187e-08
1.634251819959371347e-08
1.630973943568413631e-08
1.627707742541436559e-08
1.624448103981865576e-08
1.621196264346933828e-08
1.617952831930360308e-08
1.614719021272269296e-08
1.611495413701412149e-08
1.608278963734154501e-08
1.605072354200446524e-08
1.601872553885706360e-08
1.598682414138986262e-08
1.595500600188150323e-08
1.592326481732682135e-08
1.589159441063819520e-08
1.586000846914598991e-08
1.582850882345854563e-08
1.579710926801971773e-08
1.576575856167385637e-08
1.573450310824773554e-08
1.570331296969519493e-08
1.567223989400404073e-08
1.564123143279736574e-08
1.561030908861637987e-08
1.557946594378202928e-08
1.554870100505740521e-08
1.551802581162721995e-08
1.548742690106673583e-08
1.545689098298535044e-08
1.542643476646030928e-08
1.539604811794092360e-08
1.536576568263646301e-08
1.533554662528581965e-08
1.530539357781178348e-08
1.527532222376921318e-08
1.524532401954776605e-08
1.521543323882489007e-08
1.518559831968622736e-08
1.515585498510395646e-08
1.512617274308464491e-08
1.509657384344980168e-08
1.506705909219913675e-08
1.503761455194477849e-08
1.500822929870038983e-08
1.497892249194363615e-08
1.494967740999810354e-08
1.492053965699951440e-08
1.489145114889391048e-08
1.486243115584224627e-08
1.483348487059371625e-08
1.480461486349268200e-08
1.477584142516124455e-08
1.474712208346412570e-08
1.471849045816875581e-08
1.468991557389959203e-08
1.466142024156757411e-08
1.463300533514048806e-08
1.460465710995082623e-08
1.457636497936309757e-08
1.454814653268977681e-08
1.451998744769519733e-08
1.449192784180975983e-08
1.446392072397706508e-08
1.443597383675596171e-08
1.440810200575432011e-08
1.438029125630033504e-08
1.435258362677726330e-08
1.432492442368529770e-08
1.429734458187216936e-08
1.426982707794233317e-08
1.424237936368940113e-08
1.421500892252013587e-08
1.418770318263998438e-08
1.416045086106937201e-08
1.413326670293840416e-08
1.410614366513736321e-08
1.407909941241866615e-08
1.405213178452453073e-08
1.402520348660316333e-08
1.399835371891636753e-08
1.397155704067323210e-08
1.394485148740501955e-08
1.391820596065366568e-08
1.389162556261900272e-08
1.386511807863017104e-08
1.383866367307014027e-08
1.381228395536304392e-08
1.378596939646857274e-08
1.375971756030349630e-08
1.373351577768619113e-08
1.370738315463566785e-08
1.368130177560753774e-08
1.365531624088501682e-08
1.362937013534933485e-08
1.360348186327363000e-08
1.357766034130572889e-08
1.355189430393940026e-08
1.352622279387509123e-08
1.350059473198994073e-08
1.347503559032705711e-08
1.344953797083215044e-08
1.342409781943930493e-08
1.339873021874944132e-08
1.337341942949137581e-08
1.334816244532213265e-08
1.332295999159385485e-08
1.329782081249503314e-08
1.327273559923155175e-08
1.324774090275931971e-08
1.322277506462796678e-08
1.319787218235396353e-08
1.317302673972105930e-08
1.314824397623099623e-08
1.312354320630707902e-08
1.309888379407682901e-08
1.307429365874951148e-08
1.304975744478707370e-08
1.302527896079120926e-08
1.300086852873795303e-08
1.297651215986380637e-08
1.295220594383041988e-08
1.292795222458190662e-08
1.290375900310075622e-08
1.287961605637490832e-08
1.285556050307058374e-08
1.283153320804552470e-08
1.280756320964113514e-08
1.278365096020465683e-08
1.275979159029348336e-08
1.273601668800548677e-08
1.271228072017851030e-08
1.268860615424922815e-08
1.266498916373925021e-08
1.264142191493723345e-08
1.261791953586337999e-08
1.259447025478542546e-08
1.257107509367011913e-08
1.254772323108994765e-08
1.252443101859245286e-08
1.250118207487922861e-08
1.247801387781809185e-08
1.245488548837148296e-08
1.243179944654490117e-08
1.240877797536621313e-08
1.238579731942845669e-08
1.236289459482349785e-08
1.234003864691204699e-08
1.231723617928593127e-08
1.229449524896619363e-08
1.227179366737129930e-08
1.224915245954420263e-08
1.222657153009610297e-08
1.220403972754006434e-08
1.218154697308902114e-08
1.215910709186256534e-08
1.213671572330352921e-08
1.211437981174723900e-08
1.209211603834911288e-08
1.206987527895715537e-08
1.204769202891567244e-08
1.202555702063326998e-08
1.200347330942544714e-08
1.198146454903539977e-08
1.195949040259604571e-08
1.193757137181111222e-08
1.191570585179044435e-08
1.189388344515568679e-08
1.187211959256645418e-08
1.185040594877314368e-08
1.182874199637384043e-08
1.180711558197374250e-08
1.178554046970180971e-08
1.176400822189102848e-08
1.174253686684926882e-08
1.172112282218123092e-08
1.169973470415704614e-08
1.167840478041048415e-08
1.165711347311499017e-08
1.163588179758083864e-08
1.161471405617889271e-08
1.159357935067775725e-08
1.157249956921164419e-08
1.155146803649004434e-08
1.153047861910599449e-08
1.150954553343763066e-08
1.148865905746434138e-08
1.146782011600747952e-08
1.144701666235400139e-08
1.142626192003017024e-08
1.140554810893690192e-08
1.138489103621747516e-08
1.136429138813070628e-08
1.134371448815503553e-08
1.132319205639442283e-08
1.130270985087179015e-08
1.128227733993665759e-08
1.126191169734111908e-08
1.124157693046716612e-08
1.122129111837702351e-08
1.120105602373545649e-08
1.118085772045695605e-08
1.116071093123711129e-08
1.114061443735884786e-08
1.112056106892279445e-08
1.110054033003678620e-08
1.108056476109122592e-08
1.106063170886423186e-08
1.104074321216233294e-08
1.102092284323560575e-08
1.100112240933447482e-08
1.098136438509683866e-08
1.096165566007068183e-08
1.094198071120873416e-08
1.092237211433621424e-08
1.090280059464853622e-08
1.088327133146139211e-08
1.086379499639188420e-08
1.084434959605096362e-08
1.082495284215555344e-08
1.080560524017495549e-08
1.078629565740592558e-08
1.076702734366978134e-08
1.074779377432842005e-08
1.072860702038129365e-08
1.070945326880104757e-08
1.069035665109499900e-08
1.067130502897070362e-08
1.065227592210753871e-08
1.063329728836299530e-08
1.061435374096514231e-08
1.059545502784796279e-08
1.057661845098720133e-08
1.055780908175197681e-08
1.053904285573598357e-08
1.052032538822529117e-08
1.050163756003475774e-08
1.048299733151450544e-08
1.046440476352493348e-08
1.044584917798453797e-08
1.042732512782031646e-08
1.040883984962961681e-08
1.039039829260468634e-08
1.037198750604428267e-08
1.035363701806296076e-08
1.033532046915728293e-08
1.031702867735651295e-08
1.029878580979051435e-08
1.028057317723148553e-08
1.026240889035091416e-08
1.024430009903471859e-08
1.022621726049299847e-08
1.020817560878604202e-08
1.019018081292370808e-08
1.017221390288994942e-08
1.015429223090029955e-08
1.013641617765591198e-08
1.011857465719544270e-08
1.010076436673797066e-08
1.008299038438328526e-08
1.006525792707726662e-08
1.004755448916894534e-08
1.002990550725115869e-08
1.001229497778807006e-08
9.994704777682871914e-09
9.977160158308735969e-09
9.959649380818421350e-09
9.942173723225318898e-09
9.924759253844597896e-09
9.907368509292900022e-09
9.890016839024422484e-09
9.872710330698456360e-09
9.855429655168191428e-09
9.838191525618683525e-09
9.820995544780505357e-09
9.803832017637565914e-09
9.786706940074752751e-09
9.769609017537589105e-09
9.752549246614611930e-09
9.735520691467348794e-09
9.718532610210612370e-09
9.701599377412876630e-09
9.684680996771856116e-09
9.667796318253178384e-09
9.650954403642976426e-09
9.634137877115032306e-09
9.617372505306835766e-09
9.600648164493472152e-09
9.583949354289415766e-09
9.567291824865688737e-09
9.550670649491297845e-09
9.534078739779911221e-09
9.517526321787097717e-09
9.501015487530136613e-09
9.484536694696309600e-09
9.468083645741148294e-09
9.451664477089839755e-09
9.435283074207319706e-09
9.418927731114959521e-09
9.402620118244161147e-09
9.386350969141199929e-09
9.370098114986519556e-09
9.353885109866392319e-09
9.337706695110591430e-09
9.321555052922259005e-09
9.305456465134080301e-09
9.289387464824165071e-09
9.273348526177149542e-09
9.257350209303691347e-09
9.241381677101973787e-09
9.225443481992594689e-09
9.209544059744320454e-09
9.193681749272732651e-09
9.177851174631331872e-09
9.162043552321916894e-09
9.146269220449927455e-09
9.130531165650380708e-09
9.114817221452264652e-09
9.099150519223792528e-09
9.083518524537728072e-09
9.067902406374923016e-09
9.052324500934138179e-09
9.036779523163096296e-09
9.021259564515586443e-09
9.005789830263407443e-09
8.990350199426727999e-09
8.974937426216008062e-09
8.959562502422128759e-09
8.944218594855132552e-09
8.928901972357538300e-09
8.913620960923118894e-09
8.898377907154496243e-09
8.883163265696153267e-09
8.867972990569381726e-09
8.852812051620156054e-09
8.837685584249055238e-09
8.822582829686109299e-09
8.807518639154143243e-09
8.792498585601661181e-09
8.777491032656912699e-09
8.762512818116867416e-09
8.747572040856999031e-09
8.732651897766942614e-09
8.717774540223973353e-09
8.702937773113440750e-09
8.688120226439873757e-09
8.673335211704349526e-09
8.658587589972993583e-09
8.643859953198431517e-09
8.629168518110009259e-09
8.614511037760521343e-09
8.599880531168214322e-09
8.585282106515052554e-09
8.570704618144884615e-09
8.556156102711879327e-09
8.541639301254338820e-09
8.527146975377481529e-09
8.512701921948996809e-09
8.498279737153719718e-09
8.483874065869508479e-09
8.469504219725762687e-09
8.455163244185029680e-09
8.440845465621782802e-09
8.426573838299631746e-09
8.412329035490492033e-09
8.398107671835284058e-09
8.383920477800486016e-09
8.369763163835118136e-09
8.355628263268481899e-09
8.341526732843584267e-09
8.327459811892402183e-09
8.313415689077609299e-09
8.299400913482975307e-09
8.285407892476309653e-09
8.271443904663296185e-09
8.257505121711176260e-09
8.243594292686956373e-09
8.229730434694481097e-09
8.215882335024330406e-09
8.202052757006615873e-09
8.188257927127035565e-09
8.174488272633400527e-09
8.160742427667790274e-09
8.147041829089685779e-09
8.133364588375605563e-09
8.119710751728902302e-09
8.106089197192009915e-09
8.092495803283461831e-09
8.078923671660383168e-09
8.065383585140105229e-09
8.051876071655953321e-09
8.038390212273026868e-09
8.024933283585187355e-09
8.011495920309435359e-09
7.998085343152373691e-09
7.984701622907560246e-09
7.971341429544727918e-09
7.958024474280678743e-09
7.944728173856095201e-09
7.931446055785070346e-09
7.918196275033652465e-09
7.904973718541572920e-09
7.891770382567779109e-09
7.878606554639955585e-09
7.865473549125359927e-09
7.852358093572085109e-09
7.839271057605748182e-09
7.826216493435664654e-09
7.813178631304666069e-09
7.800171275139494036e-09
7.787193207511495679e-09
7.774240456776369836e-09
7.761314954433565121e-09
7.748405360617459034e-09
7.735522224249665363e-09
7.722667741434999578e-09
7.709831389919628059e-09
7.697027523227334039e-09
7.684260940553136652e-09
7.671503764637694426e-09
7.658768354255067430e-09
7.646065706324003115e-09
7.633379849567383624e-09
7.620723161713494029e-09
7.608107183515718561e-09
7.595506451907564179e-09
7.582930458573863671e-09
7.570383744786791824e-09
7.557861056845844481e-09
7.545358192411384607e-09
7.532884236652141167e-09
7.520439978726537714e-09
7.508014772216468872e-09
7.495616949954133737e-09
7.483235750955141927e-09
7.470877629830692406e-09
7.458548090765725256e-09
7.446235673424154335e-09
7.433959043468273291e-09
7.421710530073136921e-09
7.409472058926283304e-09
7.397257148290431990e-09
7.385071750935724241e-09
7.372901640495272233e-09
7.360762766466576272e-09
7.348660265459201021e-09
7.336570706897242304e-09
7.324506433182549686e-09
7.312470879730623950e-09
7.300456026741885424e-09
7.288461152097744334e-09
7.276493586817931756e-09
7.264554524174771428e-09
7.252633301120771232e-09
7.240738222505607718e-09
7.228858584494157961e-09
7.217000816599779100e-09
7.205171204251870287e-09
7.193357141199296230e-09
7.181574958961915851e-09
7.169823596526771871e-09
7.158080576723505185e-09
7.146357901028801620e-09
7.134665015258235402e-09
7.122987179414896150e-09
7.111334772295835281e-09
7.099720140293690650e-09
7.088120893220076976e-09
7.076541863405125865e-09
7.064988834088581695e-09
7.053460519944774529e-09
7.041947195966124706e-09
7.030461182148835756e-09
7.018999762827370774e-09
7.007560007033147148e-09
6.996143975407548809e-09
6.984741148867544628e-09
6.973361265373221151e-09
6.962005444845963158e-09
6.950665570454236578e-09
6.939350154265290732e-09
6.928072224532746691e-09
6.916804422458700261e-09
6.905550352886999831e-09
6.894323578518605192e-09
6.883119077284000998e-09
6.871929220730263694e-09
6.860770760387629813e-09
6.849641790872071133e-09
6.838524564535923184e-09
6.827430035538132809e-09
6.816363339803843023e-09
6.805312350550311546e-09
6.794281320379950028e-09
6.783274342564597579e-09
6.772294132440884238e-09
6.761329249738902949e-09
6.750388230648048102e-09
6.739460797607702323e-09
6.728553586254582807e-09
6.717671839521516499e-09
6.706803576896645676e-09
6.695962111307781022e-09
6.685152787495001014e-09
6.674350416811220004e-09
6.663564678074613726e-09
6.652805253336039304e-09
6.642064411375735894e-09
6.631339913746294984e-09
6.620647117980804847e-09
6.609978514636568748e-09
6.599322378496147358e-09
6.588688073247289201e-09
6.578080118042986429e-09
6.567486136965792122e-09
6.556912066061966163e-09
6.546360720914627693e-09
6.535835018003482740e-09
6.525323681884964929e-09
6.514834986205758543e-09
6.504358975982096392e-09
6.493902508977766369e-09
6.483470100409566257e-09
6.473050387452495448e-09
6.462655082897720493e-09
6.452292313868687339e-09
6.441936390439952174e-09
6.431594881849060869e-09
6.421277874803850375e-09
6.410980927264967350e-09
6.400697036817385453e-09
6.390441696951112179e-09
6.380213447578676185e-09
6.369995265412170891e-09
6.359797805111700343e-09
6.349624767623195555e-09
6.339468199017523748e-09
6.329327359163024666e-09
6.319209788077313206e-09
6.309113949911421736e-09
6.299035045944843278e-09
6.288977655418011098e-09
6.278931032262606347e-09
6.268903972190916311e-09
6.258897584762728062e-09
6.248905530087939458e-09
6.238932906838968600e-09
6.228991788251039014e-09
6.219065163523092157e-09
6.209147934671234389e-09
6.199249550404518546e-09
6.189374398081561630e-09
6.179511005821009974e-09
6.169668860055309581e-09
6.159857904325164074e-09
6.150061619359638064e-09
6.140279272670543583e-09
6.130516912697745476e-09
6.120778430161871665e-09
6.111051143188757291e-09
6.101342867789641168e-09
6.091655226924745641e-09
6.081990795170671276e-09
6.072338971860260443e-09
6.062707862842475093e-09
6.053087733826419900e-09
6.043485945527579324e-09
6.033905205093508573e-09
6.024335730009705006e-09
6.014787081155247773e-09
6.005269974520189209e-09
5.995761262888016956e-09
5.986262373143362817e-09
5.976785595491982128e-09
5.967328005308100805e-09
5.957880846704441683e-09
5.948456661245428320e-09
5.939061326864014671e-09
5.929677704253023391e-09
5.920309082285922553e-09
5.910959578460308980e-09
5.901632397775174450e-09
5.892315415977279280e-09
5.883016970688343066e-09
5.873738160659606329e-09
5.864481372923310569e-09
5.855236387415869138e-09
5.846011371114012791e-09
5.836796333063255295e-09
5.827599128303022501e-09
5.818421463542541329e-09
5.809254952275565903e-09
5.800107359444471258e-09
5.790989663003966997e-09
5.781882155866607844e-09
5.772783642293685477e-09
5.763702967309645987e-09
5.754643003073792835e-09
5.745593875102694269e-09
5.724264336490102818e-09
5.715282994948482715e-09
5.706316729527035817e-09
5.697361577759258160e-09
5.639090821397498222e-09
5.630260290102080088e-09
5.621441386807754265e-09
5.612637547603580643e-09
5.603853554379643136e-09
5.570395848887526487e-09
5.561687590723154657e-09
5.552997895097685466e-09
5.544317631588272522e-09
5.486131870001475497e-09
5.477569495121119571e-09
5.469022563526033168e-09
5.460489013433478621e-09
5.427150039519358011e-09
5.418704759175550345e-09
5.410264066949324425e-09
5.401836320110338218e-09
5.343636509125320536e-09
5.335330373478190473e-09
5.327033561824660441e-09
5.318759100104475049e-09
5.310508659477421952e-09
5.277345808925000965e-09
5.269162115362176112e-09
5.260993776014217740e-09
5.252842823031088354e-09
5.194726495099721699e-09
5.186686438725966357e-09
5.178663615550104531e-09
5.170659320082379620e-09
5.137611992976364566e-09
5.129679299294011890e-09
5.121754533563643939e-09
5.113842926069165161e-09
5.105947543185002218e-09
5.047910087459562470e-09
5.040126398671423586e-09
5.032365995109868724e-09
5.024621385636169546e-09
4.991739905886926898e-09
4.984055833528757546e-09
4.976391006584681854e-09
4.968737255973977276e-09
4.910679131138527151e-09
4.903141049259999685e-09
4.895625443977383342e-09
4.888115625935699804e-09
4.855349698233611323e-09
4.847911994976703241e-09
4.840490804929064164e-09
4.833076475247205548e-09
4.825675989544477376e-09
4.767705133297827539e-09
4.760423082743172093e-09
4.753150833099017324e-09
4.745894887043236805e-09
4.713289269550300593e-09
4.706095580481572424e-09
4.698916517926897563e-09
4.691747008383140015e-09
4.633748592582983726e-09
4.626695714176434370e-09
4.619662264746114910e-09
4.612631919499024985e-09
4.580128109508895053e-09
4.573168361813940466e-09
4.566220347245678898e-09
4.559278976624397105e-09
4.501261441101903867e-09
4.494443290442306311e-09
4.487634992920001991e-09
4.480836084038792802e-09
4.474049863630801010e-09
4.441713685914898293e-09
4.434994958717269077e-09
4.428284921544901584e-09
4.421590368106257280e-09
4.363653273543781754e-09
4.357068905732581045e-09
4.350496726506443972e-09
4.343935238054059353e-09
4.311693703456442812e-09
4.305192763484553327e-09
4.298708787223646984e-09
4.292229560681487511e-09
4.234263564579162222e-09
4.227903703912757641e-09
4.221552975864631094e-09
4.215206960542578026e-09
4.208871686213336361e-09
4.176785581709913605e-09
4.170518144713538354e-09
4.164258439413003613e-09
4.158014791208653804e-09
4.100133023169288954e-09
4.093996279993897165e-09
4.087872991253137424e-09
4.081760604625510813e-09
4.049774617121335027e-09
4.043724685177468142e-09
4.037685638691354319e-09
4.031659652005826137e-09
3.973749782860566443e-09
3.967828316523860226e-09
3.961920037683532472e-09
3.956019584515271195e-09
3.924121957378812637e-09
3.918280034276119448e-09
3.912454689780068468e-09
3.906633587147177988e-09
3.848694665128351415e-09
3.842987484398802284e-09
3.837288067694865570e-09
3.831593373424458169e-09
3.825908952270020745e-09
3.794158409239870448e-09
3.788538521303128604e-09
3.782925654769601316e-09
3.777327998751762956e-09
3.719468252658529578e-09
3.713973082244551508e-09
3.708489731462662240e-09
3.703016969459296275e-09
3.671360805880548853e-09
3.665948073902941733e-09
3.660544100171996824e-09
3.655153833984076996e-09
3.597266549750675421e-09
3.591975715412954904e-09
3.586695519607369551e-09
3.581425896923464712e-09
3.549853610035356855e-09
3.544638249023480752e-09
3.539437429776219374e-09
3.534241266219706494e-09
3.476326106610224985e-09
3.471235642612010259e-09
3.466157811549429970e-09
3.461082418554341232e-09
3.429594863234497550e-09
3.424582235374993134e-09
3.419578028405045652e-09
3.414579547873563358e-09
3.409592963825640397e-09
3.351752972898793997e-09
3.346869890889396350e-09
3.341992073514429730e-09
3.337126592827793379e-09
3.305782592976768968e-09
3.300977198152511795e-09
3.296176567844576505e-09
3.291388650012319747e-09
3.233522577481056914e-09
3.228832139579323987e-09
3.224147912627953088e-09
3.219477127208107407e-09
3.188213616348181738e-09
3.183596329040042047e-09
3.178984759914224498e-09
3.174387741138240743e-09
3.116490976601589335e-09
3.111988336057394335e-09
3.107497843584426056e-09
3.103015134352682618e-09
3.071830903030234734e-09
3.067401712752224226e-09
3.062982493558649936e-09
3.058571508373928374e-09
3.000648820884053922e-09
2.996338641109098402e-09
2.992037437268541784e-09
2.987740813914123485e-09
2.956639705798807146e-09
2.952401914349230760e-09
2.948172325325020027e-09
2.943949830002041296e-09
2.886005811778675917e-09
2.881883365461181705e-09
2.877766765354538340e-09
2.873653526120243863e-09
2.842631269001804146e-09
2.838578292055588042e-09
2.834529111690013224e-09
2.830485475070027889e-09
2.826446704619679725e-09
2.768572537782630107e-09
2.764632789995618027e-09
2.760698340003352396e-09
2.756774151019365547e-09
2.725882817962668058e-09
2.722011124961089154e-09
2.718145838945262254e-09
2.714290158796679302e-09
2.656388346283034611e-09
2.652627773054430961e-09
2.648874368279937888e-09
2.645131542209293723e-09
2.614315808949000726e-09
2.610622276703303980e-09
2.606939107944044305e-09
2.603263661368097313e-09
2.545341008791085433e-09
2.541759770602099110e-09
2.538184835512471216e-09
2.534618198056631305e-09
2.503946931053888894e-09
2.500426453579621954e-09
2.496913886931647523e-09
2.493409626771846784e-09
2.435475339018081888e-09
2.432055241471564513e-09
2.428645124203035448e-09
2.425238477847314200e-09
2.394510212173826246e-09
2.391151400268392389e-09
2.387805077563339588e-09
2.384460649792594858e-09
2.326248332093648425e-09
2.322992569961207019e-09
2.319745085500666681e-09
2.316500962802500478e-09
2.285715360298497070e-09
2.282522906538032860e-09
2.279337733829807906e-09
2.276154747258405097e-09
2.217668974928757352e-09
2.214577911071067385e-09
2.211494245163467401e-09
2.208413284413470919e-09
2.177572548138665721e-09
2.174541681058292247e-09
2.171516814451719401e-09
2.168492952275292969e-09
2.109729044615152254e-09
2.106797226339862760e-09
2.103871044933919536e-09
2.100946032476821288e-09
2.070042674004246641e-09
2.067169565739016842e-09
2.064298668929794619e-09
2.061431677462596197e-09
2.002388682125341801e-09
1.999615663182767937e-09
1.996844113734582957e-09
1.994074196999597973e-09
1.963111685210157866e-09
1.960394602923986176e-09
1.957680680460979417e-09
1.954969329559994131e-09
1.895651923920656229e-09
1.893034057887340099e-09
1.890418404493007355e-09
1.887806610518057751e-09
1.856785423738608860e-09
1.854225995695025442e-09
1.851669456298902307e-09
1.849115733954797993e-09
1.789520575653287206e-09
1.787057408453885358e-09
1.784594798152972504e-09
1.782136369916445216e-09
1.751051099954146903e-09
1.748644188127162719e-09
1.746237890096013821e-09
1.743833267679720593e-09
1.683958385604043251e-09
1.681644350868020936e-09
1.679332817606396126e-09
1.677023520993489442e-09
1.645876349479361750e-09
1.643618186069875649e-09
1.641361921786904385e-09
1.639108478366337926e-09
1.578954203473012831e-09
1.576790095130448037e-09
1.574629329010626727e-09
1.572472939286743784e-09
1.541261434059047718e-09
1.539153317226936458e-09
1.537046603770285234e-09
1.534946564173231799e-09
1.474514570109502994e-09
1.472503490363833395e-09
1.470494118817475941e-09
1.468487390206469573e-09
1.437210827790149583e-09
1.435251444413418007e-09
1.433293643844285297e-09
1.431338741062900734e-09
1.370626531793373995e-09
1.368760794348508271e-09
1.366896338378436627e-09
1.365034047970407769e-09
1.333689125688579576e-09
1.331873186906703522e-09
1.330060812924866542e-09
1.328250677573307236e-09
1.267258639718401008e-09
1.265536886330346964e-09
1.263816921360576466e-09
1.262100680612900038e-09
1.230687518237073111e-09
1.229017007554905684e-09
1.227349040196173709e-09
1.225686151654300992e-09
1.164413784568313589e-09
1.162836983451483151e-09
1.161261636335583729e-09
1.129739834652517615e-09
1.128212900986592450e-09
1.126689657047620650e-09
1.125167938526288484e-09
1.063531389643783081e-09
1.062096353642912266e-09
1.060663026478520275e-09
1.059231108322476119e-09
1.027637839708803550e-09
1.026252372845906686e-09
1.024869208304849459e-09
1.023487106314415611e-09
9.615676513986880679e-10
9.602723340030509001e-10
9.589775990606888426e-10
9.576857257934038405e-10
9.260208224602060642e-10
9.247763945524482986e-10
9.235319720414847523e-10
9.222893589095823608e-10
8.600895282312214461e-10
8.589337996287060460e-10
8.577785378382878761e-10
8.566267388479253039e-10
8.248936153832165512e-10
8.237880909121023625e-10
8.226831961382932306e-10
8.215796393142176611e-10
7.591026626540700567e-10
7.580871288203426844e-10
7.570736676428685708e-10
7.560622959779528499e-10
7.242597523338518020e-10
7.232919785313331935e-10
7.223256580438705991e-10
7.213598575614912780e-10
6.586013365344347518e-10
6.577207056598269993e-10
6.568438361674705163e-10
6.249243596207528194e-10
6.240903282778334198e-10
6.232566364296359799e-10
6.224245840577392918e-10
5.592993805202500256e-10
5.585527475460802535e-10
5.578076843443975187e-10
5.570650149545051115e-10
5.250723180291563940e-10
5.243724205168029519e-10
5.236737637356254129e-10
5.229758508230428565e-10
4.595711325264859358e-10
4.589588878255526901e-10
4.583498446460954862e-10
4.577413272517736784e-10
4.256763609505761491e-10
4.251110299327796646e-10
4.245483920610885800e-10
4.239857541893974438e-10
3.603042825691789106e-10
3.598279849557890637e-10
3.593525096816747600e-10
3.588770344075603530e-10
3.267395064565139102e-10
3.263070509005761660e-10
3.258745953446383185e-10
2.618267593280412311e-10
2.614804666953702695e-10
2.611341740626992562e-10
2.607878814300282945e-10
2.285316164233163610e-10
2.282284667019153045e-10
2.279253169805142221e-10
2.276221672591131139e-10
1.632946704509557672e-10
1.630779295565777622e-10
1.628611886621997313e-10
1.626444477678217004e-10
1.303136709665133957e-10
1.301401956939307261e-10
1.299667204213481083e-10
1.297932451487654387e-10
6.920031332302763620e-11
6.910809586401028637e-11
6.901587840499292361e-11
6.892366094597558670e-11
2.038524237181319404e-11
2.035806684277238511e-11
2.033089131373158587e-11
0.000000000000000000e+00
0.000000000000000000e+00
0.000000000000000000e+00
0.000000000000000000e+00
0.000000000000000000e+00
0.000000000000000000e+00
0.000000000000000000e+00
0.000000000000000000e+00
0.000000000000000000e+00
0.000000000000000000e+00
0.000000000000000000e+00
0.000000000000000000e+00
0.000000000000000000e+00
0.000000000000000000e+00
0.000000000000000000e+00
0.000000000000000000e+00
0.000000000000000000e+00
0.000000000000000000e+00
0.000000000000000000e+00
0.000000000000000000e+00
0.000000000000000000e+00
0.000000000000000000e+00
0.000000000000000000e+00
0.000000000000000000e+00
0.000000000000000000e+00
0.000000000000000000e+00
0.000000000000000000e+00
0.000000000000000000e+00
0.000000000000000000e+00
0.000000000000000000e+00
0.000000000000000000e+00
0.000000000000000000e+00
0.000000000000000000e+00
0.000000000000000000e+00
0.000000000000000000e+00
0.000000000000000000e+00
0.000000000000000000e+00
0.000000000000000000e+00
0.000000000000000000e+00
0.000000000000000000e+00
0.000000000000000000e+00
0.000000000000000000e+00
0.000000000000000000e+00
0.000000000000000000e+00
0.000000000000000000e+00
0.000000000000000000e+00
0.000000000000000000e+00
0.000000000000000000e+00
0.000000000000000000e+00
0.000000000000000000e+00
0.000000000000000000e+00
0.000000000000000000e+00
0.000000000000000000e+00
0.000000000000000000e+00
0.000000000000000000e+00
0.000000000000000000e+00
0.000000000000000000e+00
0.000000000000000000e+00
0.000000000000000000e+00
0.000000000000000000e+00
0.000000000000000000e+00
0.000000000000000000e+00
0.000000000000000000e+00
0.000000000000000000e+00
