1.783256985887864663e-10
2.144775609271488590e-10
2.523156399174558836e-10
2.913889236025191272e-10
3.312997374039651608e-10
3.717102446977650653e-10
4.123499986847064440e-10
4.530082689706934793e-10
4.935340679094715928e-10
5.338213036503092939e-10
5.738131645922914053e-10
6.134820770071881617e-10
6.528234953985672414e-10
6.918503281991437092e-10
7.305845890328870518e-10
7.690480810996068342e-10
8.072556159985835715e-10
8.452187738242886205e-10
8.829343255494841939e-10
9.203881735813126649e-10
9.575559125923988556e-10
9.944004486171144244e-10
1.030880927975275964e-09
1.066955183312714257e-09
1.102575504725757642e-09
1.137699847648250518e-09
1.172298732601947182e-09
1.206343950922720605e-09
1.239822418545574110e-09
1.272738007491043658e-09
1.305089887020978315e-09
1.336902996485262769e-09
1.368200919398730947e-09
1.399018643367829607e-09
1.429390894996390721e-09
1.459362019106181011e-09
1.488956094631017343e-09
1.518231980281041819e-09
1.547202415018852581e-09
1.575896125500987637e-09
1.604349338045463723e-09
1.632549416868883581e-09
1.660504004558947875e-09
1.688228797372029100e-09
1.715705630686573387e-09
1.742904461922125653e-09
1.769787501386664461e-09
1.796363600574488618e-09
1.822590870217639448e-09
1.848439743450540869e-09
1.873880819399604682e-09
1.898888023553154026e-09
1.923438152989433999e-09
1.947514315775069805e-09
1.971108617478289739e-09
1.994208625211851149e-09
2.016819706157672664e-09
2.038945117723889761e-09
2.060587504564415960e-09
2.081765476458970559e-09
2.102488558441276199e-09
2.122771643446952155e-09
2.142637055241081550e-09
2.162099506203623040e-09
2.181164123620882726e-09
2.199853995678708847e-09
2.218173968464350884e-09
2.236148166481998262e-09
2.253804888509495686e-09
2.271123418963807644e-09
2.288118572541178865e-09
2.304789207986473909e-09
2.321140093804018243e-09
2.337171116920207364e-09
2.352896733715173489e-09
2.368291552878133143e-09
2.383387997723870435e-09
2.398162373283897446e-09
2.412603121698357684e-09
2.426721808085121208e-09
2.440567750985187502e-09
2.454090044411934808e-09
2.467268293183127827e-09
2.480184111178459732e-09
2.492844755940335232e-09
2.505152175601818614e-09
2.517210427022279547e-09
2.529058383264760874e-09
2.540582517535663505e-09
2.551884803567701079e-09
2.562998242039784333e-09
2.573835766154685333e-09
2.584481367357993659e-09
2.594942511067234164e-09
2.605189827108469032e-09
2.615269678700921976e-09
2.625159189919907380e-09
2.634896606690567896e-09
2.644457156708503949e-09
2.653892738839123177e-09
2.663168944007422733e-09
2.672289121741665063e-09
2.681315199742942583e-09
2.690153433058040442e-09
2.698941116309760979e-09
2.707561429162473494e-09
2.716098674468136670e-09
2.724523880100064383e-09
2.732833155710045277e-09
2.741088467099772528e-09
2.749207749768025022e-09
2.757293626655918823e-09
2.765249001365564588e-09
2.773183729917112783e-09
2.781014405336236277e-09
2.788814606492504053e-09
2.796536198816982388e-09
2.804223446030680281e-09
2.811846649310876381e-09
2.819439063494011203e-09
2.826980027125101544e-09
2.834493669758770778e-09
2.841961510785177086e-09
2.849401562868163600e-09
2.856806942816830605e-09
2.864173640877790963e-09
2.871525297449434965e-09
2.878820214658839301e-09
2.886116819877852572e-09
2.893334910473668982e-09
2.900572809819047572e-09
2.907715405924698246e-09
2.914867683683110486e-09
2.921942259848194243e-09
2.929012467070275620e-09
2.936004325769674115e-09
2.942974422360948898e-09
2.949881532287893628e-09
2.956739264217419933e-09
2.963541059838115017e-09
2.970279986516177849e-09
2.976956727590144672e-09
2.983568556024206909e-09
2.990113743423812886e-09
2.996593125045504914e-09
3.002984593289654986e-09
3.009296914380813899e-09
3.015531456197782132e-09
3.021669882335430156e-09
3.027735776370795881e-09
3.033695993286583894e-09
3.039578724144517785e-09
3.045343540764797755e-09
3.051009905693444620e-09
3.056585436906557966e-09
3.062043737542161456e-09
3.067417515207089563e-09
3.072649402567404372e-09
3.077792844418933470e-09
3.082819183376552064e-09
3.087730806997174872e-09
3.092545555486089984e-09
3.097213756795744359e-09
3.101796673190206115e-09
3.106267235825821611e-09
3.110599172245931657e-09
3.114855795272843580e-09
3.118970118397802182e-09
3.122988219734035085e-09
3.126913485015169277e-09
3.130699838740544379e-09
3.134410297064471899e-09
3.138017312062786715e-09
3.141506154188554612e-09
3.144929994401115750e-09
3.148239613368204592e-09
3.151465943146191576e-09
3.154622458108885010e-09
3.157673821877404659e-09
3.160664156461500470e-09
3.163578277172995421e-09
3.166414860411736353e-09
3.169196071769991401e-09
3.171905015885225823e-09
3.174566167773127043e-09
3.177174184680736025e-09
3.179713761708695176e-09
3.182227712540987602e-09
3.184698644986579859e-09
3.187109814358187121e-09
3.189510021919081941e-09
3.191876509176432417e-09
3.194193629785282471e-09
3.196510122055827829e-09
3.198807826852376445e-09
3.201060683387832181e-09
3.203313506556807240e-09
3.205566934462308014e-09
3.207787602079495461e-09
3.209998662478265072e-09
3.212231113297836715e-09
3.214437781289467819e-09
3.216629642180357451e-09
3.218852054050141532e-09
3.221057623188577141e-09
3.223251496909005624e-09
3.225463919335430930e-09
3.227673740620289914e-09
3.229887177549987548e-09
3.232095297287268819e-09
3.234313404621641736e-09
3.236535975337896696e-09
3.238753261889402790e-09
3.240970160576581403e-09
3.243194370951422389e-09
3.245422855405546127e-09
3.247632985927575775e-09
3.249851503649411637e-09
3.252077010635818500e-09
3.254286121410912481e-09
3.256473762782029076e-09
3.258672381115159957e-09
3.260873267057399289e-09
3.263035727424101812e-09
3.265195467560376097e-09
3.267352171526903283e-09
3.269490987191229351e-09
3.271579077386213100e-09
3.273675507773321470e-09
3.275756111736269175e-09
3.277796387813411992e-09
3.279805803118624325e-09
3.281801672391041014e-09
3.283780153591121966e-09
3.285695914943574740e-09
3.287593450526635788e-09
3.289461881730727399e-09
3.291301764922823534e-09
3.293070514892181972e-09
3.294826285975536468e-09
3.296539681077198118e-09
3.298215738521852500e-09
3.299829558860822445e-09
3.301417958082051853e-09
3.302961394147463042e-09
3.304454933906069212e-09
3.305898618552788358e-09
3.307306522678239633e-09
3.308663727876258339e-09
3.309967801560202448e-09
3.311227790915451360e-09
3.312447298483641080e-09
3.313613327529533535e-09
3.314730907869103652e-09
3.315806716986667694e-09
3.316838634901695492e-09
3.317815631242113224e-09
3.318747880440628367e-09
3.319645167316630228e-09
3.320497918871832040e-09
3.321298077942227573e-09
3.322054703528644101e-09
3.322786338751293205e-09
3.323473042894203012e-09
3.324116224372656225e-09
3.324714553978876877e-09
3.325301129510058806e-09
3.325843280103392092e-09
3.326352297398263137e-09
3.326811259838305051e-09
3.327269816064506518e-09
3.327692576387189443e-09
3.328086930661260595e-09
3.328439027321861067e-09
3.328785242562208421e-09
3.329112535230112667e-09
3.329415772890895575e-09
3.329688759953828189e-09
3.329942631156031344e-09
3.330196203752650811e-09
3.330426304294046043e-09
3.330642702298088502e-09
3.330828653808721024e-09
3.331022250026621810e-09
3.331200792262793757e-09
3.331368562561938045e-09
3.331519798259144249e-09
3.331661060330670225e-09
3.331801010919246398e-09
3.331932605406698666e-09
3.332057287262238858e-09
3.332170073433389926e-09
3.332277840653087103e-09
3.332380334168230570e-09
3.332480504739191328e-09
3.332573105655958649e-09
3.332658426374836901e-09
3.332733620229848599e-09
3.332809551431011348e-09
3.332881618326917147e-09
3.332950520092971372e-09
3.333006067522359063e-09
3.333052104514784075e-09
3.333100853268631343e-09
3.333142514916999524e-09
3.333184942993203861e-09
3.333204508477550568e-09
3.333218054528213313e-09
3.333232416689165037e-09
3.333238517293751637e-09
3.333239571201261368e-09
3.333213214583276191e-09
3.333185691196596761e-09
3.333154328251257331e-09
3.333112893991530818e-09
3.333062546225429335e-09
3.332983451068349738e-09
3.332900982562191287e-09
3.332809774080238979e-09
3.332708202355317806e-09
3.332593994625976719e-09
3.332452155106282565e-09
3.332302111044143316e-09
3.332142297418472233e-09
3.331966584447706405e-09
3.331772424466513495e-09
3.331554431064665225e-09
3.331326626443792963e-09
3.331086026022426563e-09
3.330827247111988761e-09
3.330547380366725721e-09
3.330246350537686245e-09
3.329931973219050473e-09
3.329601198687882406e-09
3.329252751515719038e-09
3.328882662025081290e-09
3.328491267024724004e-09
3.328086479954367617e-09
3.327663594790277923e-09
3.327222846913646542e-09
3.326758987801282842e-09
3.326270381291920427e-09
3.325772382821681853e-09
3.325257307647757207e-09
3.324725562223538442e-09
3.324171817760860494e-09
3.323592628257716949e-09
3.323002786672046037e-09
3.322399376352434750e-09
3.321776776029579596e-09
3.321138200626958046e-09
3.320476996993922225e-09
3.319797742704968611e-09
3.319111790980102361e-09
3.318407550077487348e-09
3.317690595273861520e-09
3.316953630326017156e-09
3.316195401113663830e-09
3.315428783002806182e-09
3.314652207398937229e-09
3.313861420427487859e-09
3.313056984606016194e-09
3.312235875146118620e-09
3.311400257016362716e-09
3.310558050553831738e-09
3.309702486176581768e-09
3.308837010531489227e-09
3.307959605095034800e-09
3.307068744731788268e-09
3.306166806880921967e-09
3.305257776899950666e-09
3.304337592858919421e-09
3.303410641303234044e-09
3.302472186812153977e-09
3.301523167977594116e-09
3.300564202923832953e-09
3.299597447243842134e-09
3.298624053214442449e-09
3.297644778974458573e-09
3.296655169648072140e-09
3.295659118285397258e-09
3.294652214696897485e-09
3.293638068440354778e-09
3.292617903861197107e-09
3.291593410861953523e-09
3.290561559505848278e-09
3.289522369981382274e-09
3.288472720004343563e-09
3.287416885620388651e-09
3.286355591887735152e-09
3.285289832286694691e-09
3.284217457182312139e-09
3.283138146227719462e-09
3.282048711544274752e-09
3.280951464614746150e-09
3.279850688322595977e-09
3.278745571088830650e-09
3.277632732632597781e-09
3.276514720694999452e-09
3.275386934652316853e-09
3.274249988039299566e-09
3.273108293173654314e-09
3.271962838172915373e-09
3.270810286320524496e-09
3.269651075977869456e-09
3.268481539664011336e-09
3.267302958068281838e-09
3.266119994479286875e-09
3.264931781851933194e-09
3.263735762017018169e-09
3.262533738770245903e-09
3.261320900484380363e-09
3.260098063203205207e-09
3.258870337913267128e-09
3.257636179147367324e-09
3.256395983011199155e-09
3.255147714025695109e-09
3.253890862975823121e-09
3.252623352172812510e-09
3.251349108386298747e-09
3.250068094792847938e-09
3.248780738194825977e-09
3.247486324769774944e-09
3.241010096135253969e-09
3.239707080361712012e-09
3.238395388147457305e-09
3.237079582226704390e-09
3.235755611320937632e-09
3.234425263552112017e-09
3.233086479806624698e-09
3.231739408397297762e-09
3.230380718089795190e-09
3.229015543889672557e-09
3.227645156477045281e-09
3.226266651839158371e-09
3.203688581771053672e-09
3.202341005433475477e-09
3.200985347631640761e-09
3.199620573926562691e-09
3.198250141377667239e-09
3.196872339662975626e-09
3.195487867166446819e-09
3.194097201663963033e-09
3.192697870904248379e-09
3.191289859861401593e-09
3.189874024583315116e-09
3.177584338148512949e-09
3.176180236869129984e-09
3.174770565194698177e-09
3.173353587731394380e-09
3.171929901976590461e-09
3.170498886404310376e-09
3.169060616656581547e-09
3.167616738181923417e-09
3.166166785451028176e-09
3.164711677142264652e-09
3.163250277643854418e-09
3.139503183482236266e-09
3.138076597249054676e-09
3.136643446586301609e-09
3.135203888143125365e-09
3.133758775495471844e-09
3.132308879230572193e-09
3.130855093159429924e-09
3.129393934526087898e-09
3.127927990718414957e-09
3.126456109925458430e-09
3.124977584438617740e-09
3.112086242094909714e-09
3.110622594510507846e-09
3.109155580549497944e-09
3.107681832630566127e-09
3.106204647138929209e-09
3.104721780375961525e-09
3.103232214245118166e-09
3.101738988598754317e-09
3.100240858852317654e-09
3.098739633546220272e-09
3.097232945821260742e-09
3.072367611735847318e-09
3.070899379795060567e-09
3.069425122449669321e-09
3.067945745423732272e-09
3.066462401125757366e-09
3.064974950077873203e-09
3.063484664564263847e-09
3.061989179810884755e-09
3.060489544942156485e-09
3.058984487193468476e-09
3.057473389792817101e-09
3.044014733886876922e-09
3.042519850796882133e-09
3.041022674017435923e-09
3.039520351906573115e-09
3.038013960255031981e-09
3.036503232968404759e-09
3.034986970809834663e-09
3.033465582940902971e-09
3.031941883686148705e-09
3.030413003588783272e-09
3.028881625949591028e-09
3.002924999628215142e-09
3.001432070263388331e-09
2.999934468029549755e-09
2.998431066246155496e-09
2.996924173932960702e-09
2.995413515073029856e-09
2.993898180188558643e-09
2.992380516417108329e-09
2.990858044448574548e-09
2.989331515636584843e-09
2.987800266850956211e-09
2.973789059947128554e-09
2.972272177317899441e-09
2.970751850081290424e-09
2.969228155838588926e-09
2.967701418712411606e-09
2.966169354821353003e-09
2.964633862047783377e-09
2.963094671072779502e-09
2.961549945750265262e-09
2.960001715509970913e-09
2.958450154848955396e-09
2.931419448575499473e-09
2.929907243825184222e-09
2.928390737822868533e-09
2.926871083159701829e-09
2.925347799881669908e-09
2.923819649586402904e-09
2.922287882344149530e-09
2.920753076958661553e-09
2.919213359738962033e-09
2.917671456057895642e-09
2.916125278848614223e-09
2.901576968605388138e-09
2.900046894083537288e-09
2.898513019355482336e-09
2.896974626039180388e-09
2.895433887022129899e-09
2.893889492570868064e-09
2.892343171782388331e-09
2.890792315556488834e-09
2.889237460521463446e-09
2.887680326528577039e-09
2.886120569216419470e-09
2.858037575763254274e-09
2.856515979245623127e-09
2.854990985306633812e-09
2.853463015164025033e-09
2.851932790582181207e-09
2.850398934408449139e-09
2.848862666591130097e-09
2.847323780958268817e-09
2.845781240248207343e-09
2.844234542254284066e-09
2.842685702333405482e-09
2.827615046879286890e-09
2.826083496883779130e-09
2.824548559964662356e-09
2.823010608522453369e-09
2.821470677015660467e-09
2.819928469101535247e-09
2.818382028758490913e-09
2.816832079708682956e-09
2.815280069020716923e-09
2.813725002535827654e-09
2.812168203675331859e-09
2.783057537083052110e-09
2.781540383209885047e-09
2.780021748173381949e-09
2.778501306433965768e-09
2.776976345956748336e-09
2.775448749077736610e-09
2.773918524530138062e-09
2.772385493753120837e-09
2.770850939033136965e-09
2.769313325085746420e-09
2.767773471788053255e-09
2.752200661910271583e-09
2.750679658280631056e-09
2.749154658319766882e-09
2.747627874506357736e-09
2.746098431919558322e-09
2.744566298008818919e-09
2.743032446480533171e-09
2.741495404857588654e-09
2.739956685020177143e-09
2.738416106415450433e-09
2.736873444907571896e-09
2.706756030978563106e-09
2.705252912367878409e-09
2.703748001985056121e-09
2.702240752501559400e-09
2.700731955684413542e-09
2.699220074703839701e-09
2.697705849207867137e-09
2.696190651774178515e-09
2.694674364858092686e-09
2.693154033182997938e-09
2.691630544011936054e-09
2.675566919726046907e-09
2.674061703127910169e-09
2.672555579496949572e-09
2.671047295887471161e-09
2.669536417705233107e-09
2.668024289544894262e-09
2.666511369172341515e-09
2.664995440777012681e-09
2.663475865718895716e-09
2.661954850080247056e-09
2.660431229965832460e-09
2.629325914871820256e-09
2.627844500109605239e-09
2.626360531612537422e-09
2.624875628794619084e-09
2.623389750593777436e-09
2.621902351085862880e-09
2.620411322582910897e-09
2.618917741673723613e-09
2.617422584718455514e-09
2.615924868717669646e-09
2.599362670850655285e-09
2.597883975380514821e-09
2.596403251971223564e-09
2.594921929620799402e-09
2.593440704022879075e-09
2.591957022288484679e-09
2.590469563629380828e-09
2.588980631053704852e-09
2.587489385999831586e-09
2.585996036841340213e-09
2.584501304373986653e-09
2.552380743974029005e-09
2.550928012618717361e-09
2.549474570232847801e-09
2.548021206095451775e-09
2.546564984635510432e-09
2.545105561028392487e-09
2.543645012532900139e-09
2.542182628533389268e-09
2.540718541548660778e-09
2.539252569032030318e-09
2.537784027954658066e-09
2.520755318868303729e-09
2.519308201473493122e-09
2.517860901757983905e-09
2.516410928690687867e-09
2.514957762243502540e-09
2.513503565015950229e-09
2.512047782568222364e-09
2.510590299906662806e-09
2.509131125440720534e-09
2.507669683292877917e-09
2.506206901966589664e-09
2.473134526416909429e-09
2.471717812265377815e-09
2.470298483039745950e-09
2.468876096539680837e-09
2.467452666371113052e-09
2.466027526151385420e-09
2.464600709635091762e-09
2.463172761194094539e-09
2.461743041881332262e-09
2.460311462249629393e-09
2.442807159077127338e-09
2.441398158544949948e-09
2.439987200549740828e-09
2.438573251092242356e-09
2.437158200677697220e-09
2.435742158647801869e-09
2.434324416641641097e-09
2.432905783853115909e-09
2.431485120249829247e-09
2.430062526899686204e-09
2.428639422672208936e-09
2.394587045539488921e-09
2.393208795566028070e-09
2.391827917980724987e-09
2.390445071189403325e-09
2.389061466724959675e-09
2.387676449519575026e-09
2.386290306338900649e-09
2.384902652485056447e-09
2.383513383569503478e-09
2.382123295106064341e-09
2.380732928537389510e-09
2.362786523211282717e-09
2.361416933326662832e-09
2.360044558500448207e-09
2.358671353142381495e-09
2.357297082510598973e-09
2.355921141751611587e-09
2.354544570724424419e-09
2.353166697818433386e-09
2.351787202723579992e-09
2.350407187885505132e-09
2.315432194102943401e-09
2.314096835524437229e-09
2.312759374263898168e-09
2.311419504307678400e-09
2.310079002253700770e-09
2.308737976769757684e-09
2.307395805378532676e-09
2.306052793123721576e-09
2.304708140545353956e-09
2.303362105383726981e-09
2.302015885104290155e-09
2.283720723922233161e-09
2.282395702124774467e-09
2.281068592056175362e-09
2.279739427422887754e-09
2.278409802471199321e-09
2.277079657491325702e-09
2.275748162153495032e-09
2.274415972000576148e-09
2.273082401722778691e-09
2.271748129592488521e-09
2.270413583313863837e-09
2.234884970914641781e-09
2.233594070684305502e-09
2.232301126832053043e-09
2.231006403965021426e-09
2.229711065523247401e-09
2.228415169529315035e-09
2.227118027859944552e-09
2.225820409988154814e-09
2.224521859103038948e-09
2.223222177472779070e-09
2.204658806820017446e-09
2.203380928001123118e-09
2.202101536761391767e-09
2.200820714620548095e-09
2.199537563409256662e-09
2.198253929751738557e-09
2.196970284460835034e-09
2.195685733699982703e-09
2.194400838673590463e-09
2.193114607524771360e-09
2.191827325925395741e-09
2.155732595658728217e-09
2.154489559934353474e-09
2.153245446077988453e-09
2.151999861663156440e-09
2.150752176600245945e-09
2.149503600002732985e-09
2.148254872580581291e-09
2.147005666667615177e-09
2.145755679530867855e-09
2.144505115706131338e-09
2.125691790907716405e-09
2.124462086526868710e-09
2.123231690765800294e-09
2.122000930977268109e-09
2.120768771760605139e-09
2.119535228754901637e-09
2.118299914956346111e-09
2.117064306842461863e-09
2.115828623834983211e-09
2.114591921595819696e-09
2.113355020020356061e-09
2.076728878587447757e-09
2.075534635463283012e-09
2.074339550201425878e-09
2.073143848323736816e-09
2.071947587443345491e-09
2.070750090707638845e-09
2.069551237612200779e-09
2.068350945909139496e-09
2.067150375683778055e-09
2.065950249474162900e-09
2.046904916976309958e-09
2.045725837692144795e-09
2.044545141762219992e-09
2.043363538073041316e-09
2.042181305306472067e-09
2.040999053675552640e-09
2.039816176742412238e-09
2.038632125077392544e-09
2.037446629723048259e-09
2.036259950187444237e-09
2.035073196011363077e-09
1.997948555982244704e-09
1.996804940801421851e-09
1.995660951373401478e-09
1.994515691619381707e-09
1.993369961209188689e-09
1.992223734281434162e-09
1.991077215878061956e-09
1.989930132707613952e-09
1.988782052489389780e-09
1.987632817503621272e-09
1.968371069741196183e-09
1.967242357321409357e-09
1.966113495325695650e-09
1.964983673581351236e-09
1.963853527428268390e-09
1.962722257470748616e-09
1.961590482637503551e-09
1.960458156678714479e-09
1.959325481283100462e-09
1.958192671868014471e-09
1.920558657635856661e-09
1.919467324880782766e-09
1.918374250427280532e-09
1.917280737503285404e-09
1.916187521912422027e-09
1.915093884805455897e-09
1.913999773403300851e-09
1.912904830790095718e-09
1.911808940402609144e-09
1.910712610437282989e-09
1.909615817491688798e-09
1.890156602722912486e-09
1.889081054188499940e-09
1.888004341650244339e-09
1.886926203752821086e-09
1.885847085985681444e-09
1.884767921569029413e-09
1.883688810777752031e-09
1.882608975125208737e-09
1.881528893607455867e-09
1.880447945971134752e-09
1.842379289906058279e-09
1.841340434209767215e-09
1.840301256356075192e-09
1.839261943071823789e-09
1.838221683860054381e-09
1.837180319475346879e-09
1.836137672586307976e-09
1.835094723622903486e-09
1.834051821140018388e-09
1.833008803938597420e-09
1.813344767713795847e-09
1.812322008870747775e-09
1.811298391108249765e-09
1.810274209501644084e-09
1.809249606864738826e-09
1.808224838563740080e-09
1.807199743582813093e-09
1.806173774501024950e-09
1.805146928958181207e-09
1.804118669884438981e-09
1.803090064860686247e-09
1.764617704820989084e-09
1.763631784881186702e-09
1.762645313286031131e-09
1.761658257881523034e-09
1.760670329784925082e-09
1.759681785515367702e-09
1.758692787013969882e-09
1.757703932779074745e-09
1.756714954475773122e-09
1.755725300026353402e-09
1.735893726659310493e-09
1.734922876483594883e-09
1.733951723082243712e-09
1.732980387186816874e-09
1.732009022145515716e-09
1.731037017609228632e-09
1.730064639269857300e-09
1.729091641616473600e-09
1.728118330372550391e-09
1.727144546283568597e-09
1.688258100402393108e-09
1.687325964218587208e-09
1.686393163293664060e-09
1.685459431203501710e-09
1.684524580459259798e-09
1.683589395223278658e-09
1.682653901047829157e-09
1.681718488248753957e-09
1.680782668129484242e-09
1.679846494764057426e-09
1.659842134835166920e-09
1.658925655383637640e-09
1.658008745856092476e-09
1.657091629725879102e-09
1.656174356479491255e-09
1.655256449973901247e-09
1.654337929670104633e-09
1.653418456242897711e-09
1.652498012084913963e-09
1.651577384381756144e-09
1.650656859984275128e-09
1.611427759784795767e-09
1.610548094529992128e-09
1.609668030693288607e-09
1.608787165264267114e-09
1.607905937214195688e-09
1.607024361413176124e-09
1.606142629668345168e-09
1.605260820295881088e-09
1.604378537732762364e-09
1.603495571301546369e-09
1.583353570338234874e-09
1.582489562419880575e-09
1.581625403090664642e-09
1.580761204514168826e-09
1.579896529824754698e-09
1.579031425543183984e-09
1.578165953065779599e-09
1.577299947114575965e-09
1.576433764002419587e-09
1.575567307305404126e-09
1.535984414483118229e-09
1.535158218399624544e-09
1.534331622474021312e-09
1.533504362731385654e-09
1.532675994426563420e-09
1.531847344549874264e-09
1.531018553263598823e-09
1.530189794670106809e-09
1.529360545647598904e-09
1.528530962505913918e-09
1.508246751318029005e-09
1.507436379637562875e-09
1.506625932705788085e-09
1.505815335261676600e-09
1.505004245273531115e-09
1.504192753380122200e-09
1.503380856160851227e-09
1.502568584370500165e-09
1.501755140797913157e-09
1.500941254412217757e-09
1.461033845222066494e-09
1.460260284396144100e-09
1.459486444075281224e-09
1.458712172231043186e-09
1.457937525935004505e-09
1.457162131979816407e-09
1.456386691391618173e-09
1.455611081047429398e-09
1.454835109469331217e-09
1.454058815970902041e-09
1.433646834055157879e-09
1.432889841182889071e-09
1.432132047457594966e-09
1.431373602689542710e-09
1.430614972125185706e-09
1.429855964356832724e-09
1.429096855383386745e-09
1.428337289610779858e-09
1.427577512006482518e-09
1.426817176089392906e-09
1.386615634664921965e-09
1.385894673361913450e-09
1.385173565487463474e-09
1.384451932977184145e-09
1.383730050968138965e-09
1.383007735308665036e-09
1.382284960722687101e-09
1.381561332202883574e-09
1.380837567202663033e-09
1.380113383242575987e-09
1.359169287901001395e-09
1.358459929981403511e-09
1.357750263308535622e-09
1.357040254593754746e-09
1.356329638997816981e-09
1.355618669527478440e-09
1.354907467520829201e-09
1.354196079009891327e-09
1.353484383899992635e-09
1.352772372581734590e-09
1.311938311172171631e-09
1.311255158129486789e-09
1.310571170703017902e-09
1.309887137424397377e-09
1.309202782310273228e-09
1.308518439518327792e-09
1.307833868925184357e-09
1.307149001216002723e-09
1.306463854021434544e-09
1.305778174930045594e-09
1.285198799389178504e-09
1.284527257427688433e-09
1.283855440988191013e-09
1.283183356579687767e-09
1.282511052122819531e-09
1.281838374844895870e-09
1.281165207157105548e-09
1.280491433371498377e-09
1.279817665303115447e-09
1.279143462011337115e-09
1.239032956779463237e-09
1.238387139955649449e-09
1.237741087994166015e-09
1.237094797441657953e-09
1.236448156757575950e-09
1.235801263798337728e-09
1.235154129232836111e-09
1.234506780060577163e-09
1.233859113574845564e-09
1.233211363412184944e-09
1.213028673717975402e-09
1.212394196748292920e-09
1.211759128864355478e-09
1.211124040373694617e-09
1.210488610417417501e-09
1.209853124388096945e-09
1.209217538050802125e-09
1.208581703316711466e-09
1.207945726684832525e-09
1.207309297456573291e-09
1.167985981566352617e-09
1.167376531509412924e-09
1.166767078960053969e-09
1.166157432273018250e-09
1.165547607003395827e-09
1.164937580289775726e-09
1.164327292402314453e-09
1.163716399030762987e-09
1.163105249945465496e-09
1.162494037205476583e-09
1.142738762591883578e-09
1.142140891742470831e-09
1.141542754930626987e-09
1.140944438837766489e-09
1.140345980524434553e-09
1.139747178000115268e-09
1.139148148565678300e-09
1.138549017295257681e-09
1.137949720617955387e-09
1.137350213175984272e-09
1.098876689277779688e-09
1.098303342903044345e-09
1.097729663712272260e-09
1.097155552941463142e-09
1.096581490828726376e-09
1.096007195666537420e-09
1.095432748641308548e-09
1.094858216798509949e-09
1.094283410962142327e-09
1.093708530462136510e-09
1.074411561684443856e-09
1.073849323889227711e-09
1.073286729860657119e-09
1.072724103262098061e-09
1.072161256974501271e-09
1.071598252735980693e-09
1.071035220898992568e-09
1.070471934670465267e-09
1.069908364608187018e-09
1.032320021944337345e-09
1.031781477987639043e-09
1.031242694312386221e-09
1.030703795368274269e-09
1.030164953392173821e-09
1.029625949552957519e-09
1.029086876694121777e-09
1.028547590747894055e-09
1.028008090312616804e-09
1.027468269230535828e-09
1.008646761133576446e-09
1.008119287101440816e-09
1.007591734744813754e-09
1.007064022411228750e-09
1.006536120287897115e-09
1.006008078707290877e-09
1.005479642349381304e-09
1.004951123221939162e-09
1.004422542297074227e-09
1.003893904995342413e-09
9.672777451251191102e-10
9.667731797668042016e-10
9.662685078469262012e-10
9.657637780706447185e-10
9.652588364881085875e-10
9.647537857671349617e-10
9.642486933948257593e-10
9.637435180144250992e-10
9.632381829983612175e-10
9.627327140784445323e-10
9.444290517975332871e-10
9.439352499688029711e-10
9.434412486740085778e-10
9.429471579024049006e-10
9.424530556584885513e-10
9.419586618252171890e-10
9.414642438871169553e-10
9.409697206396396413e-10
9.404750375921176383e-10
9.048663734786341987e-10
9.043948121919940259e-10
9.039231601179182476e-10
9.034512711654125825e-10
9.029793779752399598e-10
9.025073273090899767e-10
9.020351868834624149e-10
9.015630562044833313e-10
9.010908073314035993e-10
9.006184459199259006e-10
8.828495445418846771e-10
8.823882710303074644e-10
8.819269034082619715e-10
8.814653890355042995e-10
8.810038639246187877e-10
8.805422973545931146e-10
8.800806649627455324e-10
8.796189755494919370e-10
8.791570933476311182e-10
8.786951233593873153e-10
8.441755722234848429e-10
8.437355298471299566e-10
8.432954965547691598e-10
8.428554321079534007e-10
8.424153152335618783e-10
8.419750530087301974e-10
8.415347635996830197e-10
8.410943069605033394e-10
8.406538097488590759e-10
8.234488953076402822e-10
8.230191463140745622e-10
8.225893632730930851e-10
8.221594697018186553e-10
8.217294732079140846e-10
8.212994659800796157e-10
8.208692985540577494e-10
8.204391125233376998e-10
8.200088510651608778e-10
8.195785851867996961e-10
7.861839761694372346e-10
7.857745748498982315e-10
7.853651809975874516e-10
7.849557483295782735e-10
7.845462686970663287e-10
7.841367749024364755e-10
7.837272698934295446e-10
7.833177183577258658e-10
7.829079630100338893e-10
7.824981880109914209e-10
7.658958045461829066e-10
7.654961423003190387e-10
7.650964889807059174e-10
7.646967975303206246e-10
7.642971229285911133e-10
7.638972305229684863e-10
7.634972752808601400e-10
7.630972629080131831e-10
7.626971340003071685e-10
7.304846144541833499e-10
7.301044650745493717e-10
7.297243425372571430e-10
7.293442132756069197e-10
7.289640594902642424e-10
7.285839006348834365e-10
7.282036019092787869e-10
7.278232464077753300e-10
7.274428825674847974e-10
7.270624664734298278e-10
7.110795840425133166e-10
7.107088640680918383e-10
7.103380925624688676e-10
7.099673025990549903e-10
7.095963452910888521e-10
7.092253870176375029e-10
7.088544023810301331e-10
7.084833855180864836e-10
7.081123119418822786e-10
6.771381458826185763e-10
6.767859698599940299e-10
6.764338416710529583e-10
6.760817339740433171e-10
6.757296259040786172e-10
6.753774696278476150e-10
6.750253055316578970e-10
6.746730995916269943e-10
6.743207615837120167e-10
6.739684189746669203e-10
6.586321802352750038e-10
6.582890233288138260e-10
6.579458751130637154e-10
6.576026953062106767e-10
6.572595094148858857e-10
6.569162215918726481e-10
6.565728903268432439e-10
6.562295388734370145e-10
6.558861654189910452e-10
6.262055179817785158e-10
6.258801108984469658e-10
6.255547710408075810e-10
6.252294300629588517e-10
6.249039355736853609e-10
6.245784314746204243e-10
6.242529123137752654e-10
6.239273051540237436e-10
6.236016995510054551e-10
6.232760830171676030e-10
6.086131605051183008e-10
6.082962646460761617e-10
6.079792338075982686e-10
6.076622028517434466e-10
6.073451293475377122e-10
6.070280237608217273e-10
6.067109300949984606e-10
6.063938190068489781e-10
6.060767127336351233e-10
5.770919313856613583e-10
5.767921363494030276e-10
5.764923408152026475e-10
5.761924776813003883e-10
5.758925799389678010e-10
5.755926876792503523e-10
5.752927830066331568e-10
5.749928646024765810e-10
5.746929586404295673e-10
5.599557943530527180e-10
5.596644934561438747e-10
5.593731093998005410e-10
5.590817123296521046e-10
5.587903217936721605e-10
5.584989306616982453e-10
5.582075256641403315e-10
5.579161186532868453e-10
5.576247002996158118e-10
5.573333267906938278e-10
5.279792018334965174e-10
5.277050856907826192e-10
5.274309694354067216e-10
5.271568433169773541e-10
5.268827153229986657e-10
5.266085745023644883e-10
5.263343723391637970e-10
5.260601819165614698e-10
5.257860044359649680e-10
5.108786007653804664e-10
5.106130376543805374e-10
5.103474774604537180e-10
5.100819187264489810e-10
5.098163406742614232e-10
5.095507257233251778e-10
5.092851378018492763e-10
5.090195685912091705e-10
5.087540247860567313e-10
5.084885351224706628e-10
4.787712239855766847e-10
4.785229425520986733e-10
4.782746425525724926e-10
4.780262819421934282e-10
4.777779259639637556e-10
4.775295751347266009e-10
4.772812149796897842e-10
4.770328683033335744e-10
4.767845491348893145e-10
4.617100125203129242e-10
4.614702836912790762e-10
4.612305001872404202e-10
4.609907150357371574e-10
4.607509499226428747e-10
4.605111794591892936e-10
4.602714521069416727e-10
4.600317428265741833e-10
4.597920715654232202e-10
4.297004226165994258e-10
4.294779186503318789e-10
4.292554101919255986e-10
4.290329021687403976e-10
4.288103805893160676e-10
4.285878624573427163e-10
4.283653656102464703e-10
4.281428888075976228e-10
4.279204232158930534e-10
4.126731728212403481e-10
4.124592823176899092e-10
4.122453904073637424e-10
4.120314965845959994e-10
4.118176133434535243e-10
4.116037513271555217e-10
4.113899229718351736e-10
4.111761128296360466e-10
4.109623172106088257e-10
4.107485967830954473e-10
3.803058191545584388e-10
3.801091835334098413e-10
3.799125607928489087e-10
3.797159380522983159e-10
3.795193418172408477e-10
3.793227565897963233e-10
3.791261818811423596e-10
3.789296030103947270e-10
3.787330539892659994e-10
3.633246821024777456e-10
3.631366930319842016e-10
3.629487147956024678e-10
3.627607453402599241e-10
3.625728266651629539e-10
3.623849079900453041e-10
3.621970134559353377e-10
3.620091166219117167e-10
3.618212966733644350e-10
3.310163257684115264e-10
3.308455900936901473e-10
3.306748560585286301e-10
3.305041352027944538e-10
3.303334284400258867e-10
3.301627217716593071e-10
3.299920146207931062e-10
3.298213057646423738e-10
3.296506352542894132e-10
3.140756174792877944e-10
3.139135034944322356e-10
3.137513895095559973e-10
3.135893150870740962e-10
3.134272503373114060e-10
3.132651829579467184e-10
3.131031353061468765e-10
3.129410876543418646e-10
3.127791224155442379e-10
3.126171741379971836e-10
2.814729996064162830e-10
2.813280871245035424e-10
2.811831943114671830e-10
2.810382991495273972e-10
2.808934071023930766e-10
2.807485239921025844e-10
2.806036408817965826e-10
2.804588225231062133e-10
2.803140092435632991e-10
2.645837829383891567e-10
2.644475076512896418e-10
2.643112511279965010e-10
2.641749946047033603e-10
2.640387589899046365e-10
2.639025336509948867e-10
2.637663215156247924e-10
2.636302026679522725e-10
2.634940838203004321e-10
2.319995951550967581e-10
2.318805005811253828e-10
2.317614060071436677e-10
2.316423114331671225e-10
2.315232314261823763e-10
2.314041533925455489e-10
2.312850886170888264e-10
2.311660610117580711e-10
2.310470334064221459e-10
2.151560364590513993e-10
2.150455467994748676e-10
2.149350571399086756e-10
2.148245743691646635e-10
2.147141158344817269e-10
2.146036572998091302e-10
2.144932180351877822e-10
2.143828438705285023e-10
2.142724697058588826e-10
1.824335696285615153e-10
1.823402003513901237e-10
1.822468310742083925e-10
1.821534700213112605e-10
1.820601162914802806e-10
1.819667625616389610e-10
1.818734239611895389e-10
1.817801123759471048e-10
1.816868084629961376e-10
1.656379083759773345e-10
1.655530881836017699e-10
1.654682679912210354e-10
1.653834728007051875e-10
1.652986817458778525e-10
1.652138906910479325e-10
1.651291427027174455e-10
1.650444358569857789e-10
1.649597290112463575e-10
1.327821922399478845e-10
1.327144216495722551e-10
1.326466559067412641e-10
1.325789085634056260e-10
1.325111612200699879e-10
1.324434138767343498e-10
1.323756953747852627e-10
1.323079900951321516e-10
1.322402848154712857e-10
1.160363193846321044e-10
1.159770741194162399e-10
1.159178344850540346e-10
1.158585989229278343e-10
1.157993633608016340e-10
1.157401277986754337e-10
1.156809617391361678e-10
1.156218050092713881e-10
1.155626482794143632e-10
8.305228742334661282e-11
8.301003464679388522e-11
8.296778187023340280e-11
8.292552909367679779e-11
8.288327631711890031e-11
8.284102978924749371e-11
8.279883990806152793e-11
8.275665002687814710e-11
8.271446014569088885e-11
6.635829235434839368e-11
6.632454624534224534e-11
6.629080013633351206e-11
6.625705402732477878e-11
6.622330791831733797e-11
6.618957070109564662e-11
6.615585084400652874e-11
6.612213098691741085e-11
6.608841112982958544e-11
3.528606799823174005e-11
3.526817276178588740e-11
3.525027752534003475e-11
3.523238228889353587e-11
3.521448705244703698e-11
3.519659181600183056e-11
3.517869657955533168e-11
3.516080134310883279e-11
3.514290610666362637e-11
1.042226916791152432e-11
1.041699941365673353e-11
1.041172965940178119e-11
1.040645990514666729e-11
1.040119015089187651e-11
1.039592039663676261e-11
1.039065064238197183e-11
1.038538088812701949e-11
1.038011113387174403e-11
0.000000000000000000e+00
0.000000000000000000e+00
0.000000000000000000e+00
0.000000000000000000e+00
0.000000000000000000e+00
0.000000000000000000e+00
0.000000000000000000e+00
0.000000000000000000e+00
0.000000000000000000e+00
0.000000000000000000e+00
0.000000000000000000e+00
0.000000000000000000e+00
0.000000000000000000e+00
0.000000000000000000e+00
0.000000000000000000e+00
0.000000000000000000e+00
0.000000000000000000e+00
0.000000000000000000e+00
0.000000000000000000e+00
0.000000000000000000e+00
0.000000000000000000e+00
0.000000000000000000e+00
0.000000000000000000e+00
0.000000000000000000e+00
0.000000000000000000e+00
0.000000000000000000e+00
0.000000000000000000e+00
0.000000000000000000e+00
0.000000000000000000e+00
0.000000000000000000e+00
0.000000000000000000e+00
0.000000000000000000e+00
0.000000000000000000e+00
0.000000000000000000e+00
0.000000000000000000e+00
0.000000000000000000e+00
0.000000000000000000e+00
0.000000000000000000e+00
0.000000000000000000e+00
0.000000000000000000e+00
0.000000000000000000e+00
0.000000000000000000e+00
0.000000000000000000e+00
0.000000000000000000e+00
0.000000000000000000e+00
0.000000000000000000e+00
0.000000000000000000e+00
0.000000000000000000e+00
0.000000000000000000e+00
0.000000000000000000e+00
0.000000000000000000e+00
0.000000000000000000e+00
0.000000000000000000e+00
0.000000000000000000e+00
0.000000000000000000e+00
0.000000000000000000e+00
0.000000000000000000e+00
0.000000000000000000e+00
0.000000000000000000e+00
0.000000000000000000e+00
0.000000000000000000e+00
0.000000000000000000e+00
0.000000000000000000e+00
0.000000000000000000e+00
0.000000000000000000e+00
0.000000000000000000e+00
0.000000000000000000e+00
0.000000000000000000e+00
0.000000000000000000e+00
0.000000000000000000e+00
0.000000000000000000e+00
0.000000000000000000e+00
0.000000000000000000e+00
0.000000000000000000e+00
0.000000000000000000e+00
0.000000000000000000e+00
0.000000000000000000e+00
0.000000000000000000e+00
0.000000000000000000e+00
0.000000000000000000e+00
0.000000000000000000e+00
0.000000000000000000e+00
0.000000000000000000e+00
0.000000000000000000e+00
0.000000000000000000e+00
0.000000000000000000e+00
0.000000000000000000e+00
0.000000000000000000e+00
0.000000000000000000e+00
0.000000000000000000e+00
0.000000000000000000e+00
0.000000000000000000e+00
0.000000000000000000e+00
0.000000000000000000e+00
0.000000000000000000e+00
0.000000000000000000e+00
0.000000000000000000e+00
0.000000000000000000e+00
0.000000000000000000e+00
0.000000000000000000e+00
0.000000000000000000e+00
0.000000000000000000e+00
0.000000000000000000e+00
0.000000000000000000e+00
0.000000000000000000e+00
0.000000000000000000e+00
0.000000000000000000e+00
0.000000000000000000e+00
0.000000000000000000e+00
0.000000000000000000e+00
0.000000000000000000e+00
0.000000000000000000e+00
0.000000000000000000e+00
0.000000000000000000e+00
0.000000000000000000e+00
0.000000000000000000e+00
0.000000000000000000e+00
0.000000000000000000e+00
0.000000000000000000e+00
0.000000000000000000e+00
0.000000000000000000e+00
0.000000000000000000e+00
0.000000000000000000e+00
0.000000000000000000e+00
0.000000000000000000e+00
0.000000000000000000e+00
0.000000000000000000e+00
0.000000000000000000e+00
0.000000000000000000e+00
0.000000000000000000e+00
0.000000000000000000e+00
0.000000000000000000e+00
0.000000000000000000e+00
0.000000000000000000e+00
0.000000000000000000e+00
0.000000000000000000e+00
0.000000000000000000e+00
0.000000000000000000e+00
0.000000000000000000e+00
0.000000000000000000e+00
0.000000000000000000e+00
0.000000000000000000e+00
0.000000000000000000e+00
0.000000000000000000e+00
0.000000000000000000e+00
0.000000000000000000e+00
0.000000000000000000e+00
0.000000000000000000e+00
0.000000000000000000e+00
0.000000000000000000e+00
0.000000000000000000e+00
0.000000000000000000e+00
0.000000000000000000e+00
0.000000000000000000e+00
0.000000000000000000e+00
0.000000000000000000e+00
0.000000000000000000e+00
0.000000000000000000e+00
0.000000000000000000e+00
0.000000000000000000e+00
0.000000000000000000e+00
0.000000000000000000e+00
0.000000000000000000e+00
0.000000000000000000e+00
0.000000000000000000e+00
0.000000000000000000e+00
0.000000000000000000e+00
0.000000000000000000e+00
0.000000000000000000e+00
0.000000000000000000e+00
0.000000000000000000e+00
0.000000000000000000e+00
0.000000000000000000e+00
0.000000000000000000e+00
0.000000000000000000e+00
0.000000000000000000e+00
0.000000000000000000e+00
0.000000000000000000e+00
0.000000000000000000e+00
0.000000000000000000e+00
0.000000000000000000e+00
0.000000000000000000e+00
0.000000000000000000e+00
0.000000000000000000e+00
0.000000000000000000e+00
0.000000000000000000e+00
0.000000000000000000e+00
0.000000000000000000e+00
0.000000000000000000e+00
0.000000000000000000e+00
0.000000000000000000e+00
0.000000000000000000e+00
0.000000000000000000e+00
0.000000000000000000e+00
0.000000000000000000e+00
0.000000000000000000e+00
0.000000000000000000e+00
0.000000000000000000e+00
0.000000000000000000e+00
0.000000000000000000e+00
0.000000000000000000e+00
0.000000000000000000e+00
0.000000000000000000e+00
0.000000000000000000e+00
0.000000000000000000e+00
0.000000000000000000e+00
0.000000000000000000e+00
0.000000000000000000e+00
0.000000000000000000e+00
0.000000000000000000e+00
0.000000000000000000e+00
0.000000000000000000e+00
0.000000000000000000e+00
0.000000000000000000e+00
0.000000000000000000e+00
0.000000000000000000e+00
0.000000000000000000e+00
0.000000000000000000e+00
0.000000000000000000e+00
0.000000000000000000e+00
0.000000000000000000e+00
0.000000000000000000e+00
0.000000000000000000e+00
0.000000000000000000e+00
0.000000000000000000e+00
0.000000000000000000e+00
0.000000000000000000e+00
0.000000000000000000e+00
0.000000000000000000e+00
0.000000000000000000e+00
0.000000000000000000e+00
0.000000000000000000e+00
0.000000000000000000e+00
0.000000000000000000e+00
0.000000000000000000e+00
0.000000000000000000e+00
0.000000000000000000e+00
0.000000000000000000e+00
0.000000000000000000e+00
0.000000000000000000e+00
0.000000000000000000e+00
0.000000000000000000e+00
0.000000000000000000e+00
0.000000000000000000e+00
0.000000000000000000e+00
0.000000000000000000e+00
0.000000000000000000e+00
0.000000000000000000e+00
0.000000000000000000e+00
0.000000000000000000e+00
0.000000000000000000e+00
0.000000000000000000e+00
0.000000000000000000e+00
0.000000000000000000e+00
0.000000000000000000e+00
0.000000000000000000e+00
0.000000000000000000e+00
0.000000000000000000e+00
0.000000000000000000e+00
0.000000000000000000e+00
0.000000000000000000e+00
0.000000000000000000e+00
0.000000000000000000e+00
0.000000000000000000e+00
0.000000000000000000e+00
0.000000000000000000e+00
0.000000000000000000e+00
0.000000000000000000e+00
0.000000000000000000e+00
0.000000000000000000e+00
0.000000000000000000e+00
0.000000000000000000e+00
0.000000000000000000e+00
0.000000000000000000e+00
0.000000000000000000e+00
0.000000000000000000e+00
0.000000000000000000e+00
0.000000000000000000e+00
0.000000000000000000e+00
0.000000000000000000e+00
0.000000000000000000e+00
0.000000000000000000e+00
0.000000000000000000e+00
0.000000000000000000e+00
0.000000000000000000e+00
0.000000000000000000e+00
0.000000000000000000e+00
0.000000000000000000e+00
0.000000000000000000e+00
0.000000000000000000e+00
0.000000000000000000e+00
0.000000000000000000e+00
0.000000000000000000e+00
0.000000000000000000e+00
0.000000000000000000e+00
0.000000000000000000e+00
0.000000000000000000e+00
0.000000000000000000e+00
0.000000000000000000e+00
0.000000000000000000e+00
0.000000000000000000e+00
0.000000000000000000e+00
0.000000000000000000e+00
0.000000000000000000e+00
0.000000000000000000e+00
0.000000000000000000e+00
0.000000000000000000e+00
0.000000000000000000e+00
0.000000000000000000e+00
0.000000000000000000e+00
0.000000000000000000e+00
0.000000000000000000e+00
0.000000000000000000e+00
0.000000000000000000e+00
0.000000000000000000e+00
0.000000000000000000e+00
0.000000000000000000e+00
0.000000000000000000e+00
0.000000000000000000e+00
0.000000000000000000e+00
0.000000000000000000e+00
0.000000000000000000e+00
0.000000000000000000e+00
0.000000000000000000e+00
0.000000000000000000e+00
0.000000000000000000e+00
0.000000000000000000e+00
0.000000000000000000e+00
0.000000000000000000e+00
0.000000000000000000e+00
0.000000000000000000e+00
0.000000000000000000e+00
0.000000000000000000e+00
0.000000000000000000e+00
0.000000000000000000e+00
0.000000000000000000e+00
0.000000000000000000e+00
0.000000000000000000e+00
0.000000000000000000e+00
0.000000000000000000e+00
0.000000000000000000e+00
0.000000000000000000e+00
0.000000000000000000e+00
0.000000000000000000e+00
0.000000000000000000e+00
0.000000000000000000e+00
0.000000000000000000e+00
0.000000000000000000e+00
0.000000000000000000e+00
0.000000000000000000e+00
0.000000000000000000e+00
0.000000000000000000e+00
0.000000000000000000e+00
0.000000000000000000e+00
0.000000000000000000e+00
0.000000000000000000e+00
0.000000000000000000e+00
0.000000000000000000e+00
0.000000000000000000e+00
0.000000000000000000e+00
0.000000000000000000e+00
0.000000000000000000e+00
0.000000000000000000e+00
0.000000000000000000e+00
0.000000000000000000e+00
0.000000000000000000e+00
0.000000000000000000e+00
0.000000000000000000e+00
0.000000000000000000e+00
0.000000000000000000e+00
0.000000000000000000e+00
0.000000000000000000e+00
0.000000000000000000e+00
0.000000000000000000e+00
0.000000000000000000e+00
0.000000000000000000e+00
0.000000000000000000e+00
0.000000000000000000e+00
0.000000000000000000e+00
0.000000000000000000e+00
0.000000000000000000e+00
0.000000000000000000e+00
0.000000000000000000e+00
0.000000000000000000e+00
0.000000000000000000e+00
0.000000000000000000e+00
0.000000000000000000e+00
0.000000000000000000e+00
0.000000000000000000e+00
0.000000000000000000e+00
0.000000000000000000e+00
0.000000000000000000e+00
0.000000000000000000e+00
0.000000000000000000e+00
0.000000000000000000e+00
0.000000000000000000e+00
0.000000000000000000e+00
0.000000000000000000e+00
0.000000000000000000e+00
0.000000000000000000e+00
0.000000000000000000e+00
0.000000000000000000e+00
0.000000000000000000e+00
0.000000000000000000e+00
0.000000000000000000e+00
0.000000000000000000e+00
0.000000000000000000e+00
0.000000000000000000e+00
0.000000000000000000e+00
0.000000000000000000e+00
0.000000000000000000e+00
0.000000000000000000e+00
0.000000000000000000e+00
0.000000000000000000e+00
0.000000000000000000e+00
0.000000000000000000e+00
0.000000000000000000e+00
0.000000000000000000e+00
0.000000000000000000e+00
0.000000000000000000e+00
0.000000000000000000e+00
0.000000000000000000e+00
0.000000000000000000e+00
0.000000000000000000e+00
0.000000000000000000e+00
0.000000000000000000e+00
0.000000000000000000e+00
0.000000000000000000e+00
0.000000000000000000e+00
0.000000000000000000e+00
0.000000000000000000e+00
0.000000000000000000e+00
0.000000000000000000e+00
0.000000000000000000e+00
0.000000000000000000e+00
0.000000000000000000e+00
0.000000000000000000e+00
0.000000000000000000e+00
0.000000000000000000e+00
0.000000000000000000e+00
0.000000000000000000e+00
0.000000000000000000e+00
0.000000000000000000e+00
0.000000000000000000e+00
0.000000000000000000e+00
0.000000000000000000e+00
0.000000000000000000e+00
0.000000000000000000e+00
0.000000000000000000e+00
0.000000000000000000e+00
0.000000000000000000e+00
0.000000000000000000e+00
0.000000000000000000e+00
0.000000000000000000e+00
0.000000000000000000e+00
0.000000000000000000e+00
0.000000000000000000e+00
0.000000000000000000e+00
0.000000000000000000e+00
0.000000000000000000e+00
0.000000000000000000e+00
0.000000000000000000e+00
0.000000000000000000e+00
0.000000000000000000e+00
0.000000000000000000e+00
0.000000000000000000e+00
0.000000000000000000e+00
0.000000000000000000e+00
0.000000000000000000e+00
0.000000000000000000e+00
0.000000000000000000e+00
0.000000000000000000e+00
0.000000000000000000e+00
0.000000000000000000e+00
0.000000000000000000e+00
0.000000000000000000e+00
0.000000000000000000e+00
0.000000000000000000e+00
0.000000000000000000e+00
0.000000000000000000e+00
0.000000000000000000e+00
0.000000000000000000e+00
0.000000000000000000e+00
0.000000000000000000e+00
0.000000000000000000e+00
0.000000000000000000e+00
0.000000000000000000e+00
0.000000000000000000e+00
0.000000000000000000e+00
0.000000000000000000e+00
0.000000000000000000e+00
0.000000000000000000e+00
0.000000000000000000e+00
0.000000000000000000e+00
0.000000000000000000e+00
0.000000000000000000e+00
0.000000000000000000e+00
0.000000000000000000e+00
0.000000000000000000e+00
0.000000000000000000e+00
0.000000000000000000e+00
0.000000000000000000e+00
0.000000000000000000e+00
0.000000000000000000e+00
0.000000000000000000e+00
0.000000000000000000e+00
0.000000000000000000e+00
0.000000000000000000e+00
0.000000000000000000e+00
0.000000000000000000e+00
0.000000000000000000e+00
0.000000000000000000e+00
0.000000000000000000e+00
0.000000000000000000e+00
0.000000000000000000e+00
0.000000000000000000e+00
0.000000000000000000e+00
0.000000000000000000e+00
0.000000000000000000e+00
0.000000000000000000e+00
0.000000000000000000e+00
0.000000000000000000e+00
0.000000000000000000e+00
0.000000000000000000e+00
0.000000000000000000e+00
0.000000000000000000e+00
0.000000000000000000e+00
0.000000000000000000e+00
0.000000000000000000e+00
0.000000000000000000e+00
0.000000000000000000e+00
0.000000000000000000e+00
0.000000000000000000e+00
0.000000000000000000e+00
0.000000000000000000e+00
0.000000000000000000e+00
0.000000000000000000e+00
0.000000000000000000e+00
0.000000000000000000e+00
0.000000000000000000e+00
0.000000000000000000e+00
0.000000000000000000e+00
0.000000000000000000e+00
0.000000000000000000e+00
0.000000000000000000e+00
0.000000000000000000e+00
0.000000000000000000e+00
0.000000000000000000e+00
0.000000000000000000e+00
0.000000000000000000e+00
0.000000000000000000e+00
0.000000000000000000e+00
0.000000000000000000e+00
0.000000000000000000e+00
0.000000000000000000e+00
0.000000000000000000e+00
0.000000000000000000e+00
0.000000000000000000e+00
0.000000000000000000e+00
0.000000000000000000e+00
0.000000000000000000e+00
0.000000000000000000e+00
0.000000000000000000e+00
0.000000000000000000e+00
0.000000000000000000e+00
0.000000000000000000e+00
0.000000000000000000e+00
0.000000000000000000e+00
0.000000000000000000e+00
0.000000000000000000e+00
0.000000000000000000e+00
0.000000000000000000e+00
0.000000000000000000e+00
