-9.406617160037999584e-14
-1.096286649268913653e-13
-1.254893956589988427e-13
-1.413966905384564974e-13
-1.570890878652398409e-13
-1.722983009548081702e-13
-1.867467028472981181e-13
-2.001526608780118922e-13
-2.122289264049189194e-13
-2.226860116907885066e-13
-2.312310555904158721e-13
-2.375711118417111019e-13
-2.414114971032980969e-13
-2.424576913192535248e-13
-2.404152856067284307e-13
-2.349902931931404458e-13
-2.258997855526442279e-13
-2.128504742185304497e-13
-1.955668375710307885e-13
-1.737642273758063794e-13
-1.471740460111243110e-13
-1.155301764044725707e-13
-7.856452816126986471e-14
-3.602381427661328952e-14
1.233720610314565452e-14
6.676565335144331008e-14
1.275026340732266432e-13
1.947708557296414234e-13
2.687990742919086538e-13
3.497804147609273417e-13
4.379254528361074069e-13
5.334640770643644842e-13
6.365119804003288127e-13
7.473313923330694023e-13
8.660063944483633889e-13
9.927820712627235975e-13
1.127729698613427705e-12
1.271065563716579539e-12
1.422874686180770368e-12
1.583294969256386049e-12
1.752461536866954058e-12
1.930464081364346379e-12
2.117375789373055988e-12
2.313338090414419854e-12
2.518407846041797729e-12
2.732644853472543318e-12
2.956110674796564863e-12
3.188846506586218517e-12
3.430953610141423025e-12
3.682418043663826053e-12
3.943270546508478645e-12
4.213583902297479747e-12
4.493288867576316423e-12
4.782414149317275887e-12
5.081003205769942714e-12
5.388979421315313456e-12
5.706339575408391200e-12
6.033096584970749329e-12
6.369172771290860335e-12
6.714540542601339655e-12
7.069165188583887216e-12
7.432989746934545464e-12
7.805946888460172610e-12
8.187966403890174116e-12
8.578999283269566198e-12
8.978966072591787456e-12
9.387765350745627627e-12
9.805289550833354840e-12
1.023144290767391522e-11
1.066617622718191579e-11
1.110934773242016392e-11
1.156087323757812701e-11
1.202066798360910311e-11
1.248855264139588704e-11
1.296438559033842194e-11
1.344810312479095656e-11
1.393964074352543136e-11
1.443879843575865772e-11
1.494534348845279555e-11
1.545925133930674214e-11
1.598043618355206518e-11
1.650868395395998597e-11
1.704381513033458267e-11
1.758575477160127985e-11
1.813434242374639308e-11
1.868939243815827824e-11
1.925085030528892284e-11
1.981853922520856749e-11
2.039215924601435723e-11
2.097172355908638945e-11
2.155713754571594252e-11
2.214807562860652582e-11
2.274448585171669076e-11
2.334619078629396658e-11
2.395297987053557448e-11
2.456490120416696026e-11
2.518165314684419938e-11
2.580304847963597285e-11
2.642902941686273411e-11
2.705933579963392986e-11
2.769400575683988926e-11
2.833280441799030986e-11
2.897553967948690972e-11
2.962214560874829572e-11
3.027234507909343244e-11
3.092619524737917124e-11
3.158345043500787701e-11
3.224404247204003577e-11
3.290778001919224837e-11
3.357450699641648957e-11
3.424416816111728807e-11
3.491657803491676333e-11
3.559174023093982453e-11
3.626938665879190330e-11
3.694951340309628172e-11
3.763186334137699257e-11
3.831646132081614797e-11
3.900311215971096733e-11
3.969182049953731673e-11
4.038239050892476247e-11
4.107479299799297653e-11
4.176882989453924581e-11
4.246447319684548709e-11
4.316158005793365927e-11
4.386014730242282688e-11
4.456004543452634380e-11
4.526128119063769544e-11
4.596366479831899896e-11
4.666715327875455119e-11
4.737160796090491544e-11
4.807705201045946756e-11
4.878337939957272016e-11
4.949064423479028482e-11
5.019873153188587367e-11
5.090752508372940064e-11
5.161693801551158977e-11
5.232695273756758735e-11
5.303754377041841457e-11
5.374869936445979142e-11
5.446046378915732434e-11
5.517272808100153847e-11
5.588538183644422407e-11
5.659835465861023499e-11
5.731168834336427390e-11
5.802534512660265531e-11
5.873934829734737147e-11
5.945374494434371706e-11
6.016848580749727651e-11
6.088347505388092642e-11
6.159865877671316020e-11
6.231408925860633875e-11
6.302975019707135958e-11
6.374563132423256100e-11
6.446179062032236318e-11
6.517826243434657464e-11
6.589499958375760630e-11
6.661196138963275599e-11
6.732915275922099477e-11
6.804662301688865887e-11
6.876432843513887271e-11
6.948232439379636477e-11
7.020064188756684161e-11
7.091932520502378829e-11
7.163837404912663393e-11
7.235774508669552679e-11
7.307749595054701685e-11
7.379766175052764006e-11
7.451820793786746996e-11
7.523920498761023352e-11
7.596067069613321951e-11
7.668265092232957496e-11
7.740520145250060720e-11
7.812828086077948217e-11
7.885194054560520401e-11
7.957624951071534414e-11
8.030116554160908540e-11
8.102675100811820460e-11
8.175303997957874515e-11
8.248002189628571233e-11
8.320781275518263734e-11
8.393642074659834245e-11
8.466579856986386005e-11
8.539611101647984936e-11
8.612735581260952456e-11
8.685948958338310519e-11
8.759260968688335394e-11
8.832669995611333974e-11
8.906174203014503159e-11
8.979789054551356773e-11
9.053513008564028172e-11
9.127340856246569271e-11
9.201293233406070330e-11
9.275369286094354174e-11
9.349562233622426489e-11
9.423881483143161275e-11
9.498325279164234319e-11
9.572886533186200474e-11
9.647581582787163826e-11
9.722414387986773493e-11
9.797372358608069856e-11
9.872473471337171611e-11
9.947724470558114694e-11
1.002311912154592708e-10
1.009865645640002912e-10
1.017434190818330476e-10
1.025016747590856102e-10
1.032613044417345746e-10
1.040224884941964024e-10
1.047851952912056059e-10
1.055492910168593475e-10
1.063149853331533582e-10
1.070823325481344339e-10
1.078512140053906818e-10
1.086216286609374509e-10
1.093936109697423861e-10
1.101670735810364934e-10
1.109419248308828979e-10
1.117183622720976255e-10
1.124963595914036334e-10
1.132757482174157353e-10
1.140566524972175661e-10
1.148391381723117974e-10
1.156231564915682575e-10
1.164086137030807821e-10
1.171955615700750256e-10
1.179839661465475739e-10
1.187736626184157369e-10
1.195647041819955545e-10
1.203571633099719846e-10
1.211509797569611916e-10
1.219459772111526894e-10
1.227422646134739219e-10
1.235398511878158998e-10
1.243386853585575317e-10
1.251386810568943370e-10
1.259398381299633385e-10
1.267421381369308322e-10
1.275454190760454927e-10
1.283496598609018629e-10
1.291549026712591743e-10
1.299611201515928251e-10
1.307681434039466974e-10
1.315759518421942201e-10
1.323845552964670490e-10
1.331939285825896904e-10
1.340039706668196116e-10
1.348146006481632090e-10
1.356257972057093217e-10
1.364375129171934321e-10
1.372496041730596988e-10
1.380620352884883421e-10
1.388748019763676832e-10
1.396878658333488594e-10
1.405010915531150179e-10
1.413143582957456032e-10
1.421276556283423955e-10
1.429409703265208393e-10
1.437542250259807323e-10
1.445672412730928278e-10
1.453799951760686214e-10
1.461924718811431352e-10
1.470045710806729785e-10
1.478161510394108597e-10
1.486271902679489274e-10
1.494376887610759436e-10
1.502476016118181974e-10
1.510566531700120532e-10
1.518647649127254504e-10
1.526719505819926233e-10
1.534782316463764462e-10
1.542833949401923451e-10
1.550872812497012232e-10
1.558899034119190069e-10
1.566912652275751747e-10
1.574912683814562771e-10
1.582897027599259944e-10
1.590865802741369931e-10
1.598819280433710921e-10
1.606757776077768936e-10
1.614676891371420118e-10
1.622575528758488172e-10
1.630454214973525101e-10
1.638313914425579901e-10
1.646152468133549137e-10
1.653967437081777366e-10
1.661758595033058847e-10
1.669526946401378283e-10
1.677272641374610772e-10
1.684992544489902846e-10
1.692685912329432322e-10
1.700353379743565985e-10
1.707996779246726189e-10
1.715613339815293747e-10
1.723198522756396873e-10
1.730752800208185600e-10
1.738276858421202800e-10
1.745772735614799916e-10
1.753235513735359817e-10
1.760664647895851698e-10
1.768060372237193085e-10
1.775423323364200585e-10
1.782754812632769059e-10
1.790050511831923850e-10
1.797310158680063512e-10
1.804534292714014388e-10
1.811726196926773737e-10
1.818883509455062875e-10
1.826000386060645372e-10
1.833077454020222325e-10
1.840114455473059072e-10
1.847115118842708875e-10
1.854077001665414164e-10
1.860996413907073905e-10
1.867874148952595952e-10
1.874710966704684660e-10
1.881509674379006665e-10
1.888267381345348259e-10
1.894981636497982419e-10
1.901652691122798713e-10
1.908282016552008876e-10
1.914873801917334502e-10
1.921423353465521310e-10
1.927926700372287020e-10
1.934384224551883533e-10
1.940796856522942966e-10
1.947168182329314876e-10
1.953496165210794420e-10
1.959777108984019887e-10
1.966012457587462671e-10
1.972201597163359159e-10
1.978348987445642173e-10
1.984453182359232801e-10
1.990510580330792406e-10
1.996521103356776151e-10
2.002485110039831654e-10
2.008407711049612715e-10
2.014289676190175879e-10
2.020124759193654678e-10
2.025912043307770340e-10
2.031652979202176491e-10
2.037348483446758579e-10
2.043003117125340389e-10
2.048611983715402543e-10
2.054174735340761758e-10
2.059691207369728670e-10
2.065162810189088253e-10
2.070593636974302322e-10
2.075981965645764153e-10
2.081324752145732327e-10
2.086621960594834183e-10
2.091874251552209946e-10
2.097085542253245911e-10
2.102259007210337646e-10
2.107388797885978002e-10
2.112475341627727356e-10
2.117517300450265387e-10
2.122516915845961631e-10
2.127477744267520001e-10
2.132399265103592979e-10
2.137279628086807904e-10
2.142118166569561653e-10
2.146915842659273166e-10
2.151674407349233888e-10
2.156398405646598809e-10
2.161083826166284314e-10
2.165729780539887166e-10
2.170336917679430978e-10
2.174904352230345074e-10
2.179438007268209298e-10
2.183939257109357244e-10
2.188404207083062547e-10
2.192833196067437786e-10
2.197225571077008426e-10
2.201582548657881876e-10
2.205907678409984266e-10
2.210201433218409723e-10
2.214462497931745145e-10
2.218691269498663397e-10
2.222886909717611551e-10
2.227051377327878047e-10
2.231188382895841085e-10
2.235297713594546500e-10
2.239377480072337687e-10
2.243427303463536895e-10
2.247447593640687138e-10
2.251439503155894916e-10
2.255407188110319192e-10
2.259350736035385205e-10
2.263268497357175644e-10
2.267160630888164266e-10
2.271026624902164100e-10
2.274867875880640436e-10
2.278687132734193146e-10
2.282484855424046467e-10
2.286260803269179876e-10
2.290015341064928907e-10
2.293748059207997834e-10
2.297459667746915752e-10
2.301153236969321304e-10
2.304829928077975836e-10
2.308488216542614467e-10
2.312128094685346750e-10
2.315749722829905421e-10
2.319352859565696658e-10
2.322940328150313790e-10
2.326513741618211340e-10
2.330073023442361347e-10
2.333617706200784041e-10
2.337147938205308891e-10
2.340663841859227811e-10
2.344166061115203048e-10
2.347656441402841450e-10
2.351135692041098810e-10
2.354604081426095662e-10
2.358061647669351551e-10
2.361508414603594286e-10
2.364944623908664976e-10
2.368372525397542940e-10
2.371792916658867906e-10
2.375205238813435677e-10
2.378609500685609028e-10
2.382005738397951718e-10
2.385393937011581368e-10
2.388774695210875057e-10
2.392149746383825144e-10
2.395519564457773329e-10
2.398884244285934042e-10
2.402243942700510653e-10
2.405598658963244466e-10
2.408948202169121908e-10
2.412293511192126467e-10
2.415635070156255249e-10
2.418973657629129800e-10
2.422309635305399126e-10
2.425643047645607559e-10
2.428973912706694284e-10
2.432302274732068722e-10
2.435629458835293682e-10
2.438955803929223330e-10
2.442280943012431439e-10
2.445604846736963467e-10
2.448927431132406710e-10
2.452248735031168615e-10
2.455568853069328704e-10
2.458888363008143016e-10
2.462207547974164436e-10
2.465526869170628889e-10
2.468846310720631697e-10
2.472165886929020784e-10
2.475485566354661067e-10
2.478805380603710160e-10
2.482125382561546938e-10
2.485445658613124310e-10
2.488766718530415050e-10
2.492088623067767197e-10
2.495411388631894611e-10
2.498734983625325074e-10
2.502059537625487951e-10
2.505385510168023053e-10
2.508712872104739954e-10
2.512040616424720162e-10
2.515368641786758111e-10
2.518696917236100917e-10
2.522025418549177932e-10
2.525354126956847467e-10
2.528682915938939700e-10
2.532011741521292497e-10
2.535340433869664030e-10
2.538668942339507705e-10
2.541997300621476281e-10
2.545325406844555010e-10
2.548653263709902181e-10
2.551980667518915280e-10
2.555307410334518333e-10
2.558633005522634663e-10
2.561957184860851661e-10
2.565279940428087782e-10
2.568601298315273908e-10
2.571921254970082897e-10
2.575239897307276843e-10
2.578557499342427773e-10
2.581873630479636788e-10
2.585186250319517937e-10
2.588495237179667211e-10
2.591800538383155252e-10
2.595102156926443828e-10
2.598400136427593820e-10
2.601694235206764117e-10
2.604984307340609267e-10
2.608269501139155168e-10
2.611548992297482666e-10
2.614822865003138857e-10
2.618091100782286566e-10
2.621353717118628292e-10
2.624610722862583000e-10
2.627861882718075955e-10
2.631107091887113811e-10
2.634344301224116412e-10
2.637573220289427079e-10
2.640793769429275135e-10
2.644006083206507498e-10
2.647210216764706114e-10
2.650406420434366940e-10
2.653595220767648655e-10
2.656775837546704393e-10
2.659945245053007301e-10
2.663103266425829836e-10
2.666249938704045083e-10
2.669385223155127654e-10
2.672509057635066080e-10
2.675621714687257692e-10
2.678723278460165819e-10
2.681812979479778984e-10
2.684888819449170438e-10
2.687950749942912377e-10
2.690998823690046539e-10
2.694032923355209827e-10
2.697053251768465114e-10
2.700060190731154145e-10
2.703054058289466159e-10
2.706033831390555453e-10
2.708996767364279489e-10
2.711942757569357000e-10
2.714871965347695982e-10
2.717784363544404489e-10
2.720679809349851692e-10
2.723559290167673639e-10
2.726423859301951804e-10
2.729272880308549157e-10
2.732102482931388701e-10
2.734912099215026967e-10
2.737702081682334331e-10
2.740472548346134809e-10
2.743223549781491823e-10
2.745955285578815377e-10
2.748668808525405858e-10
2.751364022673688882e-10
2.754038385981836789e-10
2.756691323810993557e-10
2.759322902600099189e-10
2.761933196118568280e-10
2.764521983574938137e-10
2.767089753440246782e-10
2.769637927227272021e-10
2.772167167779413338e-10
2.774675058046383125e-10
2.777159433041126314e-10
2.779620428538102626e-10
2.782058108340234250e-10
2.784472261700719465e-10
2.786862732998967705e-10
2.789231072469674591e-10
2.791579131318235600e-10
2.793906818447870256e-10
2.796210138802040235e-10
2.798488920466351265e-10
2.800743166011680688e-10
2.802972805759435631e-10
2.805177726829861369e-10
2.807358347646273701e-10
2.809516331123358857e-10
2.811652480603831703e-10
2.813765867909774460e-10
2.815854298866857352e-10
2.817917843805077987e-10
2.819956490551853264e-10
2.821970673350948586e-10
2.823960442929421812e-10
2.825926230117677546e-10
2.827870250612457919e-10
2.829793142920681617e-10
2.831692798475628795e-10
2.833567526990586367e-10
2.835417496740767503e-10
2.837242422367472434e-10
2.839042089449976751e-10
2.840817207724134759e-10
2.842568392328807075e-10
2.844298413631864941e-10
2.846007330867712023e-10
2.847693531045320780e-10
2.849355765812662069e-10
2.850994300595450845e-10
2.852608887286652639e-10
2.854199131608353728e-10
2.855765732665483704e-10
2.857309293893330457e-10
2.858831933529802760e-10
2.860333802831079473e-10
2.861814195769970049e-10
2.863272468906250633e-10
2.864708645686148890e-10
2.866122364423701213e-10
2.867513994630413394e-10
2.868883786219882364e-10
2.870232024889538350e-10
2.871561348277024840e-10
2.872872848375521714e-10
2.874165446823578791e-10
2.875437508981817926e-10
2.876688786886513688e-10
2.877919375838178425e-10
2.879129759448370857e-10
2.880319639903532734e-10
2.881489406148744367e-10
2.882641513315414021e-10
2.883776872319234069e-10
2.884895363392930413e-10
2.885996095037014407e-10
2.887079252059351325e-10
2.888144654980566603e-10
2.889192435627607282e-10
2.890222738803402675e-10
2.891234806581175856e-10
2.892230105381546882e-10
2.893210729509814656e-10
2.894176609052880601e-10
2.895127631526175526e-10
2.896063929664270403e-10
2.896985245680256436e-10
2.897891565738297110e-10
2.898783118815841255e-10
2.899659930569549929e-10
2.900522133716623311e-10
2.901372051891567687e-10
2.902210453061478257e-10
2.903037585172709658e-10
2.903852695809369002e-10
2.904655756531125674e-10
2.905446639784247676e-10
2.906225343414756692e-10
2.906991712427410699e-10
2.907746180575250201e-10
2.908488774869858098e-10
2.909221673769339323e-10
2.909945514078274860e-10
2.910660179646858225e-10
2.911365656786904643e-10
2.912062289744101688e-10
2.912749959076877629e-10
2.913428753927798745e-10
2.914098508662012382e-10
2.914759156128376029e-10
2.915411208053076655e-10
2.916056068083031603e-10
2.916694106468005365e-10
2.917325566012597891e-10
2.917950613250600364e-10
2.918569473072982593e-10
2.919182197379330956e-10
2.919788777501619815e-10
2.920389171932339621e-10
2.920983441760226177e-10
2.921571806747522700e-10
2.922156082380931839e-10
2.922736623193993242e-10
2.923313439622210722e-10
2.923886244582833321e-10
2.924455203028910070e-10
2.925020300212637829e-10
2.925581452545761339e-10
2.926138592638289684e-10
2.926691878186623179e-10
2.927241341413582586e-10
2.927788049250636381e-10
2.928332273485552405e-10
2.928874179935576639e-10
2.929414355507687563e-10
2.929952744658774996e-10
2.930489332801715632e-10
2.931024162916193713e-10
2.931557322490207497e-10
2.932088719184964818e-10
2.932618292306915412e-10
2.933146585197089260e-10
2.933673935265766944e-10
2.934200353043991638e-10
2.934726209363449394e-10
2.935251713998177531e-10
2.935776958414085874e-10
2.936301836206382735e-10
2.936826442627810782e-10
2.937350655010173512e-10
2.937874798664994276e-10
2.938398630088498714e-10
2.938923101912338258e-10
2.939448226686910752e-10
2.939974166195095532e-10
2.940500502951599611e-10
2.941027294167129287e-10
2.941554451928101876e-10
2.942082081518892925e-10
2.942610139920733907e-10
2.943138585174474659e-10
2.943667376523892426e-10
2.944196689209888315e-10
2.944726528065885438e-10
2.945257015534259994e-10
2.945788167179242389e-10
2.946320103245803522e-10
2.946852853811471238e-10
2.947386343934302423e-10
2.947920605676438007e-10
2.948455634751634849e-10
2.948991441664879935e-10
2.949527982207505426e-10
2.950065207871572251e-10
2.950603068082016988e-10
2.951141613348762585e-10
2.951680574741536626e-10
2.952219915447286336e-10
2.952759544482141392e-10
2.953299533022925553e-10
2.953839895435284518e-10
2.954380652494686552e-10
2.954921719297038835e-10
2.955463159428128644e-10
2.956005056502267429e-10
2.956547521401568736e-10
2.957090524673853265e-10
2.957633445182995195e-10
2.958175690602328671e-10
2.958717169691764175e-10
2.959257994054303159e-10
2.959798254395883257e-10
2.960337568884763837e-10
2.960876299289419774e-10
2.961414464552700687e-10
2.961951532060041187e-10
2.962487610148733667e-10
2.963022693937585332e-10
2.963556461315641413e-10
2.964088204140817335e-10
2.964618206781677672e-10
2.965146528963350985e-10
2.965672705773937075e-10
2.966197182691761626e-10
2.966719907213603209e-10
2.967240710230450597e-10
2.967759653569298290e-10
2.968276482404957678e-10
2.968791406563578458e-10
2.969303733997115642e-10
2.969812887161448101e-10
2.970318630712731421e-10
2.970820666668042120e-10
2.971319261065415602e-10
2.971814500285462082e-10
2.972306187386817467e-10
2.972794437867883507e-10
2.973279238631082384e-10
2.973760792810465845e-10
2.974238979353321120e-10
2.974713889022040923e-10
2.975184892299091877e-10
2.975650123100994417e-10
2.976110362531505847e-10
2.976565458487621153e-10
2.977014746388861564e-10
2.977458984826436829e-10
2.977898358195655895e-10
2.978331776461895776e-10
2.978760210009758213e-10
2.979183540948014738e-10
2.979601131920561695e-10
2.980013554991035065e-10
2.980419748256810904e-10
2.980819282772215637e-10
2.981211885503127032e-10
2.981598237467136609e-10
2.981977766083827300e-10
2.982350608912507792e-10
2.982716997036835549e-10
2.983076833588584167e-10
2.983430101655115444e-10
2.983776984917364470e-10
2.984117759190951682e-10
2.984452045188957601e-10
2.984778627537803335e-10
2.985097448358007063e-10
2.985407290059042453e-10
2.985709691595446512e-10
2.986003866178869973e-10
2.986289787216800312e-10
2.986567831436136408e-10
2.986837863739879464e-10
2.987099964120530616e-10
2.987354811441703068e-10
2.987602391318208982e-10
2.987842912206076767e-10
2.988074797245528039e-10
2.988297507090815176e-10
2.988510965312620928e-10
2.988715689543201838e-10
2.988910748150023694e-10
2.989096823442630735e-10
2.989274573732816861e-10
2.989442180237771475e-10
2.989601108759280136e-10
2.989752127179755429e-10
2.989893830764434106e-10
2.990027470939975646e-10
2.990152641740094083e-10
2.990267671942521499e-10
2.990373783975550037e-10
2.990470672319503463e-10
2.990557611639554964e-10
2.990635811624691469e-10
2.990704417019583637e-10
2.990763677346985559e-10
2.990814100663504212e-10
2.990855356088105780e-10
2.990888474179989832e-10
2.990913919540553647e-10
2.990930450253646837e-10
2.990937868789469705e-10
2.990936111937878366e-10
2.990923819109808289e-10
2.990902865464978307e-10
2.990872048575392909e-10
2.990831639071490865e-10
2.990782203427855549e-10
2.990722915915162796e-10
2.990654206328083682e-10
2.990577838631549225e-10
2.990492970852372579e-10
2.990400203494520342e-10
2.990299530873400548e-10
2.990189460425349882e-10
2.990070660374370921e-10
2.989942687956324364e-10
2.989805726313650721e-10
2.989660412470237235e-10
2.989505245989108727e-10
2.989341611324627775e-10
2.989169259692298986e-10
2.988987816599541713e-10
2.988798846803034411e-10
2.988601795807526731e-10
2.988397188949221852e-10
2.988184909053436512e-10
2.987964250255831350e-10
2.987735945530039339e-10
2.987499831460326615e-10
2.987255346475016088e-10
2.987003754787842133e-10
2.986743483588592455e-10
2.986475737965165220e-10
2.986200310334414359e-10
2.985917097337950985e-10
2.985627639309118786e-10
2.985331729433429280e-10
2.985029686428018577e-10
2.984721232629448149e-10
2.984405576400746172e-10
2.984083370696988295e-10
2.983754354005230654e-10
2.983418387441641606e-10
2.983075962373838885e-10
2.982726455989415158e-10
2.982370300037255701e-10
2.982007511866439887e-10
2.981637837255414157e-10
2.981263051360242829e-10
2.980882913128604684e-10
2.980497434133790468e-10
2.980106934434830041e-10
2.979711341389238997e-10
2.979310391479918246e-10
2.978903972910616267e-10
2.978492767489295655e-10
2.978075927462638239e-10
2.977653929952040256e-10
2.977227112997473530e-10
2.976794529421715585e-10
2.976357035485430398e-10
2.975914853445741309e-10
2.975468301707110160e-10
2.975017825743519937e-10
2.974563124586442137e-10
2.974104544405379643e-10
2.973642073323052836e-10
2.973176109901447225e-10
2.972706364847378460e-10
2.972232598309281379e-10
2.971755498500598444e-10
2.971274412047183629e-10
2.970789716972231233e-10
2.970301433695108266e-10
2.969809310949467305e-10
2.969314729044565483e-10
2.968817813249875535e-10
2.968318195324130895e-10
2.967816373142482572e-10
2.967312130204053711e-10
2.966805439269269752e-10
2.966296255128470919e-10
2.965784658178029283e-10
2.965270705385460039e-10
2.964754287794636301e-10
2.964235428463114245e-10
2.963714233294103914e-10
2.963190571496391789e-10
2.962664632498474050e-10
2.962137217806104215e-10
2.961608378178910382e-10
2.961077972885242816e-10
2.960546270186598409e-10
2.960013501870151736e-10
2.959479433169637246e-10
2.958944262018725572e-10
2.958407920300023848e-10
2.957870398998090579e-10
2.957331652985777254e-10
2.956791708562464268e-10
2.956250674189210912e-10
2.955708387340536457e-10
2.955164986993640557e-10
2.954620839411690741e-10
2.954076020483338332e-10
2.953530420051700385e-10
2.952984244086610583e-10
2.952437718232496875e-10
2.951890801077389074e-10
2.951343613413438054e-10
2.950795996124181187e-10
2.950248158998855234e-10
2.949699894643221499e-10
2.949151379976633948e-10
2.948602490009723880e-10
2.948053293856533402e-10
2.947503752956073706e-10
2.946954350737510185e-10
2.946405313003779274e-10
2.945856381802949647e-10
2.945307816105315361e-10
2.944759281985611152e-10
2.944210816330715666e-10
2.943662354480023816e-10
2.943113953262084458e-10
2.942565550867273883e-10
2.942017186012918035e-10
2.941468878323670152e-10
2.940920545548826025e-10
2.940372248937801291e-10
2.939823973084874030e-10
2.939275800295032177e-10
2.938727904271861670e-10
2.938180211282860852e-10
2.937632738440432042e-10
2.937085496775028708e-10
2.936538471486735331e-10
2.935991643270086991e-10
2.935445034824367264e-10
2.934898608216107233e-10
2.934352339106654747e-10
2.933806275936637056e-10
2.933260349257624290e-10
2.932714651988158827e-10
2.932169091346493284e-10
2.931623747016797224e-10
2.931078481821919403e-10
2.930533351593759435e-10
2.929988329796259870e-10
2.929443328730801587e-10
2.928898412578121521e-10
2.928353359769413996e-10
2.927808368042928227e-10
2.927263272992795156e-10
2.926718148088783200e-10
2.926173043404374137e-10
2.925627854567159047e-10
2.925082707487158651e-10
2.924537483682537526e-10
2.923992222604537614e-10
2.923446987046403768e-10
2.922901781895842829e-10
2.922356676232155319e-10
2.921811643540997279e-10
2.921266606374688728e-10
2.920721199801099140e-10
2.920174967426530862e-10
2.919628206819179697e-10
2.919080631463016802e-10
2.918532487843078865e-10
2.917983529915113068e-10
2.917434028198819374e-10
2.916883730974038395e-10
2.916332824981136115e-10
2.915781161276420473e-10
2.915228889702522061e-10
2.914675818375148858e-10
2.914121905220069200e-10
2.913567226436437334e-10
2.913011654848336005e-10
2.912455233858862533e-10
2.911897350166118679e-10
2.911338452270948086e-10
2.910778101656370309e-10
2.910216786656628378e-10
2.909653974016608917e-10
2.909090253520327977e-10
2.908524958663491478e-10
2.907958819829312906e-10
2.907391075847019773e-10
2.906822439991765944e-10
2.906252266345818232e-10
2.905680911548924917e-10
2.905107994353438278e-10
2.904533872808312168e-10
2.903958115095178140e-10
2.903380574626257915e-10
2.902801087525491618e-10
2.902219752478524858e-10
2.901636551695494392e-10
2.901051450999365260e-10
2.900464543916657591e-10
2.899875682930255688e-10
2.899285072131776254e-10
2.898692493535139644e-10
2.898098180653742975e-10
2.897501955680150495e-10
2.896904095033617693e-10
2.896304448671749860e-10
2.895703182941602158e-10
2.895100203802044719e-10
2.894495274823558577e-10
2.893887488388730654e-10
2.893277432551011763e-10
2.892664558223982182e-10
2.892049382668597758e-10
2.891431402989548342e-10
2.890811176824026444e-10
2.890188137189352993e-10
2.889562885416778598e-10
2.888934794207888670e-10
2.888304524408441515e-10
2.887671403823037039e-10
2.887036081444038769e-10
2.886397994125541509e-10
2.885757665071483615e-10
2.885114690243737125e-10
2.884469275473169380e-10
2.883820806155072674e-10
2.883169740439766087e-10
2.882515628838442132e-10
2.881858929683813213e-10
2.881199201234445459e-10
2.880536959500597630e-10
2.879871681597519690e-10
2.879203925918033638e-10
2.878533109066232496e-10
2.877859808879369525e-10
2.877183482441999169e-10
2.876504763544869850e-10
2.875823202736087013e-10
2.875139187219308987e-10
2.874452521225700197e-10
2.873763109137731326e-10
2.873070559778175180e-10
2.872375166719945202e-10
2.871676733555829180e-10
2.870975427824952936e-10
2.870271063114824203e-10
2.869563812410312363e-10
2.868853536599594117e-10
2.868140438317310919e-10
2.867424357780395960e-10
2.866705445643564399e-10
2.865983494321498816e-10
2.865259046443026685e-10
2.864532055539105747e-10
2.863802721293514017e-10
2.863070951719217884e-10
2.862336683286885150e-10
2.861599689329382434e-10
2.860859701307280160e-10
2.860117111136064218e-10
2.859371354766548186e-10
2.858623148865533236e-10
2.857871718196247358e-10
2.857117920035545908e-10
2.856360806098818368e-10
2.855601319913249361e-10
2.854838527850834847e-10
2.854073381607374793e-10
2.853305058940731699e-10
2.852534535047216928e-10
2.851761242153780336e-10
2.850985640892593033e-10
2.850207490838853692e-10
2.849426906637623865e-10
2.848643952411014057e-10
2.847858509581649484e-10
2.847070824721420797e-10
2.846280585368848664e-10
2.845488183697809519e-10
2.844693165459898630e-10
2.843896000380897170e-10
2.843096144071013540e-10
2.842294217106165491e-10
2.841489632564175095e-10
2.840682929627938793e-10
2.839873804354179801e-10
2.839062855983140054e-10
2.838249880466628795e-10
2.837435007410303447e-10
2.836618245102203553e-10
2.835799458530012931e-10
2.834978752598121034e-10
2.834156070360726156e-10
2.833331503010148133e-10
2.832504958769974219e-10
2.831676544963476772e-10
2.830846157100994021e-10
2.830013879826056891e-10
2.829179573631656545e-10
2.828343457070594747e-10
2.827505295422204275e-10
2.826665330731112891e-10
2.825823514891081109e-10
2.824980417379668121e-10
2.824135938369098691e-10
2.823290190354798751e-10
2.822443157655285044e-10
2.821594796891345091e-10
2.820745149637800263e-10
2.819894077640510158e-10
2.819041782915281732e-10
2.818188036219761564e-10
2.817333091299977759e-10
2.816476664842641409e-10
2.815619053397585584e-10
2.814759961598362478e-10
2.813899666991157768e-10
2.813037910314716614e-10
2.812174925827208879e-10
2.811310481917339263e-10
2.810445082071024871e-10
2.809578531036211219e-10
2.808711061865969411e-10
2.807842488677616363e-10
2.806973026278376627e-10
2.806102720264410120e-10
2.805231768169859241e-10
2.804359990134277655e-10
2.803487615002661897e-10
2.802614458843286056e-10
2.801740598089810082e-10
2.800866004258476375e-10
2.799990684304116129e-10
2.799114665632412110e-10
2.798237910866846448e-10
2.797360485430167766e-10
2.796482289890872037e-10
2.795603563631513017e-10
2.794724392609287843e-10
2.793844890444381286e-10
2.792965003810630605e-10
2.792084778021920332e-10
2.791204190375709870e-10
2.790323278974833365e-10
2.789442035289145846e-10
2.788560473322763386e-10
2.787678581214691482e-10
2.786796374230600037e-10
2.785913824195063027e-10
2.785030975304805869e-10
2.784147768824835194e-10
2.783264273097278500e-10
2.782380415761926763e-10
2.781496292143177173e-10
2.780611740415809087e-10
2.779727113929976888e-10
2.778842410174515334e-10
2.777957792421849247e-10
2.777073142736237505e-10
2.776188542012376797e-10
2.775303948878466897e-10
2.774419350807994799e-10
2.773534754047931888e-10
2.772650116259141908e-10
2.771765497817072480e-10
2.770880811987183486e-10
2.769996163986538651e-10
2.769111426352602640e-10
2.768226751428314541e-10
2.767341978131055106e-10
2.766457239870684878e-10
2.765572416539027948e-10
2.764687602335722669e-10
2.763802731716424867e-10
2.762917894354595677e-10
2.762033046879708016e-10
2.761148216484652439e-10
2.760263390460522616e-10
2.759378600560042227e-10
2.758493952185925346e-10
2.757609443496867928e-10
2.756725066387223754e-10
2.755840886368766759e-10
2.754956851273748951e-10
2.754072936371589665e-10
2.753189222725265147e-10
2.752305581508632824e-10
2.751422173866195391e-10
2.750538837502635126e-10
2.749655735055257236e-10
2.748772720086106534e-10
2.747889876526511436e-10
2.747007250583866636e-10
2.746124832274308934e-10
2.745242715932100326e-10
2.744360802435154034e-10
2.743479149915914050e-10
2.742597632008376339e-10
2.741716098599577347e-10
2.740834672704043760e-10
2.739953275810134533e-10
2.739071971691458642e-10
2.738190760766000790e-10
2.737309508092013639e-10
2.736428379668050818e-10
2.735547259500642980e-10
2.734666241587493008e-10
2.733785256093670892e-10
2.732904352630161051e-10
2.732023476237946214e-10
2.731142684382866196e-10
2.730261974473415838e-10
2.729381409060734567e-10
2.728500912273541853e-10
2.727620565869645657e-10
2.726740237768051092e-10
2.725859987957705638e-10
2.724979588326443084e-10
2.724099155113095227e-10
2.723218663021444958e-10
2.722338061543740678e-10
2.721457440158022102e-10
2.720576649332161562e-10
2.719695817899901354e-10
2.718814932239282849e-10
2.717933926868930999e-10
2.717052956760202988e-10
2.716171751005813036e-10
2.715290572612593194e-10
2.714409187949893492e-10
2.713527653467362366e-10
2.712645930093743966e-10
2.711763910871638258e-10
2.710881784271976465e-10
2.709999274816782933e-10
2.709116646970950640e-10
2.708233681898316763e-10
2.707350516884600002e-10
2.706467146624108813e-10
2.705583438527752615e-10
2.704699586896534985e-10
2.703815396763933846e-10
2.702931041543660029e-10
2.702046408261505122e-10
2.701161555661147892e-10
2.700276484544901835e-10
2.699391129051405807e-10
2.698505586224765490e-10
2.697619804811370867e-10
2.696733805862451538e-10
2.695847583357942101e-10
2.694961079286994115e-10
2.694074372517349877e-10
2.693187434552223696e-10
2.692300163378377456e-10
2.691412420414882714e-10
2.690524144423180580e-10
2.689635541657551469e-10
2.688746202948969477e-10
2.687856502857327076e-10
2.686966309809725070e-10
2.686075602524770851e-10
2.685184521366070480e-10
2.684292777178320274e-10
2.683400675483367816e-10
2.682508070416494081e-10
2.681614957644771926e-10
2.680721452936936063e-10
2.679827313099715054e-10
2.678932818282742155e-10
2.678037829465390729e-10
2.677142374597266494e-10
2.676246489020333206e-10
2.675350026434516344e-10
2.674453131755655372e-10
2.673555611796648807e-10
2.672657534978878390e-10
2.671758941715493717e-10
2.670859677695227734e-10
2.669959869415451097e-10
2.669059549402973444e-10
2.668158528184785940e-10
2.667257140758800309e-10
2.666354892969386563e-10
2.665452262831451096e-10
2.664548996007273172e-10
2.663645165487838729e-10
2.662740912512893192e-10
2.661835785715412095e-10
2.660930200988003853e-10
2.660023892186236954e-10
2.659116979577881466e-10
2.658209478975787266e-10
2.657301217139951451e-10
2.656392391491606266e-10
2.655482970484306195e-10
2.654572932059315651e-10
2.653662382326122840e-10
2.652751129024792350e-10
2.651839370260531392e-10
2.650926964175845721e-10
2.650013972447906747e-10
2.649100441053946158e-10
2.648186258660209792e-10
2.647271591863457957e-10
2.646356267159868832e-10
2.645440397191434417e-10
2.644523947055889150e-10
2.643606914964041366e-10
2.642689475058089523e-10
2.641771518531729821e-10
2.640853176279314862e-10
2.639934280992967503e-10
2.639014972537969185e-10
2.638095142362063954e-10
2.637174753908418228e-10
2.636253804513872327e-10
2.635332317978583823e-10
2.634410162819764507e-10
2.633487443377253064e-10
2.632564232040571729e-10
2.631640376327815071e-10
2.630716020070233676e-10
2.629791051099189649e-10
2.628865513487641510e-10
2.627939483198066452e-10
2.627012742871904720e-10
2.626085543109985237e-10
2.625157742455427667e-10
2.624229432809497329e-10
2.623300675897135315e-10
2.622371412677188031e-10
2.621441769630741015e-10
2.620511608929238290e-10
2.619581011596571820e-10
2.618649959251185731e-10
2.617718626439149416e-10
2.616786859317121551e-10
2.615854726396594867e-10
2.614922213995898633e-10
2.613989272529018946e-10
2.613056032094508958e-10
2.612122283177808085e-10
2.611188220383907744e-10
2.610253760425285044e-10
2.609318913728758402e-10
2.608383747937280902e-10
2.607448085312899964e-10
2.606512133672181687e-10
2.605575718575452785e-10
2.604639001334409837e-10
2.603701913743720339e-10
2.602764456879287773e-10
2.601826686853115787e-10
2.600888538193600404e-10
2.599950117910254037e-10
2.599011382281876721e-10
2.598072532371053156e-10
2.597133424107684354e-10
2.596194146400916564e-10
2.595254650245571768e-10
2.594314974183096633e-10
2.593375036811784451e-10
2.592434954358524597e-10
2.591494654007124737e-10
2.590554194636972956e-10
2.589613537053046506e-10
2.588672590070625274e-10
2.587731604898515931e-10
2.586790373231598830e-10
2.585848874028415440e-10
2.584907365630654253e-10
2.583965770554808025e-10
2.583024223235614077e-10
2.582082655105124605e-10
2.581140989509287723e-10
2.580199448026680178e-10
2.579257768753515265e-10
2.578316057081650313e-10
2.577374319720554065e-10
2.576432510993726685e-10
2.575490684613831058e-10
2.574548761666440879e-10
2.573606789751871291e-10
2.572664816001426033e-10
2.571722756365438159e-10
2.570780656749484835e-10
2.569838508664676723e-10
2.568896276431405281e-10
2.567954014965260799e-10
2.567011682359205493e-10
2.566069297527861443e-10
2.565126901460871434e-10
2.564184504568768763e-10
2.563242101640315573e-10
2.562299752867480484e-10
2.561357429888101448e-10
2.560415128079376215e-10
2.559472905466266996e-10
2.558530706671771817e-10
2.557588791410957480e-10
2.556646949168270945e-10
2.555705231853069661e-10
2.554763677479162462e-10
2.553822219331848005e-10
2.552880952477132935e-10
2.551939772822712366e-10
2.550998701446957763e-10
2.550057830790714699e-10
2.549117051005431803e-10
2.548176389797523692e-10
2.547235907192850781e-10
2.546295498932999978e-10
2.545355211412101996e-10
2.544415118947837080e-10
2.543475115351462780e-10
2.542535239688806571e-10
2.541595521873459439e-10
2.540655930218923852e-10
2.539716465202896614e-10
2.538777131530691241e-10
2.537838012980556040e-10
2.536899144552467282e-10
2.535960492996556077e-10
2.535022005393787641e-10
2.534083794797624629e-10
2.533145798660184636e-10
2.532207940433811885e-10
2.531270416141389795e-10
2.530333044283103457e-10
2.529395894348638371e-10
2.528459000853759958e-10
2.527522233886651089e-10
2.526585842019014943e-10
2.525649573430810077e-10
2.524713417684361327e-10
2.523777715970268073e-10
2.522842200293023691e-10
2.521906966172446787e-10
2.520972115129964905e-10
2.520037515344059375e-10
2.519103222733483774e-10
2.518169228466275606e-10
2.517235479096847927e-10
2.516301959522382017e-10
2.515368667097088988e-10
2.514435584513145100e-10
2.513502765349675268e-10
2.512570167823408606e-10
2.511637768899588103e-10
2.510705635959519276e-10
2.509773684710344081e-10
2.508841965930147082e-10
2.507910520835477045e-10
2.506979239190196784e-10
2.506048218891752180e-10
2.505117409463876194e-10
2.504186804503260308e-10
2.503256435592177296e-10
2.502326229651701582e-10
2.501396257031372913e-10
2.500466454683898592e-10
2.499536799666803944e-10
2.498607335921680866e-10
2.497678064895733538e-10
2.496749036364968912e-10
2.495820231839263659e-10
2.494891649689020273e-10
2.493963368754839190e-10
2.493035316935987605e-10
2.492107488705296364e-10
2.491179901189281555e-10
2.490252617104105140e-10
2.489325541765917915e-10
2.488398682924264848e-10
2.487472113653728817e-10
2.486545764288745043e-10
2.485619661752956791e-10
2.484693812894799145e-10
2.483768198520631667e-10
2.482842808570593940e-10
2.481917700911139691e-10
2.480992727392204958e-10
2.480067961587782915e-10
2.479143365644744563e-10
2.478218905066866625e-10
2.477294657867465526e-10
2.476370576916323202e-10
2.475446652459739461e-10
2.474522900040231217e-10
2.473599353699124111e-10
2.472676038267966541e-10
2.471752839645619908e-10
2.470829883217724125e-10
2.469907119323353744e-10
2.468984478355570411e-10
2.468062128447363929e-10
2.467139936309383630e-10
2.466217860851018996e-10
2.465296083067246269e-10
2.464374447371130794e-10
2.463453013896014766e-10
2.462531780630143237e-10
2.461610701533315396e-10
2.460689875462713430e-10
2.459769227726099375e-10
2.458848762630344186e-10
2.457928548663055752e-10
2.457008515058880969e-10
2.456088668031135312e-10
2.455169069505609662e-10
2.454249630184486283e-10
2.453330335772688320e-10
2.452411200819340473e-10
2.451492194478257314e-10
2.450573310106196246e-10
2.449654603757620167e-10
2.448736018447643086e-10
2.447817573237453149e-10
2.446899260380762413e-10
2.445981065972251190e-10
2.445063065640008910e-10
2.444145165164855081e-10
2.443227392524622960e-10
2.442309802701128982e-10
2.441392281740886288e-10
2.440474910558133712e-10
2.439557751116660747e-10
2.438640628964851687e-10
2.437723571809121150e-10
2.436806613989355278e-10
2.435889671094357500e-10
2.434972823654037856e-10
2.434056023861803037e-10
2.433139245361817571e-10
2.432222625502769281e-10
2.431306180773883293e-10
2.430389825751028676e-10
2.429473658351193453e-10
2.428557643292125970e-10
2.427641752996606881e-10
2.426726020853471418e-10
2.425810460039551644e-10
2.424895024441906553e-10
2.423979730036237206e-10
2.423064599661879196e-10
2.422149621378583777e-10
2.421234788517052166e-10
2.420320081542742112e-10
2.419405558530556856e-10
2.418491169376615732e-10
2.417576907865431920e-10
2.416662819751673821e-10
2.415748799140816790e-10
2.414834862110615297e-10
2.413921079781438024e-10
2.413007339565576699e-10
2.412093690365070258e-10
2.411180206657193103e-10
2.410266783976168302e-10
2.409353465672980794e-10
2.408440342069239424e-10
2.407527338275113458e-10
2.406614411399943966e-10
2.405701683549548034e-10
2.404789079270629837e-10
2.403876531304565079e-10
2.402964227498022114e-10
2.402052022852650211e-10
2.401139851360522163e-10
2.400227972483742600e-10
2.399316163474463284e-10
2.398404393401816172e-10
2.397492927003198553e-10
2.396581522722536213e-10
2.395670168273250227e-10
2.394759095768217536e-10
2.393848113780215107e-10
2.392937248621651432e-10
2.392026650046131788e-10
2.391116161240994947e-10
2.390205780628755782e-10
2.389295654586571708e-10
2.388385661999846507e-10
2.387475782363444878e-10
2.386566149990508592e-10
2.385656637871228602e-10
2.384747240167933349e-10
2.383838105244563647e-10
2.382929068350006448e-10
2.382020151591852693e-10
2.381111489565519537e-10
2.380202924914422802e-10
2.379294506850018670e-10
2.378386293919478814e-10
2.377478193663501193e-10
2.376570266483589618e-10
2.375662503152596054e-10
2.374754891647760491e-10
2.373847422321778842e-10
2.372940107271236987e-10
2.372032939894147965e-10
2.371125875018850607e-10
2.370218882757810117e-10
2.369312031004770403e-10
2.368405288644298747e-10
2.367498602609708626e-10
2.366592064451592478e-10
2.365685706906295130e-10
2.364779567161427079e-10
2.363873684034196327e-10
2.362968049783743305e-10
2.362062570613214922e-10
2.361157425873876146e-10
2.360252491676146598e-10
2.359347680855559039e-10
2.358443271061438228e-10
2.357539028604507770e-10
2.356634959777337380e-10
2.355731209098409636e-10
2.354827658507130841e-10
2.353924328562920024e-10
2.353021238359535564e-10
2.352118396606258734e-10
2.351215782661159240e-10
2.350313357987133113e-10
2.349411240194219111e-10
2.348509285673729933e-10
2.347607513028699060e-10
2.346706089178332143e-10
2.345804780736255988e-10
2.344903675935241597e-10
2.344002909330536166e-10
2.343102283099207866e-10
2.342201900419423608e-10
2.341301868638340592e-10
2.340402049626670989e-10
2.339502449180831244e-10
2.338603177247083437e-10
2.337704161228541493e-10
2.336805376073265080e-10
2.335906831789002235e-10
2.335008635895532412e-10
2.334110641285039221e-10
2.333212848513388035e-10
2.332315467363301568e-10
2.331418252140114210e-10
2.330521219225569304e-10
2.329624644590538749e-10
2.328728210975947360e-10
2.327831954817033167e-10
2.326936162563598864e-10
2.326040522413169574e-10
2.325145157420441941e-10
2.324250177716242721e-10
2.323355403699601800e-10
2.322460914554192770e-10
2.321566751599703483e-10
2.320672858127009285e-10
2.319779242932245414e-10
2.318885966472285081e-10
2.317993015128426682e-10
2.317100343293653552e-10
2.316207935550301352e-10
2.315315910316150707e-10
2.314424159950912289e-10
2.313532655354165352e-10
2.312641538730820001e-10
2.311750674875309980e-10
2.310860089854681332e-10
2.309969863218479975e-10
2.309079887602177917e-10
2.308190214807650827e-10
2.307300855890322687e-10
2.306411799255189263e-10
2.305522996092493954e-10
2.304634508441480638e-10
2.303746337049636244e-10
2.302858334047543684e-10
2.301970574640964985e-10
2.301083120509785746e-10
2.300195818618406513e-10
2.299308777716676009e-10
2.298421991382829246e-10
2.297535437507646770e-10
2.296649174964545457e-10
2.295763405561425587e-10
2.294877904329691620e-10
2.293992767193575935e-10
2.293107964459336644e-10
2.292223552599964183e-10
2.291339509687546749e-10
2.290455706881285161e-10
2.289572398085716007e-10
2.288689399856581252e-10
2.287806676235253993e-10
2.286924394669663389e-10
2.286042443830397975e-10
2.285160832716071294e-10
2.284279535248237720e-10
2.283398693679577039e-10
2.282518124216786844e-10
2.281637819037581975e-10
2.280758079882948379e-10
2.279878525762543205e-10
2.278999286945370508e-10
2.278120460173175606e-10
2.277241888291852627e-10
2.276363692151636032e-10
2.275485772442074510e-10
2.274608223654310029e-10
2.273731006502666015e-10
2.272854043010196141e-10
2.271977553262674640e-10
2.271101376040687270e-10
2.270225450530173891e-10
2.269349950382608060e-10
2.268474798584579619e-10
2.267599930567765818e-10
2.266725395529509070e-10
2.265851313611641193e-10
2.264977483978483471e-10
2.264103887061837742e-10
2.263230891741347212e-10
2.262358085152349796e-10
2.261485533477023467e-10
2.260613512357280735e-10
2.259741725080437345e-10
2.258870251234037828e-10
2.257999168084997352e-10
2.257128419814987235e-10
2.256257959514181351e-10
2.255387787848098201e-10
2.254518063862088732e-10
2.253648575888156365e-10
2.252779363658189915e-10
2.251910591281126449e-10
2.251042087832706888e-10
2.250173898218059295e-10
2.249306119485089214e-10
2.248438679226360778e-10
2.247571586442658878e-10
2.246704768760203559e-10
2.245838396005636927e-10
2.244972355978293689e-10
2.244106545196560895e-10
2.243241210100419740e-10
2.242376198915824601e-10
2.241511439627268126e-10
2.240647090953856059e-10
2.239783120134815898e-10
2.238919414106913915e-10
2.238056046658021173e-10
2.237193086514051124e-10
2.236330417549624963e-10
2.235468092355360922e-10
2.234606104909565087e-10
2.233744408621599650e-10
2.232882942484154398e-10
2.232021708926968983e-10
2.231160805467503193e-10
2.230300069315371706e-10
2.229439613838339960e-10
2.228579418416733989e-10
2.227719456354359348e-10
2.226859831385791157e-10
2.226000605827120303e-10
2.225141673735509622e-10
2.224283179494818048e-10
2.223424901474356457e-10
2.222567078692977630e-10
2.221709615454983680e-10
2.220852385756443035e-10
2.219995584480823671e-10
2.219139174541482822e-10
2.218283052177789180e-10
2.217427193861546648e-10
2.216571889250183389e-10
2.215716809005409129e-10
2.214862033591450599e-10
2.214007695821047594e-10
2.213153686138780355e-10
2.212300001447762477e-10
2.211446602564913631e-10
2.210593708687926265e-10
2.209741005535187657e-10
2.208888609880767158e-10
2.208036599185915683e-10
2.207184850123975109e-10
2.206333435953007315e-10
2.205482266443142958e-10
2.204631525114094455e-10
2.203781027292077338e-10
2.202930827285789821e-10
2.202081038664932808e-10
2.201231527098450898e-10
2.200382353492143733e-10
2.199533458284819607e-10
2.198684972305147809e-10
2.197836808008132167e-10
2.196988873495221550e-10
2.196141345788909005e-10
2.195294166869117857e-10
2.194447257681369783e-10
2.193600618380916244e-10
2.192754480292977295e-10
2.191908553849150083e-10
2.191062871641384721e-10
2.190217692553121301e-10
2.189372740520119913e-10
2.188528096454990879e-10
2.187683797379779326e-10
2.186839865373305821e-10
2.185996133641760126e-10
2.185152700885444454e-10
2.184309662182307869e-10
2.183466794883841354e-10
2.182624303306939082e-10
2.181782049236002099e-10
2.180940109843491888e-10
2.180098520716734653e-10
2.179257182074639163e-10
2.178416317465738639e-10
2.177575749297560893e-10
2.176735455153640569e-10
2.175895559380627035e-10
2.175056017248185827e-10
2.174216819380431500e-10
2.173377842712353497e-10
2.172539363785888534e-10
2.171701182410248579e-10
2.170863250752784133e-10
2.170025710152037005e-10
2.169188585922137934e-10
2.168351702209322527e-10
2.167515136902597473e-10
2.166678977879718193e-10
2.165843132556530076e-10
2.165007585968095067e-10
2.164172375537072206e-10
2.163337564140303286e-10
2.162502881018697105e-10
2.161668533125708490e-10
2.160834413143493456e-10
2.160000529403518529e-10
2.159166910493223229e-10
2.158333480284022155e-10
2.157500385149272862e-10
2.156667514589562081e-10
2.155834945740438363e-10
2.155002837210811483e-10
2.154170999016319892e-10
2.153339578844530191e-10
2.152508366269457491e-10
2.151677639405638098e-10
2.150847239477511191e-10
2.150017104126101739e-10
2.149187323992749741e-10
2.148358006740543692e-10
2.147528951425237420e-10
2.146700179745122560e-10
2.145871853760468297e-10
2.145043867493695881e-10
2.144216208708167415e-10
2.143388735236428566e-10
2.142561919336596407e-10
2.141735274349080908e-10
2.140908936573808272e-10
2.140082995768922251e-10
2.139257442833213057e-10
2.138432129913548721e-10
2.137607096205494828e-10
2.136782527276888840e-10
2.135958179634813143e-10
2.135134196602965466e-10
2.134310443425791658e-10
2.133487158450654788e-10
2.132664111948819235e-10
2.131841385986967370e-10
2.131019076646754383e-10
2.130197086285325076e-10
2.129375474286363365e-10
2.128554084403930141e-10
2.127733179339782902e-10
2.126912593593149805e-10
2.126092267690235944e-10
2.125272310742419669e-10
2.124452811551365448e-10
2.123633547064693328e-10
2.122814604816542738e-10
2.121996071787901916e-10
2.121177881148445182e-10
2.120359996056349383e-10
2.119542365529965977e-10
2.118725292185877440e-10
2.117908425147638860e-10
2.117091886997135614e-10
2.116275701312504829e-10
2.115459919520521613e-10
2.114644321328047894e-10
2.113829080762743466e-10
2.113014196136384395e-10
2.112199526060487845e-10
2.111385254220874437e-10
2.110571165880888469e-10
2.109757505042628921e-10
2.108944127510601396e-10
2.108131054768676805e-10
2.107318441035839866e-10
2.106506175773593028e-10
2.105694317131208240e-10
2.104882642874361327e-10
2.104071588078987234e-10
2.103260789676515809e-10
2.102450335239085086e-10
2.101640213056066489e-10
2.100830562244169111e-10
2.100021247589140785e-10
2.099212210381501751e-10
2.098403572178260608e-10
2.097595423213086560e-10
2.096787511475945115e-10
2.095979951390963052e-10
2.095172809913318627e-10
2.094366046997905915e-10
2.093559561520654262e-10
2.092753471176285041e-10
2.091947806451082563e-10
2.091142370653930724e-10
2.090337240266801988e-10
2.089532343348557713e-10
2.088727884770871768e-10
2.087923558042932030e-10
2.087119629782524117e-10
2.086315898126921182e-10
2.085512531384992307e-10
2.084709470969395859e-10
2.083906710236889244e-10
2.083104461473760698e-10
2.082302499375941245e-10
2.081500978347523113e-10
2.080699690432973863e-10
2.079898922956607039e-10
2.079098511539695450e-10
2.078298394799285487e-10
2.077498628789297209e-10
2.076699374475639851e-10
2.075900433066959880e-10
2.075101813066803241e-10
2.074303506429235815e-10
2.073505808526676616e-10
2.072708322228059197e-10
2.071911135519706436e-10
2.071114445519404539e-10
2.070318139012468180e-10
2.069522132843283409e-10
2.068726420001649632e-10
2.067931273672597841e-10
2.067136373562049635e-10
2.066341809185500499e-10
2.065547523281760273e-10
2.064753787160899993e-10
2.063960223772489763e-10
2.063167093027017804e-10
2.062374201219515870e-10
2.061581795741016064e-10
2.060789654522759581e-10
2.059997873285414820e-10
2.059206483976584045e-10
2.058415481091897266e-10
2.057624867818894974e-10
2.056834465919128620e-10
