2.530563333468388722e-13
3.272129673978659264e-13
4.135600480097066477e-13
5.127230573978381137e-13
6.252541392828839603e-13
7.516538431528126861e-13
8.923764089544351308e-13
1.047825909123027528e-12
1.218358538218267052e-12
1.404277366613914763e-12
1.605867678315328357e-12
1.823357564736824638e-12
2.056935923490064175e-12
2.306758692017147504e-12
2.572954981962037824e-12
2.855617291969553262e-12
3.154774254400288976e-12
3.470500457122695605e-12
3.802750885629582506e-12
4.151526753560344415e-12
4.516775660015792833e-12
4.898422876837645230e-12
5.296354881758634828e-12
5.710444153968552493e-12
6.140558589414851055e-12
6.586527176115946811e-12
7.048163819609839012e-12
7.525287479838941852e-12
8.017670400231650490e-12
8.525039604568377527e-12
9.047191656711016161e-12
9.583855656994188745e-12
1.013470955555041531e-11
1.069951807971417313e-11
1.127791318969941325e-11
1.186964020255123101e-11
1.247430307478024787e-11
1.309161824357852472e-11
1.372122461747715807e-11
1.436272648121203645e-11
1.501585081885890304e-11
1.568014279622439495e-11
1.635523990967686694e-11
1.704079495114681661e-11
1.773641897369277663e-11
1.844172342741997369e-11
1.915625911355112209e-11
1.987969737139128634e-11
2.061160383847464750e-11
2.135161009649730833e-11
2.209931717705924430e-11
2.285425957599893505e-11
2.361611507139533322e-11
2.438445510428179753e-11
2.515882636512427014e-11
2.593890487573182710e-11
2.672426355547501790e-11
2.751446918273552441e-11
2.830919427340011446e-11
2.910801098848015192e-11
2.991052439621700153e-11
3.071640385994668052e-11
3.152521650348149459e-11
3.233661199928841528e-11
3.315024166360772739e-11
3.396572329135082814e-11
3.478270250643189900e-11
3.560083008378423191e-11
3.641979947291979270e-11
3.723920996108008106e-11
3.805881141281832790e-11
3.887826205034031611e-11
3.969723107816338533e-11
4.051540086952022703e-11
4.133257916910763817e-11
4.214843935837417953e-11
4.296263735533131968e-11
4.377493436021540394e-11
4.458520730178617422e-11
4.539314562070747566e-11
4.619845062272185984e-11
4.700090463094979426e-11
4.780042372824900765e-11
4.859673166938213181e-11
4.938963769061804424e-11
5.017893839287632958e-11
5.096449002275443797e-11
5.174610163652674561e-11
5.252375477152198033e-11
5.329718810087055744e-11
5.406620700948842239e-11
5.483088835370413769e-11
5.559098080957783014e-11
5.634642244311918768e-11
5.709719447004911596e-11
5.784307299441336506e-11
5.858409887231675020e-11
5.932023952210755964e-11
6.005136403881426217e-11
6.077756044768892324e-11
6.149863907820231790e-11
6.221465381620827032e-11
6.292564360272304152e-11
6.363151674378311328e-11
6.433248571892679330e-11
6.502831598340749790e-11
6.571920855005501135e-11
6.640505552540069915e-11
6.708598264486813632e-11
6.776215148263898958e-11
6.843344543668713548e-11
6.910012054919066125e-11
6.976194626439876915e-11
7.041926831601423779e-11
7.107202838317167073e-11
7.172056950495028310e-11
7.236470560144645295e-11
7.300475485264588246e-11
7.364057785280732135e-11
7.427247061082907742e-11
7.490047680449447143e-11
7.552489413544421674e-11
7.614570037171042587e-11
7.676318569222244937e-11
7.737728792079149183e-11
7.798826413853448983e-11
7.859614336559430969e-11
7.920130276324305110e-11
7.980371513907612922e-11
8.040374657676288043e-11
8.100134800000843421e-11
8.159678398352433236e-11
8.219006204208100381e-11
8.278150006714355311e-11
8.337125135976403246e-11
8.395952896593403305e-11
8.454651982185454697e-11
8.513229511138036809e-11
8.571705896812829571e-11
8.630086216179735037e-11
8.688402480334365622e-11
8.746673699409210122e-11
8.804920331235178197e-11
8.863160694951162141e-11
8.921402794952339059e-11
8.979668215027868419e-11
9.037961954922070287e-11
9.096306073358124635e-11
9.154728089907092165e-11
9.213236850372269068e-11
9.271861834941291143e-11
9.330606661966855493e-11
9.389491382174661505e-11
9.448531766524093666e-11
9.507724239080276685e-11
9.567107864142470092e-11
9.626683447583113863e-11
9.686473171937782056e-11
9.746500685506094173e-11
9.806760139591723873e-11
9.867287088865853298e-11
9.928079663503251385e-11
9.989137216648679117e-11
1.005049698267935771e-10
1.011214496847864963e-10
1.017411461742194153e-10
1.023642355666191247e-10
1.029905568972706331e-10
1.036205262029495968e-10
1.042540912184144476e-10
1.048911194776384024e-10
1.055320175789354559e-10
1.061765697366918280e-10
1.068249608443032703e-10
1.074774942262534277e-10
1.081338885762830724e-10
1.087944643626903531e-10
1.094593827632719869e-10
1.101282605399562222e-10
1.108014621246981481e-10
1.114790112833893800e-10
1.121605418675096215e-10
1.128465404432240222e-10
1.135369470207475815e-10
1.142314374220425396e-10
1.149304817490711337e-10
1.156339931888972041e-10
1.163416211492899263e-10
1.170537549444589596e-10
1.177703026097872893e-10
1.184908297914117748e-10
1.192157463103420775e-10
1.199449710955989777e-10
1.206780820819145149e-10
1.214154626105925813e-10
1.221570694233958628e-10
1.229024901072615308e-10
1.236519041835435663e-10
1.244053841344394527e-10
1.251624369278786283e-10
1.259231574249337408e-10
1.266876219723900954e-10
1.274554956693022154e-10
1.282266503840697274e-10
1.290012551328528331e-10
1.297791033018163845e-10
1.305598570756921710e-10
1.313436461623559412e-10
1.321303896853813556e-10
1.329196349592594105e-10
1.337113862992259254e-10
1.345056561910759386e-10
1.353020736767301999e-10
1.361004373158719845e-10
1.369007691790035243e-10
1.377029349088322836e-10
1.385065723345840956e-10
1.393116046409585561e-10
1.401179996360714582e-10
1.409254573365870867e-10
1.417336796769052588e-10
1.425426159673980373e-10
1.433521520386120442e-10
1.441619086977195952e-10
1.449715952119112017e-10
1.457812049769768531e-10
1.465905656349466730e-10
1.473992826656670988e-10
1.482071972981061236e-10
1.490143026918109540e-10
1.498203762253472277e-10
1.506249008572307955e-10
1.514278275078580643e-10
1.522291322293576841e-10
1.530284201898944375e-10
1.538251775210490050e-10
1.546194213897969472e-10
1.554111672558130405e-10
1.561999015557421753e-10
1.569853126257966427e-10
1.577674428143150832e-10
1.585463580687681407e-10
1.593212666085647571e-10
1.600919516806207080e-10
1.608585013194524817e-10
1.616210173979773423e-10
1.623785038133902525e-10
1.631308408978028667e-10
1.638781472404600117e-10
1.646204894803553239e-10
1.653569989593933589e-10
1.660876085687418925e-10
1.668124954117405392e-10
1.675317706488904809e-10
1.682443656978361750e-10
1.689501992831193544e-10
1.696494814569995376e-10
1.703424760662693271e-10
1.710279874531170131e-10
1.717059221606917560e-10
1.723764504604830551e-10
1.730400033460155305e-10
1.736955166156821637e-10
1.743427992020111113e-10
1.749820317155877852e-10
1.756138839159514910e-10
1.762372199200085601e-10
1.768516435320683810e-10
1.774573181494186907e-10
1.780549929905684367e-10
1.786439805393884119e-10
1.792235301526337817e-10
1.797937450452396359e-10
1.803551553261585686e-10
1.809078126677090850e-10
1.814506689963208777e-10
1.819837540507913294e-10
1.825074039304851880e-10
1.830224920527642704e-10
1.835277287001167965e-10
1.840228112700223597e-10
1.845079660400536297e-10
1.849841402709783226e-10
1.854509038924053817e-10
1.859074746197771811e-10
1.863538023544036131e-10
1.867904640018223742e-10
1.872181024474672852e-10
1.876356920522297402e-10
1.880429766475384545e-10
1.884401752463350860e-10
1.888283322799482687e-10
1.892072706384209430e-10
1.895760820006781650e-10
1.899349045396312000e-10
1.902840992633691457e-10
1.906248148120959499e-10
1.909559834710030967e-10
1.912775138955281585e-10
1.915894591496383029e-10
1.918923701356214900e-10
1.921869887583865638e-10
1.924723494572836803e-10
1.927483921637802450e-10
1.930152469424322867e-10
1.932740078590447873e-10
1.935247749392752669e-10
1.937669405494806338e-10
1.940006234512901547e-10
1.942258560642281413e-10
1.944438562241420151e-10
1.946544834519409627e-10
1.948572587789483251e-10
1.950522754221325642e-10
1.952397604759899227e-10
1.954207428145669458e-10
1.955950154220187079e-10
1.957623055527435763e-10
1.959226390114679403e-10
1.960762586071344473e-10
1.962241684172309842e-10
1.963663666239454368e-10
1.965027216698262066e-10
1.966332537016842930e-10
1.967581547428814553e-10
1.968783595951910233e-10
1.969939515037537387e-10
1.971047726620301888e-10
1.972109334552878854e-10
1.973124562690194375e-10
1.974101576059283070e-10
1.975043290422173350e-10
1.975949406789469724e-10
1.976819403984446726e-10
1.977653885571018832e-10
1.978458751749086046e-10
1.979238441070553652e-10
1.979995194629090131e-10
1.980729194526852975e-10
1.981440832751499582e-10
1.982132852386142413e-10
1.982810922493257263e-10
1.983478355345553535e-10
1.984135424928411163e-10
1.984782661580408079e-10
1.985420457107221947e-10
1.986054054550152043e-10
1.986687135200413919e-10
1.987322950767861245e-10
1.987960977796058788e-10
1.988601413994407836e-10
1.989246288671870276e-10
1.989898230687842140e-10
1.990564381191813273e-10
1.991244973369307075e-10
1.991941023593685803e-10
1.992651670630965446e-10
1.993379625628469372e-10
1.994129153618771413e-10
1.994904910712204122e-10
1.995707495519524469e-10
1.996535855102678401e-10
1.997391302544713897e-10
1.998273782242550181e-10
1.999191706149869607e-10
2.000147235557263878e-10
2.001139592001749798e-10
2.002170056868814273e-10
2.003235628760074433e-10
2.004338060037805638e-10
2.005486693574677777e-10
2.006681458554104246e-10
2.007923488752846003e-10
2.009211034723612169e-10
2.010542358996687132e-10
2.011920869824201129e-10
2.013353941951448990e-10
2.014841153642049765e-10
2.016384092017370927e-10
2.017979854676005317e-10
2.019625829090410917e-10
2.021326097985863274e-10
2.023087797353553929e-10
2.024911863508996736e-10
2.026797619884625073e-10
2.028743241048336992e-10
2.030743918781211456e-10
2.032803231139014848e-10
2.034928435728341091e-10
2.037119533942162337e-10
2.039377509337931581e-10
2.041699104753020553e-10
2.044079432105874435e-10
2.046521453060428192e-10
2.049031994209237049e-10
2.051610085398482656e-10
2.054257659689699546e-10
2.056972060390518436e-10
2.059747817477971243e-10
2.062583590304043254e-10
2.065488969687138611e-10
2.068464127455831598e-10
2.071508212024372868e-10
2.074622662382625799e-10
2.077799762080293238e-10
2.081036495865371419e-10
2.084338232050700302e-10
2.087708646835371590e-10
2.091146388758465602e-10
2.094651154112348634e-10
2.098220168232152439e-10
2.101847156029797240e-10
2.105533289444848735e-10
2.109283230784876627e-10
2.113096516517717976e-10
2.116974181380144637e-10
2.120914019857180638e-10
2.124908556492637211e-10
2.128955416967136417e-10
2.133060159037730829e-10
2.137222912227669484e-10
2.141443106602892887e-10
2.145720849706806837e-10
2.150053313868809436e-10
2.154433403596471931e-10
2.158860489901656537e-10
2.163337887760298897e-10
2.167863999267905072e-10
2.172439207117931099e-10
2.177064557826200755e-10
2.181732370279572657e-10
2.186439111066872444e-10
2.191185288063761334e-10
2.195970882139206119e-10
2.200796003963355314e-10
2.205660559945685692e-10
2.210563462032671836e-10
2.215497690002012012e-10
2.220460775391248407e-10
2.225451116322111421e-10
2.230468773026584536e-10
2.235514197883127313e-10
2.240586331157569787e-10
2.245684391571205955e-10
2.250802738986411680e-10
2.255938730015190651e-10
2.261089148212053070e-10
2.266253557589950394e-10
2.271432081792531866e-10
2.276624581244649646e-10
2.281829883464107554e-10
2.287043302165024290e-10
2.292262355246388100e-10
2.297481901605329677e-10
2.302701586824735045e-10
2.307921650184794358e-10
2.313141999100836014e-10
2.318361632135070897e-10
2.323576809544392652e-10
2.328785421637736185e-10
2.333978950582300736e-10
2.339156986907139479e-10
2.344319534562867020e-10
2.349466657576571493e-10
2.354598697676416278e-10
2.359712925043957219e-10
2.364808012259451962e-10
2.369876165719813259e-10
2.374914603507453254e-10
2.379923396792991851e-10
2.384902238626247344e-10
2.389851285847281318e-10
2.394770514457929842e-10
2.399659499042512601e-10
2.404511465011665122e-10
2.409319407482322951e-10
2.414084220841869047e-10
2.418805776705254900e-10
2.423484337341674247e-10
2.428120190494174971e-10
2.432714074338735714e-10
2.437264024106334703e-10
2.441757456166319689e-10
2.446193948319088578e-10
2.450573508654467762e-10
2.454896242694233622e-10
2.459162832931874687e-10
2.463375571412076447e-10
2.467535901227518117e-10
2.471635631870693492e-10
2.475667650445293728e-10
2.479633255902813222e-10
2.483532425704234641e-10
2.487365067532892902e-10
2.491132539923756284e-10
2.494838367281656637e-10
2.498482974148771548e-10
2.502054810138986797e-10
2.505551834591113769e-10
2.508973088319749039e-10
2.512320085932298861e-10
2.515592636730544816e-10
2.518793279381417666e-10
2.521928017138286848e-10
2.524994046884579767e-10
2.527980438823128046e-10
2.530886242779833853e-10
2.533712567219731400e-10
2.536458622706459485e-10
2.539124409559309825e-10
2.541715394338672458e-10
2.544236175129814329e-10
2.546684260423371399e-10
2.549050959500831798e-10
2.551336154914129073e-10
2.553540528246853079e-10
2.555662761767200793e-10
2.557704494116656961e-10
2.559671062676469719e-10
2.561567822931562092e-10
2.563392715136034373e-10
2.565137733607616425e-10
2.566802494026615128e-10
2.568388039801963878e-10
2.569893809858707541e-10
2.571319322190431378e-10
2.572670917662617475e-10
2.573956175631956984e-10
2.575174404539061864e-10
2.576318797283060842e-10
2.577388085698467565e-10
2.578382910064435178e-10
2.579304277987865805e-10
2.580152391661479657e-10
2.580928886236059293e-10
2.581643533187908998e-10
2.582296895247999489e-10
2.582885440285631995e-10
2.583408152220266196e-10
2.583865480884299727e-10
2.584257648005150144e-10
2.584583523657409423e-10
2.584845200621262211e-10
2.585051597675532704e-10
2.585206333742018264e-10
2.585307651812997214e-10
2.585354355163263981e-10
2.585346879017206581e-10
2.585285350752367543e-10
2.585168915279060446e-10
2.584998017362374492e-10
2.584777713118988492e-10
2.584515854201870722e-10
2.584213311202072280e-10
2.583869888529428606e-10
2.583486080267191384e-10
2.583061957400692061e-10
2.582597565767317101e-10
2.582092471072429495e-10
2.581547410130468597e-10
2.580969742127461915e-10
2.580362791561848301e-10
2.579727858189141707e-10
2.579066664695685835e-10
2.578379087985425009e-10
2.577665602640000791e-10
2.576926218483010135e-10
2.576161084340788853e-10
2.575371000581717121e-10
2.574563595799584873e-10
2.573740145301755871e-10
2.572903976506616534e-10
2.572057853089113489e-10
2.571201718815854333e-10
2.570335763726621717e-10
2.569460455024606138e-10
2.568575167755002480e-10
2.567681008427389986e-10
2.566783891168081451e-10
2.565884980333050718e-10
2.564988624207291547e-10
2.564097990543479797e-10
2.563212675040547470e-10
2.562332952236431152e-10
2.561459600726462936e-10
2.560591629458933477e-10
2.559729588775302280e-10
2.558877503691762275e-10
2.558036275552285376e-10
2.557210452887402391e-10
2.556403578498441994e-10
2.555615543707106588e-10
2.554847265669752673e-10
2.554098186476218141e-10
2.553367688050531846e-10
2.552655919884082812e-10
2.551965910872391831e-10
2.551297113463252422e-10
2.550654249620500068e-10
2.550043857275471630e-10
2.549466888972964577e-10
2.548922736432480579e-10
2.548410194848913840e-10
2.547930379266693165e-10
2.547482219317414633e-10
2.547065737918944295e-10
2.546682179260111272e-10
2.546333023549188865e-10
2.546026040983361706e-10
2.545760534535577905e-10
2.545537246100820139e-10
2.545355736030938475e-10
2.545215368136360713e-10
2.545118921829971817e-10
2.545063432329365912e-10
2.545046958231719169e-10
2.545070654810562305e-10
2.545139404330716067e-10
2.545256019796870095e-10
2.545421677036338964e-10
2.545637132386678847e-10
2.545900356724216314e-10
2.546211782952270584e-10
2.546570780118977096e-10
2.546973800312685352e-10
2.547421926192048814e-10
2.547914350121078443e-10
2.548458442255871029e-10
2.549055002337803845e-10
2.549704493784888907e-10
2.550406420957120617e-10
2.551162873941383552e-10
2.551970891566742390e-10
2.552830705918570319e-10
2.553737949474961252e-10
2.554690133477753867e-10
2.555690485033141696e-10
2.556745078905912491e-10
2.557851164224221147e-10
2.559009422215969854e-10
2.560219367632195870e-10
2.561481730403541491e-10
2.562797773419735127e-10
2.564163752846435112e-10
2.565576018353796222e-10
2.567032071057312075e-10
2.568533663195180940e-10
2.570085858942475154e-10
2.571686870783397688e-10
2.573336169960939939e-10
2.575033632730536631e-10
2.576779749249640262e-10
2.578575621423742786e-10
2.580418055799666712e-10
2.582301504804607169e-10
2.584223081543484762e-10
2.586184558282194748e-10
2.588189791551819810e-10
2.590236187833428405e-10
2.592324239459958041e-10
2.594454024517258543e-10
2.596627642249103868e-10
2.598842375767537194e-10
2.601098457205908183e-10
2.603389211155462168e-10
2.605712819114216371e-10
2.608070509102927659e-10
2.610460464912557913e-10
2.612883278746523079e-10
2.615339467687004591e-10
2.617828639273197741e-10
2.620350340195237598e-10
2.622904633199736708e-10
2.625491447253387148e-10
2.628106623222585831e-10
2.630746388202555643e-10
2.633410475053663399e-10
2.636097837825876859e-10
2.638806886598649359e-10
2.641538027348916817e-10
2.644291350639721418e-10
2.647065916822011442e-10
2.649862177582723458e-10
2.652680120831785632e-10
2.655519205002470398e-10
2.658372525365087507e-10
2.661239144217768403e-10
2.664117891521808435e-10
2.667004069003824866e-10
2.669898190577897384e-10
2.672801036808047942e-10
2.675710527154710596e-10
2.678627752248905551e-10
2.681552739602659982e-10
2.684486413500972909e-10
2.687423613521344640e-10
2.690363606386360119e-10
2.693305414160085794e-10
2.696246011457555395e-10
2.699180005411899653e-10
2.702108102728183628e-10
2.705030471663215718e-10
2.707948384776465692e-10
2.710858424371055081e-10
2.713763502544602183e-10
2.716663326299807864e-10
2.719554889711956944e-10
2.722435779908437495e-10
2.725307130187900080e-10
2.728164180623882185e-10
2.731002125515400559e-10
2.733819875948661947e-10
2.736619627345384487e-10
2.739402019551278686e-10
2.742163355507412155e-10
2.744906875710378184e-10
2.747632370521176687e-10
2.750337792373315300e-10
2.753020908501179948e-10
2.755683147971775381e-10
2.758319764368152848e-10
2.760923661019978405e-10
2.763495751774886104e-10
2.766037845250050402e-10
2.768549389697804753e-10
2.771027374395786423e-10
2.773475413719608130e-10
2.775894634716089368e-10
2.778280278006361187e-10
2.780636036720248066e-10
2.782960268095251448e-10
2.785252232995863180e-10
2.787501012158232807e-10
2.789712511001769995e-10
2.791884662486496398e-10
2.794014997292995087e-10
2.796106524082294709e-10
2.798159868030884788e-10
2.800173298766259368e-10
2.802147665845920934e-10
2.804083789659329209e-10
2.805984764272256725e-10
2.807844734858968802e-10
2.809662030728040680e-10
2.811434058803909626e-10
2.813159029221585669e-10
2.814838777147432208e-10
2.816475571317839431e-10
2.818065102915909327e-10
2.819610068856495644e-10
2.821110408080434287e-10
2.822569393230211508e-10
2.823987126078821155e-10
2.825364008675745597e-10
2.826699679203913097e-10
2.827985563635180801e-10
2.829227513228480588e-10
2.830422186951687519e-10
2.831568911620403681e-10
2.832669398649809749e-10
2.833726311998229509e-10
2.834734161679517974e-10
2.835696615318212614e-10
2.836619596273616221e-10
2.837500944691122637e-10
2.838343574403775085e-10
2.839142693901700903e-10
2.839898399177555815e-10
2.840609267437672841e-10
2.841278809248152182e-10
2.841903004150566084e-10
2.842484249244846554e-10
2.843022181077758604e-10
2.843517618316571923e-10
2.843970542843549553e-10
2.844386477414423628e-10
2.844767579360072258e-10
2.845112975478035150e-10
2.845420710079252114e-10
2.845691862520271609e-10
2.845923647734429185e-10
2.846120894424119387e-10
2.846278709365205530e-10
2.846400242583882947e-10
2.846484387780676268e-10
2.846532267724226859e-10
2.846543727041891541e-10
2.846525628300310379e-10
2.846479165714195785e-10
2.846404790484102129e-10
2.846301370842490161e-10
2.846169985602450675e-10
2.846011445677262299e-10
2.845825288354498078e-10
2.845611007245767538e-10
2.845368809289326062e-10
2.845100183004130564e-10
2.844803392471429083e-10
2.844478681886518974e-10
2.844133496660734794e-10
2.843768099036800504e-10
2.843382436064403551e-10
2.842978054003843510e-10
2.842556714208848999e-10
2.842118331195266792e-10
2.841662439694681845e-10
2.841189140120203077e-10
2.840699392218062370e-10
2.840192056360850293e-10
2.839667710119157757e-10
2.839126040422493702e-10
2.838571508709196603e-10
2.838005836926110695e-10
2.837430069102554835e-10
2.836845778057116522e-10
2.836255158126252933e-10
2.835658247796196428e-10
2.835056620693689965e-10
2.834449728987767199e-10
2.833836200404817059e-10
2.833218131946126860e-10
2.832593420394974163e-10
2.831964701559899328e-10
2.831329431148316246e-10
2.830692808556166353e-10
2.830057632822021822e-10
2.829421554040740498e-10
2.828786903212251636e-10
2.828159755946721577e-10
2.827536430006640149e-10
2.826919447756862601e-10
2.826307612123940323e-10
2.825700161924693116e-10
2.825100146796195630e-10
2.824504513642103893e-10
2.823913969003701200e-10
2.823329663200533580e-10
2.822753176941664395e-10
2.822187015033386034e-10
2.821629036135048807e-10
2.821081462301932216e-10
2.820550582592369403e-10
2.820032709994363701e-10
2.819529150330798854e-10
2.819040485191536366e-10
2.818564340051230328e-10
2.818104837021361151e-10
2.817658419621514371e-10
2.817225230216090853e-10
2.816807343292176000e-10
2.816404192028390963e-10
2.816018490515167729e-10
2.815647854393637268e-10
2.815294496543164546e-10
2.814965773089208801e-10
2.814656989522886265e-10
2.814370590851121301e-10
2.814106018345670174e-10
2.813861391757171740e-10
2.813640943685275191e-10
2.813440483693381519e-10
2.813262035420956691e-10
2.813105216908253874e-10
2.812967887955305443e-10
2.812853686212932193e-10
2.812760269329805320e-10
2.812688981083163791e-10
2.812643161670507307e-10
2.812622567384575077e-10
2.812629678926789255e-10
2.812660093035251031e-10
2.812717517978844452e-10
2.812800641067432330e-10
2.812906813976404458e-10
2.813041308762901640e-10
2.813199477274895993e-10
2.813382771363255059e-10
2.813589841314064612e-10
2.813818890723471940e-10
2.814072542673843676e-10
2.814351445516788565e-10
2.814658060753212385e-10
2.814989462728006597e-10
2.815347265973649814e-10
2.815733377595576125e-10
2.816142619198305489e-10
2.816581242805640662e-10
2.817044361227727530e-10
2.817533239020236254e-10
2.818049094222335251e-10
2.818586361241090005e-10
2.819147143380076919e-10
2.819731218609130333e-10
2.820337967216943030e-10
2.820968465477161325e-10
2.821622774298402442e-10
2.822302997609591327e-10
2.823006118109797835e-10
2.823734568399891501e-10
2.824486283543414277e-10
2.825262765970019437e-10
2.826063304735341287e-10
2.826886832229623246e-10
2.827734970142110588e-10
2.828602064199489686e-10
2.829489765657749626e-10
2.830397368367690724e-10
2.831323984367469015e-10
2.832269171906241450e-10
2.833233843843161249e-10
2.834218375144990347e-10
2.835220646095234628e-10
2.836242533118372082e-10
2.837283457835656341e-10
2.838343227002807064e-10
2.839421811114291799e-10
2.840518830426380575e-10
2.841634639193232788e-10
2.842764617609472967e-10
2.843908978421818760e-10
2.845068416245263389e-10
2.846241021973422862e-10
2.847425544150686377e-10
2.848622705410308867e-10
2.849831687316631213e-10
2.851053350649515272e-10
2.852286530100902315e-10
2.853531344518448393e-10
2.854789207382593973e-10
2.856058596253359580e-10
2.857339436764726604e-10
2.858633140405284596e-10
2.859934268236685713e-10
2.861242156009737017e-10
2.862558370394592517e-10
2.863879860646582720e-10
2.865206465190037036e-10
2.866536439467129185e-10
2.867869425000115563e-10
2.869206343029143357e-10
2.870546742864855817e-10
2.871891208429763776e-10
2.873238014961300194e-10
2.874589601834116644e-10
2.875943764987420669e-10
2.877302281123277154e-10
2.878661181181780066e-10
2.880021488602895633e-10
2.881380503154775851e-10
2.882739659085057644e-10
2.884097587001200014e-10
2.885448913426274434e-10
2.886797377396147836e-10
2.888139407882780324e-10
2.889478669729728148e-10
2.890811425872295775e-10
2.892140999078460218e-10
2.893465050685291025e-10
2.894785213079133149e-10
2.896100125559459468e-10
2.897411142295378986e-10
2.898715561558673971e-10
2.900012412311269997e-10
2.901302878364428915e-10
2.902584966000289053e-10
2.903858353668930895e-10
2.905117846338617916e-10
2.906367671382872200e-10
2.907604087797964136e-10
2.908830490917117154e-10
2.910043702063908225e-10
2.911246786337899191e-10
2.912437753571487571e-10
2.913616827803233553e-10
2.914785276833009661e-10
2.915941523575630795e-10
2.917085945313137425e-10
2.918216219877407692e-10
2.919334815398372803e-10
2.920438930201235971e-10
2.921528345932649358e-10
2.922598576965031838e-10
2.923653719513320385e-10
2.924689573260243573e-10
2.925710501566989007e-10
2.926712342329548020e-10
2.927698810224145686e-10
2.928666976944559601e-10
2.929618831133898378e-10
2.930553778949274099e-10
2.931471409444049724e-10
2.932373199353167161e-10
2.933257253674499043e-10
2.934125647706594953e-10
2.934976979829130046e-10
2.935811103597221497e-10
2.936624096732989996e-10
2.937418661097829355e-10
2.938191637114089710e-10
2.938947372227176498e-10
2.939681265838020893e-10
2.940398683689412695e-10
2.941093714503021957e-10
2.941772138834517702e-10
2.942428196836697542e-10
2.943067301799520069e-10
2.943686710629119475e-10
2.944288459046761755e-10
2.944872280062533416e-10
2.945438583440203219e-10
2.945986573739733077e-10
2.946515674081227893e-10
2.947024326976238457e-10
2.947514542720153096e-10
2.947984557998825141e-10
2.948435991857003444e-10
2.948866838284095253e-10
2.949278502870892352e-10
2.949671294011833795e-10
2.950044216835290171e-10
2.950398970577034814e-10
2.950732980036878031e-10
2.951051555574558887e-10
2.951352011222959040e-10
2.951637008510145635e-10
2.951905558824592134e-10
2.952157303080577182e-10
2.952392961714364006e-10
2.952611977537919171e-10
2.952814647218742187e-10
2.953000785145775404e-10
2.953169627437575464e-10
2.953323164060739959e-10
2.953459682523099056e-10
2.953581108262063581e-10
2.953685011143416583e-10
2.953773712460122833e-10
2.953845394437291312e-10
2.953904899804645391e-10
2.953950781434518828e-10
2.953984275329134221e-10
2.954005240694079507e-10
2.954013369693262545e-10
2.954010883281812619e-10
2.953995947330650822e-10
2.953969886303175999e-10
2.953931855600833438e-10
2.953881912957521174e-10
2.953820903859358715e-10
2.953748187398535649e-10
2.953664512839386730e-10
2.953568870722952442e-10
2.953462003018661715e-10
2.953343258793275115e-10
2.953216926391797674e-10
2.953081858695045154e-10
2.952939307415054348e-10
2.952789173487847915e-10
2.952631235555758033e-10
2.952468794249754163e-10
2.952299478395399055e-10
2.952125587252874683e-10
2.951945120123742189e-10
2.951759324503071600e-10
2.951567185856323163e-10
2.951369459619426182e-10
2.951166123629730503e-10
2.950957116372295514e-10
2.950742783037035458e-10
2.950521737543867660e-10
2.950298154550920945e-10
2.950070852532433495e-10
2.949842532238895560e-10
2.949610708120779415e-10
2.949378294251010659e-10
2.949145231177637129e-10
2.948913625045600629e-10
2.948681782047914182e-10
2.948451382700426683e-10
2.948220640570947704e-10
2.947991777775140930e-10
2.947762167080674593e-10
2.947534931433505134e-10
2.947306632568908148e-10
2.947080070484985323e-10
2.946853004508275929e-10
2.946627832853751440e-10
2.946404819478881224e-10
2.946185477415292469e-10
2.945968748553397931e-10
2.945755613185768728e-10
2.945545926775000525e-10
2.945342730580482729e-10
2.945144392261365321e-10
2.944951845343081946e-10
2.944764977549099340e-10
2.944583048802577812e-10
2.944407584079632595e-10
2.944236155944309898e-10
2.944071706754149186e-10
2.943910903786881957e-10
2.943757565351229145e-10
2.943607797563113150e-10
2.943465777929472824e-10
2.943329140633519747e-10
2.943200815285940147e-10
2.943078424011306633e-10
2.942963838223037046e-10
2.942856318829463803e-10
2.942759092327148327e-10
2.942670118280722313e-10
2.942590397576245406e-10
2.942519764954611748e-10
2.942457486960562452e-10
2.942405094209102987e-10
2.942360222953050823e-10
2.942325902382403050e-10
2.942298540924434898e-10
2.942282302272996170e-10
2.942272982879020789e-10
2.942274136513906711e-10
2.942283032363284325e-10
2.942301967141273678e-10
2.942329237476198371e-10
2.942365817785992811e-10
2.942411712210695963e-10
2.942467967537446846e-10
2.942534711335693889e-10
2.942610974598091072e-10
2.942698450986868765e-10
2.942794771652794420e-10
2.942902974892296492e-10
2.943019552461170756e-10
2.943148182437863263e-10
2.943285240264995136e-10
2.943433848232568588e-10
2.943591222823228458e-10
2.943759743820707810e-10
2.943936856222913144e-10
2.944124102662957050e-10
2.944320198816379904e-10
2.944525885004039677e-10
2.944740858827729575e-10
2.944965327100800708e-10
2.945199416221413759e-10
2.945442856838468174e-10
2.945696072243444454e-10
2.945958578358254015e-10
2.946230704797000165e-10
2.946512310357884391e-10
2.946803051983877658e-10
2.947103641159081012e-10
2.947412875769207190e-10
2.947732306720002086e-10
2.948060349328213082e-10
2.948398136353996164e-10
2.948743180140580994e-10
2.949096640504787801e-10
2.949457502396743310e-10
2.949826326172169113e-10
2.950202638069573223e-10
2.950585795349353762e-10
2.950976413018228212e-10
2.951373721762244541e-10
2.951778581376506085e-10
2.952190085768197034e-10
2.952608798685720262e-10
2.953034268426836357e-10
2.953466976587678478e-10
2.953906531812141623e-10
2.954353169104719361e-10
2.954806640557727747e-10
2.955267369431628009e-10
2.955733915951148780e-10
2.956205545955032519e-10
2.956681855346524840e-10
2.957163004927055283e-10
2.957648815604163012e-10
2.958138868180911561e-10
2.958631885105382571e-10
2.959128283037135983e-10
2.959627961304155345e-10
2.960130613860780952e-10
2.960636771416167649e-10
2.961145530318509614e-10
2.961657814359806225e-10
2.962173205176091890e-10
2.962691768299923458e-10
2.963213702631428709e-10
2.963738436200029483e-10
2.964266748307470117e-10
2.964797135057919698e-10
2.965329242576481142e-10
2.965862751478380184e-10
2.966397259686423903e-10
2.966933611314852763e-10
2.967470049610303122e-10
2.968007031723239495e-10
2.968542273426660360e-10
2.969078425141251597e-10
2.969612335392838211e-10
2.970146772785536099e-10
2.970680336594857022e-10
2.971213394709792002e-10
2.971746630667731500e-10
2.972278185761579066e-10
2.972810181042484735e-10
2.973340732787342380e-10
2.973871388824786017e-10
2.974401675038049587e-10
2.974929809031997642e-10
2.975456843981257890e-10
2.975980344775294816e-10
2.976502890952033248e-10
2.977022047590362032e-10
2.977539293023336018e-10
2.978051316836920642e-10
2.978560017752660897e-10
2.979065146742456699e-10
2.979565346618816990e-10
2.980062925517985305e-10
2.980554860372755449e-10
2.981044055269915079e-10
2.981528817859969457e-10
2.982009724610464146e-10
2.982487621062112575e-10
2.982960149984674672e-10
2.983429985769289695e-10
2.983894703533923996e-10
2.984355466595612565e-10
2.984811274657661943e-10
2.985262031563221053e-10
2.985708606008270209e-10
2.986149017381624549e-10
2.986584610466374667e-10
2.987012674594961947e-10
2.987435157922899151e-10
2.987851641113042695e-10
2.988261324681268478e-10
2.988665831225066082e-10
2.989062604026769420e-10
2.989454386472652643e-10
2.989839294391691325e-10
2.990218219305501195e-10
2.990591728416377775e-10
2.990957756288659513e-10
2.991318845266094997e-10
2.991672453183606652e-10
2.992020817909272160e-10
2.992362449621738732e-10
2.992697906489662420e-10
2.993027265678654615e-10
2.993349458853107754e-10
2.993665440142283768e-10
2.993973822018120320e-10
2.994275368836035258e-10
2.994570605556691763e-10
2.994857741818791495e-10
2.995139014419626834e-10
2.995412264160132254e-10
2.995679047434810605e-10
2.995939072908168603e-10
2.996191493247406022e-10
2.996438059083922790e-10
2.996676029283030380e-10
2.996908585391468548e-10
2.997133407874858504e-10
2.997352481944750092e-10
2.997564716922560219e-10
2.997770162097913635e-10
2.997969377615600876e-10
2.998162269237416294e-10
2.998348918871611326e-10
2.998529525302508468e-10
2.998703444378922125e-10
2.998871356266240992e-10
2.999032735252308301e-10
2.999187398543857160e-10
2.999336448322657847e-10
2.999478477867576272e-10
2.999615026826430193e-10
2.999744631628857149e-10
2.999868671435573992e-10
2.999986107355707832e-10
3.000097330512098736e-10
3.000202626043830019e-10
3.000301361443937571e-10
3.000395678610590813e-10
3.000484056244078745e-10
3.000568225460129103e-10
3.000646691212916349e-10
3.000720512177405674e-10
3.000789033806405546e-10
3.000853711025827433e-10
3.000913413030970319e-10
3.000968943300413485e-10
3.001019750860731437e-10
3.001066130924412990e-10
3.001108106774524435e-10
3.001145026582816914e-10
3.001177780818732417e-10
3.001205800735629219e-10
3.001229666815773985e-10
3.001248832834585119e-10
3.001263707258812184e-10
3.001273731611260759e-10
3.001280027307718319e-10
3.001283308548747040e-10
3.001282818306508531e-10
3.001279929672281897e-10
3.001273146609279227e-10
3.001264163446852055e-10
3.001251643003699617e-10
3.001237769711618432e-10
3.001221018790948663e-10
3.001202064982842137e-10
3.001180982953584027e-10
3.001157374955444739e-10
3.001131628701625855e-10
3.001103216134499984e-10
3.001072383856873651e-10
3.001039807031347206e-10
3.001004621616072050e-10
3.000967101528185715e-10
3.000927371410571624e-10
3.000885168218554215e-10
3.000841140610626239e-10
3.000796122382777198e-10
3.000749580398490738e-10
3.000703017724349206e-10
3.000654842332976917e-10
3.000606410970150484e-10
3.000557192917202481e-10
3.000508321697776600e-10
3.000460221463621177e-10
3.000411559451407100e-10
3.000364256298416101e-10
3.000316682923303364e-10
3.000269103752963255e-10
3.000222597284089985e-10
3.000175924027894674e-10
3.000129753025841138e-10
3.000083904991494689e-10
3.000037773730920093e-10
2.999993032283494277e-10
2.999947876239910559e-10
2.999902592580556297e-10
2.999858818398020541e-10
2.999816111768165900e-10
2.999775267750527382e-10
2.999735559539964634e-10
2.999696678977371486e-10
2.999660286334592109e-10
2.999624954445482804e-10
2.999592504990054261e-10
2.999561687585135342e-10
2.999532626624214515e-10
2.999506229822622360e-10
2.999481599661683708e-10
2.999458844060344356e-10
2.999438606632536090e-10
2.999419784720446187e-10
2.999403743772204895e-10
2.999389301087867517e-10
2.999376447237161480e-10
2.999366749386549159e-10
2.999358267199028945e-10
2.999352027534958899e-10
2.999348107330407796e-10
2.999346563658769949e-10
2.999348525552098322e-10
2.999352492870375575e-10
2.999358943593714817e-10
2.999368353319535402e-10
2.999380308593602265e-10
2.999395689981110332e-10
2.999413632135333586e-10
2.999434077178858158e-10
2.999457833364749824e-10
2.999484242132336720e-10
2.999513474698906657e-10
2.999545890345395613e-10
2.999580542012454353e-10
2.999618487133449968e-10
2.999659010534642290e-10
2.999701970986935844e-10
2.999748679194820758e-10
2.999797314577609375e-10
2.999849052385244204e-10
2.999903475534648832e-10
2.999960820611472569e-10
3.000021180570550341e-10
3.000083934963143414e-10
3.000149634760609332e-10
3.000218234186772996e-10
3.000289778279137216e-10
3.000363932171828975e-10
3.000440942655838389e-10
3.000520623803297633e-10
3.000603343690554138e-10
3.000689170190672296e-10
3.000777296745479407e-10
3.000868572873186875e-10
3.000962366404320278e-10
3.001058852072925803e-10
3.001158680294427823e-10
3.001260856294804236e-10
3.001366148727503355e-10
3.001473953599717553e-10
3.001584475826832027e-10
3.001698069643981020e-10
3.001813688376108485e-10
3.001932175191573855e-10
3.002052861802888443e-10
3.002176258465925678e-10
3.002302007916829506e-10
3.002429709525973078e-10
3.002559951687605619e-10
3.002691683204474673e-10
3.002825631525267110e-10
3.002961201515866074e-10
3.003098656510046752e-10
3.003238164214956026e-10
3.003379481357189335e-10
3.003523007207729371e-10
3.003668157835379905e-10
3.003815092808244183e-10
3.003964043906465744e-10
3.004114797248435143e-10
3.004267538871621636e-10
3.004422014159492922e-10
3.004578900970430966e-10
3.004736909345221812e-10
3.004896238355219631e-10
3.005057383899751139e-10
3.005219171892303361e-10
3.005382909508613930e-10
3.005547651174122808e-10
3.005713435606259338e-10
3.005880278545443395e-10
3.006047183283291016e-10
3.006215171774979231e-10
3.006383695016185994e-10
3.006552590421666776e-10
3.006722304185465288e-10
3.006892846829318922e-10
3.007063862517085360e-10
3.007235581298446300e-10
3.007407752226656229e-10
3.007580565699253412e-10
3.007754254985720083e-10
3.007928177141727161e-10
3.008103047466332677e-10
3.008279121687799676e-10
3.008454488184287923e-10
3.008630077447546166e-10
3.008805960697825145e-10
3.008980804193654674e-10
3.009155935400272042e-10
3.009330804665672784e-10
3.009505034871184602e-10
3.009679226202516352e-10
3.009851746236927135e-10
3.010023979776505580e-10
3.010195762164333313e-10
3.010366077539900058e-10
3.010536099741151017e-10
3.010705626534420542e-10
3.010873708334563394e-10
3.011041402048859797e-10
3.011208574212958685e-10
3.011374492806759536e-10
3.011540187352074032e-10
3.011705008448014821e-10
3.011868914740514360e-10
3.012032238824007704e-10
3.012194821029061985e-10
3.012356369435367226e-10
3.012516725762740394e-10
3.012675557899819913e-10
3.012833390955334290e-10
3.012990303285207822e-10
3.013145227790467957e-10
3.013299160520235712e-10
3.013451628576182070e-10
3.013601946186288146e-10
3.013750629546824939e-10
3.013897885484792041e-10
3.014043059306173361e-10
3.014186846912641565e-10
3.014328942443825405e-10
3.014469049317011382e-10
3.014607910427657123e-10
3.014744848943911803e-10
3.014879986687145774e-10
3.015013810445291309e-10
3.015145660158825271e-10
3.015276033540254284e-10
3.015404965189302599e-10
3.015531636014356874e-10
3.015656993697219755e-10
3.015780431110482688e-10
3.015901487203110978e-10
3.016021154502504183e-10
3.016139019053569377e-10
3.016254474869993658e-10
3.016368279142569999e-10
3.016480188118129084e-10
3.016589726779932347e-10
3.016696955023714354e-10
3.016802500261420233e-10
3.016905626366411308e-10
3.017006834883935570e-10
3.017106038972022820e-10
3.017202698166577246e-10
3.017297768750839097e-10
3.017390708317251713e-10
3.017481149005361802e-10
3.017569956036577517e-10
3.017656458698116614e-10
3.017740935851175149e-10
3.017823559470738375e-10
3.017903730221025514e-10
3.017982151904111265e-10
3.018058329693108572e-10
3.018132232053410944e-10
3.018204416586228530e-10
3.018274262860193394e-10
3.018341911161001519e-10
3.018407798182940872e-10
3.018471677295907967e-10
3.018533471780141759e-10
3.018593342833704890e-10
3.018651558230678076e-10
3.018707767112891925e-10
3.018761674069747867e-10
3.018814052108972958e-10
3.018864445061138890e-10
3.018912978342956548e-10
3.018959520127892480e-10
3.019003955517664472e-10
3.019046792070296384e-10
3.019087806360582455e-10
3.019126559606430851e-10
3.019163794101525305e-10
3.019198779412711299e-10
3.019232105275511419e-10
3.019264164067598724e-10
3.019294355542466582e-10
3.019323199373853288e-10
3.019350604726987827e-10
3.019376303393933251e-10
3.019400875977311004e-10
3.019423694576312218e-10
3.019445384965891588e-10
3.019465979107894392e-10
3.019484798393685850e-10
3.019502623254111835e-10
3.019519228734096040e-10
3.019534380473932186e-10
3.019548129952378513e-10
3.019560710242461860e-10
3.019572143393508635e-10
3.019582196075652419e-10
3.019590759558069645e-10
3.019598216694689387e-10
3.019604279226716651e-10
3.019609180364076666e-10
3.019612909049846184e-10
3.019614849671811515e-10
3.019616127048367582e-10
3.019616636887755574e-10
3.019615961295434897e-10
3.019614862381855217e-10
3.019612849985014545e-10
3.019609807841782653e-10
3.019606462696915709e-10
3.019602075653133576e-10
3.019597228466147473e-10
3.019592058142709437e-10
3.019585940307454370e-10
3.019579474968247294e-10
3.019572571583139133e-10
3.019564841261850289e-10
3.019556530313124582e-10
3.019547884303311232e-10
3.019538638254613585e-10
3.019528627451383443e-10
3.019518179914987847e-10
3.019507085730975568e-10
3.019495457237091236e-10
3.019483435377880194e-10
3.019470589150884273e-10
3.019457033973441521e-10
3.019443352521501589e-10
3.019429423427402691e-10
3.019414985407536787e-10
3.019400782520377447e-10
3.019386328311759775e-10
3.019371492812997975e-10
3.019356877830247725e-10
3.019341988802974126e-10
3.019326975794561596e-10
3.019312512398862450e-10
3.019297894261658934e-10
3.019283189870197044e-10
3.019268891932954286e-10
3.019254517688713610e-10
3.019240197749707328e-10
3.019226101160633375e-10
3.019211980272301747e-10
3.019197844223817442e-10
3.019183939141530955e-10
3.019170218759989855e-10
3.019156286614835267e-10
3.019142523343979406e-10
3.019128955092947074e-10
3.019115425684661945e-10
3.019101764195898917e-10
3.019088627168595568e-10
3.019075824846692200e-10
3.019063352212097625e-10
3.019051637809716415e-10
3.019040145460248332e-10
3.019029003306791560e-10
3.019018680721817754e-10
3.019008584506399102e-10
3.018998926604060874e-10
3.018990022594960108e-10
3.018981572339506671e-10
3.018973527284680147e-10
3.018966061925057935e-10
3.018959200954876453e-10
3.018952682407276475e-10
3.018946807962885616e-10
3.018941470636644990e-10
3.018936470786859395e-10
3.018932114887668096e-10
3.018928321340598796e-10
3.018924851183925877e-10
3.018922005821585037e-10
3.018919682228644574e-10
3.018917754255925170e-10
3.018916375419463119e-10
3.018915671555763466e-10
3.018915555762885418e-10
3.018916133258616481e-10
3.018917564810885380e-10
3.018919567601677599e-10
3.018922235826185393e-10
3.018925726719035498e-10
3.018929830403413404e-10
3.018934478042175715e-10
3.018939895278613008e-10
3.018945924308171102e-10
3.018952481101707472e-10
3.018959769598947782e-10
3.018967739373307528e-10
3.018976170335186768e-10
3.018985311359243581e-10
3.018995220568978070e-10
3.019005536102650744e-10
3.019016536752388078e-10
3.019028308267454682e-10
3.019040507168545819e-10
3.019053418555867313e-10
3.019066997943232233e-10
3.019081030952722764e-10
3.019095861137262718e-10
3.019111247712020406e-10
3.019127000513549677e-10
3.019143527171493312e-10
3.019160500332846207e-10
3.019177869081746527e-10
3.019195963996790176e-10
3.019214512538922519e-10
3.019233395791417926e-10
3.019252963316253768e-10
3.019272604324920098e-10
3.019292568492372236e-10
3.019313124246577173e-10
3.019333871393418651e-10
3.019354841690841930e-10
3.019376379024297427e-10
3.019398242940652879e-10
3.019420208945157990e-10
3.019442711121105122e-10
3.019465610171692713e-10
3.019488667776260118e-10
3.019512150149652598e-10
3.019535977662914894e-10
3.019560180082968530e-10
3.019584647106519594e-10
3.019609394422289173e-10
3.019634760823810629e-10
3.019660125342048625e-10
3.019685724657985037e-10
3.019711805385386533e-10
3.019737806989033331e-10
3.019764057346156249e-10
3.019790693826639613e-10
3.019817384320983001e-10
3.019844184306949326e-10
3.019871304674649349e-10
3.019898076331954440e-10
3.019924907529926819e-10
3.019951980658376034e-10
3.019978962297133984e-10
3.020005744334935378e-10
3.020032762578296589e-10
3.020059871843578430e-10
3.020086645006972622e-10
3.020113651606319146e-10
3.020140772861790761e-10
3.020167683448215634e-10
3.020194645160606217e-10
3.020221721706758929e-10
3.020248834927411664e-10
3.020275755788453721e-10
3.020302765994721305e-10
3.020330140350709954e-10
3.020356952783469751e-10
3.020383794536473541e-10
3.020410716990045072e-10
3.020437208792296603e-10
3.020463612763063126e-10
3.020489936995686551e-10
3.020516090051967604e-10
3.020541957539031425e-10
3.020567672906960211e-10
3.020593112122916244e-10
3.020618028330355342e-10
3.020642734961660082e-10
3.020667255852246611e-10
3.020691226423087126e-10
3.020715011809901981e-10
3.020738538985464388e-10
3.020761656227892802e-10
3.020784461981399488e-10
3.020807018590380420e-10
3.020829337888274646e-10
3.020851088360117809e-10
3.020872753990113493e-10
3.020894166822133452e-10
3.020914998103169395e-10
3.020935770414499469e-10
3.020956191670584371e-10
3.020976304185641540e-10
3.020995941406647845e-10
3.021015147524073148e-10
3.021034039092628844e-10
3.021052101831587435e-10
3.021069912379100486e-10
3.021087328465065720e-10
3.021104012787149626e-10
3.021120385692069722e-10
3.021136211819851573e-10
3.021151306603546256e-10
3.021165939478006361e-10
3.021179930743413689e-10
3.021193465264088593e-10
3.021206324404201057e-10
3.021218565508253841e-10
3.021230441808285697e-10
3.021241591120577080e-10
3.021252105627583020e-10
3.021262246289483936e-10
3.021271798700237874e-10
3.021280529447673945e-10
3.021288965698132431e-10
3.021296905190650723e-10
3.021303919400176584e-10
3.021310663546399384e-10
3.021316850777144762e-10
3.021322365342754854e-10
3.021327304881561217e-10
3.021331696563551839e-10
3.021335513336405174e-10
3.021338481781566800e-10
3.021341061782919566e-10
3.021342980369000174e-10
3.021344180813002985e-10
3.021344933628630904e-10
3.021344918652732708e-10
3.021344357662770383e-10
3.021343186355584263e-10
3.021341208516074837e-10
3.021338823367248320e-10
3.021335720669018915e-10
3.021331880707397879e-10
3.021327619109898338e-10
3.021322642744183924e-10
3.021316900582930214e-10
3.021310722055779242e-10
3.021303951525596829e-10
3.021296325496893977e-10
3.021288246015017154e-10
3.021279597090219325e-10
3.021270180655963972e-10
3.021260194513469432e-10
3.021249695206734428e-10
3.021238475215168425e-10
3.021226588683119187e-10
3.021214335357266058e-10
3.021201306515053869e-10
3.021187708296095124e-10
3.021173710709787145e-10
3.021158932779487257e-10
3.021143674269245594e-10
3.021127884000363683e-10
3.021111508055348040e-10
3.021094711146331346e-10
3.021077459199676216e-10
3.021059739040877037e-10
3.021041479150243683e-10
3.021022854875590357e-10
3.021003780506116347e-10
3.020984118142955324e-10
3.020964041440269185e-10
3.020943673140080304e-10
3.020922584305814090e-10
3.020901181219842903e-10
3.020879373700041229e-10
3.020856921735404845e-10
3.020834138011372232e-10
3.020810900860842223e-10
3.020787147646390112e-10
3.020762950989303803e-10
3.020738393943686675e-10
3.020713192877992081e-10
3.020687738821175088e-10
3.020662027372634839e-10
3.020635785652518287e-10
3.020609357775198085e-10
3.020582698530497469e-10
3.020555544999265532e-10
3.020528099112833413e-10
3.020500524287762156e-10
3.020472495349426798e-10
3.020444210655324640e-10
3.020415779533710449e-10
3.020387034734041038e-10
3.020357972555717144e-10
3.020328682627273654e-10
3.020299262748549137e-10
3.020269401186810380e-10
3.020239326144644774e-10
3.020209149833445110e-10
3.020178493747150407e-10
3.020147708937283526e-10
3.020116647323832363e-10
3.020085297635840687e-10
3.020053715656507852e-10
3.020021904986964654e-10
3.019989758271368499e-10
3.019957409709434016e-10
3.019924873942464841e-10
3.019891820707227680e-10
3.019858825549582097e-10
3.019825680733457008e-10
3.019792296200803991e-10
3.019758871394794900e-10
3.019725431635841876e-10
3.019691806189110200e-10
3.019657981016104105e-10
3.019624272747086416e-10
3.019590338233211051e-10
3.019556226630926681e-10
3.019522122500564784e-10
3.019487877289379538e-10
3.019453467594570256e-10
3.019418989673697256e-10
3.019384411127129920e-10
3.019349676087089675e-10
3.019314860608904738e-10
3.019279890069303328e-10
3.019244849904048604e-10
3.019209717665319896e-10
3.019174360121410687e-10
3.019138973436755679e-10
3.019103499658667566e-10
3.019067747412914574e-10
3.019032027592228003e-10
3.018996198731352315e-10
3.018960117388277100e-10
3.018924012443671058e-10
3.018887736903817025e-10
3.018851445098490222e-10
3.018815162219062614e-10
3.018778849481723615e-10
3.018742600351058204e-10
3.018706325184262627e-10
3.018670075359799477e-10
3.018633817812157743e-10
3.018597613394947139e-10
3.018561372305511257e-10
3.018525142577194294e-10
3.018489083484657172e-10
3.018452903974888787e-10
3.018416835914886645e-10
3.018380824890021713e-10
3.018344760584385576e-10
3.018308814865430005e-10
3.018272870343818372e-10
3.018236944032381128e-10
3.018201068590690400e-10
3.018165257372129612e-10
3.018129396274577886e-10
3.018093614755523401e-10
3.018057921855843456e-10
3.018022139821662245e-10
3.017986428723595233e-10
3.017950856940527759e-10
3.017915190452311183e-10
3.017879574363795739e-10
3.017844017043360890e-10
3.017808527074866647e-10
3.017773130399730996e-10
3.017737863308848951e-10
3.017702723498522506e-10
3.017667689313990405e-10
3.017632744490813854e-10
3.017597960952347115e-10
3.017563291742028354e-10
3.017528616176894537e-10
3.017494158403866512e-10
3.017459553854463029e-10
3.017425023019466630e-10
3.017390574394642589e-10
3.017356192087576594e-10
3.017321700953734079e-10
3.017287339625829575e-10
3.017253008531376459e-10
3.017218729109862234e-10
3.017184367110287073e-10
3.017150170416760270e-10
3.017115973050942425e-10
3.017081732411377629e-10
3.017047623307385504e-10
3.017013507079093559e-10
3.016979412610821602e-10
3.016945380882751542e-10
3.016911358172811314e-10
3.016877358216541787e-10
3.016843424787927385e-10
3.016809505193081548e-10
3.016775631136596383e-10
3.016741787935602428e-10
3.016708100508227453e-10
3.016674346071157850e-10
3.016640678860904227e-10
3.016607084985381785e-10
3.016573586155806857e-10
3.016540006851070905e-10
3.016506526770578537e-10
3.016473046910943392e-10
3.016439376705882361e-10
3.016405732277630373e-10
3.016372078558899335e-10
3.016338381706214871e-10
3.016304561891684784e-10
3.016270743375414668e-10
3.016236853846722941e-10
3.016203045432602851e-10
3.016168980143747388e-10
3.016134981974601574e-10
3.016100949863546890e-10
3.016066883983670879e-10
3.016032668382656430e-10
3.015998471433117228e-10
3.015964266632393242e-10
3.015929987887926348e-10
3.015895596439273813e-10
3.015861179686132365e-10
3.015826889761492312e-10
3.015792317454348336e-10
3.015757720851668998e-10
3.015722987203360134e-10
3.015688278255077951e-10
3.015653204829924771e-10
3.015618110039523550e-10
3.015582930911441434e-10
3.015547686562442765e-10
3.015512111376561046e-10
3.015476589548791920e-10
3.015440957501687713e-10
3.015405203184260877e-10
3.015369286745224244e-10
3.015333330943557392e-10
3.015297308420468356e-10
