1.009743532767895283e-05
1.074228349587929685e-05
1.134275208637413456e-05
1.190104999554722420e-05
1.241926074922382386e-05
1.289935525826525241e-05
1.334316601111368881e-05
1.375243932367919957e-05
1.412882108426109280e-05
1.447386992164281677e-05
1.478902734631198603e-05
1.507568567346456067e-05
1.533515136789025579e-05
1.556866376897749675e-05
1.577740703195859874e-05
1.596249962240474512e-05
1.612506386036772048e-05
1.626611291990619985e-05
1.638668530041047618e-05
1.648773183235164655e-05
1.657019223542111945e-05
1.663497602188220188e-05
1.668294097159503264e-05
1.671492325662586790e-05
1.673174759652473151e-05
1.673418291471761592e-05
1.672299035750120070e-05
1.669890764071169581e-05
1.666262568355434201e-05
1.661487300969414496e-05
1.655630873705253047e-05
1.648755941413519648e-05
1.640931268114393155e-05
1.632213073897839704e-05
1.622667526160475690e-05
1.612346998604633868e-05
1.601315343548657979e-05
1.589621242410848344e-05
1.577324221023395181e-05
1.564471998844146043e-05
1.551116219298202448e-05
1.537305713889717347e-05
1.523087261497162230e-05
1.508504717575633871e-05
1.493600841196740219e-05
1.478420566738312757e-05
1.462999668023660799e-05
1.447378952512675280e-05
1.431593824865338963e-05
1.415678840523647455e-05
1.399669500546323444e-05
1.383594887455559771e-05
1.367487294026759023e-05
1.351374697169307467e-05
1.335282129879947061e-05
1.319238650017676629e-05
1.303266051361215662e-05
1.287385735259715397e-05
1.271621769228442236e-05
1.255991734606892206e-05
1.240513397721216475e-05
1.225206072216239443e-05
1.210084014875385825e-05
1.195160059361239972e-05
1.180449154227095254e-05
1.165963841723044892e-05
1.151712523759979100e-05
1.137705042600193403e-05
1.123951532630477477e-05
1.110457454092388925e-05
1.097229498767566176e-05
1.084274753627509939e-05
1.071597465953779737e-05
1.059199379196226374e-05
1.047083081790924250e-05
1.035252168579103918e-05
1.023708843824639975e-05
1.012450467378610218e-05
1.001477655730579902e-05
9.907905451012134608e-06
9.803885557375523031e-06
9.702666533373909054e-06
9.604229360058016756e-06
9.508558973847232892e-06
9.415616685091259721e-06
9.325327601344395931e-06
9.237677627608881090e-06
9.152631989317727289e-06
9.070100914399932028e-06
8.990027295162947879e-06
8.912390480987524144e-06
8.837092457170210967e-06
8.764081320121168569e-06
8.693296540410155374e-06
8.624641721326570606e-06
8.558074114845176433e-06
8.493522163284958091e-06
8.430881144019794558e-06
8.370106376274281089e-06
8.311101415651090172e-06
8.253800202434667831e-06
8.198139847705766204e-06
8.144000813524064961e-06
8.091343175853578349e-06
8.040064167438744895e-06
7.990104718102183852e-06
7.941382247691292786e-06
7.893806116446080030e-06
7.847320120849736206e-06
7.801822502420673077e-06
7.757270749651889178e-06
7.713568352357812665e-06
7.670659561484710628e-06
7.628452693546184759e-06
7.586895353632458881e-06
7.545914592774525688e-06
7.505445253798515644e-06
7.465426523681796612e-06
7.425788136104674074e-06
7.386476553275890801e-06
7.347428806027238719e-06
7.308601369990555045e-06
7.269928729386680683e-06
7.231371557305839851e-06
7.192866652007912914e-06
7.154380270428913196e-06
7.115862896907478069e-06
7.077284371664241691e-06
7.038596811443083161e-06
6.999770901089725026e-06
6.960767346294614411e-06
6.921562450777759934e-06
6.882126487082067944e-06
6.842444328931155801e-06
6.802482456165634307e-06
6.762231785040318583e-06
6.721666893852247734e-06
6.680778837074395587e-06
6.639557089986035725e-06
6.597993207142231870e-06
6.556088605613900536e-06
6.513827818700698802e-06
6.471219491293752356e-06
6.428253476307892389e-06
6.384944707661601473e-06
6.341291732436724083e-06
6.297308696766484383e-06
6.253007180324717169e-06
6.208389700494612229e-06
6.163475887700119140e-06
6.118275042494901266e-06
6.072810731360956075e-06
6.027096752538072109e-06
5.981157242036746108e-06
5.935011940141248291e-06
5.888682720226013847e-06
5.842191581275572431e-06
5.795557766121908733e-06
5.748813739780721162e-06
5.701979442319567283e-06
5.655086145910764873e-06
5.608165066698239811e-06
5.561231611568404645e-06
5.514323311171737883e-06
5.467459904601454365e-06
5.420669866674362101e-06
5.373991518226054104e-06
5.327435505895854614e-06
5.281050431182552970e-06
5.234855386136084529e-06
5.188865791399903405e-06
5.143127403747565365e-06
5.097651553171372803e-06
5.052463425631210755e-06
5.007605982240651399e-06
4.963084330536961800e-06
4.918934180814718148e-06
4.875181597706037940e-06
4.831831498458488522e-06
4.788921122519291519e-06
4.746473322102096902e-06
4.704479377144506005e-06
4.662994881064194547e-06
4.622024548295139808e-06
4.581564697570361967e-06
4.541670708996455605e-06
4.502329997568483984e-06
4.463544704940686920e-06
4.425363941534257110e-06
4.387770675781040797e-06
4.350764283550168283e-06
4.314394170747311297e-06
4.278646065028436293e-06
4.243511314905511540e-06
4.209027401894710353e-06
4.175187607120630940e-06
4.141973693676901801e-06
4.109420548933848309e-06
4.077514620014828601e-06
4.046240448696436085e-06
4.015623933360772966e-06
3.985668685512867890e-06
3.956338497246913409e-06
3.927650090861461840e-06
3.899615543709447751e-06
3.872206336773279320e-06
3.845408980645171047e-06
3.819253909815461908e-06
3.793700985630007293e-06
3.768739721048532027e-06
3.744389962701055185e-06
3.720625908574191741e-06
3.697424906373506682e-06
3.674792127481693111e-06
3.652726430385545825e-06
3.631192823148204477e-06
3.610177963637302052e-06
3.589694452593296930e-06
3.569708812181321470e-06
3.550200722639101379e-06
3.531170003671904960e-06
3.512612448246209494e-06
3.494491186947510285e-06
3.476794654621303101e-06
3.459525435950615885e-06
3.442651074059673324e-06
3.426150941419236982e-06
3.410019903928514820e-06
3.394249543687383204e-06
3.378803036091794392e-06
3.363674197312029548e-06
3.348857947797743097e-06
3.334329798439773453e-06
3.320063894173622149e-06
3.306056144964204008e-06
3.292296724148072147e-06
3.278755750031607088e-06
3.265418320307955842e-06
3.252277878969846989e-06
3.239321173855228512e-06
3.226520228880969371e-06
3.213866700780162408e-06
3.201353805847240465e-06
3.188967721286379290e-06
3.176683432696954005e-06
3.164495416510136434e-06
3.152394250302812781e-06
3.140366904505058054e-06
3.128392213207753893e-06
3.116465187892371409e-06
3.104577426455125577e-06
3.092717665634325262e-06
3.080870139231206755e-06
3.069031195362300073e-06
3.057193031221589700e-06
3.045346976090454256e-06
3.033479572329608325e-06
3.021588246976588261e-06
3.009667486202703629e-06
2.997709656785452372e-06
2.985704296564585126e-06
2.973650056298292069e-06
2.961542933326155258e-06
2.949378454671484589e-06
2.937151461180392202e-06
2.924858861863359823e-06
2.912498794718522094e-06
2.900071303862128943e-06
2.887572092583500755e-06
2.874997529784296855e-06
2.862350238164416739e-06
2.849630376596981060e-06
2.836835310307529781e-06
2.823966895374033935e-06
2.811022380147347455e-06
2.798008018171579450e-06
2.784927176943970485e-06
2.771776250425459049e-06
2.758560283486161939e-06
2.745280004450810513e-06
2.731941546132022142e-06
2.718550623112093201e-06
2.705103016633834415e-06
2.691602956757221531e-06
2.678060753964832855e-06
2.664480289490275835e-06
2.650861513971869025e-06
2.637207359000584920e-06
2.623525476619807083e-06
2.609822725520177059e-06
2.596109042317736025e-06
2.582380360951396249e-06
2.568639158765269512e-06
2.554904510482627875e-06
2.541175776839892167e-06
2.527455461268973672e-06
2.513747209709310268e-06
2.500057650298111029e-06
2.486397094098955336e-06
2.472772754811790782e-06
2.459182624256071789e-06
2.445631115103141334e-06
2.432127686995492655e-06
2.418679817307410042e-06
2.405295264576256681e-06
2.391972423721703146e-06
2.378711423559450674e-06
2.365530500702331497e-06
2.352428260341424307e-06
2.339410551300713897e-06
2.326480250780307310e-06
2.313630964647684433e-06
2.300889232053153619e-06
2.288246161271389796e-06
2.275706072610669336e-06
2.263273631941934260e-06
2.250942471983164193e-06
2.238737887792670114e-06
2.226648183878996553e-06
2.214678883989759164e-06
2.202832723209305352e-06
2.191103684467040728e-06
2.179514321877123174e-06
2.168052514066358204e-06
2.156721349690063636e-06
2.145525090282107075e-06
2.134454931762901557e-06
2.123529862572274292e-06
2.112743024806244832e-06
2.102092137721823605e-06
2.091580663689383455e-06
2.081202850375894207e-06
2.070967556173096897e-06
2.060878579610164361e-06
2.050926120583140696e-06
2.041109905578618017e-06
2.031432678076374314e-06
2.021896756060896750e-06
2.012499411989755758e-06
2.003241532497187623e-06
1.994112277176335804e-06
1.985118572553269095e-06
1.976258177386548826e-06
1.967533896305739018e-06
1.958935869340469116e-06
1.950466888429991996e-06
1.942124165528706422e-06
1.933902200204499759e-06
1.925803900057936218e-06
1.917833373525849404e-06
1.909976483808577077e-06
1.902228804480612910e-06
1.894596987860601370e-06
1.887078886131333269e-06
1.879669909396211503e-06
1.872361156548629358e-06
1.865155866939504533e-06
1.858048121072298290e-06
1.851034425117209438e-06
1.844115532735969422e-06
1.837291499781126102e-06
1.830551659622371831e-06
1.823890320746871359e-06
1.817312927105500431e-06
1.810814761234222569e-06
1.804391271441046487e-06
1.798044752746909105e-06
1.791762372139205444e-06
1.785543754237804498e-06
1.779388937477217578e-06
1.773298303339103832e-06
1.767266473719679465e-06
1.761286812240104823e-06
1.755358428157959712e-06
1.749477488561849884e-06
1.743640931191200592e-06
1.737852544597877707e-06
1.732107382194638427e-06
1.726397180810889881e-06
1.720724282842280550e-06
1.715082793086521288e-06
1.709472035699538667e-06
1.703894609079761635e-06
1.698347450032062816e-06
1.692822510739275149e-06
1.687321271889497570e-06
1.681839148955548942e-06
1.676375797977868760e-06
1.670934040510829885e-06
1.665511394621138383e-06
1.660101541389432901e-06
1.654704676195329433e-06
1.649317764008213139e-06
1.643939778655058784e-06
1.638574097273675948e-06
1.633219616655573954e-06
1.627872367175445658e-06
1.622531542789676316e-06
1.617194495303024122e-06
1.611861115395616959e-06
1.606532297437441848e-06
1.601211035388105968e-06
1.595893889534573720e-06
1.590579653990957032e-06
1.585264926855453432e-06
1.579952447064896162e-06
1.574640388536667266e-06
1.569332907229198005e-06
1.564028605280235641e-06
1.558726315295758556e-06
1.553423485296087975e-06
1.548121529869709405e-06
1.542819594769601434e-06
1.537521096741946200e-06
1.532227166330671068e-06
1.526937184775825788e-06
1.521649868241811834e-06
1.516364187557573204e-06
1.511081021661289528e-06
1.505800518664750210e-06
1.500529367777097444e-06
1.495262117571405051e-06
1.490003258004462051e-06
1.484748013638078333e-06
1.479499509792186928e-06
1.474256193682812557e-06
1.469021057026407395e-06
1.463797006927481394e-06
1.458582701867619374e-06
1.453379030346954737e-06
1.448185084125590059e-06
1.443001027737250712e-06
1.437827041244825309e-06
1.432668746555083753e-06
1.427523913545366524e-06
1.422395787961827718e-06
1.417281607480143858e-06
1.412183079342389281e-06
1.407099917891541204e-06
1.402032324380150321e-06
1.396987219028823937e-06
1.391959056388252899e-06
1.386953231769875323e-06
1.381965912726471016e-06
1.376999364779561616e-06
1.372053425349473820e-06
1.367128190473184354e-06
1.362229438571417018e-06
1.357352200627094226e-06
1.352501522842715604e-06
1.347674314166696536e-06
1.342872019165606507e-06
1.338094847050071922e-06
1.333342681768405140e-06
1.328620220369263959e-06
1.323923668499697377e-06
1.319256348192473688e-06
1.314616860362489279e-06
1.310005482497219072e-06
1.305422643841630681e-06
1.300868015849834112e-06
1.296344962843723404e-06
1.291851285662117892e-06
1.287387741111941175e-06
1.282954322375266239e-06
1.278550948454186341e-06
1.274178343748864492e-06
1.269836000122329811e-06
1.265525088185052717e-06
1.261245267316465993e-06
1.256995804341642923e-06
1.252777774072379333e-06
1.248589541748628962e-06
1.244433389330006569e-06
1.240306139766180625e-06
1.236211809361798133e-06
1.232147452958832826e-06
1.228114530910462505e-06
1.224111059290993561e-06
1.220137801138134539e-06
1.216194694697201416e-06
1.212281502387501528e-06
1.208398475120363826e-06
1.204544836291121285e-06
1.200721884817715204e-06
1.196925891484748203e-06
1.193159142574582983e-06
1.189418803726534376e-06
1.185707887675785390e-06
1.182022598522353459e-06
1.178367193069373816e-06
1.174737088817102212e-06
1.171135749253846750e-06
1.167557985730094758e-06
1.164007060900810839e-06
1.160480281257931577e-06
1.156978913986367699e-06
1.153502229108858330e-06
1.150049865265351009e-06
1.146622796898101898e-06
1.143218329694345110e-06
1.139836528185942181e-06
1.136475854192496408e-06
1.133137629982699272e-06
1.129820402861101388e-06
1.126525809818166760e-06
1.123251659580603166e-06
1.120000396705856938e-06
1.116767343361229122e-06
1.113554150580714706e-06
1.110357738530314621e-06
1.107181103011308018e-06
1.104021011426350881e-06
1.100880764341072018e-06
1.097757617416780857e-06
1.094654173509830158e-06
1.091565667630805902e-06
1.088494153287241901e-06
1.085436289701266037e-06
1.082395140818529816e-06
1.079367644751004756e-06
1.076356641688032081e-06
1.073360494462488476e-06
1.070380993720733488e-06
1.067414207846104296e-06
1.064461766159065314e-06
1.061520705501981326e-06
1.058593200242150433e-06
1.055677384029167183e-06
1.052774682069413675e-06
1.049885176704074443e-06
1.047009381500776818e-06
1.044145236552282495e-06
1.041292817564755171e-06
1.038450358277479960e-06
1.035618246511860946e-06
1.032796753047856578e-06
1.029985378175425595e-06
1.027185710161272245e-06
1.024397415412915785e-06
1.021620558489672206e-06
1.018853232807124003e-06
1.016095521284248644e-06
1.013345898533843310e-06
1.010606687821084431e-06
1.007875400771225443e-06
1.005153966581181292e-06
1.002443506626414727e-06
9.997434010508936897e-07
9.970517878108670442e-07
9.943698685605203741e-07
9.916949902650997171e-07
9.890291195841249747e-07
9.863709812536745845e-07
9.837215814581303042e-07
9.810814519795571451e-07
9.784511062065937894e-07
9.758294908903939137e-07
9.732170643318132119e-07
9.706120542269061177e-07
9.680147350980767483e-07
9.654257850963033510e-07
9.628437875712106811e-07
9.602701832228216360e-07
9.577068302672089902e-07
9.551518847133183458e-07
9.526052568850304231e-07
9.500674912089498338e-07
9.475372769065034928e-07
9.450148287627580991e-07
9.425010001788981265e-07
9.399942991949866327e-07
9.374956134611171050e-07
9.350073956878726833e-07
9.325275051247553553e-07
9.300558246863161188e-07
9.275929058555051952e-07
9.251374947223874959e-07
9.226905513017281699e-07
9.202520705876683781e-07
9.178210174785979995e-07
9.153981318107649562e-07
9.129855086360962618e-07
9.105814580795940846e-07
9.081856611152032750e-07
9.057985691015927827e-07
9.034194756990678592e-07
9.010490320351640642e-07
8.986873809188422112e-07
8.963332815545665758e-07
8.939876618204394601e-07
8.916524556489885762e-07
8.893257191326661303e-07
8.870075815392771971e-07
8.846980778538659489e-07
8.823975844501861904e-07
8.801058560394713251e-07
8.778229276232932556e-07
8.755477733614471664e-07
8.732821057579772345e-07
8.710261004501202160e-07
8.687788868284232201e-07
8.665398494847300730e-07
8.643105338945828519e-07
8.620901981614318694e-07
8.598780600001636342e-07
8.576748693965560073e-07
8.554804930984562210e-07
8.532952067516987784e-07
8.511189258786702950e-07
8.489511265428002028e-07
8.467934238267970690e-07
8.446441478575626057e-07
8.425037317021845579e-07
8.403714602112855420e-07
8.382482647372110305e-07
8.361346214034804825e-07
8.340285923773180649e-07
8.319319127467627350e-07
8.298447965756591071e-07
8.277664792570959856e-07
8.256964908577077476e-07
8.236351600782698688e-07
8.215835378796868033e-07
8.195394770590282443e-07
8.175044046166232524e-07
8.154779477120630228e-07
8.134599722712181338e-07
8.114511568020753382e-07
8.094507038816130090e-07
8.074601072334653849e-07
8.054769797412489978e-07
8.035020643801676414e-07
8.015360333175523596e-07
7.995779376413552932e-07
7.976286829280740549e-07
7.956868494978035971e-07
7.937537176850058751e-07
7.918292008795191227e-07
7.899124504631898068e-07
7.880056798794128685e-07
7.861057736394331744e-07
7.842141418533934159e-07
7.823301988570911145e-07
7.804537534596099627e-07
7.785862283336447569e-07
7.767252754237099216e-07
7.748728421769981641e-07
7.730284758022538171e-07
7.711916576578837547e-07
7.693642775283864634e-07
7.675433623326169434e-07
7.657303560322625678e-07
7.639245007835731785e-07
7.621256830385528828e-07
7.603351682719317082e-07
7.585509606685057332e-07
7.567743878855306461e-07
7.550055697175526878e-07
7.532440484669412658e-07
7.514913559321762819e-07
7.497445660215301830e-07
7.480049368889172305e-07
7.462724776637485273e-07
7.445460362238053220e-07
7.428271512177400135e-07
7.411141868802264624e-07
7.394078352058688263e-07
7.377090499979755395e-07
7.360173729901757367e-07
7.343329411293375499e-07
7.326547582132725073e-07
7.309829111785729912e-07
7.293181185510961766e-07
7.276584548473566155e-07
7.260051676045681964e-07
7.243583850392622276e-07
7.227171292694982133e-07
7.210825474816803966e-07
7.194547947466091178e-07
7.178330743253424402e-07
7.162183606527620468e-07
7.146091819742507958e-07
7.130060932393259485e-07
7.114083270770278081e-07
7.098161123023750564e-07
7.082301336101201504e-07
7.066490333494330969e-07
7.050737139794549769e-07
7.035044037577350318e-07
7.019415282816580244e-07
7.003846329258136252e-07
6.988328582082101839e-07
6.972869439124684069e-07
6.957465131448462570e-07
6.942102911794310298e-07
6.926794502868988963e-07
6.911545160882354372e-07
6.896336601226824031e-07
6.881186286779389622e-07
6.866088312284740878e-07
6.851044581485531531e-07
6.836061932571283115e-07
6.821123917713130218e-07
6.806236520633133061e-07
6.791401072602175174e-07
6.776606364201855418e-07
6.761861971356694696e-07
6.747168961434403304e-07
6.732515326069905023e-07
6.717916554463850699e-07
6.703367395740203932e-07
6.688865938911373493e-07
6.674422310887071594e-07
6.660019454029979700e-07
6.645663731221263218e-07
6.631356800198208822e-07
6.617087977623779245e-07
6.602866579229008826e-07
6.588693422871641985e-07
6.574556708831410901e-07
6.560472013005170850e-07
6.546432196357574345e-07
6.532438119071329512e-07
6.518497071748538050e-07
6.504594442003492430e-07
6.490736888119674896e-07
6.476925068008010251e-07
6.463146925391162433e-07
6.449414765237776037e-07
6.435728657545330336e-07
6.422076937316953566e-07
6.408472336622089743e-07
6.394907935061905245e-07
6.381392438261937420e-07
6.367921374784120928e-07
6.354487372828400375e-07
6.341100703233226346e-07
6.327753733789857577e-07
6.314442849133558626e-07
6.301175272283312400e-07
6.287947348124715426e-07
6.274758889762700752e-07
6.261611331670063864e-07
6.248503664845117308e-07
6.235443998094619072e-07
6.222421180331091932e-07
6.209445571412655215e-07
6.196506154752722786e-07
6.183604860058049309e-07
6.170749431318090634e-07
6.157926114670300175e-07
6.145143118912457735e-07
6.132404954450485273e-07
6.119697490510174125e-07
6.107034528075625464e-07
6.094409903327680911e-07
6.081829822876703368e-07
6.069290324096630694e-07
6.056787222559894279e-07
6.044326591309660941e-07
6.031902627447193488e-07
6.019516194386685797e-07
6.007167267559629595e-07
5.994856745970002106e-07
5.982585930363207626e-07
5.970347581498258822e-07
5.958153394749381803e-07
5.945997345655831475e-07
5.933879616717950226e-07
5.921807171467077539e-07
5.909766252047277059e-07
5.897767853534944985e-07
5.885807582789200520e-07
5.873879656569670628e-07
5.861990359874799980e-07
5.850138877224200942e-07
5.838325127120704373e-07
5.826544668030690193e-07
5.814806121183873990e-07
5.803105682139502344e-07
5.791441869605457126e-07
5.779822854219466256e-07
5.768234303784527337e-07
5.756686993286801350e-07
5.745176555888056912e-07
5.733697644783552884e-07
5.722255838447523650e-07
5.710851186986256142e-07
5.699482829478003871e-07
5.688145842614858749e-07
5.676850257381745779e-07
5.665590175488453677e-07
5.654368420878136448e-07
5.643186635118751199e-07
5.632037451555279480e-07
5.620925796785558284e-07
5.609847858290575098e-07
5.598805514536673476e-07
5.587794448520858425e-07
5.576818275030030098e-07
5.565881025533224002e-07
5.554970575590668744e-07
5.544097262125690175e-07
5.533259855434331378e-07
5.522462090138590450e-07
5.511695745763332558e-07
5.500970386398228386e-07
5.490274110139814091e-07
5.479610576952974377e-07
5.468986765043682782e-07
5.458387074633678294e-07
5.447821592669499857e-07
5.437293832686164327e-07
5.426793068473850053e-07
5.416325414572450272e-07
5.405892957150845724e-07
5.395495391264575780e-07
5.385129361025219352e-07
5.374803076969197248e-07
5.364503544200100514e-07
5.354239353151274839e-07
5.344004932416285452e-07
5.333801913410871252e-07
5.323626868698002794e-07
5.313482730544807212e-07
5.303374481352340279e-07
5.293289932709514294e-07
5.283236819422042134e-07
5.273217472278319814e-07
5.263232945608897082e-07
5.253274591953036163e-07
5.243356312637061081e-07
5.233461261776649096e-07
5.223597868954594006e-07
5.213765357524533589e-07
5.203956814589910912e-07
5.194178077296646350e-07
5.184428278734470478e-07
5.174709255517564226e-07
5.165012941606816024e-07
5.155348266866554059e-07
5.145712126632400166e-07
5.136110244594605419e-07
5.126533407329686523e-07
5.116992434105416391e-07
5.107473658063190526e-07
5.097984120186723473e-07
5.088524082097281705e-07
5.079085862572562468e-07
5.069675954045620505e-07
5.060292720642148302e-07
5.050938869968977386e-07
5.041606040159257051e-07
5.032302265872810424e-07
5.023025510221715975e-07
5.013780791239746804e-07
5.004558300933830367e-07
4.995370696280551778e-07
4.986202458311240169e-07
4.977064156691746564e-07
4.967949691573434797e-07
4.958859542429204361e-07
4.949792744615318577e-07
4.940750749043841312e-07
4.931738269463606069e-07
4.922744430447814378e-07
4.913777106900846256e-07
4.904835839023201205e-07
4.895922306431556321e-07
4.887031855608849830e-07
4.878171865841055490e-07
4.869332216513662894e-07
4.860519035309552005e-07
4.851727525465631233e-07
4.842964300522190873e-07
4.834217540299094020e-07
4.825496963707064034e-07
4.816800044441324852e-07
4.808126153494892204e-07
4.799472344001126139e-07
4.790846288174345774e-07
4.782241182350568963e-07
4.773665088227757543e-07
4.765109439554669316e-07
4.756582918618754594e-07
4.748074336732161288e-07
4.739590918921075690e-07
4.731130311242715018e-07
4.722690386867917150e-07
4.714272004863955816e-07
4.705874870553944958e-07
4.697505129957280844e-07
4.689151770817409763e-07
4.680822140663981493e-07
4.672516097652541051e-07
4.664232698988990147e-07
4.655973637793616885e-07
4.647737392913938487e-07
4.639524680823731877e-07
4.631332128417149006e-07
4.623160796701900346e-07
4.615014404786681444e-07
4.606883866499939192e-07
4.598776042351413256e-07
4.590689123112133163e-07
4.582626678690228905e-07
4.574580024808358018e-07
4.566555818592373405e-07
4.558554621320028417e-07
4.550575761612203813e-07
4.542618584662032905e-07
4.534684252997989482e-07
4.526771679044062950e-07
4.518878811231609676e-07
4.511005583407938813e-07
4.503156849428862518e-07
4.495323081452743929e-07
4.487511073074990429e-07
4.479718311215498419e-07
4.471950099712362815e-07
4.464196361323713440e-07
4.456464503216724185e-07
4.448754565379609262e-07
4.441064792956719482e-07
4.433397978270039561e-07
4.425750588286807107e-07
4.418127422797780042e-07
4.410520445088180368e-07
4.402934511872768196e-07
4.395369354161566866e-07
4.387822356917434556e-07
4.380293772838357399e-07
4.372783494250565931e-07
4.365297768741600642e-07
4.357827149111596413e-07
4.350375009022425485e-07
4.342945349960856948e-07
4.335533477682261460e-07
4.328145853124255928e-07
4.320773812861225588e-07
4.313427991913224936e-07
4.306096256718149496e-07
4.298786315381645460e-07
4.291492640249125939e-07
4.284222709163242093e-07
4.276964750436387367e-07
4.269727368819833693e-07
4.262508943880472426e-07
4.255310755844122957e-07
4.248126589896484773e-07
4.240961829553924558e-07
4.233817992383540500e-07
4.226693280837740564e-07
4.219588063531552047e-07
4.212501354493583935e-07
4.205436453151211574e-07
4.198386100788624927e-07
4.191355100693716257e-07
4.184342035915519501e-07
4.177347178398991635e-07
4.170367162050658621e-07
4.163405542223448044e-07
4.156463160237334627e-07
4.149538059791958473e-07
4.142627335439849597e-07
4.135735847558232694e-07
4.128862814554761342e-07
4.122010419038152463e-07
4.115173516943277243e-07
4.108357690797528598e-07
4.101558937836970570e-07
4.094776322746646979e-07
4.088010724793079187e-07
4.081263805036887640e-07
4.074531850781416201e-07
4.067815608141936267e-07
4.061116010412806924e-07
4.054435638756098971e-07
4.047770582652517265e-07
4.041119823232281697e-07
4.034487286677120698e-07
4.027872024911367917e-07
4.021276299909245123e-07
4.014695587679639493e-07
4.008134159448973874e-07
4.001589691474260548e-07
3.995059558172903379e-07
3.988546352032174248e-07
3.982049179357351387e-07
3.975568246419115721e-07
3.969100088811208364e-07
3.962649158480831269e-07
3.956214313898145624e-07
3.949796208697512759e-07
3.943389990464823537e-07
3.937000376402952999e-07
3.930628516603284290e-07
3.924272582643874447e-07
3.917933762149565874e-07
3.911609640781638493e-07
3.905305284611644940e-07
3.899011323106948557e-07
3.892736360412875079e-07
3.886473548623164520e-07
3.880230207571606865e-07
3.873996005649902653e-07
3.867778444859722767e-07
3.861575014544537158e-07
3.855389471562070519e-07
3.849214447157139144e-07
3.843054832919973016e-07
3.836912189113318944e-07
3.830782421305111957e-07
3.824672119554036170e-07
3.818573094820519943e-07
3.812494195398983367e-07
3.806426965006248325e-07
3.800374887404494154e-07
3.794336580239286129e-07
3.788313834621454101e-07
3.782304209984114538e-07
3.776306710927605627e-07
3.770324574805446089e-07
3.764356630836361309e-07
3.758404028344587282e-07
3.752461686545873772e-07
3.746534601548810738e-07
3.740623043453358577e-07
3.734724438024323113e-07
3.728843482103813160e-07
3.722973284495673562e-07
3.717122856793435732e-07
3.711281909089608105e-07
3.705456522170403307e-07
3.699643122092479325e-07
3.693846122143554423e-07
3.688058775086334424e-07
3.682284644854349486e-07
3.676523868784568765e-07
3.670777583978648704e-07
3.665044985794094108e-07
3.659322257258669683e-07
3.653613686637660102e-07
3.647920131015858485e-07
3.642238777874573581e-07
3.636573986951677216e-07
3.630919121397644115e-07
3.625283242627001345e-07
3.619656184562544996e-07
3.614043937780049445e-07
3.608443000208612318e-07
3.602857515664278172e-07
3.597281728764634697e-07
3.591718051343884366e-07
3.586167547227128053e-07
3.580630129544096054e-07
3.575106456392960393e-07
3.569591611947919704e-07
3.564090601656896282e-07
3.558603583185597078e-07
3.553127796912538398e-07
3.547668399586796863e-07
3.542218323528561710e-07
3.536785942411793535e-07
3.531363292763276862e-07
3.525953127970279952e-07
3.520555258414736684e-07
3.515169268072073969e-07
3.509797067175811955e-07
3.504433085494987964e-07
3.499082873712579499e-07
3.493743805055591495e-07
3.488419445201594950e-07
3.483103478528357201e-07
3.477799302486353172e-07
3.472508954164357083e-07
3.467229982880906158e-07
3.461965450497527336e-07
3.456712210923949161e-07
3.451470762939175454e-07
3.446244500749650833e-07
3.441025861727690733e-07
3.435821514253727770e-07
3.430627121245268601e-07
3.425447337727940683e-07
3.420275001929648885e-07
3.415114290091494259e-07
3.409965127903911619e-07
3.404828122408520966e-07
3.399703377709589044e-07
3.394586367086651115e-07
3.389481818109789040e-07
3.384390100898413574e-07
3.379308215067431479e-07
3.374241487414824498e-07
3.369183346392807730e-07
3.364139587918290478e-07
3.359107435562008399e-07
3.354083548354225824e-07
3.349073095253046397e-07
3.344071323388943488e-07
3.339084792356531869e-07
3.334104071593844027e-07
3.329135521768060065e-07
3.324176937198873765e-07
3.319231094076950880e-07
3.314296300829003107e-07
3.309369076106418549e-07
3.304453675769754177e-07
3.299550412962855426e-07
3.294656514489106255e-07
3.289777171020829304e-07
3.284905891926291271e-07
3.280048449695587723e-07
3.275201957963578015e-07
3.270363065145984981e-07
3.265537399201925923e-07
3.260719874978101724e-07
3.255916680415157398e-07
3.251119247391443180e-07
3.246332932347917593e-07
3.241556837825538571e-07
3.236791870387787693e-07
3.232038037094737513e-07
3.227290921978445763e-07
3.222555273584177055e-07
3.217831251814334717e-07
3.213116147713981344e-07
3.208414375674042677e-07
3.203721487045345424e-07
3.199039175750423767e-07
3.194369835495863377e-07
3.189707003545214065e-07
3.185056310717493468e-07
3.180414165135236860e-07
3.175783760771594082e-07
3.171161614052585930e-07
3.166547497734572186e-07
3.161944324792975217e-07
3.157350163892513635e-07
3.152768029410153236e-07
3.148192686199947664e-07
3.143626575178340361e-07
3.139070901348801653e-07
3.134526319096058180e-07
3.129990523854742247e-07
3.125467044064685966e-07
3.120950365013171791e-07
3.116448043599241643e-07
3.111953199178123909e-07
3.107466912612087224e-07
3.102991143382523717e-07
3.098523017585311539e-07
3.094068081083757786e-07
3.089617903547667963e-07
3.085177936568599691e-07
3.080747052666132016e-07
3.076326066237138615e-07
3.071915229045169460e-07
3.067510426707357301e-07
3.063115456821911647e-07
3.058731063390333175e-07
3.054355119449999135e-07
3.049990318523383086e-07
3.045634860723070353e-07
3.041286772275099554e-07
3.036952432288357995e-07
3.032623957526943711e-07
3.028305298024979988e-07
3.023995488857144632e-07
3.019693431486608955e-07
3.015403381423893560e-07
3.011117697984527878e-07
3.006842166533190636e-07
3.002574942283738785e-07
2.998317462705505682e-07
2.994069375418226890e-07
2.989826872670150142e-07
2.985593780050059266e-07
2.981370701158608795e-07
2.977155698791478991e-07
2.972951070663393894e-07
2.968755514514666055e-07
2.964566599481915505e-07
2.960390986051757185e-07
2.956221234346456606e-07
2.952059975784031637e-07
2.947907623996981381e-07
2.943762157713177846e-07
2.939628649207737096e-07
2.935499290133639948e-07
2.931378853569242725e-07
2.927267005991563735e-07
2.923163429266939392e-07
2.919069334804897259e-07
2.914980871367542952e-07
2.910900566854297937e-07
2.906829350195978133e-07
2.902767501180589151e-07
2.898712939067355016e-07
2.894669170062816465e-07
2.890631127502656617e-07
2.886604445523138829e-07
2.882585904643510144e-07
2.878572487125301580e-07
2.874569717459379025e-07
2.870573573602383732e-07
2.866587141319430048e-07
2.862607455294918093e-07
2.858633885538511287e-07
2.854669215013327312e-07
2.850711222858059014e-07
2.846763879257214099e-07
2.842823279707760691e-07
2.838888275294738529e-07
2.834961892749247761e-07
2.831044451935863804e-07
2.827133652745194597e-07
2.823233205990306759e-07
2.819340206985530562e-07
2.815453507538371909e-07
2.811578836184322092e-07
2.807709272840437836e-07
2.803847234279864850e-07
2.799993569107908236e-07
2.796145899290474128e-07
2.792309102513587859e-07
2.788476349655056778e-07
2.784650966151779305e-07
2.780833854368018244e-07
2.777023383284129537e-07
2.773222621671470207e-07
2.769427241615566836e-07
2.765638479623056759e-07
2.761857553829914994e-07
2.758085168748225063e-07
2.754319009424077806e-07
2.750562878724862942e-07
2.746813270978358703e-07
2.743070241812289230e-07
2.739338135668064231e-07
2.735610834528667280e-07
2.731891149763895312e-07
2.728178921293573962e-07
2.724472418239809771e-07
2.720776420477551430e-07
2.717084077903547245e-07
2.713398784584746092e-07
2.709721267579236848e-07
2.706049841790356881e-07
2.702387897450960436e-07
2.698731309132023594e-07
2.695080425904347190e-07
2.691437112922834373e-07
2.687801913162444691e-07
2.684172571423578826e-07
2.680552606889587494e-07
2.676939504996576073e-07
2.673331734046608002e-07
2.669735016815826985e-07
2.666143408666602328e-07
2.662557288921093057e-07
2.658979786512600645e-07
2.655407771043621290e-07
2.651844576917903013e-07
2.648286844606794755e-07
2.644734294411070547e-07
2.641189364254288791e-07
2.637650183620304237e-07
2.634119641165535119e-07
2.630596045468259094e-07
2.627076276656997857e-07
2.623563744563253985e-07
2.620058815222839453e-07
2.616561146571821726e-07
2.613069478891896098e-07
2.609586775896340811e-07
2.606108735041330918e-07
2.602638876830688033e-07
2.599177102470830233e-07
2.595719296956426928e-07
2.592269671660541209e-07
2.588825985932476359e-07
2.585387737089730159e-07
2.581958905051442341e-07
2.578533006017676777e-07
2.575113726058661847e-07
2.571701481436828078e-07
2.568294735851408403e-07
2.564896539516115005e-07
2.561503298515151310e-07
2.558114892802614049e-07
2.554733281641519670e-07
2.551359107060025242e-07
2.547990552349329971e-07
2.544629525670740840e-07
2.541275694847317391e-07
2.537926331813258985e-07
2.534586025370298525e-07
2.531252033406711526e-07
2.527921868348832831e-07
2.524599739221909021e-07
2.521283034175336220e-07
2.517971902491206905e-07
2.514669276635859771e-07
2.511369335789616863e-07
2.508076026809063246e-07
2.504789221051917089e-07
2.501507669744280518e-07
2.498234136353907960e-07
2.494965219901426413e-07
2.491700971230782630e-07
2.488443200381610552e-07
2.485192418780862910e-07
2.481946991363413349e-07
2.478708550592567706e-07
2.475477361745333716e-07
2.472250245864338109e-07
2.469031353976205166e-07
2.465819012770523958e-07
2.462610194687425539e-07
2.459408941892489230e-07
2.456212960325408763e-07
2.453021788469906674e-07
2.449839423997345082e-07
2.446659605256048441e-07
2.443485584964554315e-07
2.440318024742256569e-07
2.437154980167638297e-07
2.433999974544653219e-07
2.430850253248412056e-07
2.427703838323681160e-07
2.424563698908561283e-07
2.421430018057407298e-07
2.418302861765732499e-07
2.415180181937781278e-07
2.412065726030747858e-07
2.408955562025523314e-07
2.405850899564142146e-07
2.402754642521557675e-07
2.399662122227976910e-07
2.396574594841095684e-07
2.393493803629364226e-07
2.390417505394687167e-07
2.387347927863626638e-07
2.384283888234451713e-07
2.381222880408410225e-07
2.378168316146916381e-07
2.375119162709760862e-07
2.372075429751954596e-07
2.369038256128035770e-07
2.366004968091632560e-07
2.362976497280254667e-07
2.359953637450065150e-07
2.356937126703721363e-07
2.353925407654894505e-07
2.350919873627413609e-07
2.347921113852972168e-07
2.344925896868847973e-07
2.341937568268147216e-07
2.338955783851196727e-07
2.335977278031122647e-07
2.333005136481824464e-07
2.330038019011097070e-07
2.327075110853554518e-07
2.324119622606162334e-07
2.321167840891779288e-07
2.318220027622574729e-07
2.315278076180560080e-07
2.312341042078947587e-07
2.309409656166669139e-07
2.306484135442713214e-07
2.303562171489035692e-07
2.300645025869149616e-07
2.297733257189425238e-07
2.294827395858770696e-07
2.291925916824434126e-07
2.289030599600570241e-07
2.286141658292120634e-07
2.283256057221358471e-07
2.280376976195019308e-07
2.277504166828473479e-07
2.274634600834568372e-07
2.271770701649052040e-07
2.268911945427839327e-07
2.266057179987587465e-07
2.263209070385698427e-07
2.260365409937655499e-07
2.257524669224675493e-07
2.254689837509991410e-07
2.251859822404327933e-07
2.249034449035244943e-07
2.246215398866110182e-07
2.243400090967945729e-07
2.240588417135468947e-07
2.237782086658085746e-07
2.234981302300449128e-07
2.232185792969981435e-07
2.229394447515627831e-07
2.226610087786941574e-07
2.223829377661650673e-07
2.221052971977326762e-07
2.218284413397390962e-07
2.215519150972583416e-07
2.212757029311321817e-07
2.210001866701654203e-07
2.207250505593747439e-07
2.204503375510968113e-07
2.201763079433844018e-07
2.199024650114685866e-07
2.196290976790288279e-07
2.193562553989296690e-07
2.190837875599939424e-07
2.188119530035206949e-07
2.185405804878553590e-07
2.182694790798072832e-07
2.179988620172104334e-07
2.177287341710918855e-07
2.174591399850586236e-07
2.171899171437698581e-07
2.169212734199712156e-07
2.166531824945279039e-07
2.163853948580722630e-07
2.161181908088678440e-07
2.158515723481305698e-07
2.155852553494791300e-07
2.153193790603125532e-07
2.150540170441241134e-07
2.147890359783726052e-07
2.145245610945869972e-07
2.142606242999531349e-07
2.139968750625224700e-07
2.137336264840376062e-07
2.134708563695512898e-07
2.132084241089684745e-07
2.129466176615474966e-07
2.126852459001112779e-07
2.124241097406352281e-07
2.121634479786107795e-07
2.119032697784950229e-07
2.116435846943113837e-07
2.113842397163765556e-07
2.111254717486991661e-07
2.108672126218293921e-07
2.106092460022396039e-07
2.103518349364721454e-07
2.100949854422408266e-07
2.098384213531511649e-07
2.095822472275854441e-07
2.093265970740333261e-07
2.090713232737103459e-07
2.088164741919807396e-07
2.085621998773588632e-07
2.083080896427068093e-07
2.080544248348090385e-07
2.078012362316347168e-07
2.075483761721959624e-07
2.072960931815393293e-07
2.070442330202908421e-07
2.067926256946078138e-07
2.065414454222109536e-07
2.062906894291997082e-07
2.060404081146591262e-07
2.057905284227968940e-07
2.055410735315155310e-07
2.052921956756326032e-07
2.050436220413417970e-07
2.047954032385599553e-07
2.045478858173337414e-07
2.043006598925383941e-07
2.040536863134322944e-07
2.038072905792551935e-07
2.035612428408194145e-07
2.033155042943545036e-07
2.030703974431711473e-07
2.028255254555469881e-07
2.025809500998985727e-07
2.023368409737895179e-07
2.020931307528971237e-07
2.018497691980561621e-07
2.016069461236855800e-07
2.013644668021729958e-07
2.011222094469518468e-07
2.008803990026137593e-07
2.006390384398144527e-07
2.003981313464954940e-07
2.001575077017673755e-07
1.999174216842721729e-07
1.996777780061491003e-07
1.994383987652164765e-07
1.991995093759256919e-07
1.989611534136379020e-07
1.987230571426043697e-07
1.984852457869315745e-07
1.982479950519898479e-07
1.980110480014201839e-07
1.977744253538867004e-07
1.975384031706088579e-07
1.973025377684496951e-07
1.970670154117224946e-07
1.968319234795308258e-07
1.965971977325148042e-07
1.963628424079355726e-07
1.961289693809836560e-07
1.958954067908869302e-07
1.956620706033584671e-07
1.954291611720458358e-07
1.951966875750034726e-07
1.949646402613949136e-07
1.947328546548519717e-07
1.945015943849721201e-07
1.942707517917607682e-07
1.940401640394706717e-07
1.938100271271053720e-07
1.935804142033978991e-07
1.933510511488247163e-07
1.931219354001741543e-07
1.928933714703382593e-07
1.926651075214293293e-07
1.924371147336172022e-07
1.922097178030379280e-07
1.919825037840302426e-07
1.917555648712758971e-07
1.915290539984581664e-07
1.913029035543060581e-07
1.910770380281722528e-07
1.908516990027153897e-07
1.906266831332451566e-07
1.904018558037745677e-07
1.901774346093385969e-07
1.899533915341742831e-07
1.897297468806184627e-07
1.895064175189677498e-07
1.892834778938255600e-07
1.890610348002811413e-07
1.888388483242037058e-07
1.886169452528990371e-07
1.883956499759672559e-07
1.881746445928694170e-07
1.879538299627136184e-07
1.877334921520419001e-07
1.875134754851982819e-07
1.872937377264095081e-07
1.870744235278542012e-07
1.868555280590305177e-07
1.866367610103754510e-07
1.864183574999233653e-07
1.862003416860756497e-07
1.859826249612450875e-07
1.857653099231656238e-07
1.855483773750160612e-07
1.853317024040959263e-07
1.851152536023864773e-07
1.848991853187459919e-07
1.846835153906454300e-07
1.844682387739030054e-07
1.842531883511522744e-07
1.840385948503881844e-07
1.838244105874886292e-07
1.836104500011406148e-07
1.833968333015188616e-07
1.831837616553484526e-07
1.829709225643871709e-07
1.827582833250899699e-07
1.825461206227384217e-07
1.823342389820018106e-07
1.821226150007309385e-07
1.819114452044503208e-07
1.817006172866390800e-07
1.814899203960421065e-07
1.812795926385601345e-07
1.810696245392402643e-07
1.808599248312935747e-07
1.806506369485264969e-07
1.804417023088910250e-07
1.802330071060250419e-07
1.800245283354983758e-07
1.798164177085563524e-07
1.796086868373165823e-07
1.794013192468347168e-07
1.791941718229216197e-07
1.789874479040101472e-07
1.787811417377248541e-07
1.785750468398160453e-07
1.783692358397855276e-07
1.781639823530398324e-07
1.779589597832515474e-07
1.777541098951426615e-07
1.775497026164241272e-07
1.773455832148970247e-07
1.771417231973576841e-07
1.769382211037598951e-07
1.767351402867100439e-07
1.765321613813609777e-07
1.763294972075094333e-07
1.761271850705404627e-07
1.759251753321898924e-07
1.757234436061780006e-07
1.755221262635810977e-07
1.753210845769566234e-07
1.751202013870525361e-07
1.749196759064042059e-07
1.747194674618765222e-07
1.745195963892535349e-07
1.743200359536184479e-07
1.741207393857559110e-07
1.739219104167144334e-07
1.737233283803081569e-07
1.735249557907340116e-07
1.733270362736729298e-07
1.731294837377443556e-07
1.729321300068859524e-07
1.727349806054095445e-07
1.725382988944402185e-07
1.723418463630631428e-07
1.721456102429395576e-07
1.719498344660480968e-07
1.717542904643384163e-07
1.715588888831614156e-07
1.713638301969303862e-07
1.711690926870058764e-07
1.709745936447286966e-07
1.707804725507495734e-07
1.705866649854070714e-07
1.703930810660382208e-07
1.701996774237990865e-07
1.700066103058176024e-07
1.698138803170711692e-07
1.696214708268143154e-07
1.694292882850331649e-07
1.692374375986428836e-07
1.690459994823182818e-07
1.688547690398164461e-07
1.686637452403829829e-07
1.684732028524903747e-07
1.682829494620008588e-07
1.680928947951551780e-07
1.679030607456744940e-07
1.677136477485374205e-07
1.675244567779793521e-07
1.673354711854353616e-07
1.671469395111350687e-07
1.669586145109786695e-07
1.667704267622728622e-07
1.665825675833330035e-07
1.663950140338757856e-07
1.662076922828619903e-07
1.660207119858323042e-07
1.658340471845726743e-07
1.656476076397663202e-07
1.654613192397996538e-07
1.652753680506161354e-07
1.650897198756322117e-07
1.649043658883992895e-07
1.647192741304595601e-07
1.645344353553313793e-07
1.643500214629992032e-07
1.641658308310712809e-07
1.639818295702411427e-07
1.637982195587945132e-07
1.636149711495193944e-07
1.634319044384835191e-07
1.632490052395420290e-07
1.630665164870434466e-07
1.628842504450500346e-07
1.627021880183686675e-07
1.625204754884458418e-07
1.623390984230683338e-07
1.621578068842115787e-07
1.619767848782319558e-07
1.617960670212643187e-07
1.616156120739108557e-07
1.614353512444172253e-07
1.612554925140579777e-07
1.610758942456470905e-07
1.608964294694063444e-07
1.607172238538172418e-07
1.605382702128110769e-07
1.603596319595306217e-07
1.601813210261290042e-07
1.600031630684658476e-07
1.598253500079016155e-07
1.596478954676854211e-07
1.594706118090977338e-07
1.592935226775873778e-07
1.591168951866459840e-07
1.589404968575991457e-07
1.587642749419200590e-07
1.585882598750748235e-07
1.584126308573337000e-07
1.582371988838665386e-07
1.580619502496961346e-07
1.578870873038361586e-07
1.577124613078569381e-07
1.575379316828818850e-07
1.573636800105667453e-07
1.571897163587980698e-07
1.570159939368882229e-07
1.568424886938819450e-07
1.566693310893702555e-07
1.564964079237207374e-07
1.563236128007384272e-07
1.561510846369765784e-07
1.559787890429134144e-07
1.558067849744614019e-07
1.556351040338109980e-07
1.554635554492689706e-07
1.552923458681176811e-07
1.551214737883877196e-07
1.549507605400673322e-07
1.547802302004280337e-07
1.546101403637987295e-07
1.544402737117007028e-07
1.542705822424539014e-07
1.541010621734262351e-07
1.539319331466030861e-07
1.537629819558559906e-07
1.535942105204345521e-07
1.534257826049105812e-07
1.532576259638905370e-07
1.530895446577425935e-07
1.529217229430048988e-07
1.527541725660127282e-07
1.525868546654715027e-07
1.524197054177927540e-07
1.522529303536311909e-07
1.520863942362040868e-07
1.519199916450401999e-07
1.517537778070741500e-07
1.515878285589815317e-07
1.514221689900635311e-07
1.512567638110005657e-07
1.510915411639537254e-07
1.509265766513675251e-07
1.507619669792635446e-07
1.505975435929980713e-07
1.504332827054454328e-07
1.502693451374520742e-07
1.501057434779551770e-07
1.499423012604568479e-07
1.497789825918459498e-07
1.496160035352824897e-07
1.494532310283808439e-07
1.492906786335519842e-07
1.491283139400225081e-07
1.489663376845741623e-07
1.488044723266762077e-07
1.486427373897763342e-07
1.484812757606459194e-07
1.483200668193319476e-07
1.481590586829488171e-07
1.479982857482498484e-07
1.478378002843464913e-07
1.476775257952644687e-07
1.475173631203177776e-07
1.473574514385551817e-07
1.471977448332258768e-07
1.470383085794681053e-07
1.468791594163734404e-07
1.467201367090403447e-07
1.465614080232227406e-07
1.464029946668867432e-07
1.462447356384926037e-07
1.460866324700635198e-07
1.459288771824386808e-07
1.457714095343066528e-07
1.456140888422458059e-07
1.454568930875340912e-07
1.453000292525824555e-07
1.451433491531854719e-07
1.449868645283674623e-07
1.448305817191070671e-07
1.446746601266341000e-07
1.445188348907286823e-07
1.443631395374366164e-07
1.442077039740252069e-07
1.440525065067789464e-07
1.438975010366020131e-07
1.437427080521467281e-07
1.435881978663062572e-07
1.434338928657428110e-07
1.432796969945273028e-07
1.431257185863631536e-07
1.429719391564344735e-07
1.428184393972185157e-07
1.426651846865506107e-07
1.425120690308199668e-07
1.423592041198227729e-07
1.422066554335310136e-07
1.420542724159676002e-07
1.419020335190378710e-07
1.417500752963537362e-07
1.415984417213712487e-07
1.414469545269381124e-07
1.412955684611873290e-07
1.411444709927595072e-07
1.409935996618898088e-07
1.408429194137067832e-07
1.406923810567508427e-07
1.405421737949948769e-07
1.403921632969861491e-07
1.402422180054212915e-07
1.400925016029216772e-07
1.399430201672398702e-07
1.397937382546686514e-07
1.396445921658157584e-07
1.394957859221720040e-07
1.393471738212008536e-07
1.391987069516041609e-07
1.390503523956169528e-07
1.389022614606668912e-07
1.387543744539493149e-07
1.386067014570197689e-07
1.384592816189311000e-07
1.383119725995658187e-07
1.381649611465330314e-07
1.380182189383226466e-07
1.378716042960799149e-07
1.377251374034088294e-07
1.375790048123968224e-07
1.374331171269007670e-07
1.372873594845361008e-07
1.371417116147932506e-07
1.369963677535343263e-07
1.368511904558569989e-07
1.367062060759791064e-07
1.365613708765232661e-07
1.364168795288535780e-07
1.362725079525690740e-07
1.361282222342599030e-07
1.359841577709727195e-07
1.358403239728835784e-07
1.356966803410602825e-07
1.355531638410579026e-07
1.354099672287284681e-07
1.352669569375323449e-07
1.351240749722935989e-07
1.349813085315068366e-07
1.348387859420664654e-07
1.346964631571369095e-07
1.345543428937086960e-07
1.344124654194369699e-07
1.342706888695061920e-07
1.341291908650366298e-07
1.339879594496923910e-07
1.338468471816553161e-07
1.337058696830452454e-07
1.335652007220889729e-07
1.334247815721287930e-07
1.332844879203594354e-07
1.331442887396569927e-07
1.330043687278373088e-07
1.328646261451314049e-07
1.327250698850781777e-07
1.325856374277787437e-07
1.324465095820612821e-07
1.323075595317040589e-07
1.321686643313835577e-07
1.320299720443012552e-07
1.318914886745178491e-07
1.317531911394643784e-07
1.316150209786103015e-07
1.314771407490872568e-07
1.313394411441044917e-07
1.312019002174089197e-07
1.310644474251638420e-07
1.309272123390791669e-07
1.307901380695951845e-07
1.306532995337902882e-07
1.305166831547004215e-07
1.303801803807758773e-07
1.302438819618454872e-07
1.301078693149808389e-07
1.299720041202098657e-07
1.298362766799847034e-07
1.297007150877200585e-07
1.295654958100567610e-07
1.294304096458128223e-07
1.292954527473304916e-07
1.291606200714603041e-07
1.290260833795962437e-07
1.288916742213802356e-07
1.287574130368925552e-07
1.286233299521464028e-07
1.284895491356443984e-07
1.283558504447835120e-07
1.282222420570580445e-07
1.280888395255761630e-07
1.279556463962560127e-07
1.278226209191771427e-07
1.276897055109328041e-07
1.275570902364095864e-07
1.274246413360819866e-07
1.272923182380618008e-07
1.271600857823396139e-07
1.270280794767434017e-07
1.268962292741418796e-07
1.267645783491384460e-07
1.266331626222986936e-07
1.265018335524192775e-07
1.263707304851709303e-07
1.262398830305861446e-07
1.261091692298542078e-07
1.259785863813423588e-07
1.258481734699484593e-07
1.257180810783364298e-07
1.255881124182427227e-07
1.254582660403145559e-07
1.253285365179030038e-07
1.251990912541104872e-07
1.250697665273097659e-07
1.249405872800165102e-07
1.248115617691978872e-07
1.246828323270516284e-07
1.245541961108762036e-07
1.244256317253128735e-07
1.242972598880308550e-07
1.241690832732560994e-07
1.240410702871626000e-07
1.239131632889041860e-07
1.237855384592798317e-07
1.236580673528211048e-07
1.235307380526055887e-07
1.234034877238604896e-07
1.232764318753517997e-07
1.226469510382792790e-07
1.225208066207269991e-07
1.223948415610354596e-07
1.222690113703184715e-07
1.221433243039761908e-07
1.200303306694030735e-07
1.199072067416574916e-07
1.197841964859663653e-07
1.196613011257576138e-07
1.195387011218188722e-07
1.184338707475295966e-07
1.183126227910755559e-07
1.181914497000944264e-07
1.180705173839460263e-07
1.179497550673260221e-07
1.158869831586630637e-07
1.157685458208200831e-07
1.156503401757690468e-07
1.155323491233599996e-07
1.144536498531151973e-07
1.143368461741544711e-07
1.142202372251037033e-07
1.141038017654841289e-07
1.139875142198241199e-07
1.119725592864042143e-07
1.118586584510124331e-07
1.117449156233806954e-07
1.116312737038162723e-07
1.115177152745689243e-07
1.104663328897020248e-07
1.103541065801128651e-07
1.102420498202829002e-07
1.101302057834126301e-07
1.100184432407362978e-07
1.080534860220440565e-07
1.079440669150456081e-07
1.078347411887656194e-07
1.077255297643408462e-07
1.067001280001161729e-07
1.065922960058666371e-07
1.064845943488436238e-07
1.063769857475113525e-07
1.062694520201593795e-07
1.043522079295126516e-07
1.042469595297213727e-07
1.041417918359598741e-07
1.040367099515698993e-07
1.039318537643709126e-07
1.029335581118572505e-07
1.028298745536029015e-07
1.027262709375557847e-07
1.026228554492626706e-07
1.007531033010538186e-07
1.006518448840960089e-07
1.005506616582793967e-07
1.004496812778642320e-07
1.003488440552921641e-07
9.937617714282632114e-08
9.927642930491841716e-08
9.917685610676538854e-08
9.907738242513161034e-08
9.897809356754805485e-08
9.715769109361699926e-08
9.706047864028130755e-08
