-4.138317663853664053e-12
-5.220482734012420292e-13
4.688264403358270259e-12
1.167452680901379936e-11
2.059982356232453734e-11
3.160715014075916386e-11
4.481853697563646344e-11
6.033464586607227927e-11
7.823498529343120664e-11
9.857784310603007811e-11
1.214002033616783475e-10
1.467207693181220149e-10
1.745380468370353794e-10
2.048331309371290872e-10
2.375720882053397840e-10
2.727034046243558485e-10
3.101657041524085724e-10
3.498818587182076425e-10
3.917668013812248903e-10
4.357248878889148651e-10
4.816547301206738275e-10
5.294469625096037016e-10
5.789912263241467551e-10
6.301698044815084747e-10
6.828654474650516986e-10
7.369627473957020309e-10
7.923415551962842468e-10
8.488889234702048551e-10
9.064914705788423529e-10
9.650406667266778769e-10
1.024432080068885853e-09
1.084565432686975679e-09
1.145347915964422384e-09
1.206691508508454599e-09
1.268514241049500357e-09
1.330743284690226806e-09
1.393309004146620750e-09
1.456151825297894978e-09
1.519217587373771110e-09
1.582458999752548325e-09
1.645836667171400917e-09
1.709316054256758110e-09
1.772871787713830170e-09
1.836479950323271939e-09
1.900127469813035089e-09
1.963803494259711546e-09
2.027501232795023208e-09
2.091221009960966477e-09
2.154965011031077692e-09
2.218738128162595571e-09
2.282551899758764694e-09
2.346415966442865582e-09
2.410342581308147765e-09
2.474349926405191075e-09
2.538451361388441597e-09
2.602661975362378308e-09
2.667000082506779881e-09
2.731480525316454408e-09
2.796116202049795006e-09
2.860921909509474980e-09
2.925909556166111317e-09
2.991087359127353078e-09
3.056462970574872127e-09
3.122042208515271419e-09
3.187827720424142153e-09
3.253816573694750749e-09
3.320006472005556664e-09
3.386390614357634156e-09
3.452958181151147755e-09
3.519695181463142492e-09
3.586585289652722723e-09
3.653609730727717104e-09
3.720744550225799957e-09
3.787960146495472591e-09
3.855230321073696888e-09
3.922524618416385175e-09
3.989806171183558555e-09
4.057037419677125317e-09
4.124178453277577490e-09
4.191192677463660575e-09
4.258034523698493162e-09
4.324658496082898795e-09
4.391021602738338088e-09
4.457074766422322406e-09
4.522776709142116092e-09
4.588075366559792222e-09
4.652930853847997723e-09
4.717292660673831886e-09
4.781104903626332791e-09
4.844341645207358494e-09
4.906955235122518426e-09
4.968887451449130483e-09
5.030113229481065171e-09
5.090590938237179210e-09
5.150282863099701814e-09
5.209154931981055988e-09
5.267173133744302738e-09
5.324309213300960381e-09
5.380541870911392116e-09
5.435835912522405694e-09
5.490181074774745577e-09
5.543554656362876949e-09
5.595939014710511052e-09
5.647329220160340295e-09
5.697707656713390654e-09
5.747071781306431023e-09
5.795419640301974566e-09
5.842751195637139961e-09
5.889068629166890685e-09
5.934367105050098069e-09
5.978669261793406569e-09
6.021978076187898494e-09
6.064305859109030820e-09
6.105664601142630907e-09
6.146071036719936603e-09
6.185549714224577814e-09
6.224112393322010717e-09
6.261798974105042804e-09
6.298604277402298620e-09
6.334579289499454192e-09
6.369722536311026288e-09
6.404089219263702340e-09
6.437685972409190794e-09
6.470560506763224929e-09
6.502713362696429145e-09
6.534200194964544741e-09
6.565017259591947601e-09
6.595226370822975581e-09
6.624833594691359632e-09
6.653879522244460825e-09
6.682381966827358401e-09
6.710367758373100147e-09
6.737865145494334509e-09
6.764891013254868386e-09
6.791484523252568959e-09
6.817653782082101501e-09
6.843427744701191342e-09
6.868818648117734231e-09
6.893857722745199238e-09
6.918545225372543109e-09
6.942910193545188762e-09
6.966967964596245611e-09
6.990722571356778141e-09
7.014198829046639596e-09
7.037390160083094142e-09
7.060322413282911995e-09
7.082995963139542342e-09
7.105415610419008073e-09
7.127593644269378451e-09
7.149527648753832862e-09
7.171224585495544083e-09
7.192683527561211644e-09
7.213910435529957180e-09
7.234900836540739701e-09
7.255649923504566888e-09
7.276166050258073002e-09
7.296441936486571071e-09
7.316475073326447802e-09
7.336256548956460572e-09
7.355782859048443610e-09
7.375053558653011875e-09
7.394069779421733894e-09
7.412808303003951106e-09
7.431275340903362219e-09
7.449460607463561976e-09
7.467361512442246679e-09
7.484970233191205360e-09
7.502271428785048641e-09
7.519270521256207007e-09
7.535966383215904500e-09
7.552334173666031265e-09
7.568380079669580452e-09
7.584095895969257481e-09
7.599479661975784212e-09
7.614518146755764669e-09
7.629214182999132706e-09
7.643561440691690728e-09
7.657556417030431889e-09
7.671194000277396973e-09
7.684475760436112421e-09
7.697394854466860016e-09
7.709945735246655705e-09
7.722132669316685320e-09
7.733957020308507762e-09
7.745406775182807992e-09
7.756492991661725039e-09
7.767218368958020396e-09
7.777571058829090918e-09
7.787561527219326834e-09
7.797192799558031298e-09
7.806458176788513980e-09
7.815367516898259837e-09
7.823922027494366270e-09
7.832120500809924583e-09
7.839980550099325180e-09
7.847489600253034172e-09
7.854661557928289932e-09
7.861504403500102628e-09
7.868010415911606278e-09
7.874195810811835699e-09
7.880061360669527060e-09
7.885615836091799481e-09
7.890857103149706997e-09
7.895804093603353215e-09
7.900458566405326869e-09
7.904820238922405594e-09
7.908903321408122957e-09
7.912712635407445098e-09
7.916250852061932240e-09
7.919524678943437374e-09
7.922548100398332877e-09
7.925316124043378952e-09
7.927840004314521337e-09
7.930133490659848830e-09
7.932199317700747096e-09
7.934038846108791934e-09
7.935660673926171999e-09
7.937079489662564138e-09
7.938283029548629115e-09
7.939284932078253392e-09
7.940100148900832433e-09
7.940729713922483319e-09
7.941172353235266448e-09
7.941437044697230594e-09
7.941541813330462677e-09
7.941470508966868657e-09
7.941237155176071197e-09
7.940853028041498100e-09
7.940313375223421995e-09
7.939625058292722924e-09
7.938790386960348157e-09
7.937821067275064615e-09
7.936713556154467652e-09
7.935473566720312085e-09
7.934104884245544981e-09
7.932619156155981507e-09
7.931005325928067338e-09
7.929271406646015606e-09
7.927425253361514284e-09
7.925464800374617618e-09
7.923394897110414294e-09
7.921208933144947491e-09
7.918924385347564523e-09
7.916536200467767401e-09
7.914047886644873848e-09
7.911455459505383151e-09
7.908770867055836028e-09
7.905987227193075273e-09
7.903111192902974380e-09
7.900137607689990896e-09
7.897075130161319873e-09
7.893918794114980521e-09
7.890672060285396836e-09
7.887334092018753019e-09
7.883911097146562165e-09
7.880401593943667169e-09
7.876806835125640340e-09
7.873122630363912457e-09
7.869356120558661128e-09
7.865503056483906849e-09
7.861567208584887899e-09
7.857544119345921706e-09
7.853437423594992504e-09
7.849245525046564251e-09
7.844970275639079881e-09
7.840610649616798322e-09
7.836167370094559058e-09
7.831640706434298709e-09
7.827032522216365585e-09
7.822342076343675431e-09
7.817568863783007765e-09
7.812712311355521707e-09
7.807770402591835555e-09
7.802744265971611060e-09
7.797636443364705033e-09
7.792444767561469463e-09
7.787170121891040574e-09
7.781810369747633221e-09
7.776368325811143218e-09
7.770841276468421789e-09
7.765232933779735323e-09
7.759542424372886062e-09
7.753769846184404172e-09
7.747914793370033505e-09
7.741979208802580556e-09
7.735960044618363190e-09
7.729857053811655203e-09
7.723674132977866810e-09
7.717409231550486997e-09
7.711065214171286014e-09
7.704640871320642164e-09
7.698135272832550423e-09
7.691553189044616650e-09
7.684895275775491696e-09
7.678158654439869882e-09
7.671346807562097772e-09
7.664458140324471322e-09
7.657496702762088268e-09
7.650463107612296081e-09
7.643353140729431445e-09
7.636170571471321007e-09
7.628919839942903308e-09
7.621599064371395361e-09
7.614211559232621066e-09
7.606756220798561423e-09
7.599232651580311651e-09
7.591647847638641382e-09
7.584001296799197190e-09
7.576292437504198619e-09
7.568525368192457720e-09
7.560695912044670883e-09
7.552811965646091818e-09
7.544874074342340003e-09
7.536877843588594075e-09
7.528830200556533326e-09
7.520725953974287990e-09
7.512576529194246027e-09
7.504379988226530813e-09
7.496134727170250716e-09
7.487843471059850817e-09
7.479504898643295563e-09
7.471127888662626728e-09
7.462712073016846898e-09
7.454254713330742072e-09
7.445760241162819046e-09
7.437225602055442714e-09
7.428658354000635209e-09
7.420057411400274045e-09
7.411420889794317889e-09
7.402752645724602769e-09
7.394049932919152248e-09
7.385323086105124343e-09
7.376565740087256327e-09
7.367783341653095594e-09
7.358973029586392248e-09
7.350137364371544734e-09
7.341278943812362884e-09
7.332398463628208758e-09
7.323497125950905848e-09
7.314572038611188454e-09
7.305626404962179794e-09
7.296661332669857609e-09
7.287677840147328828e-09
7.278675540057180018e-09
7.269654845678366674e-09
7.260615842977205599e-09
7.251558417629560639e-09
7.242487789739343558e-09
7.233400324233641939e-09
7.224299688917153191e-09
7.215182769965820516e-09
7.206052244128496073e-09
7.196907557228249294e-09
7.187749449868833919e-09
7.178577563004646852e-09
7.169392396125888572e-09
7.160194362405552733e-09
7.150983345613927208e-09
7.141759727354326703e-09
7.132523085045736146e-09
7.123273554362733198e-09
7.114011649258440473e-09
7.104735618631867610e-09
7.095448142235276856e-09
7.086148656669584537e-09
7.076837018903680560e-09
7.067514810285957012e-09
7.058179619234451875e-09
7.048833964267465114e-09
7.039475770105058710e-09
7.030105734382593176e-09
7.020723470778846462e-09
7.011328927780732333e-09
7.001923609283750826e-09
6.992506093592730813e-09
6.983077126350693044e-09
6.973635698823536373e-09
6.964182245861266872e-09
6.954716660548391546e-09
6.945238971086392608e-09
6.935748970257344909e-09
6.926249343293995843e-09
6.916737951966391133e-09
6.907216546875242305e-09
6.897683413455547628e-09
6.888140156565329424e-09
6.878586238163386613e-09
6.869022191552167982e-09
6.859448181627398947e-09
6.849863500753353544e-09
6.840267922208180395e-09
6.830663366244439530e-09
6.821047984686201748e-09
6.811424978088155537e-09
6.801791283117927716e-09
6.792149681840013417e-09
6.782498240982443360e-09
6.772837928907858997e-09
6.763167919179944889e-09
6.753492833162650217e-09
6.743809441634267031e-09
6.734120255013094584e-09
6.724424967468953719e-09
6.714722179303309138e-09
6.705013624611143332e-09
6.695300358112258223e-09
6.685581618139076644e-09
6.675858031943980582e-09
6.666129935193223017e-09
6.656396600759311313e-09
6.646658525610206821e-09
6.636916146077644245e-09
6.627172508785031111e-09
6.617423974054457815e-09
6.607674324471609770e-09
6.597921678171642097e-09
6.588165778862402727e-09
6.578406791939895911e-09
6.568649064801137022e-09
6.558890054832799314e-09
6.549130498142206794e-09
6.539372542534094767e-09
6.529612744273097130e-09
6.519853813812615438e-09
6.510095710966188940e-09
6.500339029711577354e-09
6.490583479184408115e-09
6.480829029167318497e-09
6.471076558976791574e-09
6.461325681293653245e-09
6.451575528795084372e-09
6.441829450881754789e-09
6.432086407934293642e-09
6.422344956638709542e-09
6.412607814018906442e-09
6.402874054029231387e-09
6.393142405541940171e-09
6.383414091934204496e-09
6.373691585223580373e-09
6.363972609159610287e-09
6.354258109023495496e-09
6.344549403898526412e-09
6.334844153913717485e-09
6.325144093381187772e-09
6.315448983360470196e-09
6.305759697724041347e-09
6.296075220356081653e-09
6.286395661608026938e-09
6.276721574826483873e-09
6.267052615516494005e-09
6.257388734983382240e-09
6.247729864826177519e-09
6.238078762510595200e-09
6.228432802067821903e-09
6.218791889865809933e-09
6.209157866557198101e-09
6.199529850436150776e-09
6.189907209109399822e-09
6.180290769138330385e-09
6.170682150702004092e-09
6.161078803745446535e-09
6.151482155719641057e-09
6.141892503433245543e-09
6.132309001269115073e-09
6.122732387719583517e-09
6.113162068081660553e-09
6.103599706578921655e-09
6.094042879753862263e-09
6.084492896732835973e-09
6.074948899215413458e-09
6.065412444352471518e-09
6.055882219652065442e-09
6.046357716108274421e-09
6.036841745396715644e-09
6.027332598397262404e-09
6.017829677120370371e-09
6.008334086719332097e-09
5.998846622071206547e-09
5.989364760064856949e-09
5.979890883487548876e-09
5.970424006976715269e-09
5.960965727870562217e-09
5.951513865935689760e-09
5.942069645826891416e-09
5.932633077987487855e-09
5.923204084215038145e-09
5.913782611626769032e-09
5.904368316650979703e-09
5.894963264841701254e-09
5.885564824936371178e-09
5.876174114388540455e-09
5.866790873177416329e-09
5.857415720946973513e-09
5.848047841644288004e-09
5.838688030518153732e-09
5.829334784748322736e-09
5.819992403157862304e-09
5.810657542846253290e-09
5.801329663870192797e-09
5.792011181778263392e-09
5.782702332330339979e-09
5.773399442285535524e-09
5.764106505299433907e-09
5.754822175587228810e-09
5.745547217114653298e-09
5.736280512315246237e-09
5.727022752471000648e-09
5.717773604780975836e-09
5.708534231478889704e-09
5.699302898546189593e-09
5.690080761707757321e-09
5.680868531176275972e-09
5.671665309269123180e-09
5.662471424245645846e-09
5.653286031354633077e-09
5.644109656181558928e-09
5.634943812533697847e-09
5.625785910888766326e-09
5.616637270661836919e-09
5.607498840608269460e-09
5.598370888071514437e-09
5.589252563745739067e-09
5.580142957697569316e-09
5.571044126612377981e-09
5.561956507640064110e-09
5.552876401036253458e-09
5.543807691561635060e-09
5.534749445817499341e-09
5.525701689659402940e-09
5.516663700345109879e-09
5.507636012756942552e-09
5.498617737306199528e-09
5.489611634505433233e-09
5.480614140040787444e-09
5.471627508609908430e-09
5.462650817234825255e-09
5.453686704759582971e-09
5.444731365961747446e-09
5.435786244051085311e-09
5.426851692567526861e-09
5.417927856818622940e-09
5.409014359690540258e-09
5.400111319458401803e-09
5.391217419304066900e-09
5.382336706112439999e-09
5.373465934196907137e-09
5.364605989038845772e-09
5.355756170795067621e-09
5.346917721422544433e-09
5.338091680935832603e-09
5.329274051475616378e-09
5.320468869702351530e-09
5.311674391903714443e-09
5.302892227472372915e-09
5.294119714593145412e-09
5.285358572259717304e-09
5.276607393861713985e-09
5.267868392531949388e-09
5.259139999086796841e-09
5.250422632303068606e-09
5.241715248754584571e-09
5.233020849793860440e-09
5.224336434989032531e-09
5.215663373489492100e-09
5.206999916638319343e-09
5.198347812188284296e-09
5.189708175196637063e-09
5.181077357823801015e-09
5.172458749973923708e-09
5.163849490794673357e-09
5.155254232619517199e-09
5.146668781128077813e-09
5.138094681547051239e-09
5.129531092176406349e-09
5.120979029348229087e-09
5.112440036634647473e-09
5.103909492857579809e-09
5.095392335107295127e-09
5.086885109922520402e-09
5.078391684390031470e-09
5.069907585152851207e-09
5.061435180593516857e-09
5.052973350193401039e-09
5.044522218991813485e-09
5.036084281289563288e-09
5.027655446780843616e-09
5.019239077763269467e-09
5.010832583125128958e-09
5.002440273157686827e-09
4.994057121416184092e-09
4.985685757109087003e-09
4.977324453076700465e-09
4.968974424744715747e-09
4.960637654798928049e-09
4.952309538732874126e-09
4.943994131483689461e-09
4.935688291863107259e-09
4.927396466033259876e-09
4.919114574762220930e-09
4.910844381133353701e-09
4.902584688032389040e-09
4.894336684327679896e-09
4.886101462673365644e-09
4.877876568946412543e-09
4.869663209965283999e-09
4.861460589573562156e-09
4.853270970804268238e-09
4.845092656561338359e-09
4.836925089653140847e-09
4.828769097036246386e-09
4.820623633296387621e-09
4.812489592299823728e-09
4.804368702266736707e-09
4.796256929315129105e-09
4.788157552791868758e-09
4.780068558186130862e-09
4.771993955344815324e-09
4.763928528609196277e-09
4.755875206676711193e-09
4.747831710872808412e-09
4.739800292400130680e-09
4.731781594807469310e-09
4.723773103267817821e-09
4.715775914976908555e-09
4.707789328766596001e-09
4.699815231387260531e-09
4.691853843821877829e-09
4.683902413918458073e-09
4.675962911643033388e-09
4.668034248853094403e-09
4.660116936569573896e-09
4.652213187589160132e-09
4.644318085732110258e-09
4.636436495071868312e-09
4.628564783086422813e-09
4.620706986871802163e-09
4.612859148426409105e-09
4.605022858039816255e-09
4.597197938935110149e-09
4.589383801170634790e-09
4.581580875062185042e-09
4.573791375829674775e-09
4.566010661842650773e-09
4.558243222061404853e-09
4.550485297952719940e-09
4.542741483597978770e-09
4.535007641832790566e-09
4.527285526710747033e-09
4.519573791667093256e-09
4.511873755604899325e-09
4.504184649018886333e-09
4.496509549311335410e-09
4.488842168336004116e-09
4.481188683483828132e-09
4.473544658101447115e-09
4.465914595045787171e-09
4.458294584948694092e-09
4.450685664591585452e-09
4.443088578382852897e-09
4.435502032821171012e-09
4.427926975755577685e-09
4.420365328466549614e-09
4.412812195823836468e-09
4.405272353204745385e-09
4.397742218378750111e-09
4.390225438264340984e-09
4.382719952797960263e-09
4.375224653935381193e-09
4.367741261594415325e-09
4.360268053829645311e-09
4.352805614600660355e-09
4.345356567014869983e-09
4.337917325255547755e-09
4.330489438554226006e-09
4.323072160618650602e-09
4.315666186863760458e-09
4.308274200007880702e-09
4.300891057530706008e-09
4.293520075591722720e-09
4.286158508657647367e-09
4.278809110233654533e-09
4.271470425969653856e-09
4.264145753719790159e-09
4.256828201505176221e-09
4.249524715055577890e-09
4.242230335372682176e-09
4.234949509939670234e-09
4.227679125498338842e-09
4.220419175925483518e-09
4.213171065892464114e-09
4.205933083162399413e-09
4.198705945206358299e-09
4.191491887686637951e-09
4.184287864817537331e-09
4.177094192659764878e-09
4.169912428117530482e-09
4.162741211339160591e-09
4.155583901710056782e-09
4.148434922002348159e-09
4.141297586996714380e-09
4.134171112793569033e-09
4.127055283354098352e-09
4.119949554473509681e-09
4.112857520644806227e-09
4.105774158743221793e-09
4.098702534223406179e-09
4.091640953141225862e-09
4.084590429127174225e-09
4.077553867140631754e-09
4.070525673827117729e-09
4.063509327315299580e-09
4.056502758861868643e-09
4.049507467032097168e-09
4.042522676851946383e-09
4.035551512564040378e-09
4.028588463599623061e-09
4.021637007861107287e-09
4.014695975855520814e-09
4.007766168738595687e-09
4.000849862144126273e-09
3.993941786410197313e-09
3.987045102130422578e-09
3.980159265765745049e-09
3.973283719780591357e-09
3.966418470878350468e-09
3.959566690422527731e-09
3.952723550661572715e-09
3.945891246961451585e-09
3.939069999704110594e-09
3.932259229085488458e-09
3.925462004135578420e-09
3.918672959744301129e-09
3.911894969007357451e-09
3.905128047188897346e-09
3.898370749904020044e-09
3.891623885214216294e-09
3.884888596526738692e-09
3.878165042540716570e-09
3.871449293789554110e-09
3.864746743235225667e-09
3.858052426308604979e-09
3.851370914744851746e-09
3.844700610320717980e-09
3.838039672645429573e-09
3.831389837249666703e-09
3.824748890815617319e-09
3.818119577085636150e-09
3.811500562742804283e-09
3.804894827310194648e-09
3.798296317594567206e-09
3.791709762994477462e-09
3.785132909897953700e-09
3.778566920008470373e-09
3.772014331361716036e-09
3.765469439256427715e-09
3.758935350669095659e-09
3.752412386822158582e-09
3.745898794834988395e-09
3.739395307807156320e-09
3.732903095420976240e-09
3.726423118442407618e-09
3.719950314035314692e-09
3.713490473124799244e-09
3.707038972413542849e-09
3.700598952738922288e-09
3.694171711766910563e-09
3.687751777516665122e-09
3.681343338595743882e-09
3.674944447229302601e-09
3.668555832624986361e-09
3.662176510918458160e-09
3.655809500999786178e-09
3.649452637321273008e-09
3.643103573206055629e-09
3.636767523156833644e-09
3.630439075499814623e-09
3.624122603895784209e-09
3.617818301330342688e-09
3.611521770371642923e-09
3.605236415708114277e-09
3.598960277170851800e-09
3.592694548390412956e-09
3.586438326505942025e-09
3.580194401894292796e-09
3.573960429004663893e-09
3.567733847911996401e-09
3.561520671504949047e-09
3.555315131592879476e-09
3.549121304720886685e-09
3.542939446845866853e-09
3.536764997381668584e-09
3.530601547350176814e-09
3.524447989804564626e-09
3.518303890758154354e-09
3.512169201515402363e-09
3.506045520579660674e-09
3.499933653191403274e-09
3.493828537238422194e-09
3.487735859388491799e-09
3.481651137048150127e-09
3.475577358505773841e-09
3.469516238678991765e-09
3.463462027219137167e-09
3.457418163144537347e-09
3.451384797714411053e-09
3.445359499990956049e-09
3.439344943495965451e-09
3.433339604236366146e-09
3.427347235224937236e-09
3.421361431384378388e-09
3.415386072139505341e-09
3.409420653405108637e-09
3.403464489601158009e-09
3.397520217288742059e-09
3.391585409995220855e-09
3.385659338964589931e-09
3.379743654977602432e-09
3.373836776888236834e-09
3.367940049463370992e-09
3.362052312597643397e-09
3.356175855421520618e-09
3.350310168449212868e-09
3.344450712602651444e-09
3.338604205137906359e-09
3.332765097880192050e-09
3.326936714465384110e-09
3.321120731101168008e-09
3.315311309540493771e-09
3.309512221314708504e-09
3.303723114328263336e-09
3.297942221624542452e-09
3.292171428929049444e-09
3.286409717360100246e-09
3.280660117542602157e-09
3.274918444925945931e-09
3.269184819730783359e-09
3.263463298322997638e-09
3.257748943214094310e-09
3.252045317522384779e-09
3.246353801825939199e-09
3.240668667099607616e-09
3.234993479979721260e-09
3.229328370745489528e-09
3.223670736174718025e-09
3.218023661768385784e-09
3.212385231905854693e-09
3.206758916858982572e-09
3.201139987925348438e-09
3.195528901517757814e-09
3.189929960828466664e-09
3.184337764337779527e-09
3.178756297007633138e-09
3.173186703616703363e-09
3.167623518314300864e-09
3.162070149545288960e-09
3.156526756773980410e-09
3.150990974042366381e-09
3.145465393567809723e-09
3.139948527535387618e-09
3.134443146164451548e-09
3.128946299471394463e-09
3.123455991189066764e-09
3.117978416274618417e-09
3.112507567405427001e-09
3.107046846705124312e-09
3.101598166027057760e-09
3.096156023686328994e-09
3.090723057772222117e-09
3.085299712697798941e-09
3.079884638897065814e-09
3.074478998565959166e-09
3.069081500150419461e-09
3.063693711447013907e-09
3.058317626231269002e-09
3.052947275693564317e-09
3.047587421499571644e-09
3.042236038260441416e-09
3.036893407923249682e-09
3.031561013064322399e-09
3.026239131057874396e-09
3.020923575054706261e-09
3.015617831389013705e-09
3.010321385701631831e-09
3.005032018153101543e-09
2.999752693102663794e-09
2.994481644728233088e-09
2.989222176457372312e-09
2.983970061256593068e-09
2.978724469522884379e-09
2.973491202724767893e-09
2.968264201099586015e-09
2.963046861700653241e-09
2.957841203377367030e-09
2.952642333325860484e-09
2.947451746192337849e-09
2.942270596253608222e-09
2.937097825237977639e-09
2.931933393353736618e-09
2.926777651704127487e-09
2.921630672527980851e-09
2.916495590538383333e-09
2.911366206483039297e-09
2.906244965936381044e-09
2.901135004748196454e-09
2.896031194656561253e-09
2.890937553003003932e-09
2.885855122273293303e-09
2.880778558800725268e-09
2.875710836067246920e-09
2.870652279771750295e-09
2.865601656175602880e-09
2.860559472465786333e-09
2.855525517781720243e-09
2.850500039559275070e-09
2.845486535328773931e-09
2.840478490437303705e-09
2.835478481043146371e-09
2.830489350016388943e-09
2.825506213875851921e-09
2.820532856861137332e-09
2.815570694585033598e-09
2.810614671570106258e-09
2.805666843332022760e-09
2.800728123437258465e-09
2.795797183439229686e-09
2.790874161430094180e-09
2.785959841297495940e-09
2.781053645815850751e-09
2.776158799241208288e-09
2.771270267709092532e-09
2.766387999296900803e-09
2.761517636103512811e-09
2.756653160487620906e-09
2.751797700963544274e-09
2.746952660492053941e-09
2.742115416585660550e-09
2.737284808067224675e-09
2.732463177490868786e-09
2.727650574643673714e-09
2.722844353599956427e-09
2.718047450282535689e-09
2.713258099345285315e-09
2.708478352084506755e-09
2.703708107561996835e-09
2.698942993736362078e-09
2.694187591478496419e-09
2.689440736750725116e-09
2.684700630729712844e-09
2.679970208915516695e-09
2.675250235235436853e-09
2.670535180701162745e-09
2.665829006220859543e-09
2.661131355610762277e-09
2.656441125906081160e-09
2.651758656079816727e-09
2.647084153180528897e-09
2.642417612718084850e-09
2.637761928614680420e-09
2.633112473028146778e-09
2.628469055026110526e-09
2.623836951056170437e-09
2.619210535130640047e-09
2.614592616941826269e-09
2.609983756966829110e-09
2.605384576751725101e-09
2.600790642262886598e-09
2.596205330529229486e-09
2.591628547205417891e-09
2.587058034468365635e-09
2.582496457604590074e-09
2.577941933820343179e-09
2.573395253792860469e-09
2.568860079089421904e-09
2.564329845119124769e-09
2.559805811191277210e-09
2.555293134331665134e-09
2.550785870448003548e-09
2.546287091486190408e-09
2.541797383809932652e-09
2.537316490014696063e-09
2.532841116627684047e-09
2.528373878092406057e-09
2.523915210674370647e-09
2.519463010567323758e-09
2.515019118620194160e-09
2.510582230253867558e-09
2.506153280482102995e-09
2.501735034815464273e-09
2.497322111655081189e-09
2.492915171585498751e-09
2.488519229302523052e-09
2.484128735949347778e-09
2.479746446603855673e-09
2.475372516706415328e-09
2.471008475927743503e-09
2.466648756135099312e-09
2.462297622517135226e-09
2.457954398977622478e-09
2.453618105763890736e-09
2.449288832101452229e-09
2.444967380814068557e-09
2.440653092738994520e-09
2.436348499674066960e-09
2.432051307567891237e-09
2.427759081559688684e-09
2.423475953710092343e-09
2.419200785706268895e-09
2.414931294988905991e-09
2.410670530203805716e-09
2.406419772728348604e-09
2.402174292883440846e-09
2.397935549932501567e-09
2.393705047901094618e-09
2.389482388584638551e-09
2.385265117175907523e-09
2.381056862949009021e-09
2.376854799549788750e-09
2.372660209894245226e-09
2.368476738088537422e-09
2.364297400721741339e-09
2.360123834319703230e-09
2.355961168975880340e-09
2.351803411863794026e-09
2.347653540082858998e-09
2.343511621144444584e-09
2.339379398978226447e-09
2.335251245688119392e-09
2.331130999856079571e-09
2.327018274053714026e-09
2.322912727606335925e-09
2.318813191433312222e-09
2.314721775942232536e-09
2.310636852555474025e-09
2.306559849707858314e-09
2.302492741511608651e-09
2.298429536332317054e-09
2.294373071657078963e-09
2.290326344030608887e-09
2.286284583233422359e-09
2.282250715640916117e-09
2.278224693585680328e-09
2.274207678715385771e-09
2.270194641381882540e-09
2.266189615035937327e-09
2.262191967588922690e-09
2.258200974295315963e-09
2.254215981327376293e-09
2.250239026433272366e-09
2.246268141789442224e-09
2.242304854790160220e-09
2.238351671295412427e-09
2.234402165836324769e-09
2.230458853837024731e-09
2.226525578807779538e-09
2.222596763835563913e-09
2.218675436409857045e-09
2.214761786324158895e-09
2.210857569047128554e-09
2.206957099543194783e-09
2.203064100036492008e-09
2.199178300224672310e-09
2.195299549724439171e-09
2.191425868756999578e-09
2.187560820902076621e-09
2.183701433701297176e-09
2.179848918641308097e-09
2.176006954405265822e-09
2.172169006426814561e-09
2.168336007006395509e-09
2.164512824699985805e-09
2.160695323680313106e-09
2.156883876410180915e-09
2.153080308509978168e-09
2.149285751271480845e-09
2.145495946168821213e-09
2.141711940751571340e-09
2.137935361973184934e-09
2.134166221751111576e-09
2.130402527236339431e-09
2.126645734331039204e-09
2.122895212848684860e-09
2.119151421320015840e-09
2.115415828912408822e-09
2.111687722411724849e-09
2.107963855240879685e-09
2.104246561356756144e-09
2.100538078154387994e-09
2.096834131239471087e-09
2.093137516908174012e-09
2.089448006455986938e-09
2.085767510560688039e-09
2.082090497021456150e-09
2.078420087445766081e-09
2.074756849764090786e-09
2.071100643857535249e-09
2.067449088159998983e-09
2.063805579547831528e-09
2.060167378729726695e-09
2.056535625569946741e-09
2.052912952483823415e-09
2.049295898961667352e-09
2.045683164211197102e-09
2.042077791726254721e-09
2.038480554536435853e-09
2.034887341560899671e-09
2.031301641256335637e-09
2.027723090679569009e-09
2.024152847462794660e-09
2.020586006226125931e-09
2.017026264001704899e-09
2.013473054821306797e-09
2.009926646744927320e-09
2.006384725997287938e-09
2.002850790851313162e-09
1.999322073604245129e-09
1.995799744998667490e-09
1.992286181441989526e-09
1.988778276282771945e-09
1.985274465510411846e-09
1.977661984876853512e-09
1.974181790895759068e-09
1.970705643290170575e-09
1.967236616494569202e-09
1.963774390193054490e-09
1.943871562994033322e-09
1.940454725152906105e-09
1.937043929823502089e-09
1.933640184348739043e-09
1.922008584913345249e-09
1.918633013020697323e-09
1.915264254962470705e-09
1.911900971447495724e-09
1.892055361370239355e-09
1.888738955328725124e-09
1.885430470052825405e-09
1.882125389930892298e-09
1.878825563535560485e-09
1.867297643759479828e-09
1.864027280817744245e-09
1.860763032071565636e-09
1.857505679663474717e-09
1.837763791491625019e-09
1.834550969449010462e-09
1.831342937304274500e-09
1.828141571237018642e-09
1.816691946389834179e-09
1.813518419054867725e-09
1.810349820823514014e-09
1.807188715569538879e-09
1.787506170779520184e-09
1.784387731014269116e-09
1.781278122298245206e-09
1.778172721400139042e-09
1.775071308925642514e-09
1.763721873600783424e-09
1.760650499806740488e-09
1.757582792685362102e-09
1.754521803732454623e-09
1.734942384356095297e-09
1.731926514741464204e-09
1.728913611229233126e-09
1.725906244824421207e-09
1.714635598994581641e-09
1.711657017007890465e-09
1.708682409351884676e-09
1.705713287287714756e-09
1.702750733598566209e-09
1.683271752074672641e-09
1.680350316465672177e-09
1.677438158471201713e-09
1.674529177573575351e-09
1.663356802519874366e-09
1.660474449955410754e-09
1.657598490519639036e-09
1.654726073707465899e-09
1.635312834337322994e-09
1.632484983812340186e-09
1.629662248870882777e-09
1.626842279395802219e-09
1.615747737267945058e-09
1.612955661874688312e-09
1.610168695997773287e-09
1.607385754207791322e-09
1.604608014847047948e-09
1.585297105443200811e-09
1.582561434890960685e-09
1.579829192439830245e-09
1.577105718462468427e-09
1.566110476310142037e-09
1.563410029344698224e-09
1.560715123111415202e-09
1.558026647552055770e-09
1.538755702378325872e-09
1.536108700058328209e-09
1.533466333062534545e-09
1.530828960094886194e-09
1.519871411540368416e-09
1.517257578007502400e-09
1.514649383791692184e-09
1.512046257015169271e-09
1.509447173455925032e-09
1.490177922794570924e-09
1.487621475474566889e-09
1.485067959595174223e-09
1.482517630194482315e-09
1.471606913187111737e-09
1.469084838582528527e-09
1.466565571428659977e-09
1.464050027985322886e-09
1.444748460618848108e-09
1.442275740158808497e-09
1.439806596452284150e-09
1.437342866159888542e-09
1.426457581226053750e-09
1.424018475662031253e-09
1.421582114040344736e-09
1.419150963448176355e-09
1.416724957276243770e-09
1.397424258187221975e-09
1.395038241795671788e-09
1.392656581702582642e-09
1.390279702419190399e-09
1.379437079392005049e-09
1.377082564657117419e-09
1.374735945745774233e-09
1.372392298972638745e-09
1.353055268161831282e-09
1.350751403566064279e-09
1.348453170771336707e-09
1.346157534617227251e-09
1.335339257653116005e-09
1.333068815993945418e-09
1.330802877162496292e-09
1.328539527909569443e-09
1.309167189845867748e-09
1.306944431604691845e-09
1.304726010451182885e-09
1.302511172204249724e-09
1.300299360342230458e-09
1.289523512874742588e-09
1.287336342668065538e-09
1.285151962804152096e-09
1.282970748530560995e-09
1.263602356385767104e-09
1.261463283063861930e-09
1.259326533677629166e-09
1.257194082506703076e-09
1.246441071955055749e-09
1.244332361870583705e-09
1.242227899522762812e-09
1.240127465620966880e-09
1.220723057808689868e-09
1.218661640236295385e-09
1.216602903206208521e-09
1.214548149903537442e-09
1.203815727167388120e-09
1.201784924741493525e-09
1.199757123258163923e-09
1.197732791118874667e-09
1.178292302346429309e-09
1.176306971730437636e-09
1.174324219202405896e-09
1.172347602864720487e-09
1.170374148149108356e-09
1.159680767617784964e-09
1.157728397749469854e-09
1.155782187409921260e-09
1.153838110368216012e-09
1.134396675861627005e-09
1.132492072659311433e-09
1.130591190174539708e-09
1.128693002990518355e-09
1.118019127546551164e-09
1.116142334335245394e-09
1.114270057117419265e-09
1.112401112504551921e-09
1.092924760869842549e-09
1.091092918562114405e-09
1.089266364913217734e-09
1.087441681706132555e-09
1.076786623746553903e-09
1.074983714362568881e-09
1.073187155487166921e-09
1.071392044053273869e-09
1.051879080185507585e-09
1.050121909084816384e-09
1.048369070687295440e-09
1.046618320443858512e-09
1.044870506324524618e-09
1.034255631234393435e-09
1.032531192007503320e-09
1.030808607111340019e-09
1.029088071905439797e-09
1.009575203792432094e-09
1.007894378344413505e-09
1.006216218843110965e-09
1.004540246856176216e-09
9.939418475797244864e-10
9.922889480524559487e-10
9.906373808801994940e-10
9.889876465608787192e-10
9.694395846360794352e-10
9.678310123468581273e-10
9.662238190190289927e-10
9.646179809136665039e-10
9.540384660744472651e-10
9.524561422946033691e-10
9.508758012105426719e-10
9.492985069057923662e-10
9.297161766026966529e-10
9.281770628940211656e-10
9.266397626041097212e-10
9.251044270441848794e-10
9.145410652284381436e-10
9.130281151779736769e-10
9.115177911539719107e-10
9.100095892999207317e-10
8.903901999640679204e-10
8.889199780484091866e-10
8.874510840147833733e-10
8.859839505357133833e-10
8.845197912285367699e-10
8.739943068903750293e-10
8.725523481409415331e-10
8.711117681656213497e-10
8.696742586033895047e-10
8.500559119123025458e-10
8.486556632393120145e-10
8.472578419479967173e-10
8.458632149588072991e-10
8.353528901746011453e-10
8.339785440716479402e-10
8.326057477038172112e-10
8.312352983189554450e-10
8.115808308833191681e-10
8.102479022569855881e-10
8.089173888584177454e-10
8.075880822573055068e-10
7.970929750774760131e-10
7.957847581298877618e-10
7.944781649308963234e-10
7.931735597397852122e-10
7.734849602833195650e-10
7.722182147754246582e-10
7.709533124490303005e-10
7.696897081297821756e-10
7.592112186134180912e-10
7.579689377690969410e-10
7.567283908479519401e-10
7.554912832274639062e-10
7.357678471837535594e-10
7.345662740683633602e-10
7.333662717872577702e-10
7.321682386756791690e-10
7.217031985196288613e-10
7.205253561095811910e-10
7.193499721196128621e-10
7.181766551809294058e-10
6.984169813724236848e-10
6.972792920007980483e-10
6.961428375507016343e-10
6.950082013971964667e-10
6.845574955493369205e-10
6.834446224261868840e-10
6.823326857680713489e-10
6.812222054552445894e-10
6.614281228166253216e-10
6.603544442434659367e-10
6.592817520069959320e-10
6.582106821353762374e-10
6.477761322976797887e-10
6.467256673629714139e-10
6.456764156906391934e-10
6.446286844669783694e-10
6.435828156160157666e-10
6.237876741812674419e-10
6.227769356370291493e-10
6.217686281369349150e-10
6.207622402310476600e-10
6.103572238688307129e-10
6.093694200966774962e-10
6.083828249735435515e-10
6.073979994100930182e-10
5.875681535435720525e-10
5.866198614894508624e-10
5.856725147134359330e-10
5.847266723587132296e-10
5.743350814271856931e-10
5.734091015773447239e-10
5.724837962877744459e-10
5.715600970883042570e-10
5.516977456209615413e-10
5.508098897339051058e-10
5.499228143686844109e-10
5.490372686484499895e-10
5.386590904361000191e-10
5.377919630209540753e-10
5.369261572842966505e-10
5.360627343847389150e-10
5.161658289900270734e-10
5.153364403004896564e-10
5.145083152852149308e-10
5.136819602843584034e-10
5.033159595587466746e-10
5.025076383245427609e-10
5.017015179995964335e-10
5.008972295198898587e-10
4.809661457311170635e-10
4.801953337256590500e-10
4.794267390961016145e-10
4.786590865473660718e-10
4.683060310908061809e-10
4.675571909558432630e-10
4.668104438411206661e-10
4.660639653235583387e-10
4.460992206051359502e-10
4.453867395819533145e-10
4.446754857166683076e-10
4.439648814214342574e-10
4.336234862473561163e-10
4.329324106025788004e-10
4.322420361188629693e-10
4.315520426089605972e-10
4.115535096126477207e-10
4.108975752101330855e-10
4.102427788282424647e-10
4.095888567770916629e-10
3.992600194723068602e-10
3.986252861589337884e-10
3.979911465730181663e-10
3.973575757366898590e-10
3.773267627563254675e-10
3.767274151528241657e-10
3.761291301311990907e-10
3.755326530929084040e-10
3.652157777155906313e-10
3.646367717184205509e-10
3.640583455787540815e-10
3.634808438771008301e-10
3.434164371215135750e-10
3.428719533068329392e-10
3.423287416281896102e-10
3.417874815857277838e-10
3.314808972716102047e-10
3.309562056339307619e-10
3.304323280182310764e-10
3.299092339883307160e-10
3.098117383715339584e-10
3.093216855283492421e-10
3.088336968789539723e-10
3.083466136745641383e-10
2.980507292827940990e-10
2.975802343722287820e-10
2.971112721515325925e-10
2.966425414449909702e-10
2.765132163958527674e-10
2.760780741419874176e-10
2.756445309022025420e-10
2.653432126934660953e-10
2.649258141013644283e-10
2.645092627003372220e-10
2.640931074524008254e-10
2.438989580902609002e-10
2.435151992905259715e-10
2.431333355585920021e-10
2.427519404581878238e-10
2.324604888212293470e-10
2.320953700575068963e-10
2.317312550422101912e-10
2.313672320293365321e-10
2.111411829716672272e-10
2.108099730862967782e-10
2.104805994040772605e-10
2.101512257218848848e-10
1.998700448416019410e-10
1.995574114554749247e-10
1.992457100509264880e-10
1.989340086464459059e-10
1.786773091281198220e-10
1.783988783681468494e-10
1.781210030300474571e-10
1.778431276919344939e-10
1.675722234510817957e-10
1.673109620996752264e-10
1.670497940797744921e-10
1.667886260598466159e-10
1.465005538176952169e-10
1.462727850105155347e-10
1.460450162033222815e-10
1.458172473961154575e-10
1.355558608134003873e-10
1.353447838356161969e-10
1.351337068578184356e-10
1.349226298800206742e-10
1.146041667392059458e-10
1.144263824130479130e-10
1.142485980869102366e-10
1.140708137607589892e-10
1.038196083479765724e-10
1.036588027669746728e-10
1.034979971859727732e-10
1.033371916049640881e-10
8.298905555384489871e-11
8.286075448196480468e-11
8.273245341009149612e-11
8.260415233821140209e-11
7.236231060828190557e-11
7.225006485265886826e-11
7.213781909702904549e-11
5.172710948205784568e-11
5.164695933703331212e-11
5.156680919200538583e-11
5.148665904698085227e-11
4.123780183220346165e-11
4.117369191929765225e-11
4.110958200639184931e-11
4.104547209348264718e-11
2.187445576290670553e-11
2.184041384006775525e-11
2.180637191723389406e-11
2.177232999439833651e-11
6.435852211471097532e-12
6.425834565314738613e-12
6.415816919158803784e-12
6.405799273002444864e-12
0.000000000000000000e+00
0.000000000000000000e+00
0.000000000000000000e+00
0.000000000000000000e+00
0.000000000000000000e+00
0.000000000000000000e+00
0.000000000000000000e+00
0.000000000000000000e+00
0.000000000000000000e+00
0.000000000000000000e+00
0.000000000000000000e+00
0.000000000000000000e+00
0.000000000000000000e+00
0.000000000000000000e+00
0.000000000000000000e+00
0.000000000000000000e+00
0.000000000000000000e+00
0.000000000000000000e+00
0.000000000000000000e+00
0.000000000000000000e+00
0.000000000000000000e+00
0.000000000000000000e+00
0.000000000000000000e+00
0.000000000000000000e+00
0.000000000000000000e+00
0.000000000000000000e+00
0.000000000000000000e+00
0.000000000000000000e+00
0.000000000000000000e+00
0.000000000000000000e+00
0.000000000000000000e+00
0.000000000000000000e+00
0.000000000000000000e+00
0.000000000000000000e+00
0.000000000000000000e+00
0.000000000000000000e+00
0.000000000000000000e+00
0.000000000000000000e+00
0.000000000000000000e+00
0.000000000000000000e+00
0.000000000000000000e+00
0.000000000000000000e+00
0.000000000000000000e+00
0.000000000000000000e+00
0.000000000000000000e+00
0.000000000000000000e+00
0.000000000000000000e+00
0.000000000000000000e+00
0.000000000000000000e+00
0.000000000000000000e+00
0.000000000000000000e+00
0.000000000000000000e+00
0.000000000000000000e+00
0.000000000000000000e+00
0.000000000000000000e+00
0.000000000000000000e+00
0.000000000000000000e+00
0.000000000000000000e+00
0.000000000000000000e+00
0.000000000000000000e+00
0.000000000000000000e+00
0.000000000000000000e+00
0.000000000000000000e+00
0.000000000000000000e+00
0.000000000000000000e+00
0.000000000000000000e+00
0.000000000000000000e+00
0.000000000000000000e+00
0.000000000000000000e+00
0.000000000000000000e+00
0.000000000000000000e+00
0.000000000000000000e+00
0.000000000000000000e+00
0.000000000000000000e+00
0.000000000000000000e+00
0.000000000000000000e+00
0.000000000000000000e+00
0.000000000000000000e+00
0.000000000000000000e+00
0.000000000000000000e+00
0.000000000000000000e+00
0.000000000000000000e+00
0.000000000000000000e+00
0.000000000000000000e+00
0.000000000000000000e+00
0.000000000000000000e+00
0.000000000000000000e+00
0.000000000000000000e+00
0.000000000000000000e+00
0.000000000000000000e+00
0.000000000000000000e+00
0.000000000000000000e+00
0.000000000000000000e+00
0.000000000000000000e+00
0.000000000000000000e+00
0.000000000000000000e+00
0.000000000000000000e+00
0.000000000000000000e+00
0.000000000000000000e+00
0.000000000000000000e+00
0.000000000000000000e+00
0.000000000000000000e+00
0.000000000000000000e+00
0.000000000000000000e+00
0.000000000000000000e+00
0.000000000000000000e+00
0.000000000000000000e+00
0.000000000000000000e+00
0.000000000000000000e+00
0.000000000000000000e+00
0.000000000000000000e+00
0.000000000000000000e+00
0.000000000000000000e+00
0.000000000000000000e+00
0.000000000000000000e+00
0.000000000000000000e+00
0.000000000000000000e+00
0.000000000000000000e+00
0.000000000000000000e+00
0.000000000000000000e+00
0.000000000000000000e+00
0.000000000000000000e+00
0.000000000000000000e+00
0.000000000000000000e+00
0.000000000000000000e+00
0.000000000000000000e+00
0.000000000000000000e+00
0.000000000000000000e+00
0.000000000000000000e+00
0.000000000000000000e+00
0.000000000000000000e+00
0.000000000000000000e+00
0.000000000000000000e+00
0.000000000000000000e+00
0.000000000000000000e+00
0.000000000000000000e+00
0.000000000000000000e+00
0.000000000000000000e+00
0.000000000000000000e+00
0.000000000000000000e+00
0.000000000000000000e+00
0.000000000000000000e+00
0.000000000000000000e+00
0.000000000000000000e+00
0.000000000000000000e+00
0.000000000000000000e+00
0.000000000000000000e+00
0.000000000000000000e+00
0.000000000000000000e+00
0.000000000000000000e+00
0.000000000000000000e+00
0.000000000000000000e+00
0.000000000000000000e+00
0.000000000000000000e+00
0.000000000000000000e+00
0.000000000000000000e+00
0.000000000000000000e+00
0.000000000000000000e+00
0.000000000000000000e+00
0.000000000000000000e+00
0.000000000000000000e+00
0.000000000000000000e+00
0.000000000000000000e+00
0.000000000000000000e+00
0.000000000000000000e+00
0.000000000000000000e+00
0.000000000000000000e+00
0.000000000000000000e+00
0.000000000000000000e+00
0.000000000000000000e+00
0.000000000000000000e+00
0.000000000000000000e+00
0.000000000000000000e+00
0.000000000000000000e+00
0.000000000000000000e+00
0.000000000000000000e+00
0.000000000000000000e+00
0.000000000000000000e+00
0.000000000000000000e+00
0.000000000000000000e+00
0.000000000000000000e+00
0.000000000000000000e+00
0.000000000000000000e+00
0.000000000000000000e+00
0.000000000000000000e+00
0.000000000000000000e+00
0.000000000000000000e+00
0.000000000000000000e+00
0.000000000000000000e+00
0.000000000000000000e+00
0.000000000000000000e+00
0.000000000000000000e+00
0.000000000000000000e+00
0.000000000000000000e+00
0.000000000000000000e+00
0.000000000000000000e+00
0.000000000000000000e+00
0.000000000000000000e+00
0.000000000000000000e+00
0.000000000000000000e+00
0.000000000000000000e+00
0.000000000000000000e+00
0.000000000000000000e+00
0.000000000000000000e+00
0.000000000000000000e+00
0.000000000000000000e+00
0.000000000000000000e+00
0.000000000000000000e+00
0.000000000000000000e+00
0.000000000000000000e+00
0.000000000000000000e+00
0.000000000000000000e+00
0.000000000000000000e+00
0.000000000000000000e+00
0.000000000000000000e+00
0.000000000000000000e+00
0.000000000000000000e+00
0.000000000000000000e+00
0.000000000000000000e+00
0.000000000000000000e+00
0.000000000000000000e+00
0.000000000000000000e+00
0.000000000000000000e+00
0.000000000000000000e+00
0.000000000000000000e+00
0.000000000000000000e+00
0.000000000000000000e+00
0.000000000000000000e+00
0.000000000000000000e+00
0.000000000000000000e+00
0.000000000000000000e+00
0.000000000000000000e+00
0.000000000000000000e+00
0.000000000000000000e+00
0.000000000000000000e+00
0.000000000000000000e+00
0.000000000000000000e+00
0.000000000000000000e+00
0.000000000000000000e+00
0.000000000000000000e+00
0.000000000000000000e+00
0.000000000000000000e+00
0.000000000000000000e+00
0.000000000000000000e+00
0.000000000000000000e+00
0.000000000000000000e+00
0.000000000000000000e+00
0.000000000000000000e+00
0.000000000000000000e+00
0.000000000000000000e+00
0.000000000000000000e+00
0.000000000000000000e+00
0.000000000000000000e+00
0.000000000000000000e+00
0.000000000000000000e+00
0.000000000000000000e+00
0.000000000000000000e+00
0.000000000000000000e+00
0.000000000000000000e+00
0.000000000000000000e+00
0.000000000000000000e+00
0.000000000000000000e+00
0.000000000000000000e+00
0.000000000000000000e+00
0.000000000000000000e+00
0.000000000000000000e+00
0.000000000000000000e+00
0.000000000000000000e+00
0.000000000000000000e+00
0.000000000000000000e+00
0.000000000000000000e+00
0.000000000000000000e+00
0.000000000000000000e+00
0.000000000000000000e+00
0.000000000000000000e+00
0.000000000000000000e+00
0.000000000000000000e+00
0.000000000000000000e+00
0.000000000000000000e+00
0.000000000000000000e+00
0.000000000000000000e+00
0.000000000000000000e+00
0.000000000000000000e+00
0.000000000000000000e+00
0.000000000000000000e+00
0.000000000000000000e+00
0.000000000000000000e+00
0.000000000000000000e+00
0.000000000000000000e+00
0.000000000000000000e+00
0.000000000000000000e+00
0.000000000000000000e+00
0.000000000000000000e+00
0.000000000000000000e+00
0.000000000000000000e+00
0.000000000000000000e+00
0.000000000000000000e+00
0.000000000000000000e+00
0.000000000000000000e+00
0.000000000000000000e+00
0.000000000000000000e+00
0.000000000000000000e+00
0.000000000000000000e+00
0.000000000000000000e+00
0.000000000000000000e+00
0.000000000000000000e+00
0.000000000000000000e+00
0.000000000000000000e+00
0.000000000000000000e+00
0.000000000000000000e+00
0.000000000000000000e+00
0.000000000000000000e+00
0.000000000000000000e+00
0.000000000000000000e+00
0.000000000000000000e+00
0.000000000000000000e+00
0.000000000000000000e+00
0.000000000000000000e+00
0.000000000000000000e+00
0.000000000000000000e+00
0.000000000000000000e+00
0.000000000000000000e+00
0.000000000000000000e+00
0.000000000000000000e+00
0.000000000000000000e+00
0.000000000000000000e+00
0.000000000000000000e+00
0.000000000000000000e+00
0.000000000000000000e+00
0.000000000000000000e+00
0.000000000000000000e+00
0.000000000000000000e+00
0.000000000000000000e+00
0.000000000000000000e+00
0.000000000000000000e+00
0.000000000000000000e+00
0.000000000000000000e+00
0.000000000000000000e+00
0.000000000000000000e+00
0.000000000000000000e+00
0.000000000000000000e+00
0.000000000000000000e+00
0.000000000000000000e+00
0.000000000000000000e+00
0.000000000000000000e+00
0.000000000000000000e+00
0.000000000000000000e+00
0.000000000000000000e+00
0.000000000000000000e+00
0.000000000000000000e+00
0.000000000000000000e+00
0.000000000000000000e+00
0.000000000000000000e+00
0.000000000000000000e+00
0.000000000000000000e+00
0.000000000000000000e+00
0.000000000000000000e+00
0.000000000000000000e+00
0.000000000000000000e+00
0.000000000000000000e+00
0.000000000000000000e+00
0.000000000000000000e+00
0.000000000000000000e+00
0.000000000000000000e+00
0.000000000000000000e+00
0.000000000000000000e+00
0.000000000000000000e+00
0.000000000000000000e+00
0.000000000000000000e+00
0.000000000000000000e+00
0.000000000000000000e+00
0.000000000000000000e+00
0.000000000000000000e+00
0.000000000000000000e+00
0.000000000000000000e+00
0.000000000000000000e+00
0.000000000000000000e+00
0.000000000000000000e+00
0.000000000000000000e+00
0.000000000000000000e+00
0.000000000000000000e+00
0.000000000000000000e+00
0.000000000000000000e+00
0.000000000000000000e+00
0.000000000000000000e+00
0.000000000000000000e+00
0.000000000000000000e+00
0.000000000000000000e+00
0.000000000000000000e+00
0.000000000000000000e+00
0.000000000000000000e+00
0.000000000000000000e+00
0.000000000000000000e+00
0.000000000000000000e+00
0.000000000000000000e+00
0.000000000000000000e+00
0.000000000000000000e+00
0.000000000000000000e+00
0.000000000000000000e+00
0.000000000000000000e+00
0.000000000000000000e+00
0.000000000000000000e+00
0.000000000000000000e+00
0.000000000000000000e+00
0.000000000000000000e+00
0.000000000000000000e+00
0.000000000000000000e+00
0.000000000000000000e+00
0.000000000000000000e+00
0.000000000000000000e+00
0.000000000000000000e+00
0.000000000000000000e+00
0.000000000000000000e+00
0.000000000000000000e+00
0.000000000000000000e+00
0.000000000000000000e+00
0.000000000000000000e+00
0.000000000000000000e+00
0.000000000000000000e+00
0.000000000000000000e+00
0.000000000000000000e+00
0.000000000000000000e+00
0.000000000000000000e+00
0.000000000000000000e+00
0.000000000000000000e+00
0.000000000000000000e+00
0.000000000000000000e+00
0.000000000000000000e+00
0.000000000000000000e+00
0.000000000000000000e+00
0.000000000000000000e+00
0.000000000000000000e+00
0.000000000000000000e+00
0.000000000000000000e+00
0.000000000000000000e+00
0.000000000000000000e+00
0.000000000000000000e+00
0.000000000000000000e+00
0.000000000000000000e+00
0.000000000000000000e+00
0.000000000000000000e+00
0.000000000000000000e+00
0.000000000000000000e+00
0.000000000000000000e+00
0.000000000000000000e+00
0.000000000000000000e+00
0.000000000000000000e+00
0.000000000000000000e+00
0.000000000000000000e+00
0.000000000000000000e+00
0.000000000000000000e+00
0.000000000000000000e+00
0.000000000000000000e+00
0.000000000000000000e+00
0.000000000000000000e+00
0.000000000000000000e+00
0.000000000000000000e+00
0.000000000000000000e+00
0.000000000000000000e+00
0.000000000000000000e+00
0.000000000000000000e+00
0.000000000000000000e+00
0.000000000000000000e+00
0.000000000000000000e+00
0.000000000000000000e+00
