-8.333175118396649132e-13
-9.359309195337309684e-13
-1.026604912281227991e-12
-1.100924928896176320e-12
-1.154416913227037512e-12
-1.182575593807498016e-12
-1.180909161535712974e-12
-1.144942066371958277e-12
-1.070254292701294385e-12
-9.525084056580559790e-13
-7.874606858040762328e-13
-5.709867684189548126e-13
-2.990400404511484652e-13
3.224587180413289906e-14
4.265832978605650210e-13
8.875440375175569700e-13
1.418517288799935484e-12
2.022669087156608350e-12
2.703058516064822440e-12
3.462495683427710048e-12
4.303608963913464544e-12
5.228837390548065913e-12
6.240459976613634529e-12
7.340435695904572356e-12
8.530640211892705048e-12
9.812735075657022970e-12
1.118805554530336799e-11
1.265789821155266433e-11
1.422314610128934254e-11
1.588480435807166115e-11
1.764336488801193357e-11
1.949936750586918624e-11
2.145304914925808530e-11
2.350444876349622128e-11
2.565351326344061268e-11
2.789994661603927132e-11
3.024341658750789097e-11
3.268310067080438275e-11
3.521875056781554448e-11
3.784907931123970322e-11
4.057308022888882683e-11
4.338999960206056312e-11
4.629812814473712605e-11
4.929636764065210516e-11
5.238292987090493571e-11
5.555689515623825944e-11
5.881579528069406613e-11
6.215825527653405515e-11
6.558251760167784596e-11
6.908626085810875682e-11
7.266794213726302999e-11
7.632521040655135840e-11
8.005610926305665886e-11
8.385861500941033332e-11
8.773047882276825836e-11
9.166936103103963386e-11
9.567311821735143282e-11
9.973957500257175919e-11
1.038663212760447509e-10
1.080511829788187695e-10
1.122920629871837696e-10
1.165865054705570720e-10
1.209321290322034053e-10
1.253269331821334631e-10
1.297686301174438843e-10
1.342550570180860391e-10
1.387839384144195772e-10
1.433532675108572921e-10
1.479608907286123576e-10
1.526049520158381151e-10
1.572832409738842040e-10
1.619938629530022228e-10
1.667348925223987901e-10
1.715044013503581419e-10
1.763008221918356927e-10
1.811222221987095341e-10
1.859669807454886625e-10
1.908336046388185215e-10
1.957203369445965326e-10
2.006256991825296434e-10
2.055484298335277454e-10
2.104872361805567214e-10
2.154406639060964439e-10
2.204073808266714096e-10
2.253863813123411840e-10
2.303769033064227887e-10
2.353776078682022963e-10
2.403872575892501707e-10
2.454052596565182262e-10
2.504310728655840556e-10
2.554638739277198881e-10
2.605025873129147801e-10
2.655466588233932108e-10
2.705957747252652706e-10
2.756495984246776413e-10
2.807075520127225432e-10
2.857688608041506378e-10
2.908335910511659069e-10
2.959014999448257030e-10
3.009724885410938748e-10
3.060462418727542194e-10
3.111223946841451935e-10
3.162012449885892169e-10
3.212827488727218272e-10
3.263669770704116166e-10
3.314538641979942464e-10
3.365434254375426795e-10
3.416359567005133475e-10
3.467317028456024560e-10
3.518309097737537821e-10
3.569335541038801316e-10
3.620400162389744247e-10
3.671505505048149775e-10
3.722657017884323359e-10
3.773856902819968391e-10
3.825107008454861415e-10
3.876410320828295689e-10
3.927771407416546769e-10
3.979196082223986107e-10
4.030688772023467067e-10
4.082251662755563606e-10
4.133885811085606135e-10
4.185595879681814070e-10
4.237387599689877421e-10
4.289266251483410868e-10
4.341235956283021305e-10
4.393299005469995370e-10
4.445454709076440521e-10
4.497708221537723178e-10
4.550064062907854382e-10
4.602526531068404447e-10
4.655100894059725123e-10
4.707786133779646155e-10
4.760583396179374308e-10
4.813491672363257994e-10
4.866519425728998292e-10
4.919664811672099979e-10
4.972933841529140406e-10
5.026325832106838312e-10
5.079839782326398901e-10
5.133473485054882990e-10
5.187227540105766091e-10
5.241104808274926981e-10
5.295103980673121318e-10
5.349228401004269487e-10
5.403471975420524937e-10
5.457833669143758850e-10
5.512308841045531857e-10
5.566896927791033459e-10
5.621596471623324475e-10
5.676405330897354816e-10
5.731320830250459526e-10
5.786337758184218662e-10
5.841451873793263535e-10
5.896656353482739392e-10
5.951946716196067239e-10
6.007320050154091246e-10
6.062772267227566992e-10
6.118297639050129776e-10
6.173887338827095950e-10
6.229535045413794340e-10
6.285233910201432607e-10
6.340974550443097365e-10
6.396755510900618535e-10
6.452563486415200162e-10
6.508396392057430860e-10
6.564244440080361628e-10
6.620097212177266655e-10
6.675944137091584827e-10
6.731776759068768062e-10
6.787585280721077321e-10
6.843368637218912133e-10
6.899106136039541471e-10
6.954799181264154570e-10
7.010438701777862018e-10
7.066000431277867130e-10
7.121483197061941614e-10
7.176874254439925400e-10
7.232163498561045761e-10
7.287341439326893551e-10
7.342401451082798700e-10
7.397335572794393882e-10
7.452128298336573358e-10
7.506769813906202970e-10
7.561250401239505173e-10
7.615549855064492901e-10
7.669665552999419430e-10
7.723591742271960222e-10
7.777310337541685149e-10
7.830819365660234903e-10
7.884113302802330750e-10
7.937172649818715531e-10
7.989990190621469739e-10
8.042555016352677093e-10
8.094848624599170812e-10
8.146870706595109812e-10
8.198612847841574928e-10
8.250068120953228181e-10
8.301227974115032819e-10
8.352080794430837798e-10
8.402625738548647522e-10
8.452862788750255337e-10
8.502747182586944788e-10
8.552291823344218927e-10
8.601508827584367878e-10
8.650350606022702660e-10
8.698847284825285605e-10
8.746980675642885940e-10
8.794745852466065467e-10
8.842139937041298584e-10
8.889157041277784343e-10
8.935790857840631899e-10
8.982025766826046393e-10
9.027855887004686957e-10
9.073305967413684993e-10
9.118330915646117733e-10
9.162965435158820003e-10
9.207186363910297455e-10
9.251006487064657536e-10
9.294407789720039316e-10
9.337398115918521219e-10
9.379987694972604770e-10
9.422126857271443506e-10
9.463865326362197799e-10
9.505173856951708330e-10
9.546062441414861965e-10
9.586534140137945414e-10
9.626583200435483968e-10
9.666232379175234631e-10
9.705447904322271791e-10
9.744256175660173710e-10
9.782653207026248012e-10
9.820643226384623736e-10
9.858197127408484470e-10
9.895359218995147071e-10
9.932109176014149578e-10
9.968458313018277670e-10
1.000441229297285885e-09
1.003996805740239362e-09
1.007514635267906675e-09
1.010993185481054188e-09
1.014433465075567094e-09
1.017836226458652886e-09
1.021202004468338437e-09
1.024529485073626786e-09
1.027820783993661533e-09
1.031076999774754579e-09
1.034298182653238678e-09
1.037483128954763932e-09
1.040635023327583803e-09
1.043754326236675519e-09
1.046841572355043423e-09
1.049894164375682149e-09
1.052916307637263448e-09
1.055907759478496203e-09
1.058868969924511132e-09
1.061798424546159404e-09
1.064699519828513451e-09
1.067573161484713181e-09
1.070418799624939706e-09
1.073236717167296186e-09
1.076028665165872257e-09
1.078796155114152550e-09
1.081538344936896810e-09
1.084255730300994006e-09
1.086949706984392314e-09
1.089620320077327310e-09
1.092268658702455147e-09
1.094894773699744251e-09
1.097500123134463104e-09
1.100084814992145542e-09
1.102650136943610356e-09
1.105196652493035343e-09
1.107724092202052395e-09
1.110234604446895903e-09
1.112728335767574463e-09
1.115205698481569978e-09
1.117665839053262016e-09
1.120110686157439320e-09
1.122541017210908406e-09
1.124956436767569734e-09
1.127357636171951181e-09
1.129745573605672500e-09
1.132120624512365250e-09
1.134483854477261458e-09
1.136835440951695417e-09
1.139174996302082090e-09
1.141504029107955606e-09
1.143823371478063813e-09
1.146132208057788579e-09
1.148431232289181020e-09
1.150720453760918797e-09
1.153000424112928182e-09
1.155271726087540068e-09
1.157534486851986105e-09
1.159788437358741438e-09
1.162034584905342436e-09
1.164273655912290466e-09
1.166505344297529874e-09
1.168730523933537251e-09
1.170947654777929686e-09
1.173158724401169334e-09
1.175363569595971843e-09
1.177561895818830720e-09
1.179753836768395731e-09
1.181938566137764260e-09
1.184117335905118252e-09
1.186289721641190275e-09
1.188456225018820928e-09
1.190616155258033103e-09
1.192769862024201746e-09
1.194918135740514532e-09
1.197060221711162010e-09
1.199197022322777254e-09
1.201326920910409827e-09
1.203450827968510788e-09
1.205568873526149910e-09
1.207680262552536714e-09
1.209786043770206055e-09
1.211883821590484905e-09
1.213974928422669077e-09
1.216059335396500829e-09
1.218135990232775467e-09
1.220206230864700931e-09
1.222268140833498148e-09
1.224322448913411331e-09
1.226369963736561566e-09
1.228408766876927693e-09
1.230440786822562638e-09
1.232463691635721123e-09
1.234477432018093002e-09
1.236483193717369937e-09
1.238478955598375264e-09
1.240466493911533254e-09
1.242444405596190820e-09
1.244410520562622287e-09
1.246367388369866341e-09
1.248312950279322260e-09
1.250249095225747619e-09
1.252174680983972276e-09
1.254086774217688522e-09
1.255988615591614107e-09
1.257879287454531726e-09
1.259757906783899648e-09
1.261625471757588195e-09
1.263478949778236539e-09
1.265319771113501881e-09
1.267148411306210069e-09
1.268962445706351408e-09
1.270764191551637714e-09
1.272552636585171049e-09
1.274324225135933178e-09
1.276082821141375192e-09
1.277826711255056480e-09
1.279556090603093279e-09
1.281270831927057069e-09
1.282968927002612984e-09
1.284652029472786563e-09
1.286320638808670408e-09
1.287972386923899087e-09
1.289609430732452096e-09
1.291231457169214843e-09
1.292834003338770204e-09
1.294422109684999131e-09
1.295992890007240353e-09
1.297545804017380733e-09
1.299083213574356258e-09
1.300602521510128113e-09
1.302103864619690099e-09
1.303588263645572468e-09
1.305055325656097946e-09
1.306504908862169786e-09
1.307936979199663180e-09
1.309350414176628471e-09
1.310746263601275486e-09
1.312125213819686246e-09
1.313485734026396947e-09
1.314829659528184898e-09
1.316155884830421464e-09
1.317461988201390358e-09
1.318750640991101317e-09
1.320021762347198959e-09
1.321274217140482024e-09
1.322509998704173197e-09
1.323727381623473526e-09
1.324924899868605794e-09
1.326105232085312743e-09
1.327268107766922503e-09
1.328413066509255621e-09
1.329541333608956413e-09
1.330651706394838061e-09
1.331743259342371808e-09
1.332818050417157681e-09
1.333876322640930541e-09
1.334917478684236185e-09
1.335942003834914844e-09
1.336949532246698019e-09
1.337939193790514981e-09
1.338912468492659296e-09
1.339869688057106091e-09
1.340810516324271869e-09
1.341734574823664417e-09
1.342642496394981246e-09
1.343534357365486200e-09
1.344410134697165243e-09
1.345271493519480695e-09
1.346116268966973042e-09
1.346946734720090993e-09
1.347761529516651793e-09
1.348562966929129964e-09
1.349348316099522115e-09
1.350120149624880554e-09
1.350877700380593537e-09
1.351622197289458390e-09
1.352352967198509855e-09
1.353070038322258654e-09
1.353773047124751531e-09
1.354463084952106331e-09
1.355141114841079414e-09
1.355805520851951150e-09
1.356457929807242898e-09
1.357097230362711527e-09
1.357725288245735346e-09
1.358340406677267439e-09
1.358944466853377158e-09
1.359536923730696823e-09
1.360119510592994555e-09
1.360690666466082042e-09
1.361250989973537555e-09
1.361801017108545694e-09
1.362340628646669638e-09
1.362870977917358869e-09
1.363390542209939059e-09
1.363901666989660425e-09
1.364402808205829607e-09
1.364895289317441391e-09
1.365377665081043573e-09
1.365851237266024700e-09
1.366316955368608094e-09
1.366773320790951270e-09
1.367222092401828886e-09
1.367661974837332264e-09
1.368094541207319877e-09
1.368518234563284662e-09
1.368934927548351836e-09
1.369344156514346379e-09
1.369746590278049173e-09
1.370142545024803270e-09
1.370530657496956083e-09
1.370913298879388017e-09
1.371287913253179260e-09
1.371656439051161654e-09
1.372019035337685449e-09
1.372375561934794935e-09
1.372726398053412371e-09
1.373070645792911941e-09
1.373409958425018277e-09
1.373742080762663436e-09
1.374068585236073413e-09
1.374389994393439133e-09
1.374705799185847076e-09
1.375016383603358888e-09
1.375321496609790153e-09
1.375621645797079137e-09
1.375916356328088866e-09
1.376205608710618399e-09
1.376490285218094024e-09
1.376770457789483037e-09
1.377045880046144855e-09
1.377316650608584615e-09
1.377583322502049317e-09
1.377845592975332840e-09
1.378101538569226793e-09
1.378354037745704226e-09
1.378601924071223792e-09
1.378845437825106427e-09
1.379084741880248720e-09
1.379319770681449750e-09
1.379550842140275113e-09
1.379775817883895759e-09
1.379996678506229157e-09
1.380213314592993757e-09
1.380426007559719346e-09
1.380633692151218960e-09
1.380837717570002410e-09
1.381037301255337143e-09
1.381232666576077242e-09
1.381422401792687240e-09
1.381608477080951583e-09
1.381790824019488533e-09
1.381968597738531533e-09
1.382142296840633545e-09
1.382312013899092437e-09
1.382478244281150999e-09
1.382638374544508853e-09
1.382794116834850554e-09
1.382946191310506641e-09
1.383093865822956800e-09
1.383236213497092718e-09
1.383375107592702757e-09
1.383509431673730131e-09
1.383639546242753186e-09
1.383763163499039960e-09
1.383882890818141424e-09
1.383998030575988081e-09
1.384108984291942926e-09
1.384214104268134278e-09
1.384315919672460936e-09
1.384412549387022114e-09
1.384504762008604252e-09
1.384590754590045799e-09
1.384672861822362702e-09
1.384750392456566443e-09
1.384823655560317700e-09
1.384891104433877198e-09
1.384954929964152163e-09
1.385013802612370304e-09
1.385067649206238033e-09
1.385115453335066568e-09
1.385158841990742497e-09
1.385197597306610377e-09
1.385231507250429815e-09
1.385259180986243204e-09
1.385283313308116600e-09
1.385301727890209897e-09
1.385315166161389496e-09
1.385322381135404842e-09
1.385324956891770102e-09
1.385322689393152301e-09
1.385315344033965721e-09
1.385301889870682001e-09
1.385284624310081556e-09
1.385261492226688784e-09
1.385233872978709910e-09
1.385200102535385262e-09
1.385161629816261084e-09
1.385118322145392834e-09
1.385069777810167445e-09
1.385016093439962921e-09
1.384957393088296496e-09
1.384893664780177840e-09
1.384825764708959105e-09
1.384751034133654825e-09
1.384671744700159595e-09
1.384587613772645431e-09
1.384498128417655259e-09
1.384403860162501830e-09
1.384303608674541523e-09
1.384199403133799447e-09
1.384089198748250407e-09
1.383974195472723279e-09
1.383853796394662891e-09
1.383728460695779150e-09
1.383598759555968948e-09
1.383463111232089758e-09
1.383323124044597190e-09
1.383178139047663405e-09
1.383028126758710216e-09
1.382873834894831042e-09
1.382713787251306745e-09
1.382549850882209942e-09
1.382380616273637996e-09
1.382207168531251419e-09
1.382029105697074695e-09
1.381846066126399847e-09
1.381658977462992775e-09
1.381466619343514337e-09
1.381270697288862958e-09
1.381068781344423280e-09
1.380863019378334000e-09
1.380653293427712131e-09
1.380438123731168699e-09
1.380219285931150222e-09
1.379995511006555397e-09
1.379767859939356146e-09
1.379535148671170410e-09
1.379298685987015707e-09
1.379057288340948368e-09
1.378812198854217536e-09
1.378563170166732833e-09
1.378309277546507513e-09
1.378052226086684230e-09
1.377790810883929489e-09
1.377525447304299546e-09
1.377255871978347052e-09
1.376982889045671994e-09
1.376705357069303954e-09
1.376424567626318769e-09
1.376140280011811077e-09
1.375851602750177068e-09
1.375559956040528339e-09
1.375264584672445699e-09
1.374965448612765645e-09
1.374662596241317651e-09
1.374356845325088707e-09
1.374046411874966323e-09
1.373732978914500818e-09
1.373416277928147456e-09
1.373095713227992168e-09
1.372772042454193380e-09
1.372444908439365185e-09
1.372114492543270475e-09
1.371780470563945290e-09
1.371443508465017785e-09
1.371103004973863778e-09
1.370759163378700804e-09
1.370412315466015256e-09
1.370062608453276652e-09
1.369709396689827744e-09
1.369353815055164642e-09
1.368995175770114705e-09
1.368632989158541154e-09
1.368268383974564268e-09
1.367901232345263729e-09
1.367530225266315762e-09
1.367156891078702934e-09
1.366781115332785114e-09
1.366401998393028545e-09
1.366020704816928946e-09
1.365636722734990308e-09
1.365249824835188566e-09
1.364860314639558774e-09
1.364468618336161145e-09
1.364073785501606286e-09
1.363675635158288748e-09
1.363275298201279030e-09
1.362872917939618256e-09
1.362466943641371859e-09
1.362059096107221937e-09
1.361648766395339260e-09
1.361235648580005310e-09
1.360820156214199840e-09
1.360402446201780737e-09
1.359981671577629560e-09
1.359558495621586963e-09
1.359133156610990008e-09
1.358705381837418829e-09
1.358275690429189505e-09
1.357843498410644848e-09
1.357409344973366695e-09
1.356972561571992801e-09
1.356534017197806962e-09
1.356093441717609356e-09
1.355649800722398445e-09
1.355204152720979516e-09
1.354756559240700892e-09
1.354306818013879120e-09
1.353855236505719234e-09
1.353401125104429946e-09
1.352945372840675969e-09
1.352487316434616644e-09
1.352027465432404438e-09
1.351565562642080418e-09
1.351100795916108673e-09
1.350633847948362440e-09
1.350165317286422770e-09
1.349694591711894629e-09
1.349221916674081180e-09
1.348747038546378519e-09
1.348270355877744062e-09
1.347791815174821185e-09
1.347311115805640495e-09
1.346828735054449413e-09
1.346343984655693095e-09
1.345857032747789716e-09
1.345368654986581665e-09
1.344878284995196276e-09
1.344386328930998239e-09
1.343892426764763312e-09
1.343396890497644817e-09
1.342899481504889838e-09
1.342400423376830068e-09
1.341899987540789397e-09
1.341397442549593274e-09
1.340892587959491496e-09
1.340386328420748583e-09
1.339878621605085025e-09
1.339369033008173528e-09
1.338857925116119849e-09
1.338344749544935702e-09
1.337830249086009055e-09
1.337314227809824500e-09
1.336796549642276140e-09
1.336277031258530141e-09
1.335755491671209981e-09
1.335232251746001715e-09
1.334707609762217977e-09
1.334181570295977013e-09
1.333653515669026455e-09
1.333124129983359232e-09
1.332592953573054587e-09
1.332060614874314041e-09
1.331526468058429717e-09
1.330990993929405940e-09
1.330453873443318555e-09
1.329915077740766775e-09
1.329375092272441601e-09
1.328833383953680771e-09
1.328290587744504200e-09
1.327746514253328645e-09
1.327200976069926925e-09
1.326654034226579767e-09
1.326105877519920756e-09
1.325556210523789988e-09
1.325005707834013995e-09
1.324453206722458683e-09
1.323899715017555482e-09
1.323344708394949901e-09
1.322788754971850915e-09
1.322231320132794934e-09
1.321672668030000664e-09
1.321112700732366310e-09
1.320551504098292626e-09
1.319989354268016740e-09
1.319425487204585339e-09
1.318860890611280649e-09
1.318294407772434254e-09
1.317727164144972811e-09
1.317158415946287487e-09
1.316588761469911485e-09
1.316017762945808454e-09
1.315445660986601419e-09
1.314872536130885818e-09
1.314298047296629725e-09
1.313722823360818531e-09
1.313146007912965173e-09
1.312568407080539748e-09
1.311989512500775053e-09
1.311409859496994489e-09
1.310829189367065612e-09
1.310247238076022571e-09
1.309664607668404155e-09
1.309080833180197782e-09
1.308496371974608481e-09
1.307910672873121872e-09
1.307324217850099035e-09
1.306736558188647295e-09
1.306148311400910812e-09
1.305558920720408072e-09
1.304968573615992680e-09
1.304377438120772381e-09
1.303785123040149187e-09
1.303192482682744225e-09
1.302598170919592347e-09
1.302003440354224249e-09
1.301407601889458380e-09
1.300810979120366625e-09
1.300213496413431180e-09
1.299614897960927963e-09
1.299015701170378885e-09
1.298415242658804205e-09
1.297814246766552846e-09
1.297212138873225251e-09
1.296609398931656894e-09
1.296005705581094122e-09
1.295401029009999359e-09
1.294795889380250858e-09
1.294189620183211838e-09
1.293582728503810551e-09
1.292974840156712247e-09
1.292366185517714580e-09
1.291756969385208391e-09
1.291146682255382520e-09
1.290535962701381801e-09
1.289924368014436335e-09
1.289312004446257696e-09
1.288698873533075378e-09
1.288085159016622245e-09
1.287470798248048159e-09
1.286855659327665884e-09
1.286239653113995023e-09
1.285622932713203462e-09
1.285005756763369054e-09
1.284387840378060460e-09
1.283768884451766713e-09
1.283149375517596757e-09
1.282529028954023846e-09
1.281908456073990437e-09
1.281286489223656983e-09
1.280664134968815411e-09
1.280040993133082147e-09
1.279417253214436542e-09
1.278792636569075945e-09
1.278167299297459076e-09
1.277541304718297271e-09
1.276914765609291848e-09
1.276287111057621854e-09
1.275658953164429471e-09
1.275030134688212024e-09
1.274400694698054011e-09
1.273770304643864885e-09
1.273139509947912746e-09
1.272507984811206367e-09
1.271875821159981582e-09
1.271242870729092927e-09
1.270609296025564665e-09
1.269975135702667940e-09
1.269340515508657969e-09
1.268704987396503069e-09
1.268068798471160099e-09
1.267432214719637760e-09
1.266794929319450351e-09
1.266157008757307559e-09
1.265518574967489889e-09
1.264879503764028018e-09
1.264239996186707064e-09
1.263599740358140812e-09
1.262958757491324371e-09
1.262317477037855663e-09
1.261675652920911630e-09
1.261033095394979127e-09
1.260389598688902914e-09
1.259745632688058324e-09
1.259101234410690626e-09
1.258456436321726006e-09
1.257810501129803788e-09
1.257164284753600463e-09
1.256517338864894642e-09
1.255870038627213846e-09
1.255221900133695879e-09
1.254573300438027660e-09
1.253924109799928642e-09
1.253274409371400384e-09
1.252624015848236868e-09
1.251972910175763997e-09
1.251321506962237188e-09
1.250669494191303677e-09
1.250016924074138439e-09
1.249363850624136209e-09
1.248710323355656369e-09
1.248056336337658832e-09
1.247401898912373134e-09
1.246746744769259558e-09
1.246091286256199100e-09
1.245435350795450335e-09
1.244779022246687162e-09
1.244122057675028683e-09
1.243464658776008070e-09
1.242806968249602608e-09
1.242148754356407609e-09
1.241490148058087495e-09
1.240831193303833887e-09
1.240171735512046765e-09
1.239512027770835454e-09
1.238851850361383720e-09
1.238191155953709383e-09
1.237530213683277349e-09
1.236868992296774234e-09
1.236207159860061905e-09
1.235544925347035534e-09
1.234882202519308276e-09
1.234219115507480260e-09
1.233555922504502562e-09
1.232892155549900835e-09
1.232227898044108639e-09
1.231563442267001023e-09
1.230898551516554705e-09
1.230233393886675204e-09
1.229567902380385793e-09
1.228901974677202459e-09
1.228235731079636853e-09
1.227569125738566885e-09
1.226902271512033791e-09
1.226235065769050635e-09
1.225567687326730503e-09
1.224899856542450155e-09
1.224231866915297164e-09
1.223563590652691131e-09
1.222895150935266949e-09
1.222226541917752821e-09
1.221557626922408003e-09
1.220888476556076699e-09
1.220219113550612929e-09
1.219549608029736133e-09
1.218879849944045147e-09
1.218209853049036571e-09
1.217539857365640796e-09
1.216869661300378269e-09
1.216199138381934522e-09
1.215528602813210872e-09
1.214857898258157222e-09
1.214187040881382004e-09
1.213516072302219246e-09
1.212845043591885642e-09
1.212173771235554309e-09
1.211502433251281863e-09
1.210830918819923881e-09
1.210159423815626368e-09
1.209487560213961035e-09
1.208815721215852443e-09
1.208143768241457827e-09
1.207471526627454941e-09
1.206799340613017313e-09
1.206127150737920971e-09
1.205454495721847097e-09
1.204781960234198917e-09
1.204109395650472691e-09
1.203436649181517088e-09
1.202763866128586040e-09
1.202091079002204065e-09
1.201418012729352121e-09
1.200744932455641129e-09
1.200071790128029862e-09
1.199398744859723514e-09
1.198725695647161511e-09
1.198052572731411063e-09
1.197379245929236401e-09
1.196706030963483219e-09
1.196032824850320350e-09
1.195359679734696622e-09
1.194686630744697903e-09
1.194013434938929249e-09
1.193340301530134237e-09
1.192667126314183500e-09
1.191994051858602442e-09
1.191320986223041461e-09
1.190647885925148996e-09
1.189975009931962080e-09
1.189302159585665153e-09
1.188629255173861112e-09
1.187956375639203801e-09
1.187283642310167324e-09
1.186610903291110511e-09
1.185938178221886041e-09
1.185265608078420424e-09
1.184593107865424178e-09
1.183920562615390409e-09
1.183248074246017871e-09
1.182575692131613932e-09
1.181903395859325626e-09
1.181231021211105594e-09
1.180558794373133388e-09
1.179886675408870539e-09
1.179214414881331248e-09
1.178542359737361588e-09
1.177870429619673356e-09
1.177198327061038692e-09
1.176526312982708828e-09
1.175854488581494615e-09
1.175182678237594527e-09
1.174510911814658520e-09
1.173839251258019620e-09
1.173167619070056816e-09
1.172495927564093406e-09
1.171824388062338623e-09
1.171153063892189202e-09
1.170481774329001863e-09
1.169810700083306116e-09
1.169139674649538316e-09
1.168468538270687845e-09
1.167797603268182018e-09
1.167126860894740954e-09
1.166456196833176817e-09
1.165785726830510831e-09
1.165115324669476374e-09
1.164444973789193799e-09
1.163774626362441980e-09
1.163104606840890024e-09
1.162434606195961538e-09
1.161764777406800900e-09
1.161095063648116278e-09
1.160425508210094839e-09
1.159756061986590832e-09
1.159086679433556718e-09
1.158417537623426574e-09
1.157748390121104745e-09
1.157079346770799901e-09
1.156410423704550449e-09
1.155741677463201071e-09
1.155073098092201987e-09
1.154404468251449913e-09
1.153735950234091224e-09
1.153067688592264409e-09
1.152399465504912355e-09
1.151731313852774604e-09
1.151063331185881178e-09
1.150395461113210071e-09
1.149727613532458699e-09
1.149059973741131561e-09
1.148392487433787468e-09
1.147724944547599669e-09
1.147057469029689294e-09
1.146390194006555824e-09
1.145723075269531423e-09
1.145056059823584088e-09
1.144389095708329664e-09
1.143722242760721195e-09
1.143055544760585069e-09
1.142388792584203026e-09
1.141722317311287323e-09
1.141056061295776168e-09
1.140389878355933566e-09
1.139723992357852548e-09
1.139058142746154207e-09
1.138392250197112930e-09
1.137726627224320430e-09
1.137061240601792655e-09
1.136395899487485159e-09
1.135730820710148513e-09
1.135065952662243001e-09
1.134401080444261320e-09
1.133736223296528123e-09
1.133071778685583294e-09
1.132407416389397474e-09
1.131743189602766783e-09
1.131079146828201919e-09
1.130415360334715244e-09
1.129751653321291315e-09
1.129088102043539457e-09
1.128424757934205988e-09
1.127761551830393448e-09
1.127098455092007102e-09
1.126435468336795773e-09
1.125772656045142569e-09
1.125110122608998554e-09
1.124447700919165031e-09
1.123785326235782671e-09
1.123123150332897096e-09
1.122461180146883033e-09
1.121799321145885717e-09
1.121137556788567644e-09
1.120476101730158927e-09
1.119814797795476775e-09
1.119153593121304907e-09
1.118492568715793004e-09
1.117831758233766566e-09
1.117171037314462458e-09
1.116510416355385883e-09
1.115850027756177212e-09
1.115189862016641259e-09
1.114529918883815853e-09
1.113870063686286621e-09
1.113210346865579221e-09
1.112550901034668661e-09
1.111891541876957605e-09
1.111232264461855066e-09
1.110573356032249002e-09
1.109914758152249380e-09
1.109256301907180721e-09
1.108598189588068480e-09
1.107940112237990785e-09
1.107282109344559677e-09
1.106624487494126639e-09
1.105967155468858483e-09
1.105309913602347987e-09
1.104653026138553355e-09
1.103996452868974644e-09
1.103339908706330725e-09
1.102683537934055635e-09
1.102027505950324975e-09
1.101371729346562622e-09
1.100716130760856885e-09
1.100060724257578773e-09
1.099405733089415192e-09
1.098750951232791571e-09
1.098096338408639119e-09
1.097441907349206168e-09
1.096787853073127175e-09
1.096133924473648875e-09
1.095480228385490079e-09
1.094826711738707238e-09
1.094173516082463026e-09
1.093520639004931420e-09
1.092867875763090985e-09
1.092215375399973003e-09
1.091563112159034561e-09
1.090911105135662139e-09
1.090259285822163076e-09
1.089607609703709309e-09
1.088956388417210348e-09
1.088305479870666242e-09
1.087654741140450334e-09
1.087004214246510560e-09
1.086353947601789469e-09
1.085703870593471233e-09
1.085054119659905561e-09
1.084404571078705958e-09
1.083755283573466210e-09
1.083106421191239935e-09
1.082457724471551014e-09
1.081809268775955774e-09
1.081161063087325475e-09
1.080513198635435724e-09
1.079865479901156095e-09
1.079217977719865701e-09
1.078570918375997640e-09
1.077924319280514734e-09
1.077277921702514164e-09
1.076631910114930607e-09
1.075986049334599481e-09
1.075340359403615891e-09
1.074695025681367786e-09
1.074050223405499248e-09
1.073405548258863957e-09
1.072761179559070970e-09
1.072117325987969004e-09
1.071473585589753894e-09
1.070830133453332308e-09
1.070186932079505359e-09
1.069544226437164806e-09
1.068901716961559549e-09
1.068259468383320685e-09
1.067617532576521237e-09
1.066976208858921553e-09
1.066335029123481216e-09
1.065694079989658842e-09
1.065053447126404973e-09
1.064413221331939582e-09
1.063773189090447999e-09
1.063133484794326238e-09
1.062494016619391871e-09
1.061854929853870737e-09
1.061216227695617233e-09
1.060577755619486417e-09
1.059939566964126290e-09
1.059301659804635867e-09
1.058664175413873646e-09
1.058026814809009884e-09
1.057389761082001222e-09
1.056753134390421761e-09
1.056116989525009215e-09
1.055481076281205875e-09
1.054845434306760778e-09
1.054210116609191185e-09
1.053575052968695455e-09
1.052940252281833722e-09
1.052305926411481147e-09
1.051671822095277639e-09
1.051038016328176892e-09
1.050404736615453039e-09
1.049771639379108358e-09
1.049138866142792170e-09
1.048506341592718033e-09
1.047874285322306358e-09
1.047242438370491527e-09
1.046610825019470614e-09
1.045979697283077972e-09
1.045349045762628988e-09
1.044718739145786358e-09
1.044088782677986691e-09
1.043459144271575705e-09
1.042829700294820730e-09
1.042200543936597105e-09
1.041571958248003335e-09
1.040943658698166499e-09
1.040315554977963010e-09
1.039687949695289950e-09
1.039060805826473679e-09
1.038433787351982718e-09
1.037807087245040662e-09
1.037180724095652901e-09
1.036554904833389421e-09
1.035929262373227056e-09
1.035303907972922748e-09
1.034678966159890676e-09
1.034054610621431660e-09
1.033430458504185309e-09
1.032806562773870416e-09
1.032183016509166353e-09
1.031559927175026008e-09
1.030937015603265921e-09
1.030314516409785718e-09
1.029692237363420360e-09
1.029070288773047230e-09
1.028448778151931733e-09
1.027827686422600606e-09
1.027206741391786768e-09
1.026586154988591115e-09
1.025965949155039425e-09
1.025346076306558837e-09
1.024726395745155527e-09
1.024106996390289653e-09
1.023488206742110732e-09
1.022869834571625075e-09
1.022251716064656256e-09
1.021633929225835304e-09
1.021016468620275402e-09
1.020399256424110334e-09
1.019782319239623697e-09
1.019165945377464369e-09
1.018549779636945689e-09
1.017933898625978372e-09
1.017318550782184791e-09
1.016703543655093646e-09
1.016088741728635763e-09
1.015474236812336959e-09
1.014860149751546165e-09
1.014246505743141265e-09
1.013632994976317351e-09
1.013019821953076108e-09
1.012407201678234856e-09
1.011795104545448508e-09
1.011183243861723270e-09
1.010571800707260838e-09
1.009960632189376278e-09
1.009349728990810568e-09
1.008739120074103783e-09
1.008129103735396515e-09
1.007519341149774235e-09
1.006909786204838776e-09
1.006300756785013867e-09
1.005692203840608835e-09
1.005083795388630397e-09
1.004475731339219301e-09
1.003867926475608662e-09
1.003260747612488682e-09
1.002653736673908990e-09
1.002047059701850195e-09
1.001440726236677441e-09
1.000834915899445822e-09
1.000229529763489979e-09
9.996243695037536036e-10
9.990195130466991550e-10
9.984150441765461503e-10
9.978109374472543935e-10
9.972070853661862954e-10
9.966036391607503403e-10
9.960004453833335809e-10
9.953975854557277046e-10
9.947952179852139763e-10
9.941932231013792169e-10
9.935913919014399367e-10
9.929899500455663661e-10
9.923888804593547947e-10
9.917881950005427010e-10
9.911876617332180954e-10
9.905874526456011206e-10
9.899878009161582932e-10
9.893886438792115204e-10
9.887897672660308295e-10
9.881912416552332999e-10
9.875930675923703950e-10
9.869951567138473294e-10
9.863974614573475681e-10
9.858002883565673787e-10
9.852035190371531176e-10
9.846070063174625260e-10
9.840108241319329365e-10
9.834152352431192104e-10
9.828198762670629426e-10
9.822247900184258435e-10
9.816300099169848710e-10
9.810356851517945341e-10
9.804418001189973059e-10
9.798480768310808036e-10
9.792546836544548578e-10
9.786618330616008915e-10
9.780695414440333207e-10
9.774775425368107592e-10
9.768859000950857146e-10
9.762946039498874772e-10
9.757035745028147730e-10
9.751128593596111194e-10
9.745225813464386685e-10
9.739328124109501125e-10
9.733432280265648004e-10
9.727539514488291706e-10
9.721652705074382749e-10
9.715769826703469065e-10
9.709888228891120168e-10
9.704010672752003594e-10
9.698136591374009120e-10
9.692267997396910025e-10
9.686401040052487557e-10
9.680537721264907148e-10
9.674678037256021349e-10
9.668823844610743052e-10
9.662974112421371155e-10
9.657126649916079935e-10
9.651282137981094293e-10
9.645441571512290373e-10
9.639605071019543665e-10
9.633770732213401380e-10
9.627941503693669776e-10
9.622114448737824283e-10
9.616290687837997685e-10
9.610471780733968393e-10
9.604657041453126223e-10
9.598844639168187077e-10
9.593035952707547997e-10
9.587230410984680099e-10
9.581429607503838354e-10
9.575631322766248342e-10
9.569835578420260670e-10
9.564042831355726259e-10
9.558256624264424052e-10
9.552475521482894108e-10
9.546696876673982738e-10
9.540922043055024254e-10
9.535150915733571625e-10
9.529382406092892831e-10
9.523616018907968452e-10
9.517854658173665697e-10
9.512098951317594427e-10
9.506345260890300630e-10
9.500594353730863641e-10
9.494849200239434767e-10
9.489108295801363143e-10
9.483368752424624484e-10
9.477633782017674627e-10
9.471901307923940217e-10
9.466174917087295017e-10
9.460450898601544692e-10
9.454729733192524997e-10
9.449011991599348957e-10
9.443299897907765983e-10
9.437593960159183607e-10
9.431890101026817156e-10
9.426190145377597424e-10
9.420493704073194031e-10
9.414800222730181106e-10
9.409110008985300264e-10
9.403423829894767821e-10
9.397743424150092716e-10
9.392064730628185058e-10
9.386388956485153042e-10
9.380718717670119589e-10
9.375053399409011767e-10
9.369389471766726641e-10
9.363729644120110877e-10
9.358072644411431446e-10
9.352421293679162889e-10
9.346772776752901629e-10
9.341127305100337288e-10
9.335484315527794993e-10
9.329846942035724587e-10
9.324215406959417979e-10
9.318586641373758089e-10
9.312960804682911307e-10
9.307338348076937144e-10
9.301719774505429478e-10
9.296104854375362005e-10
9.290492356314655606e-10
9.284885405356088309e-10
9.279280529561291855e-10
9.273678770385295635e-10
9.268082081059761335e-10
9.262489666588640060e-10
9.256900105845654147e-10
9.251313459623150247e-10
9.245730460040335459e-10
9.240151656459391875e-10
9.234577147318429237e-10
9.229003796255656579e-10
9.223434360157039049e-10
9.217869563455207906e-10
9.212310159412882189e-10
9.206755611533124306e-10
9.201203458271446399e-10
9.195655342503153782e-10
9.190110824323773929e-10
9.184568761967377034e-10
9.179029090906895980e-10
9.173494909152669147e-10
9.167965969301179176e-10
9.162439110763806395e-10
9.156914971862904814e-10
9.151396600200943272e-10
9.145882777629358718e-10
9.140370375907204815e-10
9.134862295180633516e-10
9.129356708156229328e-10
9.123856394654833386e-10
9.118360271238381295e-10
9.112865980098588831e-10
9.107375075194015336e-10
9.101889538656979122e-10
9.096408954489561341e-10
9.090933298725496216e-10
9.085459852184295858e-10
9.079990051739947336e-10
9.074523650135499354e-10
9.069060977231451648e-10
9.063601139919345880e-10
9.058145855057779843e-10
9.052695270081357967e-10
9.047246714474954247e-10
9.041801173960494847e-10
9.036361020123474080e-10
9.030925679217460408e-10
9.025492027116215089e-10
9.020062037402367253e-10
9.014635121021475186e-10
9.009212891617056833e-10
9.003794949650019586e-10
8.998378761063672128e-10
8.992966185385105391e-10
8.987557646119677763e-10
8.982154357181821534e-10
8.976756298660265386e-10
8.971360234626003974e-10
8.965967098916576528e-10
8.960578193462051430e-10
8.955192874875402875e-10
8.949810072719519254e-10
8.944430876316821042e-10
8.939056940664169949e-10
8.933684875753627930e-10
8.928315931478881995e-10
8.922952023197837015e-10
8.917592414394304978e-10
8.912235513349963487e-10
8.906881363014098931e-10
8.901531034496941145e-10
8.896184368356325132e-10
8.890842732102490706e-10
8.885502284190024454e-10
8.880165093225222910e-10
8.874831113202626850e-10
8.869503796192760196e-10
8.864181499868583285e-10
8.858861674751397761e-10
8.853545683080493480e-10
8.848233259055597765e-10
8.842923753405328728e-10
8.837616757166938633e-10
8.832312516821121468e-10
8.827014837407483772e-10
8.821720579041219618e-10
8.816428758204322186e-10
8.811139723333183865e-10
8.805856594200487399e-10
8.800577801669944216e-10
8.795300260840736175e-10
8.790026870643058694e-10
8.784756033973645656e-10
8.779489845663262447e-10
8.774228764523403951e-10
8.768969025233867187e-10
8.763712869620323777e-10
8.758460554775936477e-10
8.753213321550723262e-10
8.747972093799445838e-10
8.742732827026118042e-10
8.737496943936674012e-10
8.732264581445531752e-10
8.727035317936406597e-10
8.721809824871868317e-10
8.716586690581864615e-10
8.711369402394200552e-10
8.706154880304450228e-10
8.700942895316709378e-10
8.695734131747932424e-10
8.690530590919736453e-10
8.685331674169458913e-10
8.680134220354786109e-10
8.674940428558382476e-10
8.669749744668240781e-10
8.664563097017530266e-10
8.659381398582553606e-10
8.654200890676579345e-10
8.649024276607533391e-10
8.643850165018334352e-10
8.638682016252346251e-10
8.633519482258592201e-10
8.628359072577096051e-10
8.623201827881201516e-10
8.618047628317866209e-10
8.612897024492368551e-10
8.607750107395092912e-10
8.602605272160200113e-10
8.597465220733094498e-10
8.592329073049698530e-10
8.587195357201305215e-10
8.582064494749916523e-10
8.576938663944102196e-10
8.571817038200112192e-10
8.566697889840601788e-10
8.561581453284420677e-10
8.556468882250775506e-10
8.551359498046503976e-10
8.546255565822995501e-10
8.541153085189792673e-10
8.536053186860658342e-10
8.530956262622968798e-10
8.525865575140465279e-10
8.520779372541545625e-10
8.515697564492658572e-10
8.510617917826387065e-10
8.505542214970643586e-10
8.500470065022876602e-10
8.495400279847996105e-10
8.490332898481430685e-10
8.485268847085001509e-10
8.480212179144077977e-10
8.475157249628677253e-10
8.470104726293790506e-10
8.465055422157664226e-10
8.460011978807625929e-10
8.454972606145472409e-10
8.449934310315053622e-10
8.444900012008911421e-10
8.439868322225878194e-10
8.434840905809883853e-10
8.429818896199734377e-10
8.424798186152882755e-10
8.419780901251826117e-10
8.414766244025177585e-10
8.409757216249083074e-10
8.404753488329033115e-10
8.399753346880588488e-10
8.394755420023669297e-10
8.389760635472610288e-10
8.384769698123329121e-10
8.379781955094577050e-10
8.374797153728169807e-10
8.369815034558746770e-10
8.364839336215202012e-10
8.359865234095526982e-10
8.354893619451676530e-10
8.349925621151766762e-10
8.344962640264237958e-10
8.340004052477366225e-10
8.335046898318314644e-10
8.330093115737875554e-10
8.325142540549486156e-10
8.320195556338251489e-10
8.315253881005016917e-10
8.310313241741865950e-10
8.305376155234697041e-10
8.300441258131403917e-10
8.295512195098462188e-10
8.290587686741693025e-10
8.285667479374237589e-10
8.280749228737030089e-10
8.275834019872219072e-10
8.270922679366269800e-10
8.266014291637258603e-10
8.261108849384025138e-10
8.256205791253112899e-10
8.251308438996100723e-10
8.246413780085950422e-10
8.241521831432043175e-10
8.236632583998852507e-10
8.231748306102509158e-10
8.226868134897732983e-10
8.221990371854826846e-10
8.217114994820601472e-10
8.212243773042880257e-10
8.207375072711740415e-10
8.202511650884140835e-10
8.197650743587375719e-10
8.192791297209574855e-10
8.187935524966171184e-10
8.183083817667433900e-10
8.178237251509978122e-10
8.173395937941011003e-10
8.168556682341443977e-10
8.163720955518023333e-10
8.158888495825893679e-10
8.154059079081403214e-10
8.149232279138290196e-10
8.144407660122648883e-10
8.139586911783783455e-10
8.134773253049035740e-10
8.129960724192081466e-10
8.125150426817034502e-10
8.120343462609434309e-10
8.115542048334869617e-10
8.110744704004502634e-10
8.105948569932558881e-10
8.101155675201352758e-10
8.096366042691475490e-10
8.091579453837640056e-10
8.086798840186419662e-10
8.082019962775802036e-10
8.077243547970919144e-10
8.072470095711332158e-10
8.067700950607690366e-10
8.062936178240165198e-10
8.058177142373419261e-10
8.053419925073978553e-10
8.048665706806640292e-10
8.043914408165168632e-10
8.039166394880750573e-10
8.034422121023197382e-10
8.029680081421449986e-10
8.024940945274446711e-10
8.020208026717759396e-10
8.015476378546866297e-10
8.010747231566581581e-10
8.006021416193086463e-10
8.001300511662158090e-10
7.996583582904016613e-10
7.991868704833113159e-10
7.987156072507166467e-10
7.982447496771620470e-10
7.977741370030164486e-10
7.973040734044338252e-10
7.968342144069206900e-10
7.963645266075280408e-10
7.958952089192049588e-10
7.954261724754179215e-10
7.949576856427028330e-10
7.944897168265731828e-10
7.940219818935127314e-10
7.935545154561834559e-10
7.930873223645650078e-10
7.926205131823968706e-10
7.921539740862017123e-10
7.916876798085328011e-10
7.912216368485094356e-10
7.907561704530573332e-10
7.902909733447931566e-10
7.898260145393793914e-10
7.893612880653345720e-10
7.888970388356386316e-10
7.884332038274265492e-10
7.879696539659362771e-10
7.875062390290939681e-10
7.870432961918602455e-10
7.865805411087411197e-10
7.861181922549126228e-10
7.856563188654695736e-10
7.851945468427454428e-10
7.847330502325850714e-10
7.842718073540676165e-10
7.838111346517410339e-10
7.833508557743303603e-10
7.828910691219488988e-10
7.824314523008236597e-10
7.819721850826470820e-10
7.815132314452803018e-10
7.810545528890751234e-10
7.805961469913487797e-10
7.801379500558466074e-10
7.796800905523385090e-10
7.792229190996931097e-10
7.787658747990801229e-10
7.783090745309650061e-10
7.778525133690994705e-10
7.773964596270927857e-10
7.769408207053194755e-10
7.764854213289511036e-10
7.760301664422949339e-10
7.755753589911642521e-10
7.751207487324599020e-10
7.746665470996727587e-10
7.742128345160453385e-10
7.737592129013602145e-10
7.733059237574078714e-10
7.728528462719525580e-10
7.724002759542080769e-10
7.719480976122044241e-10
7.714964432216260556e-10
7.710449382179663837e-10
7.705937295081920051e-10
7.701427912016789939e-10
7.696921869889822217e-10
7.692419154329399978e-10
7.687918769383828572e-10
7.683420748331747265e-10
7.678928516856359946e-10
7.674438180748894771e-10
7.669950298654050235e-10
7.665464691598376114e-10
7.660983789481661204e-10
7.656506567359271890e-10
7.652032771139935562e-10
7.647559929581376409e-10
7.643091270945023236e-10
7.638624902406146543e-10
7.634161905967006126e-10
7.629703989705806824e-10
7.625247105454268294e-10
7.620792554632192913e-10
7.616341003979464074e-10
7.611892857668291577e-10
7.607449575800669574e-10
7.603011363050679167e-10
7.598575419963055947e-10
7.594141853232466706e-10
7.589711035929258427e-10
7.585283848972478392e-10
7.580859101143720860e-10
7.576436949103109784e-10
7.572016752044810611e-10
7.567600986604187499e-10
7.563190277524519974e-10
7.558780709757513129e-10
7.554373386766498507e-10
7.549969300958443340e-10
7.545570179001015014e-10
7.541174438360699929e-10
7.536780571486097550e-10
7.532388820357780841e-10
7.528001198812479276e-10
7.523615463195159609e-10
7.519233806641703903e-10
7.514856502953807333e-10
7.510480055073304578e-10
7.506106393093419425e-10
7.501734993895438974e-10
7.497368936552823195e-10
7.493006540772493274e-10
7.488649206816776132e-10
7.484293608273834911e-10
7.479941005831675875e-10
7.475591182729945948e-10
7.471244671152740558e-10
7.466900279995649794e-10
7.462558566242290080e-10
7.458219008065901235e-10
7.453884310400206812e-10
7.449554282682180725e-10
7.445225365861642688e-10
7.440898321550149063e-10
7.436574699811401728e-10
7.432255989015646034e-10
7.427940875105828830e-10
7.423627554450813597e-10
7.419315978083963763e-10
7.415008536039098502e-10
7.410702977199886195e-10
7.406401259515245498e-10
7.402104289678135536e-10
7.397808138439639272e-10
7.393514916003673778e-10
7.389223933243744290e-10
7.384936936779502312e-10
7.380653890417272402e-10
7.376376261864198961e-10
7.372100677804590212e-10
7.367827158209429577e-10
7.363556167660572191e-10
7.359288709340305234e-10
7.355023724694225087e-10
7.350761992859389599e-10
7.346502042920486060e-10
7.342245001226865612e-10
7.337993740313261076e-10
7.333743293774996224e-10
7.329495461853188780e-10
7.325250032960724919e-10
7.321009015801807663e-10
7.316771445993444205e-10
7.312536999784768365e-10
7.308303496709720122e-10
7.304073812674051790e-10
7.299846504859708118e-10
7.295621960722224963e-10
7.291402579434084988e-10
7.287184678490341222e-10
7.282968115626914299e-10
7.278755054313629096e-10
7.274543807110954046e-10
7.270338424448086748e-10
7.266136318693010833e-10
7.261938582932723296e-10
7.257742189997150402e-10
7.253548897853956933e-10
7.249358070037292364e-10
7.245170563160664903e-10
7.240985296464912115e-10
7.236802187278630902e-10
7.232621153945523873e-10
7.228444917133453054e-10
7.224273016500122443e-10
7.220102217978458555e-10
7.215933489957593299e-10
7.211767760963403151e-10
7.207606644590550701e-10
7.203448938636317911e-10
7.199293305207666797e-10
7.195138977886216911e-10
7.190988994508795514e-10
7.186840506851635163e-10
7.182695414020093689e-10
7.178555346960627244e-10
7.174416680994028755e-10
7.170279378124403019e-10
7.166145362495476234e-10
7.162013614460706611e-10
7.157887329315015124e-10
7.153764416252774796e-10
7.149645901857987814e-10
7.145528638431705651e-10
7.141414455245983606e-10
7.137302788480169748e-10
7.133194241050056696e-10
7.129087773384260408e-10
7.124983887862395619e-10
7.120881946618091632e-10
7.116784119806214388e-10
7.112691473719312888e-10
7.108599588136579703e-10
7.104509752065841837e-10
7.100422409341713699e-10
7.096339570956457433e-10
7.092260252162539788e-10
7.088183807890139400e-10
7.084108181157820019e-10
7.080035985173377355e-10
7.075966337120545773e-10
7.071899160353416983e-10
7.067836804030163201e-10
7.063777001680300428e-10
7.059718212264796515e-10
7.055662630960601686e-10
7.051608708930826308e-10
7.047559337519514852e-10
7.043513335520895151e-10
7.039472407775147686e-10
7.035433290692993664e-10
7.031396119514198088e-10
7.027361372204269160e-10
7.023329766244806806e-10
7.019300494412352467e-10
7.015274624247980882e-10
7.011250193647355074e-10
7.007228209171924269e-10
7.003211452062048048e-10
6.999196607286473063e-10
6.995183640586738765e-10
6.991172459767362029e-10
6.987164920229870483e-10
6.983161540459860867e-10
6.979161156169084754e-10
6.975162772703228585e-10
6.971165535842697582e-10
6.967172658638617982e-10
6.963181248593417133e-10
6.959192978376024297e-10
6.955209399176528702e-10
6.951226918307838197e-10
6.947245743904621522e-10
6.943267925639010995e-10
6.939291777645703149e-10
6.935321156997971710e-10
6.931353499959497241e-10
6.927390236116676367e-10
6.923428406373944076e-10
6.919469236143026187e-10
6.915512440703056732e-10
6.911558856756272598e-10
6.907607274198959177e-10
6.903658124358760018e-10
6.899710354419061522e-10
6.895765712486889331e-10
6.891826884157389007e-10
6.887889689857660567e-10
6.883954294574951793e-10
6.880020427987155490e-10
6.876089995404258531e-10
6.872164132672550218e-10
6.868241200711157803e-10
6.864319931908186589e-10
6.860399959384346671e-10
6.856484118880861270e-10
6.852569626169051598e-10
6.848658106378872383e-10
6.844751546772454204e-10
6.840846694001143500e-10
6.836942949217713041e-10
6.833042140489119373e-10
6.829143121907584264e-10
6.825248888591354428e-10
6.821357643320201586e-10
6.817471350700942561e-10
6.813587044065432329e-10
6.809704278775657309e-10
6.805824565743180777e-10
6.801947509212485945e-10
6.798072656546851957e-10
6.794200478228775150e-10
6.790330265524478316e-10
6.786462064746123742e-10
6.782598320368681109e-10
6.778738624341369306e-10
6.774879740789466716e-10
6.771022753525595455e-10
6.767168120272861666e-10
6.763317691544543296e-10
6.759470420666230534e-10
6.755626390141047957e-10
6.751783066113151974e-10
6.747942161038731094e-10
6.744104743905521400e-10
6.740268971631687266e-10
6.736436573675079685e-10
6.732608529911267348e-10
6.728781144047235415e-10
6.724955707560720501e-10
6.721133158376826530e-10
6.717312251248553585e-10
6.713496544778241194e-10
6.709683767428019381e-10
6.705875234861739634e-10
6.702067876354779302e-10
6.698262955987877630e-10
6.694459955006733422e-10
6.690660158087332213e-10
6.686862392185460295e-10
6.683067792221869412e-10
6.679274538931709467e-10
6.675483490988556132e-10
6.671697018487815395e-10
6.667913224161634642e-10
6.664130683710852326e-10
6.660350070856241290e-10
6.656572269041042153e-10
6.652798297735374591e-10
6.649027221446046713e-10
6.645258916552723361e-10
6.641491457049747514e-10
6.637726663727342015e-10
6.633965174595729442e-10
6.630205374885004497e-10
6.626448825781604865e-10
6.622696175555377658e-10
6.618944145298176126e-10
6.615193647780024779e-10
6.611446334347204637e-10
6.607700666028893575e-10
6.603960430895604853e-10
6.600222765022004861e-10
6.596489264721531477e-10
6.592757202454002748e-10
6.589027322357043087e-10
6.585299931508271715e-10
6.581575329206449670e-10
6.577852826561216405e-10
6.574132632353217022e-10
6.570413917227517180e-10
6.566697267456518586e-10
6.562984953069003587e-10
6.559276943421807898e-10
6.555569499658045792e-10
6.551864267996900207e-10
6.548160622142577005e-10
6.544460845987922590e-10
6.540764483177781791e-10
6.537071323536415635e-10
6.533379038082914526e-10
6.529688458210566782e-10
6.526001683624816537e-10
6.522315998334344906e-10
6.518633159123431403e-10
6.514955055614065598e-10
6.511278643626367683e-10
6.507603182814431624e-10
6.503930390552550629e-10
6.500259329048615905e-10
6.496591909190267345e-10
6.492927900811785320e-10
6.489268276935417900e-10
6.485611466030963085e-10
6.481955658753922016e-10
6.478302585674962103e-10
6.474651493683358744e-10
6.471003460544526788e-10
6.467357077367740797e-10
6.463713356457668387e-10
6.460071128512958878e-10
6.456431190188029044e-10
6.452796316146764854e-10
6.449163886832889680e-10
6.445532470792646664e-10
6.441902704084758370e-10
6.438275370055985729e-10
6.434651891319980543e-10
6.431031206331306832e-10
6.427413836308744961e-10
6.423797152180081868e-10
6.420182316713621608e-10
6.416571069040575449e-10
6.412961090257806809e-10
6.409353828207329937e-10
6.405751234375584674e-10
6.402149909447687861e-10
6.398549595594932234e-10
6.394952178864723891e-10
6.391356148033368121e-10
6.387763435218870722e-10
6.384174360087247365e-10
6.380589413566960426e-10
6.377007174434021533e-10
6.373425920624023405e-10
6.369847192863866759e-10
6.366270085975106402e-10
6.362696272507247396e-10
6.359124181928908330e-10
6.355554972586983637e-10
6.351987025051309999e-10
6.348421125013705380e-10
6.344859205335862649e-10
6.341300490414594630e-10
6.337742522741408622e-10
6.334186741619488508e-10
6.330632736935271523e-10
