-1.391133894961491448e-11
-1.690183506024681189e-11
-2.024805938333188628e-11
-2.396822809031977718e-11
-2.807980246895660691e-11
-3.259912894487028997e-11
-3.754127102493984828e-11
-4.291941839387653620e-11
-4.874507992920969227e-11
-5.502751771916534309e-11
-6.177397209549751291e-11
-6.898930978923677240e-11
-7.667605570766070855e-11
-8.483452224710819352e-11
-9.346269267242438313e-11
-1.025564224328695164e-10
-1.121094760530507463e-10
-1.221128900926773480e-10
-1.325565589934083946e-10
-1.434283658536421937e-10
-1.547142211538039227e-10
-1.663987824537710148e-10
-1.784651360302461325e-10
-1.908954645822414989e-10
-2.036708215867956533e-10
-2.167707954821736522e-10
-2.301752994802484305e-10
-2.438628082688975897e-10
-2.578115773768115672e-10
-2.720004505679459105e-10
-2.864068583185487840e-10
-3.010091583438947770e-10
-3.157859537367623649e-10
-3.307152095861853569e-10
-3.457769574848318456e-10
-3.609496777162909178e-10
-3.762147551089491708e-10
-3.915519846421149409e-10
-4.069439882410882978e-10
-4.223725590544288931e-10
-4.378215065952744502e-10
-4.532751406185394217e-10
-4.687185987109074428e-10
-4.841384757157202738e-10
-4.995215729432477013e-10
-5.148570531495600884e-10
-5.301335108295583749e-10
-5.453418257518593692e-10
-5.604730647708351266e-10
-5.755199596132322882e-10
-5.904758942767534179e-10
-6.053346203158137546e-10
-6.200921341471315771e-10
-6.347441335394901406e-10
-6.492872029039980470e-10
-6.637195849649270989e-10
-6.780393191295250001e-10
-6.922452872004813229e-10
-7.063377729841259785e-10
-7.203166960652685370e-10
-7.341828443830732920e-10
-7.479378478089252620e-10
-7.615831475720311781e-10
-7.751206539963848949e-10
-7.885533760738873046e-10
-8.018836407310994569e-10
-8.151143121014063958e-10
-8.282484404775061261e-10
-8.412892960153799803e-10
-8.542405930444988158e-10
-8.671051457815375104e-10
-8.798867627751474139e-10
-8.925886950224833829e-10
-9.052138435663911380e-10
-9.177656362248002534e-10
-9.302473670559030417e-10
-9.426619677863137380e-10
-9.550115054940608945e-10
-9.672989381055469062e-10
-9.795267209892909483e-10
-9.916968808119095723e-10
-1.003810544247659710e-09
-1.015869733655201282e-09
-1.027876124459086100e-09
-1.039830028212590749e-09
-1.051731689005464545e-09
-1.063582166159610221e-09
-1.075381590340448218e-09
-1.087129018652077062e-09
-1.098824094877438178e-09
-1.110465877927192548e-09
-1.122053111999557205e-09
-1.133585032900083853e-09
-1.145058697367951381e-09
-1.156472295190519781e-09
-1.167824324845717932e-09
-1.179111287614988313e-09
-1.190331444983059226e-09
-1.201480962599861140e-09
-1.212555979341143279e-09
-1.223554693443418457e-09
-1.234472335970904007e-09
-1.245306283174195055e-09
-1.256052042067607640e-09
-1.266704561215313014e-09
-1.277262212506166088e-09
-1.287719138545871150e-09
-1.298072350872488573e-09
-1.308315877212878553e-09
-1.318448145848438575e-09
-1.328463085080243315e-09
-1.338357298005741871e-09
-1.348128225541200937e-09
-1.357768235812563351e-09
-1.367277293133271840e-09
-1.376649357025506328e-09
-1.385882663098461447e-09
-1.394971888431660735e-09
-1.403915520339403937e-09
-1.412708697760487460e-09
-1.421350661808976689e-09
-1.429836781450023237e-09
-1.438166219457733397e-09
-1.446334882689649450e-09
-1.454342475749648692e-09
-1.462185548779739771e-09
-1.469865316382816987e-09
-1.477377798544290792e-09
-1.484724189272243880e-09
-1.491901051475059602e-09
-1.498911810070902763e-09
-1.505749930964238644e-09
-1.512422803579178352e-09
-1.518926263048102999e-09
-1.525262193013468188e-09
-1.531431604121899565e-09
-1.537433035939041808e-09
-1.543271903853576365e-09
-1.548945888776643513e-09
-1.554459421335096731e-09
-1.559812068398638441e-09
-1.565009159382105737e-09
-1.570048787658009486e-09
-1.574936276999153466e-09
-1.579674358714891755e-09
-1.584264698881974119e-09
-1.588710769231694489e-09
-1.593014255536965426e-09
-1.597181712052706000e-09
-1.601213200804227469e-09
-1.605113090782177401e-09
-1.608886430087192936e-09
-1.612533629624221208e-09
-1.616062464078397983e-09
-1.619472095751343782e-09
-1.622768914185803638e-09
-1.625957530581496800e-09
-1.629038534887606813e-09
-1.632019709580648656e-09
-1.634901236423966847e-09
-1.637689037996336555e-09
-1.640385756006246572e-09
-1.642994019215154749e-09
-1.645521209922831011e-09
-1.647967117604530275e-09
-1.650336767056233766e-09
-1.652634988808239748e-09
-1.654861399734973237e-09
-1.657023017780349276e-09
-1.659121329967617001e-09
-1.661158565557791666e-09
-1.663140196614661361e-09
-1.665067625674570740e-09
-1.666942588969111472e-09
-1.668770375603616785e-09
-1.670550814529047403e-09
-1.672287577578966627e-09
-1.673983965593124301e-09
-1.675639861344145761e-09
-1.677258886137432023e-09
-1.678843530036766290e-09
-1.680393165131992549e-09
-1.681911609921752408e-09
-1.683400006366601137e-09
-1.684858091078996396e-09
-1.686289274079911652e-09
-1.687694214898978138e-09
-1.689072572577641316e-09
-1.690426878846426203e-09
-1.691757715427708639e-09
-1.693064405476651063e-09
-1.694348590431270435e-09
-1.695610978700293002e-09
-1.696850374686787548e-09
-1.698068077003435286e-09
-1.699264935823161078e-09
-1.700439477273564241e-09
-1.701592123511233477e-09
-1.702723676649900056e-09
-1.703833115115551774e-09
-1.704919578224776037e-09
-1.705983781607916711e-09
-1.707025313239031493e-09
-1.708041838200994618e-09
-1.709034686943676460e-09
-1.710003667693524012e-09
-1.710946393421032503e-09
-1.711863308258001865e-09
-1.712753927531517934e-09
-1.713616613203606941e-09
-1.714450587437957722e-09
-1.715256287135487958e-09
-1.716032644390806722e-09
-1.716777192796834585e-09
-1.717490736593487864e-09
-1.718173361648069843e-09
-1.718822674024448921e-09
-1.719437456877740052e-09
-1.720018470052745203e-09
-1.720564804732742807e-09
-1.721074690157637194e-09
-1.721548216470262797e-09
-1.721985988586478086e-09
-1.722385767721441109e-09
-1.722745952033278212e-09
-1.723067839657552831e-09
-1.723350882941804198e-09
-1.723592999438326130e-09
-1.723795853648916301e-09
-1.723959475548614874e-09
-1.724080726003540823e-09
-1.724160496237276704e-09
-1.724199641263408320e-09
-1.724197707236388576e-09
-1.724153891356918912e-09
-1.724068053815593937e-09
-1.723940307226105733e-09
-1.723771183625730339e-09
-1.723559656673909990e-09
-1.723307933290504210e-09
-1.723014495337699891e-09
-1.722679109991286124e-09
-1.722303067502802492e-09
-1.721887175373242158e-09
-1.721432217400572398e-09
-1.720935417796944565e-09
-1.720399608747381470e-09
-1.719825418930986221e-09
-1.719214022641149667e-09
-1.718563324056971226e-09
-1.717875385564049377e-09
-1.717151764006955938e-09
-1.716393058877229795e-09
-1.715598052611993131e-09
-1.714768488706145136e-09
-1.713906082185013553e-09
-1.713011425814166271e-09
-1.712083355277995862e-09
-1.711124021756961710e-09
-1.710135147359042834e-09
-1.709117386036687700e-09
-1.708069027716402997e-09
-1.706993289464394650e-09
-1.705891766151058109e-09
-1.704763975813322897e-09
-1.703609732217760672e-09
-1.702431722848373582e-09
-1.701231076005325185e-09
-1.700007701830662051e-09
-1.698762430247596771e-09
-1.697495898914774312e-09
-1.696210351916286504e-09
-1.694906451938616671e-09
-1.693583741316959393e-09
-1.692243087905390560e-09
-1.690886741115045147e-09
-1.689515041163323864e-09
-1.688128577807173275e-09
-1.686726953679284150e-09
-1.685312384785598735e-09
-1.683886000961858675e-09
-1.682447834390352884e-09
-1.680998177627658457e-09
-1.679537282473840842e-09
-1.678067721235280873e-09
-1.676589206045515320e-09
-1.675101976751187621e-09
-1.673606291058432384e-09
-1.672103225101764143e-09
-1.670593717464495117e-09
-1.669077887483972278e-09
-1.667555657515067632e-09
-1.666027024509786059e-09
-1.664494227313188260e-09
-1.662956760203591333e-09
-1.661415073809471534e-09
-1.659868871282507670e-09
-1.658318846423747242e-09
-1.656765742784188513e-09
-1.655209882693947755e-09
-1.653651001116415564e-09
-1.652088966661231240e-09
-1.650524431636408190e-09
-1.648957765502497883e-09
-1.647389012904754084e-09
-1.645817962424414905e-09
-1.644244372658413864e-09
-1.642669013834654854e-09
-1.641091886515951562e-09
-1.639513266379102839e-09
-1.637932682687202611e-09
-1.636350126083183788e-09
-1.634765807603650817e-09
-1.633179970733849214e-09
-1.631592783060240212e-09
-1.630003539416645563e-09
-1.628412312897045533e-09
-1.626818947896193755e-09
-1.625223785713112101e-09
-1.623626956137733050e-09
-1.622027649037967138e-09
-1.620426094486491687e-09
-1.618821787041872584e-09
-1.617215272700555014e-09
-1.615606579732925334e-09
-1.613994991491869271e-09
-1.612381025867889154e-09
-1.610763675741788547e-09
-1.609143663182685205e-09
-1.607520815145056727e-09
-1.605894822502905524e-09
-1.604265864117495447e-09
-1.602632964428886537e-09
-1.600996990864991230e-09
-1.599357047824787170e-09
-1.597713747390163704e-09
-1.596066727164692207e-09
-1.594415445126364698e-09
-1.592760565462501002e-09
-1.591101041288685663e-09
-1.589437980495558674e-09
-1.587770185677310256e-09
-1.586098366843095705e-09
-1.584422063555731061e-09
-1.582741267034859557e-09
-1.581056269063479188e-09
-1.579366546556062505e-09
-1.577672687053042903e-09
-1.575973700664734364e-09
-1.574270511179165795e-09
-1.572562176230824348e-09
-1.570849455534810069e-09
-1.569131918075429692e-09
-1.567409916004977090e-09
-1.565683095776862957e-09
-1.563951359118721797e-09
-1.562215109202023765e-09
-1.560474013433988165e-09
-1.558728596044298670e-09
-1.556978318851050778e-09
-1.555223830699680061e-09
-1.553464602429513778e-09
-1.551701042810049595e-09
-1.549932863094704112e-09
-1.548160696407187304e-09
-1.546384251441618953e-09
-1.544603909452160831e-09
-1.542819191563111172e-09
-1.541030545327158256e-09
-1.539238059434938027e-09
-1.537442050579165446e-09
-1.535642372298579510e-09
-1.533839024523697046e-09
-1.532032232391574097e-09
-1.530222081753301205e-09
-1.528408663446544518e-09
-1.526592391011979477e-09
-1.524773014949434023e-09
-1.522951025414044547e-09
-1.521126158721807590e-09
-1.519298777892184629e-09
-1.517468713911993310e-09
-1.515636699064377594e-09
-1.513802356078877332e-09
-1.511966343477618186e-09
-1.510128211734590014e-09
-1.508288406653820867e-09
-1.506446662610410698e-09
-1.504603813059633314e-09
-1.502759504996868353e-09
-1.500914323803938683e-09
-1.499067906074593176e-09
-1.497220582467664254e-09
-1.495372090542897228e-09
-1.493523280218445330e-09
-1.491673850400565589e-09
-1.489824117061664089e-09
-1.487974008912006919e-09
-1.486123508733663984e-09
-1.484272820137805223e-09
-1.482422162793160876e-09
-1.480571910167145300e-09
-1.478721921551704088e-09
-1.476872362205612228e-09
-1.475022976449327612e-09
-1.473174347888220027e-09
-1.471325997282959317e-09
-1.469478961764839773e-09
-1.467632628557140129e-09
-1.465787571336084968e-09
-1.463943288368325431e-09
-1.462100232612340121e-09
-1.460258008671825773e-09
-1.458417401227185732e-09
-1.456577942503813546e-09
-1.454740056353687091e-09
-1.452903535327849673e-09
-1.451068407717532602e-09
-1.449234769474363447e-09
-1.447402582549357518e-09
-1.445572388031131988e-09
-1.443743806057504622e-09
-1.441917201746328672e-09
-1.440092259766759339e-09
-1.438269228254782415e-09
-1.436447935714350221e-09
-1.434628805339666818e-09
-1.432811661560654576e-09
-1.430996635307927416e-09
-1.429183699774878207e-09
-1.427372824142246042e-09
-1.425564130175814737e-09
-1.423757505920824286e-09
-1.421953142080787063e-09
-1.420150834155148948e-09
-1.418350781498077162e-09
-1.416552800661260483e-09
-1.414757071706863578e-09
-1.412963507432348217e-09
-1.411172228533457377e-09
-1.409383210100474089e-09
-1.407596384306242487e-09
-1.405811885889054497e-09
-1.404029529151660247e-09
-1.402249535342374076e-09
-1.400471849542855733e-09
-1.398696549347278680e-09
-1.396923491137401680e-09
-1.395152725880289047e-09
-1.393384283728163033e-09
-1.391617997760442801e-09
-1.389854119970588211e-09
-1.388092584803543103e-09
-1.386333408966536053e-09
-1.384576410051187304e-09
-1.382821575897941854e-09
-1.381069023289482070e-09
-1.379318506048089544e-09
-1.377570345813681042e-09
-1.375824451098922558e-09
-1.374080834399204837e-09
-1.372339402124169883e-09
-1.370599986397843251e-09
-1.368862793791377567e-09
-1.367127518268460268e-09
-1.365394500926612235e-09
-1.363663687272498201e-09
-1.361935200056246910e-09
-1.360208868175548657e-09
-1.358484467794998812e-09
-1.356762155196146610e-09
-1.355041873715465731e-09
-1.353323569864810788e-09
-1.351607607033062119e-09
-1.349893752559294266e-09
-1.348182012331047752e-09
-1.346472153278604873e-09
-1.344764168772112815e-09
-1.343058435370987062e-09
-1.341354307955248087e-09
-1.339652449265807699e-09
-1.337952614416176423e-09
-1.336254696181082124e-09
-1.334558999250021894e-09
-1.332864902812861791e-09
-1.331172870487956976e-09
-1.329482565186965560e-09
-1.327794043626684296e-09
-1.326107871644477975e-09
-1.324423555564729520e-09
-1.322741266659982408e-09
-1.321060776915419245e-09
-1.319382035813300020e-09
-1.317705591784297436e-09
-1.316030636633744461e-09
-1.314357727317898523e-09
-1.312686853327429938e-09
-1.311017837832299567e-09
-1.309351086453259356e-09
-1.307685902889025685e-09
-1.306022550720535308e-09
-1.304361409996416970e-09
-1.302701770737624751e-09
-1.301044460750450617e-09
-1.299388936799247399e-09
-1.297735239488822441e-09
-1.296083954632952329e-09
-1.294434208164607593e-09
-1.292786474270533771e-09
-1.291140727173632099e-09
-1.289496678573169940e-09
-1.287855007295413086e-09
-1.286215161132120826e-09
-1.284577182910403940e-09
-1.282941707920689298e-09
-1.281307875114777657e-09
-1.279676191802042387e-09
-1.278046513076487472e-09
-1.276418685052575039e-09
-1.274793296985814766e-09
-1.273169803567644868e-09
-1.271548292033029053e-09
-1.269929376783436747e-09
-1.268312164084626802e-09
-1.266697208316189035e-09
-1.265084443184229563e-09
-1.263473598997924549e-09
-1.261865251714863120e-09
-1.260258893001952973e-09
-1.258654715807012920e-09
-1.257053156532997916e-09
-1.255453512513965833e-09
-1.253856079405443423e-09
-1.252261250749691327e-09
-1.250668377554201262e-09
-1.249077878120403966e-09
-1.247489711800644137e-09
-1.245903855378278087e-09
-1.244320596606279867e-09
-1.242739526055061680e-09
-1.241160728863511563e-09
-1.239584622843203894e-09
-1.238010483062314255e-09
-1.236438721025660954e-09
-1.234869724848869358e-09
-1.233303003133054099e-09
-1.231738769754365232e-09
-1.230177169550473652e-09
-1.228617755222305069e-09
-1.227060902583488930e-09
-1.225506580117616714e-09
-1.223954550074120656e-09
-1.222405268864792984e-09
-1.220858337033197111e-09
-1.219314009393809660e-09
-1.217772417387946071e-09
-1.216233223714182729e-09
-1.214696470933278256e-09
-1.213162563909776084e-09
-1.211630794956416895e-09
-1.210101540560816899e-09
-1.208575292464644694e-09
-1.207051534245809388e-09
-1.205530220589702457e-09
-1.204011778879205147e-09
-1.202495540737162392e-09
-1.200981859776172305e-09
-1.199471075739991978e-09
-1.197962440796301732e-09
-1.196456351095297246e-09
-1.194953126609299173e-09
-1.193452472787563189e-09
-1.191954369073493020e-09
-1.190459040630779921e-09
-1.188965900611506106e-09
-1.187475335734684780e-09
-1.185987664446322931e-09
-1.184502155260016965e-09
-1.183019263430664307e-09
-1.181539095712209577e-09
-1.180061566558129927e-09
-1.178586560322951308e-09
-1.177114230672181344e-09
-1.175644118492290490e-09
-1.174176464364127696e-09
-1.172711723487003847e-09
-1.171249088007877711e-09
-1.169788975584302636e-09
-1.168331643625951698e-09
-1.166876826108396614e-09
-1.165424407331734437e-09
-1.163974716130864338e-09
-1.162527031460387290e-09
-1.161081736601057563e-09
-1.159639336297161449e-09
-1.158198856886807620e-09
-1.156760725701922998e-09
-1.155325500919352721e-09
-1.153892578767394542e-09
-1.152461897263585157e-09
-1.151033961166107907e-09
-1.149608061079575302e-09
-1.148184376374794452e-09
-1.146763512745835349e-09
-1.145344472406249537e-09
-1.143927762412954863e-09
-1.142513857608154782e-09
-1.141102069129897231e-09
-1.139692661898986120e-09
-1.138285778387190357e-09
-1.136881007240238299e-09
-1.135478431607483171e-09
-1.134078144627642150e-09
-1.132680234507285291e-09
-1.131284383170982523e-09
-1.129890847312730254e-09
-1.128499806131943771e-09
-1.127111003993086977e-09
-1.125724324641549398e-09
-1.124340258995624672e-09
-1.122957958619467020e-09
-1.121577768336053365e-09
-1.120200249438549087e-09
-1.118824401101775031e-09
-1.117450703790281276e-09
-1.116079668259806497e-09
-1.114710577783330772e-09
-1.113343730445975744e-09
-1.111979239515733362e-09
-1.110616852802274777e-09
-1.109256403505456651e-09
-1.107898024583643665e-09
-1.106542248958864242e-09
-1.105188156662347796e-09
-1.103836094925821195e-09
-1.102486749616511813e-09
-1.101139364539800288e-09
-1.099794032420978927e-09
-1.098451164818136676e-09
-1.097110228904205243e-09
-1.095771360638064678e-09
-1.094434565408134721e-09
-1.093100183327591324e-09
-1.091767595722908068e-09
-1.090437036915658209e-09
-1.089109099819640400e-09
-1.087783160580199738e-09
-1.086459205338917677e-09
-1.085137712590496385e-09
-1.083818106911209514e-09
-1.082500556657623445e-09
-1.081185056978654760e-09
-1.079871924711775024e-09
-1.078560578682367401e-09
-1.077251199792184879e-09
-1.075944447416837660e-09
-1.074639658514320194e-09
-1.073336853905264807e-09
-1.072036474287844502e-09
-1.070738052363991164e-09
-1.069441595351269022e-09
-1.068147142680220235e-09
-1.066855256828119025e-09
-1.065564963826769081e-09
-1.064276725243034928e-09
-1.062991122432189649e-09
-1.061707330506234477e-09
-1.060425718637944745e-09
-1.059146394104125942e-09
-1.057869224674828631e-09
-1.056593824386090070e-09
-1.055320555308926443e-09
-1.054049805560120755e-09
-1.052780605155178529e-09
-1.051513580435094154e-09
-1.050248951433384726e-09
-1.048986312644524559e-09
-1.047725902637824789e-09
-1.046467462514935391e-09
-1.045211393378465088e-09
-1.043957182312327601e-09
-1.042705001893612949e-09
-1.041454883228778733e-09
-1.040207050636138038e-09
-1.038960987632801575e-09
-1.037716830047947062e-09
-1.036475362359897827e-09
-1.035235698269112066e-09
-1.033998099727725189e-09
-1.032762759364512445e-09
-1.031529520899661679e-09
-1.030297994470046176e-09
-1.029068502180540927e-09
-1.027841486264897024e-09
-1.026616031225585965e-09
-1.025392706439561100e-09
-1.024171421977069723e-09
-1.022952436878323332e-09
-1.021735488893566934e-09
-1.020520374547123188e-09
-1.019307646392332558e-09
-1.018096801935005454e-09
-1.016887761289181602e-09
-1.015680662436858984e-09
-1.014476103616563085e-09
-1.013272936076338272e-09
-1.012071839984054572e-09
-1.010873027679704924e-09
-1.009676185435768710e-09
-1.008481433584939333e-09
-1.007288467374026793e-09
-1.006097816263639522e-09
-1.004908951621755909e-09
-1.003721894760601717e-09
-1.002536683836860552e-09
-1.001353975340274896e-09
-1.000172605213483109e-09
-9.989932297765729294e-10
-9.978160922495957700e-10
-9.966408840450486201e-10
-9.954676954991607404e-10
-9.942962178727241958e-10
-9.931270058446854695e-10
-9.919595497386111501e-10
-9.907937757077866159e-10
-9.896298425444196974e-10
-9.884683037809845487e-10
-9.873080815180940797e-10
-9.861498586502537723e-10
-9.849935088055249837e-10
-9.838393472325305544e-10
-9.826869953012564893e-10
-9.815363830722585080e-10
-9.803878925147960205e-10
-9.792412608180374234e-10
-9.780961597724320871e-10
-9.769528792171862847e-10
-9.758117507068863247e-10
-9.746722675963021504e-10
-9.735345003847965989e-10
-9.723983784896270274e-10
-9.712647310899570670e-10
-9.701325550120763682e-10
-9.690023386508809787e-10
-9.678738491532086675e-10
-9.667474578660790086e-10
-9.656225947478163104e-10
-9.644994838167975534e-10
-9.633779986993466021e-10
-9.622588519859185719e-10
-9.611408897607997221e-10
-9.600247628774892782e-10
-9.589106551346092439e-10
-9.577983906795175045e-10
-9.566879035142024735e-10
-9.555790284389498595e-10
-9.544721884823621643e-10
-9.533670919407680142e-10
-9.522634376856828543e-10
-9.511615225312653186e-10
-9.500615304139459078e-10
-9.489633072009424638e-10
-9.478665446342180140e-10
-9.467714169914632002e-10
-9.456785219680769267e-10
-9.445870873251965165e-10
-9.434975885952249282e-10
-9.424095872756573769e-10
-9.413236395503300342e-10
-9.402392778791417380e-10
-9.391563699047572376e-10
-9.380751537344245788e-10
-9.369959885463439083e-10
-9.359182440818280200e-10
-9.348421211495585227e-10
-9.337675054033962598e-10
-9.326951801526102001e-10
-9.316241832318787602e-10
-9.305550953514394788e-10
-9.294875165209936093e-10
-9.284219174982920752e-10
-9.273578583315269403e-10
-9.262952152804342673e-10
-9.252342622135133703e-10
-9.241752976518926920e-10
-9.231177480154662413e-10
-9.220617456129309455e-10
-9.210072662085566013e-10
-9.199549724720347663e-10
-9.189040164052638475e-10
-9.178549467411679307e-10
-9.168072908204731969e-10
-9.157616100573615488e-10
-9.147174605163232205e-10
-9.136746948067597904e-10
-9.126335515020355798e-10
-9.115941971608399084e-10
-9.105565521930950073e-10
-9.095201978011443864e-10
-9.084854107781500585e-10
-9.074526308958426368e-10
-9.064213842361448463e-10
-9.053918155579799894e-10
-9.043636743687247085e-10
-9.033373633806811987e-10
-9.023127412928719901e-10
-9.012894128120605198e-10
-9.002676921347788142e-10
-8.992473728149439535e-10
-8.982292398259468629e-10
-8.972120536511226756e-10
-8.961966245742654689e-10
-8.951825883171105179e-10
-8.941706481535775955e-10
-8.931599870084715382e-10
-8.921510360711933351e-10
-8.911435393831101409e-10
-8.901378789823855107e-10
-8.891336414094077048e-10
-8.881307192576693153e-10
-8.871293557622764414e-10
-8.861297659776979197e-10
-8.851317066809872059e-10
-8.841348784853712429e-10
-8.831395829153886629e-10
-8.821461390481851572e-10
-8.811542368990671491e-10
-8.801638236347680407e-10
-8.791748948361581274e-10
-8.781875566683121537e-10
-8.772019247454371557e-10
-8.762176019700502181e-10
-8.752347041208018828e-10
-8.742532111714840837e-10
-8.732736484635112365e-10
-8.722952349620301844e-10
-8.713182811832809726e-10
-8.703426708900241277e-10
-8.693690394161135041e-10
-8.683967106040158089e-10
-8.674259966364093557e-10
-8.664565717032289327e-10
-8.654888200446756037e-10
-8.645226490275222650e-10
-8.635577028591362989e-10
-8.625941943050950691e-10
-8.616320043152487111e-10
-8.606717450936613553e-10
-8.597125205998295856e-10
-8.587547522630849076e-10
-8.577982677321576078e-10
-8.568436986820335373e-10
-8.558904083648763024e-10
-8.549386517045985202e-10
-8.539881845824996578e-10
-8.530392803193202346e-10
-8.520919822244999411e-10
-8.511458967696747694e-10
-8.502011331800741400e-10
-8.492577286836232655e-10
-8.483160782134042701e-10
-8.473756590689422797e-10
-8.464364267028389958e-10
-8.454985927255140563e-10
-8.445624513802487517e-10
-8.436277642060098880e-10
-8.426943892880519809e-10
-8.417624741437802399e-10
-8.408318933230655795e-10
-8.399029538355641990e-10
-8.389752752805991804e-10
-8.380487600360517094e-10
-8.371236491807334643e-10
-8.361999124668828319e-10
-8.352779285563602609e-10
-8.343567754555397445e-10
-8.334371879952815277e-10
-8.325187388071800249e-10
-8.316022646973349871e-10
-8.306867673587531989e-10
-8.297728828704955286e-10
-8.288601055618333993e-10
-8.279489279798613795e-10
-8.270391377139452031e-10
-8.261304261933738326e-10
-8.252230692970262396e-10
-8.243169139245243885e-10
-8.234125050167482829e-10
-8.225091433784402110e-10
-8.216069573820755406e-10
-8.207060503734493345e-10
-8.198067347158959455e-10
-8.189088235807478611e-10
-8.180121273310593892e-10
-8.171168390750396626e-10
-8.162227399771772646e-10
-8.153302312842584991e-10
-8.144389509959084054e-10
-8.135487152307039937e-10
-8.126598276364737073e-10
-8.117720696469536257e-10
-8.108861880713236231e-10
-8.100010530020427757e-10
-8.091172957979485044e-10
-8.082346588692905141e-10
-8.073537010118931963e-10
-8.064739815634831870e-10
-8.055954888804180296e-10
-8.047183319065203006e-10
-8.038423912152729567e-10
-8.029679659033568145e-10
-8.020947322892079176e-10
-8.012225193127854888e-10
-8.003516254871117042e-10
-7.994818186347481752e-10
-7.986138615187899684e-10
-7.977466147854592073e-10
-7.968807077027287754e-10
-7.960158865655366879e-10
-7.951526923125322729e-10
-7.942907311102045943e-10
-7.934299475619371573e-10
-7.925704868481845045e-10
-7.917121578178468325e-10
-7.908553350361726066e-10
-7.899996705615485572e-10
-7.891449805692962844e-10
-7.882915551186521040e-10
-7.874392200436774748e-10
-7.865885699703522019e-10
-7.857388144378518943e-10
-7.848901403877541148e-10
-7.840426633340945338e-10
-7.831965241916398898e-10
-7.823519015211393185e-10
-7.815082118127623948e-10
-7.806659514183863506e-10
-7.798246532692375370e-10
-7.789847822314730679e-10
-7.781461575515707216e-10
-7.773085607391188332e-10
-7.764720429262042497e-10
-7.756367179274198661e-10
-7.748026870196993153e-10
-7.739700755663176147e-10
-7.731381605010734993e-10
-7.723076234532999107e-10
-7.714780109561330386e-10
-7.706501249993923942e-10
-7.698231748159488125e-10
-7.689974407779263523e-10
-7.681728776847849034e-10
-7.673494597345277724e-10
-7.665274407329675426e-10
-7.657065102495600804e-10
-7.648864901427713844e-10
-7.640676665205614206e-10
-7.632498812050693992e-10
-7.624336655196317719e-10
-7.616183603028781130e-10
-7.608040078364763054e-10
-7.599908812547201516e-10
-7.591788129508824956e-10
-7.583683903553817119e-10
-7.575587507622657865e-10
-7.567504711221539661e-10
-7.559431163789066666e-10
-7.551369984378483357e-10
-7.543322393444325539e-10
-7.535284695865744998e-10
-7.527256159556466764e-10
-7.519239352000739776e-10
-7.511231998481658018e-10
-7.503241137540265067e-10
-7.495257447997529781e-10
-7.487283896643011789e-10
-7.479321579834302679e-10
-7.471370581912392067e-10
-7.463434788240156475e-10
-7.455506664687831927e-10
-7.447591895937132136e-10
-7.439685815660389620e-10
-7.431791832522496709e-10
-7.423911110656090546e-10
-7.416039997519030327e-10
-7.408177629085183884e-10
-7.400326588200371314e-10
-7.392484776742061981e-10
-7.384658639329415799e-10
-7.376840274423028929e-10
-7.369031030239618689e-10
-7.361233425109880481e-10
-7.353445021749448140e-10
-7.345673026727044614e-10
-7.337908243177717890e-10
-7.330155571202370673e-10
-7.322412699674915104e-10
-7.314680687458086372e-10
-7.306961536590769521e-10
-7.299252259386341105e-10
-7.291550997256817648e-10
-7.283860869843157519e-10
-7.276180231016649624e-10
-7.268512411018847812e-10
-7.260856309502668401e-10
-7.253206323258311339e-10
-7.245568702117550761e-10
-7.237939336590855223e-10
-7.230324397516318313e-10
-7.222719270748134312e-10
-7.215123801081164115e-10
-7.207540158231661145e-10
-7.199964928951737855e-10
-7.192401897871042952e-10
-7.184849758335376178e-10
-7.177307019424061709e-10
-7.169772720595947095e-10
-7.162249279845133026e-10
-7.154734267356693233e-10
-7.147234882400724600e-10
-7.139741600420952100e-10
-7.132257410224415320e-10
-7.124784048548775026e-10
-7.117319372159551518e-10
-7.109870384468254940e-10
-7.102428176808757677e-10
-7.094996848546314067e-10
-7.087575603557221244e-10
-7.080163637715631100e-10
-7.072764133423174551e-10
-7.065373912374832664e-10
-7.057991862391116685e-10
-7.050619275887966988e-10
-7.043256740154519500e-10
-7.035903397186516910e-10
-7.028564824444453984e-10
-7.021230862446416507e-10
-7.013906972876563774e-10
-7.006592641281496402e-10
-6.999288377563467077e-10
-6.991998078040532354e-10
-6.984714201712779678e-10
-6.977441602778791613e-10
-6.970178009118595673e-10
-6.962923941430393344e-10
-6.955681852319590094e-10
-6.948448743983970768e-10
-6.941223411550600759e-10
-6.934007380568831466e-10
-6.926801171047822921e-10
-6.919603711412314689e-10
-6.912420832108133666e-10
-6.905242564474420379e-10
-6.898073599554585422e-10
-6.890914525112566392e-10
-6.883764051178809576e-10
-6.876628158795229569e-10
-6.869498595833502500e-10
-6.862379075760927943e-10
-6.855269454570737928e-10
-6.848168208030866182e-10
-6.841078444360972699e-10
-6.833997886820454092e-10
-6.826925942028816404e-10
-6.819861827570807472e-10
-6.812807656562847305e-10
-6.805761036571956911e-10
-6.798728475545416718e-10
-6.791702455621210266e-10
-6.784683536937924234e-10
-6.777675712748429621e-10
-6.770674678005704054e-10
-6.763687137714197339e-10
-6.756707885586726359e-10
-6.749737182474697280e-10
-6.742777301876165490e-10
-6.735824176999007368e-10
-6.728881452947770277e-10
-6.721949986623665143e-10
-6.715026550958962332e-10
-6.708109714878262569e-10
-6.701202412867241023e-10
-6.694303393206829864e-10
-6.687414368958299190e-10
-6.680537662671928301e-10
-6.673664942843553268e-10
-6.666801980041877988e-10
-6.659947572737845480e-10
-6.653101892624372409e-10
-6.646269716701342722e-10
-6.639443369330723510e-10
-6.632626410074590609e-10
-6.625818930558086111e-10
-6.619019041189257444e-10
-6.612229783564983705e-10
-6.605449814268676672e-10
-6.598678053207596110e-10
-6.591913169726898354e-10
-6.585157322440004021e-10
-6.578409165553421400e-10
-6.571672188833380600e-10
-6.564945042737193783e-10
-6.558222491953978090e-10
-6.551510097957308583e-10
-6.544804633233605279e-10
-6.538109609256799103e-10
-6.531426470524121951e-10
-6.524748838329887432e-10
-6.518080862698372139e-10
-6.511421687067094571e-10
-6.504770037647394567e-10
-6.498128887294133599e-10
-6.491496457298920208e-10
-6.484872065368857164e-10
-6.478254339028914918e-10
-6.471645381844472535e-10
-6.465043915597317674e-10
-6.458453062748264312e-10
-6.451872330734007207e-10
-6.445295710487750545e-10
-6.438728713730223496e-10
-6.432169180171722898e-10
-6.425618470750176709e-10
-6.419080314004943478e-10
-6.412547606274772313e-10
-6.406023521165882677e-10
-6.399508805703431407e-10
-6.393000852380862801e-10
-6.386502433741740427e-10
-6.380013896718434487e-10
-6.373532782591020422e-10
-6.367057590421665192e-10
-6.360591037491649998e-10
-6.354132192798855654e-10
-6.347681820397606267e-10
-6.341243919316561460e-10
-6.334809627011943805e-10
-6.328382988782414851e-10
-6.321965569441107097e-10
-6.315554209950108095e-10
-6.309155295546521319e-10
-6.302763518017141390e-10
-6.296378922612883718e-10
-6.290004423990663419e-10
-6.283635655613746515e-10
-6.277275908966552842e-10
-6.270926030359900982e-10
-6.264583275356170221e-10
-6.258247638312748012e-10
-6.251919004677940816e-10
-6.245598921957782208e-10
-6.239285194686713478e-10
-6.232982575377590901e-10
-6.226688098016750259e-10
-6.220397847453300404e-10
-6.214116908433881916e-10
-6.207842665687194688e-10
-6.201576703675634112e-10
-6.195322879520062646e-10
-6.189074072006043210e-10
-6.182833094153980839e-10
-6.176601540165497527e-10
-6.170375607391641069e-10
-6.164158686035047146e-10
-6.157951680607375828e-10
-6.151751414662283017e-10
-6.145556811045588637e-10
-6.139370136269394210e-10
-6.133191560579050329e-10
-6.127019053221751347e-10
-6.120858412232319811e-10
-6.114704027148649648e-10
-6.108554335676372290e-10
-6.102413951367791368e-10
-6.096279405342160055e-10
-6.090154020496081952e-10
-6.084039723314178540e-10
-6.077930278970145586e-10
-6.071828490307999672e-10
-6.065735856088434469e-10
-6.059648681873852949e-10
-6.053570228848221932e-10
-6.047501408816039357e-10
-6.041439042728236295e-10
-6.035382376758992572e-10
-6.029333236352816813e-10
-6.023291950356188720e-10
-6.017256515572170391e-10
-6.011232031170950753e-10
-6.005214779736268951e-10
-5.999201520040304037e-10
-5.993196943161208189e-10
-5.987199139487190061e-10
-5.981208040455730219e-10
-5.975229273963420507e-10
-5.969255202278193176e-10
-5.963288312411204096e-10
-5.957330532604419958e-10
-5.951377826261946440e-10
-5.945433472925783283e-10
-5.939498112918097026e-10
-5.933569221605489589e-10
-5.927647382432361411e-10
-5.921731295267244955e-10
-5.915822734577163088e-10
-5.909920417280081468e-10
-5.904026523083353513e-10
-5.898143318302213827e-10
-5.892263033684530593e-10
-5.886389328839461145e-10
-5.880524254044582309e-10
-5.874664084671859061e-10
-5.868814111748992372e-10
-5.862972834144175347e-10
-5.857136190791856781e-10
-5.851307789278564513e-10
-5.845486836343881369e-10
-5.839671773043106674e-10
-5.833864696974752142e-10
-5.828066770088523216e-10
-5.822274960547031253e-10
-5.816488042788727349e-10
-5.810708493628111961e-10
-5.804936322986802947e-10
-5.799169601574795776e-10
-5.793412930188441853e-10
-5.787663795352182381e-10
-5.781917977367490590e-10
-5.776179985283980243e-10
-5.770449314051639094e-10
-5.764723906244808022e-10
-5.759009433835572697e-10
-5.753301340233353388e-10
-5.747598773794498105e-10
-5.741904613974010225e-10
-5.736216647116215777e-10
-5.730534954348507698e-10
-5.724861390445979397e-10
-5.719196008160833669e-10
-5.713536786436062418e-10
-5.707882082718443783e-10
-5.702234704857677822e-10
-5.696594549769689420e-10
-5.690959572188375493e-10
-5.685334676013052121e-10
-5.679716695842304336e-10
-5.674102031116090012e-10
-5.668495002234317278e-10
-5.662895044174311528e-10
-5.657300113407048965e-10
-5.651715708141677044e-10
-5.646137922014030671e-10
-5.640565160359268777e-10
-5.635000328401965951e-10
-5.629442109389699983e-10
-5.623889587351879846e-10
-5.618344568998614062e-10
-5.612808219516365806e-10
-5.607277500883744181e-10
-5.601751557748432919e-10
-5.596232248203346869e-10
-5.590719922382872384e-10
-5.585212720674150243e-10
-5.579714054223202057e-10
-5.574224407634616870e-10
-5.568737378613171584e-10
-5.563256417638153114e-10
-5.557783472806344399e-10
-5.552314748628456059e-10
-5.546854943212021121e-10
-5.541404276526284747e-10
-5.535957401803566800e-10
-5.530517218136551988e-10
-5.525085163606859376e-10
-5.519657346354935911e-10
-5.514237159996778070e-10
-5.508824909132133849e-10
-5.503418463603835441e-10
-5.498018393906357204e-10
-5.492622991691704174e-10
-5.487234065572086690e-10
-5.481851754230126779e-10
-5.476474869092482771e-10
-5.471108420127427105e-10
-5.465746645558772205e-10
-5.460388424553479339e-10
-5.455037671556027416e-10
-5.449693386706474338e-10
-5.444353936136994675e-10
-5.439024555442194238e-10
-5.433701308168799561e-10
-5.428382620832756340e-10
-5.423071324910938061e-10
-5.417766637362744019e-10
-5.412466878044556595e-10
-5.407174324698694898e-10
-5.401890023206121585e-10
-5.396610582599886091e-10
-5.391337022476046337e-10
-5.386068554090591293e-10
-5.380806431380260011e-10
-5.375549917177820603e-10
-5.370299643166365291e-10
-5.365059766854087259e-10
-5.359823194292903958e-10
-5.354590652789227191e-10
-5.349365560648739325e-10
-5.344146181990740776e-10
-5.338931893849381172e-10
-5.333727697658083392e-10
-5.328528962291091693e-10
-5.323334824376573771e-10
-5.318147851850419182e-10
-5.312967297893025473e-10
-5.307791432037588100e-10
-5.302622590319911890e-10
-5.297461733802273079e-10
-5.292305569732183952e-10
-5.287155311786675965e-10
-5.282009747556785540e-10
-5.276870250548209272e-10
-5.271736627059235938e-10
-5.266608402574812015e-10
-5.261490095747704587e-10
-5.256376164319330627e-10
-5.251265417368397333e-10
-5.246161676900709388e-10
-5.241064237222016443e-10
-5.235970921525886456e-10
-5.230886487223739288e-10
-5.225809399704459932e-10
-5.220735900409064638e-10
-5.215668681509353522e-10
-5.210608906723956731e-10
-5.205552882515665403e-10
-5.200503678480180566e-10
-5.195461684099629543e-10
-5.190425544576659655e-10
-5.185395224550126895e-10
-5.180368408614938094e-10
-5.175348081559689420e-10
-5.170333929456517112e-10
-5.165324069919452502e-10
-5.160321971050451869e-10
-5.155328107222707260e-10
-5.150336364797250857e-10
-5.145349468860640119e-10
-5.140370119937131399e-10
-5.135394486950471007e-10
-5.130425486091994092e-10
-5.125466097373328787e-10
-5.120510347693906934e-10
-5.115559706382508826e-10
-5.110615886066134738e-10
-5.105677676226342382e-10
-5.100744109315759520e-10
-5.095817136566597201e-10
-5.090897705509284019e-10
-5.085982597162194419e-10
-5.081073314353682732e-10
-5.076168075665513812e-10
-5.071268412344658081e-10
-5.066375227599968212e-10
-5.061486151832371399e-10
-5.056605705095878682e-10
-5.051731501465768129e-10
-5.046859651795225508e-10
-5.041993074898575690e-10
-5.037133552996005424e-10
-5.032277486474180796e-10
-5.027428549717566037e-10
-5.022588484799550455e-10
-5.017751542375643903e-10
-5.012919903387974690e-10
-5.008095179294597887e-10
-5.003275445453643622e-10
-4.998460405406475487e-10
-4.993651689963659369e-10
-4.988850426029326105e-10
-4.984053228182150751e-10
-4.979261697477978582e-10
-4.974474051945604215e-10
-4.969691864571119223e-10
-4.964916023565142140e-10
-4.960144007111238463e-10
-4.955379930759898778e-10
-4.950622851446435823e-10
-4.945867748195284749e-10
-4.941117368877692991e-10
-4.936374123128067171e-10
-4.931634309479428385e-10
-4.926900481475966370e-10
-4.922175967700323222e-10
-4.917455272786371249e-10
-4.912738885035783245e-10
-4.908028763575795614e-10
-4.903324678467775656e-10
-4.898624175615324844e-10
-4.893930113525717928e-10
-4.889242563933091604e-10
-4.884560259918934289e-10
-4.879883345018107415e-10
-4.875209469319885356e-10
-4.870541551624117324e-10
-4.865879133460572136e-10
-4.861220723904231272e-10
-4.856568455361780216e-10
-4.851925189377487334e-10
-4.847284244516173606e-10
-4.842646617393785562e-10
-4.838015366167358163e-10
-4.833389737435206026e-10
-4.828767499308112938e-10
-4.824152774777059097e-10
-4.819545676355565013e-10
-4.814941261084639285e-10
-4.810341988496291040e-10
-4.805749661969780299e-10
-4.801161162056677050e-10
-4.796577599160306476e-10
-4.791999895763860395e-10
-4.787429432897485912e-10
-4.782862596538775395e-10
-4.778301089818695687e-10
-4.773743091801905443e-10
-4.769190388799413132e-10
-4.764643652778627192e-10
-4.760100420275949047e-10
-4.755564123461849935e-10
-4.751035451237366204e-10
-4.746508489772522514e-10
-4.741985547925070691e-10
-4.737468976863671279e-10
-4.732957187382254866e-10
-4.728449306908259195e-10
-4.723949209755288960e-10
-4.719455529105402821e-10
-4.714964663919414281e-10
-4.710478910484411397e-10
-4.705999934233845364e-10
-4.701524459524011871e-10
-4.697053914565576938e-10
-4.692589053685220667e-10
-4.688131292360817908e-10
-4.683676935158846178e-10
-4.679227767145407124e-10
-4.674781981989653501e-10
-4.670341445183010350e-10
-4.665906574652278307e-10
-4.661475042482498210e-10
-4.657049999574815684e-10
-4.652632910408664164e-10
-4.648217498490998636e-10
-4.643805706841987305e-10
-4.639399882357075669e-10
-4.634999317256070672e-10
-4.630601881665527455e-10
-4.626211566850808799e-10
-4.621828547828442552e-10
-4.617447981440433615e-10
-4.613072218620936310e-10
-4.608702811288165601e-10
-4.604337611804145796e-10
-4.599976475630852173e-10
-4.595621132547495394e-10
-4.591271964031162405e-10
-4.586927065054503608e-10
-4.582587338127195194e-10
-4.578250236507162468e-10
-4.573918523962823465e-10
-4.569591832821081302e-10
-4.565268980501518881e-10
-4.560951151006063184e-10
-4.556641610155235156e-10
-4.552335551210352951e-10
-4.548031885322351231e-10
-4.543732902244004288e-10
-4.539440013450666782e-10
-4.535149957308178848e-10
-4.530865368145047933e-10
-4.526588997979798267e-10
-4.522316611926039854e-10
-4.518047417030239529e-10
-4.513783326942897978e-10
-4.509525489261103038e-10
-4.505270538296750458e-10
-4.501020536874919773e-10
-4.496775963083257572e-10
-4.492538049810892219e-10
-4.488303261489155519e-10
-4.484073334608174443e-10
-4.479846421390389455e-10
-4.475624666855130261e-10
-4.471408044383103844e-10
-4.467194545293992024e-10
-4.462986789156918579e-10
-4.458787117548971261e-10
-4.454589554417994690e-10
-4.450394588211865833e-10
-4.446205125798146770e-10
-4.442020943862267146e-10
-4.437839376019368850e-10
-4.433663680643692954e-10
-4.429495885537905448e-10
-4.425331349090081966e-10
-4.421170237628459307e-10
-4.417014185762016732e-10
-4.412864173416263442e-10
-4.408716839635189711e-10
-4.404574365068514984e-10
-4.400437208630873227e-10
-4.396306509617560855e-10
-4.392178744007144229e-10
-4.388055822347989944e-10
-4.383935698178305343e-10
-4.379820729109867555e-10
-4.375710574854634646e-10
-4.371603563857398503e-10
-4.367501780274572298e-10
-4.363408014948402312e-10
-4.359316830625300814e-10
-4.355228048251477665e-10
-4.351143847579161863e-10
-4.347065327452863508e-10
-4.342989524379130398e-10
-4.326686702596994392e-10
-4.322636143132923249e-10
-4.318589878455526159e-10
-4.314546302869508585e-10
-4.261452567525629999e-10
-4.257470035203022520e-10
-4.253490632702103526e-10
-4.249515368165788178e-10
-4.245545349306376333e-10
-4.217015909848093927e-10
-4.213080663003695708e-10
-4.209150153914217659e-10
-4.205222038178370624e-10
-4.152042647577924675e-10
-4.148174088255367705e-10
-4.144309723212077279e-10
-4.140449059039367503e-10
-4.111904643809448094e-10
-4.108081651931440832e-10
-4.104259905065927785e-10
-4.100441638262161903e-10
-4.047123419407924915e-10
-4.043365577132955419e-10
-4.039610134947141870e-10
-4.035860559384726488e-10
-4.032117937758908042e-10
-4.003588409968696359e-10
-3.999877172060252809e-10
-3.996170041940450053e-10
-3.992467640684617171e-10
-3.939066072840421895e-10
-3.935421132132103949e-10
-3.931780993485381354e-10
-3.928146460005568140e-10
-3.899602646883518536e-10
-3.896000714344648550e-10
-3.892401010917115485e-10
-3.888805112043530541e-10
-3.885213301610418790e-10
-3.831729325639203460e-10
-3.828195496421409242e-10
-3.824668334992588683e-10
-3.821145179420596912e-10
-3.792615182493039662e-10
-3.789122107475751894e-10
-3.785634234349388566e-10
-3.782149383140244105e-10
-3.728529923054873957e-10
-3.725103564528119670e-10
-3.721683889796077101e-10
-3.718265803520264201e-10
-3.689722921731826931e-10
-3.686337562063063616e-10
-3.682956850320507875e-10
-3.679577889865099492e-10
-3.676202637958162205e-10
-3.622505868581573166e-10
-3.619190853843508005e-10
-3.615878397420808286e-10
-3.612570055242894559e-10
-3.584041431816691205e-10
-3.580763944848331932e-10
-3.577490249190138271e-10
-3.574219108542517226e-10
-3.520388507231309610e-10
-3.517176885216951718e-10
-3.513970356502902330e-10
-3.510764630177621765e-10
-3.482221547246983145e-10
-3.479048617182735899e-10
-3.475878990779834287e-10
-3.472711008121501415e-10
-3.418750042728649100e-10
-3.415643059381277678e-10
-3.412538950393477059e-10
-3.409437092647403470e-10
-3.406338539435557857e-10
-3.377812855523874205e-10
-3.374746401979659456e-10
-3.371682247422243488e-10
-3.368622242473652133e-10
-3.314587479275093415e-10
-3.311585265971462457e-10
-3.308586263434519596e-10
-3.305589890548998204e-10
-3.277049357236748066e-10
-3.274083361234286138e-10
-3.271121837906997716e-10
-3.268161657203031308e-10
-3.213997243283388157e-10
-3.211097023264621695e-10
-3.208199227888626892e-10
-3.205302655209447739e-10
-3.202408955840353987e-10
-3.173884387058298743e-10
-3.171022834669085351e-10
-3.168163294558839395e-10
-3.165307974329513532e-10
-3.111073569364202275e-10
-3.108274967065073202e-10
-3.105479687423699326e-10
-3.102687380984602779e-10
-3.074150535785533499e-10
-3.071388832426170821e-10
-3.068630149630552215e-10
-3.065875015087175725e-10
-3.011514278965087054e-10
-3.008815104442501224e-10
-3.006119430063746674e-10
-3.003425738238190272e-10
-2.974874649575237605e-10
-2.972210626521054978e-10
-2.969551106815970922e-10
-2.966892809772960930e-10
-2.912407100968265347e-10
-2.909807030511707482e-10
-2.907209089135328267e-10
-2.904612408441345997e-10
-2.902018511781706771e-10
-2.873483264680381499e-10
-2.870920570582461093e-10
-2.868359743800622760e-10
-2.865802963848247098e-10
-2.811250285399044453e-10
-2.808748760140167101e-10
-2.806250172604446437e-10
-2.803754504053863443e-10
-2.775207753689973387e-10
-2.772741998910598065e-10
-2.770278670496598027e-10
-2.767819147983506341e-10
-2.713144946602134184e-10
-2.710739708438470918e-10
-2.708337389187567017e-10
-2.705937790967864227e-10
-2.677377774906555191e-10
-2.675006618108932654e-10
-2.672639420445049316e-10
-2.670273593491612487e-10
-2.615479289298290579e-10
-2.613169320106681953e-10
-2.610862725596905585e-10
-2.608556784149324754e-10
-2.579984357679943362e-10
-2.577708992121015305e-10
-2.575436070490057900e-10
-2.573164612653111913e-10
-2.570896426151913607e-10
-2.516038453686104012e-10
-2.513825513911000356e-10
-2.511613882092182641e-10
-2.509405588189914086e-10
-2.480850639051364589e-10
-2.478672219218632835e-10
-2.476495005326415664e-10
-2.474321531368797161e-10
-2.419346864336136499e-10
-2.417226896511359646e-10
-2.415108551978490501e-10
-2.412993895555907081e-10
-2.384426770022092639e-10
-2.382340138412798260e-10
-2.380255017158478004e-10
-2.378174046749204302e-10
-2.323083013246333307e-10
-2.321054665795365087e-10
-2.319029450157936267e-10
-2.317006441633182772e-10
-2.288427486379531388e-10
-2.286432488518832363e-10
-2.284440125838533419e-10
-2.282450218616792674e-10
-2.227245446209189589e-10
-2.225309641318471809e-10
-2.223376325521233693e-10
-2.221444304078950704e-10
-2.192855074604231761e-10
-2.190952353111581986e-10
-2.189051803710641558e-10
-2.187153328821705347e-10
-2.131837356302136043e-10
-2.129993048884696037e-10
-2.128150251099894683e-10
-2.126308397085469052e-10
-2.097708624276293027e-10
-2.095896576316788522e-10
-2.094085472097984636e-10
-2.092275961734832385e-10
-2.090467753361822509e-10
-2.035094076174301018e-10
-2.033339705554149086e-10
-2.031586743471516213e-10
-2.029836468183699542e-10
-2.001254311350338394e-10
-1.999531720105005545e-10
-1.997810926437087644e-10
-1.996092673587804332e-10
-1.940609152016454285e-10
-1.938943607424754811e-10
-1.937279855600932270e-10
-1.935619028535140893e-10
-1.907026654160885259e-10
-1.905392560795975795e-10
-1.903761201851529826e-10
-1.902131996074038161e-10
-1.846541683107359602e-10
-1.844964786883604790e-10
-1.843389652421585432e-10
-1.841816794792089907e-10
-1.817461975783831031e-10
-1.815911127736369648e-10
-1.814362524110427746e-10
-1.812816076926558387e-10
-1.765624274705859141e-10
-1.764119734123332080e-10
-1.762617927374280469e-10
-1.761117074619763749e-10
-1.736754016214522537e-10
-1.735275549791376113e-10
-1.733800444191064372e-10
-1.732325861278633681e-10
-1.685045280645720091e-10
-1.683613620519500171e-10
-1.682184288377722586e-10
-1.680755796259260348e-10
-1.656384944582424779e-10
-1.654979718817070100e-10
-1.653576595862912563e-10
-1.652173998185607995e-10
-1.604807106666673075e-10
-1.603448147407370711e-10
-1.602091218675777468e-10
-1.600734930267798330e-10
-1.576357350803270291e-10
-1.575024058309762450e-10
-1.573692398561492550e-10
-1.572360991034963680e-10
-1.524908113102666504e-10
-1.523620390489962070e-10
-1.522334140637493303e-10
-1.521048186567647587e-10
-1.496662788443387380e-10
-1.495400276021110275e-10
-1.494138386272274159e-10
-1.492877477363809521e-10
-1.445339764891347844e-10
-1.444122886023239171e-10
-1.442906412315122164e-10
-1.441690345611919523e-10
-1.417298509362281061e-10
-1.416106074712250566e-10
-1.414914443839928540e-10
-1.413723441825773547e-10
-1.366103354138516178e-10
-1.364956162997061698e-10
-1.363809516912726776e-10
-1.362663809577160875e-10
-1.338266162961246392e-10
-1.337143886665122777e-10
-1.336022312322015255e-10
-1.334901425597400541e-10
-1.287199549951551796e-10
-1.286121658593386919e-10
-1.285043901934140170e-10
-1.283967233573522795e-10
-1.259563112271053261e-10
-1.258509557910109503e-10
-1.257456162094925451e-10
-1.256403202417285114e-10
-1.208620441602986852e-10
-1.207610328725195254e-10
-1.206600857186123468e-10
-1.205591968452351700e-10
-1.181182417467064992e-10
-1.180196448790597759e-10
-1.179210963393472833e-10
-1.178226216484121941e-10
-1.130363888969522895e-10
-1.129421511035469286e-10
-1.128479977249932437e-10
-1.127539515197078833e-10
-1.103124462792305014e-10
-1.102206156951967028e-10
-1.101288195073955559e-10
-1.100371914699550032e-10
-1.052431698601313688e-10
-1.051557548299519843e-10
-1.050683814025319819e-10
-1.049810765319859176e-10
-1.025390552180635303e-10
-1.024539346098918867e-10
-1.023688558613140485e-10
-1.022838546263528273e-10
-9.748211600275142481e-11
-9.740131710051821125e-11
-9.732055183773010686e-11
-9.723984638587504472e-11
-9.479728219009063455e-11
-9.471872445054378306e-11
-9.464025959396535901e-11
-9.456185377995191912e-11
-8.975253351786615031e-11
-8.967829595884879142e-11
-8.960410465087024137e-11
-8.953001303325672001e-11
-8.708695911143067865e-11
-8.701499085451750058e-11
-8.694308787964952290e-11
-8.687131208952895099e-11
-8.207249617257664325e-11
-8.200480537580398763e-11
-8.193715042420524334e-11
-7.951267675099067254e-11
-7.944719129738857627e-11
-7.938179913337622998e-11
-7.931644483617238199e-11
-7.455439672361411825e-11
-7.449309231135921668e-11
-7.443183077818271590e-11
-7.437060746726456240e-11
-7.196975217906778467e-11
-7.191062230519840456e-11
-7.185154976449941044e-11
-7.179250583423814031e-11
-6.707153280404894597e-11
-6.701648788286897009e-11
-6.696145735570698743e-11
-6.690650331024605279e-11
-6.452938969891123865e-11
-6.447652274060574610e-11
-6.442365591469826542e-11
-6.437083708613711364e-11
-5.969133183069346973e-11
-5.964246027409843094e-11
-5.959360100811740993e-11
-5.954483291274273359e-11
-5.719166649259072434e-11
-5.714492717876240609e-11
-5.709820431959857367e-11
-5.705151642246668666e-11
-5.241388095869624930e-11
-5.237111503009363186e-11
-5.232840285434195089e-11
-5.228574439156076112e-11
-4.995661529006368247e-11
-4.991589486478403192e-11
-4.987521184549832169e-11
-4.983454221026375628e-11
-4.523899036151661340e-11
-4.520212301558542748e-11
-4.516535174750957021e-11
-4.285837256156140682e-11
-4.282349600491838598e-11
-4.278862805410994673e-11
-4.275380166221774521e-11
-3.819689742432485530e-11
-3.816582812029119407e-11
-3.813479830443050463e-11
-3.810382870576227553e-11
-3.582105623095894156e-11
-3.579195388977350167e-11
-3.576288252044031896e-11
-3.573382971998710662e-11
-3.121973065647486718e-11
-3.119438983669904908e-11
-3.116912832058195800e-11
-3.114387982849728234e-11
-2.888544927218734747e-11
-2.886205264393262223e-11
-2.883872221161679506e-11
-2.881539177932810975e-11
-2.434446532316933469e-11
-2.432481220488386062e-11
-2.430517914261726637e-11
-2.428554608035971941e-11
-2.205155953087379209e-11
-2.203374871362489854e-11
-2.201593789640314687e-11
-1.758477166609667516e-11
-1.757058289927939088e-11
-1.755639413244853567e-11
-1.754220536562220411e-11
-1.533089654269709305e-11
-1.531850758588521596e-11
-1.530611862909595709e-11
-1.529372967229765094e-11
-1.090629901643019512e-11
-1.089748728764121675e-11
-1.088867555884319109e-11
-1.087986383004968908e-11
-8.693189238293968183e-12
-8.686154932242903824e-12
-8.679120626191839466e-12
-8.672086320140775107e-12
-4.598748315657193104e-12
-4.595026540980723593e-12
-4.591304766307646815e-12
-4.587582991633439125e-12
-1.348232647079971776e-12
-1.347141885550375012e-12
-1.346051124020778247e-12
-0.000000000000000000e+00
-0.000000000000000000e+00
-0.000000000000000000e+00
-0.000000000000000000e+00
-0.000000000000000000e+00
-0.000000000000000000e+00
-0.000000000000000000e+00
-0.000000000000000000e+00
-0.000000000000000000e+00
-0.000000000000000000e+00
-0.000000000000000000e+00
-0.000000000000000000e+00
-0.000000000000000000e+00
-0.000000000000000000e+00
-0.000000000000000000e+00
-0.000000000000000000e+00
-0.000000000000000000e+00
-0.000000000000000000e+00
-0.000000000000000000e+00
-0.000000000000000000e+00
-0.000000000000000000e+00
-0.000000000000000000e+00
-0.000000000000000000e+00
-0.000000000000000000e+00
-0.000000000000000000e+00
-0.000000000000000000e+00
-0.000000000000000000e+00
-0.000000000000000000e+00
-0.000000000000000000e+00
-0.000000000000000000e+00
-0.000000000000000000e+00
-0.000000000000000000e+00
-0.000000000000000000e+00
-0.000000000000000000e+00
-0.000000000000000000e+00
-0.000000000000000000e+00
-0.000000000000000000e+00
-0.000000000000000000e+00
-0.000000000000000000e+00
-0.000000000000000000e+00
-0.000000000000000000e+00
-0.000000000000000000e+00
-0.000000000000000000e+00
-0.000000000000000000e+00
-0.000000000000000000e+00
-0.000000000000000000e+00
-0.000000000000000000e+00
-0.000000000000000000e+00
-0.000000000000000000e+00
-0.000000000000000000e+00
-0.000000000000000000e+00
-0.000000000000000000e+00
-0.000000000000000000e+00
-0.000000000000000000e+00
-0.000000000000000000e+00
-0.000000000000000000e+00
-0.000000000000000000e+00
-0.000000000000000000e+00
-0.000000000000000000e+00
-0.000000000000000000e+00
-0.000000000000000000e+00
-0.000000000000000000e+00
-0.000000000000000000e+00
-0.000000000000000000e+00
