1.715654198088980409e-12
2.202018757485545131e-12
2.762709207306588528e-12
3.400172261777258749e-12
4.116386673242147586e-12
4.912931211853263549e-12
5.790965019699611486e-12
6.751301315908493509e-12
7.794383196649508144e-12
8.920390095264619373e-12
1.012916707619288459e-11
1.142027074547968474e-11
1.279305744675886822e-11
1.424659367693066690e-11
1.577972835527745362e-11
1.739111751976811060e-11
1.907922042938298309e-11
2.084230723373251896e-11
2.267853456280687725e-11
2.458581514345905514e-11
2.656196708896184150e-11
2.860471236773106692e-11
3.071172596697074696e-11
3.288040352771284862e-11
3.510814451587249135e-11
3.739240499240056100e-11
3.973034575579742034e-11
4.211918521339175729e-11
4.455617135249096469e-11
4.703833330826468850e-11
4.956290506550691227e-11
5.212689555500451199e-11
5.472740824700918910e-11
5.736156413211976340e-11
6.002637730537711120e-11
6.271905732790957752e-11
6.543661955471954771e-11
6.817631923112798137e-11
7.093528778741477322e-11
7.371085761242655404e-11
7.650022805789767649e-11
7.930083184372737362e-11
8.211009021781239914e-11
8.492540324428489147e-11
8.774457742280183925e-11
9.056495833739500471e-11
9.338461192597218659e-11
9.620121779206696296e-11
9.901265575927279712e-11
1.018172198185306242e-10
1.046127389317524028e-10
1.073976855623680324e-10
1.101703296482297242e-10
1.129290086330686073e-10
1.156724590507768219e-10
1.183992320303222656e-10
1.211081008456511656e-10
1.237980549004306638e-10
1.264679706795716103e-10
1.291169729995161444e-10
1.317442909808729258e-10
1.343491667885580021e-10
1.369311227515756589e-10
1.394897170297473400e-10
1.420245080317104170e-10
1.445350900300066442e-10
1.470215953377998276e-10
1.494837962210176749e-10
1.519215815687898413e-10
1.543351043592370676e-10
1.567247568625816503e-10
1.590906170508533620e-10
1.614330110105610720e-10
1.637526319852325488e-10
1.660497247660660598e-10
1.683249235041299016e-10
1.705788972654551546e-10
1.728124305891629223e-10
1.750262368516953384e-10
1.772210955232107127e-10
1.793978530569681262e-10
1.815575310448468836e-10
1.837009904481922657e-10
1.858292744979284013e-10
1.879434554437987970e-10
1.900444592053113648e-10
1.921334805356730969e-10
1.942117006170349835e-10
1.962801890945142180e-10
1.983400266140683965e-10
2.003923777811490336e-10
2.024385022833029513e-10
2.044795789561351780e-10
2.065168123440241804e-10
2.085512717903316646e-10
2.105840667176361206e-10
2.126164660554079182e-10
2.146497612840461590e-10
2.166849090875600971e-10
2.187230155559829709e-10
2.207651505885418580e-10
2.228123916587912691e-10
2.248660449921210330e-10
2.269268836185920824e-10
2.289959363205993507e-10
2.310740964505574174e-10
2.331622546543458973e-10
2.352614296187857840e-10
2.373723082928912564e-10
2.394960145318881325e-10
2.416329706465515786e-10
2.437840470002925898e-10
2.459496094676692437e-10
2.481305952575504527e-10
2.503273996299201192e-10
2.525406177167444288e-10
2.547707436241052505e-10
2.570179747887651445e-10
2.592827321649230724e-10
2.615653342991711838e-10
2.638659528030315706e-10
2.661849457265954599e-10
2.685222109679819942e-10
2.708779170973355888e-10
2.732518723662493201e-10
2.756441241688635649e-10
2.780546290960632654e-10
2.804830656591402692e-10
2.829293957323475271e-10
2.853930870110642268e-10
2.878738316689589574e-10
2.903712222223035964e-10
2.928847195346272165e-10
2.954138456914121311e-10
2.979580144585085675e-10
3.005167257595758676e-10
3.030889616277710433e-10
3.056741824726664470e-10
3.082716498085870150e-10
3.108803183915818796e-10
3.134991956062394662e-10
3.161277076459715250e-10
3.187645890289964795e-10
3.214090126541111153e-10
3.240597292138926814e-10
3.267157000844821885e-10
3.293757559488073527e-10
3.320384743798076386e-10
3.347032323966617413e-10
3.373682943520983761e-10
3.400326652351909142e-10
3.426948613936168570e-10
3.453538221634552296e-10
3.480082287084514568e-10
3.506564427967406327e-10
3.532971236883255617e-10
3.559288974884866079e-10
3.585508517018645839e-10
3.611617858637358043e-10
3.637596635533703480e-10
3.663433304104448953e-10
3.689113341175620397e-10
3.714622304061226075e-10
3.739958787930653185e-10
3.765088050668778908e-10
3.790017088019976290e-10
3.814724690921138240e-10
3.839201247275466540e-10
3.863430104309339053e-10
3.887398344360028565e-10
3.911096117294626347e-10
3.934525219835449648e-10
3.957647743631749033e-10
3.980472206890210898e-10
4.002993095730751084e-10
4.025182604907212539e-10
4.047046412855681762e-10
4.068567539139752372e-10
4.089738363275313160e-10
4.110552669555926165e-10
4.131004449725433604e-10
4.151087073997400313e-10
4.170788541211982901e-10
4.190110363547985342e-10
4.209047519694834640e-10
4.227586278758764879e-10
4.245729507966154850e-10
4.263477020076401096e-10
4.280816092839924314e-10
4.297751489533268500e-10
4.314283645544603431e-10
4.330402025928117411e-10
4.346116435301933147e-10
4.361423385458642392e-10
4.376319847097405853e-10
4.390813566321291283e-10
4.404900275149653148e-10
4.418591601022134089e-10
4.431878295258774931e-10
4.444769931204616555e-10
4.457273046881985689e-10
4.469392657149446553e-10
4.481126197257409310e-10
4.492483004950024050e-10
4.503481604659176212e-10
4.514103451974914203e-10
4.524381346911396577e-10
4.534309364976083100e-10
4.543898465167272134e-10
4.553152979522475847e-10
4.562092010957377983e-10
4.570711132977057866e-10
4.579034652416164263e-10
4.587058999745508548e-10
4.594805190163532009e-10
4.602272946187535083e-10
4.609485393246345909e-10
4.616447468159000997e-10
4.623169565687359272e-10
4.629666329528918767e-10
4.635949098920361822e-10
4.642022409134168387e-10
4.647903097213331296e-10
4.653607525677104467e-10
4.659147904545127238e-10
4.664531015752127924e-10
4.669779079586203741e-10
4.674892918225178896e-10
4.679885557950521199e-10
4.684779105488355928e-10
4.689575352829527228e-10
4.694301108480788914e-10
4.698949448774977796e-10
4.703550950860335923e-10
4.708105939243126325e-10
4.712634951904751295e-10
4.717141766625390477e-10
4.721647920587538908e-10
4.726157163718550644e-10
4.730677649173764152e-10
4.735229277390087685e-10
4.739820681539077896e-10
4.744467961480365713e-10
4.749162817495443016e-10
4.753938790871411213e-10
4.758789535326409565e-10
4.763741542087178690e-10
4.768777884900951052e-10
4.773937346316034656e-10
4.779206033053183175e-10
4.784609416094569706e-10
4.790131505092658978e-10
4.795813864834292932e-10
4.801635585199437852e-10
4.807622744162017769e-10
4.813759522561179544e-10
4.820083022914937306e-10
4.826572073886237340e-10
4.833248529117024711e-10
4.840099443005719836e-10
4.847152554193896843e-10
4.854394140873541667e-10
4.861837593715725557e-10
4.869475319546532411e-10
4.877324435131659726e-10
4.885377890900437638e-10
4.893648584130554341e-10
4.902124272032783348e-10
4.910814495586242533e-10
4.919715161305690941e-10
4.928832858670706848e-10
4.938165706470745239e-10
4.947709347680822000e-10
4.957468280810201938e-10
4.967432626096366782e-10
4.977609342735541392e-10
4.987989631249852601e-10
4.998583530531516202e-10
5.009375934270696061e-10
5.020367101199561618e-10
5.031555813976257713e-10
5.042938420128541337e-10
5.054499643830799064e-10
5.066251701825994253e-10
5.078177887332228212e-10
5.090280229628684325e-10
5.102548625782823776e-10
5.114978280608783260e-10
5.127556873360526640e-10
5.140294535988088622e-10
5.153174200221716660e-10
5.166177522940898140e-10
5.179319364541290530e-10
5.192573158946233942e-10
5.205950697095890893e-10
5.219426109783489071e-10
5.233000757396881324e-10
5.246663876380695706e-10
5.260415473521121960e-10
5.274243176088785535e-10
5.288119997445242064e-10
5.302063987958550488e-10
5.316039728247880931e-10
5.330075769236242881e-10
5.344139019401103754e-10
5.358210305413857343e-10
5.372304810058841773e-10
5.386384640145873875e-10
5.400483930421131174e-10
5.414557669001239925e-10
5.428601869266076874e-10
5.442630580527621652e-10
5.456600521877193959e-10
5.470542453981326547e-10
5.484414336037204730e-10
5.498219122558614259e-10
5.511965757588129595e-10
5.525611626428335787e-10
5.539188146497393453e-10
5.552651847055289153e-10
5.566012817806289350e-10
5.579273328229592422e-10
5.592393915930379797e-10
5.605407716063307009e-10
5.618277062783819166e-10
5.631006409089703773e-10
5.643601548583749652e-10
5.656024748949167886e-10
5.668313151839541749e-10
5.680425983176594284e-10
5.692367651330064585e-10
5.704145279221690520e-10
5.715728933623632239e-10
5.727144004044081225e-10
5.738369766452171807e-10
5.749398669962769519e-10
5.760238157838193689e-10
5.770865151170253826e-10
5.781306266318264893e-10
5.791545122962046194e-10
5.801560622377766905e-10
5.811380980526610545e-10
5.820984799096472037e-10
5.830374010963597456e-10
5.839554987817527237e-10
5.848511774849713946e-10
5.857258334944998096e-10
5.865789176884735588e-10
5.874100421138913988e-10
5.882194507347709847e-10
5.890075294507204071e-10
5.897740697586239989e-10
5.905194892245489330e-10
5.912433846545257434e-10
5.919458263096065329e-10
5.926271083017990283e-10
5.932869642895338997e-10
5.939268163481544859e-10
5.945457704069225639e-10
5.951453081388828626e-10
5.957238961811359191e-10
5.962835808455065470e-10
5.968241763459056780e-10
5.973467695715192993e-10
5.978486739098627547e-10
5.983337394790528727e-10
5.988000565232034435e-10
5.992488852317944847e-10
5.996822974282243900e-10
6.000985252071632186e-10
6.004993027067739457e-10
6.008837517547297214e-10
6.012525204040270891e-10
6.016067517166948179e-10
6.019477121171695105e-10
6.022741716421433489e-10
6.025892369216006252e-10
6.028899834644413588e-10
6.031787509847771248e-10
6.034561909478899295e-10
6.037233784880675116e-10
6.039792128681278126e-10
6.042275317150986671e-10
6.044643189850498135e-10
6.046928801350532775e-10
6.049135413508796021e-10
6.051269970304698184e-10
6.053323515105975881e-10
6.055337748903030713e-10
6.057268396506159924e-10
6.059148748874450505e-10
6.060984089316353952e-10
6.062781916902411159e-10
6.064529309099455469e-10
6.066267168135893057e-10
6.067958624027414869e-10
6.069627974529535271e-10
6.071286488661228763e-10
6.072937430315065079e-10
6.074578744992778320e-10
6.076221627366349528e-10
6.077876545310477611e-10
6.079526850839261817e-10
6.081192349124873612e-10
6.082880681291234849e-10
6.084587242317996324e-10
6.086311782323821154e-10
6.088090104501343439e-10
6.089881811665551803e-10
6.091709050187683926e-10
6.093586788115990913e-10
6.095507758781288049e-10
6.097466278175600230e-10
6.099495818400642429e-10
6.101559607413598844e-10
6.103688520372725171e-10
6.105882530778463306e-10
6.108128885007927674e-10
6.110438736360833801e-10
6.112820492085860717e-10
6.115287173134124362e-10
6.117812349400913940e-10
6.120409201446807667e-10
6.123082145926585653e-10
6.125833735503074624e-10
6.128659566289854406e-10
6.131570048358242700e-10
6.134558080203862062e-10
6.137634927563434320e-10
6.140796824081798452e-10
6.144023289435349578e-10
6.147333844017826600e-10
6.150741781217243285e-10
6.154231895720170345e-10
6.157799000015597386e-10
6.161454300170745570e-10
6.165198526910350582e-10
6.169005961212206485e-10
6.172893019172055468e-10
6.176879290885183567e-10
6.180936842731965748e-10
6.185081389956209157e-10
6.189299282744391523e-10
6.193595126460969181e-10
6.197955903005290582e-10
6.202390380109691345e-10
6.206905804700209325e-10
6.211481466205861778e-10
6.216143760242891041e-10
6.220863541970953451e-10
6.225645603460750126e-10
6.230484521641738913e-10
6.235381335288987418e-10
6.240346702477450237e-10
6.245352069388985737e-10
6.250433840028939780e-10
6.255558237370353824e-10
6.260727383793243558e-10
6.265931792293680439e-10
6.271178507432928546e-10
6.276483261714745686e-10
6.281799899375813159e-10
6.287179987894456370e-10
6.292585500135135560e-10
6.298018540134309153e-10
6.303464448722892937e-10
6.308936670155063883e-10
6.314453312967875965e-10
6.319956130058936709e-10
6.325502954235574432e-10
6.331062611308778915e-10
6.336629227427661389e-10
6.342184979847723874e-10
6.347756357621876342e-10
6.353347430879087968e-10
6.358912990744576493e-10
6.364483783144516152e-10
6.370061756066088452e-10
6.375634437639013703e-10
6.381183967774897993e-10
6.386723546372147899e-10
6.392250228106954276e-10
6.397766568619994056e-10
6.403238216112896981e-10
6.408723043466583325e-10
6.414170840933676403e-10
6.419589373510049157e-10
6.424982720757838470e-10
6.430347866005598643e-10
6.435692554408448445e-10
6.440988675904175098e-10
6.446248971246388208e-10
6.451483469397827494e-10
6.456686295457084808e-10
6.461837276815051865e-10
6.466951320381406336e-10
6.472028268090204968e-10
6.477057406868908597e-10
6.482032021139217648e-10
6.486981594280030722e-10
6.491869237020495605e-10
6.496712157250180434e-10
6.501517023872891540e-10
6.506263308252713190e-10
6.510969528427424687e-10
6.515616400209674130e-10
6.520200438717319334e-10
6.524755883138016326e-10
6.529237595746096051e-10
6.533664869746833452e-10
6.538063151181251793e-10
6.542388700452477500e-10
6.546671084210027079e-10
6.550893869751680361e-10
6.555052054878045222e-10
6.559170317161157893e-10
6.563219771488769609e-10
6.567211425565227556e-10
6.571178754382415771e-10
6.575070240000201373e-10
6.578919190531742897e-10
6.582706733985368206e-10
6.586438730194563409e-10
6.590127779100328076e-10
6.593747069648192103e-10
6.597317242153380089e-10
6.600861363182547785e-10
6.604336539142756189e-10
6.607774289580847426e-10
6.611143649200694451e-10
6.614476323261113076e-10
6.617757900877897391e-10
6.620978987913031866e-10
6.624157991433053545e-10
6.627298639865238006e-10
6.630394837260702009e-10
6.633453571333549214e-10
6.636441387701927728e-10
6.639414398144492113e-10
6.642331498537901003e-10
6.645197813917867488e-10
6.648032740248659644e-10
6.650821943383616988e-10
6.653596459640593960e-10
6.656323762173557499e-10
6.659003805509080609e-10
6.661658830864584364e-10
6.664288488786038464e-10
6.666865406123276798e-10
6.669412425617807527e-10
6.671935448569680868e-10
6.674433845325705823e-10
6.676899102916903634e-10
6.679345301265899682e-10
6.681740409838337158e-10
6.684135983130768934e-10
6.686494724560337367e-10
6.688818377860169666e-10
6.691124629503375336e-10
6.693411073884951311e-10
6.695680554949450862e-10
6.697925910345090682e-10
6.700145999586675048e-10
6.702348706152119120e-10
6.704549089463353191e-10
6.706711230499296344e-10
6.708863938792704777e-10
6.710999514134145486e-10
6.713121996300022250e-10
6.715233488947944773e-10
6.717334256666521231e-10
6.719409261032628365e-10
6.721482339300407362e-10
6.723560186851715962e-10
6.725599001817869717e-10
6.727645673702823524e-10
6.729681303830058686e-10
6.731701003371903473e-10
6.733716748851453914e-10
6.735728682687704794e-10
6.737723109261180240e-10
6.739720297808918974e-10
6.741723594781078946e-10
6.743698903040076364e-10
6.745686886472150063e-10
6.747668423222488994e-10
6.749635844403681225e-10
6.751602761219766758e-10
6.753569130402582112e-10
6.755528544085015580e-10
6.757489510322593085e-10
6.759460696131793220e-10
6.761410094925137912e-10
6.763375667944959322e-10
6.765334632845514534e-10
6.767293307799412711e-10
6.769237356987434173e-10
6.771190863038577016e-10
6.773140452483818011e-10
6.775098245372015631e-10
6.777054746139576356e-10
6.779007278026729241e-10
6.780970033265720156e-10
6.782931027523213730e-10
6.784900047672654167e-10
6.786836238055903779e-10
6.788798584024125577e-10
6.790750181994588388e-10
6.792720805679968373e-10
6.794675228970185781e-10
6.796643289062374426e-10
6.798614022688329625e-10
6.800588950442590908e-10
6.802565620278926897e-10
6.804524357072847668e-10
6.806491523967139072e-10
6.808457164948119610e-10
6.810435371297258834e-10
6.812409522355394709e-10
6.814383089589454244e-10
6.816359088698118738e-10
6.818345310728487344e-10
6.820329099403597695e-10
6.822316774032605115e-10
6.824279414697155025e-10
6.826262300848733909e-10
6.828234750773544121e-10
6.830227805206584575e-10
6.832202167031994889e-10
6.834183581384418580e-10
6.836172310316328065e-10
6.838161022056115698e-10
6.840149299405313372e-10
6.842134570891007230e-10
6.844106712148408785e-10
6.846090328493673400e-10
6.848070960425881844e-10
6.850060981935031923e-10
6.852034125219175190e-10
6.854013626956314729e-10
6.856006457340868827e-10
6.857990212071795561e-10
6.859968948999395096e-10
6.861948843246970181e-10
6.863920669064008223e-10
6.865894323942816741e-10
6.867870888055544278e-10
6.869848220319621495e-10
6.871814073988589855e-10
6.873780188447753018e-10
6.875760956595101653e-10
6.877729382443396112e-10
6.879692280733347801e-10
6.881658382503560368e-10
6.883619714381438400e-10
6.885579018584863436e-10
6.887542360653905038e-10
6.889502456715676110e-10
6.891457946559340453e-10
6.893407522238641694e-10
6.895372046257788767e-10
6.897319761822959335e-10
6.899271348555346343e-10
6.901217082663953461e-10
6.903171687773432592e-10
6.905114232151174975e-10
6.907061326265477499e-10
6.909005822131029740e-10
6.910947750029259560e-10
6.912877590952620519e-10
6.914824400485359462e-10
6.916754803064356345e-10
6.918690067035098399e-10
6.920610786576633371e-10
6.922556983448125459e-10
6.924485192851199566e-10
6.926411641539955670e-10
6.928340377772707551e-10
6.930264406692646960e-10
6.932186398763046018e-10
6.934106782136725687e-10
6.936029780180345160e-10
6.937943621658838471e-10
6.939855372034669416e-10
6.941774529004730314e-10
6.943700252269324099e-10
6.945609970833971804e-10
6.947530858515682708e-10
6.949438054917307233e-10
6.951354941307192356e-10
6.953258160800621196e-10
6.955174204791424856e-10
6.957074927175476909e-10
6.958979365973660503e-10
6.960874749770435085e-10
6.962793666461071649e-10
6.964696948370240790e-10
6.966600206229133621e-10
6.968502769886623535e-10
6.970395395097266618e-10
6.972300839080367502e-10
6.974191030302959162e-10
6.976087321449036905e-10
6.977972448218623539e-10
6.979861599366646851e-10
6.981741867183016759e-10
6.983641434501160429e-10
6.985524896472156988e-10
6.987411717502852756e-10
6.989290172510724043e-10
6.991165732340129279e-10
6.993048427163973422e-10
6.994920302003838589e-10
6.996790533470745908e-10
6.998654702760900035e-10
7.000519914914875536e-10
7.002380111409575984e-10
7.004249011896555590e-10
7.006106195123658560e-10
7.007965633270753949e-10
7.009814467639030149e-10
7.011660338484696548e-10
7.013508942630410300e-10
7.015349222436585000e-10
7.017181399360150143e-10
7.019011716223351353e-10
7.020838006830415895e-10
7.022662861603311097e-10
7.024480605075528859e-10
7.026294954637273845e-10
7.028108238669621493e-10
7.029911476782854044e-10
7.031705638493860777e-10
7.033501494839035100e-10
7.035290653986690238e-10
7.037069178040122558e-10
7.038842290911252489e-10
7.040609619857606763e-10
7.042379530844107219e-10
7.044130004932479805e-10
7.045881165863656581e-10
7.047626148185791503e-10
7.049363818896364669e-10
7.051088330944311975e-10
7.052811960547710004e-10
7.054528322920267682e-10
7.056236846799473451e-10
7.057927751964896773e-10
7.059622452914085772e-10
7.061306695309247005e-10
7.062986606671920513e-10
7.064642830691222426e-10
7.066301133105210954e-10
7.067953557145287124e-10
7.069589139721090084e-10
7.071220616462672726e-10
7.072839127505495624e-10
7.074456311251826077e-10
7.076052933309757880e-10
7.077644773397691024e-10
7.079229540692685785e-10
7.080808866848205092e-10
7.082368414325320772e-10
7.083911837937196967e-10
7.085456877091539301e-10
7.086992031822200611e-10
7.088510110939399898e-10
7.090024417091437886e-10
7.091519842246288407e-10
7.093016942738837188e-10
7.094490052999289474e-10
7.095963498918053806e-10
7.097424276069428520e-10
7.098879940605207044e-10
7.100310555454306153e-10
7.101729688809855539e-10
7.103148815386659804e-10
7.104554728123755450e-10
7.105947126872866946e-10
7.107332813268856076e-10
7.108701326430008830e-10
7.110068795009286078e-10
7.111414796057157410e-10
7.112760532082977925e-10
7.114094449523432670e-10
7.115419110132890482e-10
7.116724303846515511e-10
7.118015071295338321e-10
7.119306561639632319e-10
7.120585426492144805e-10
7.121852564260356521e-10
7.123113669744468022e-10
7.124357379870933258e-10
7.125600974699174453e-10
7.126827505592916692e-10
7.128050049581985543e-10
7.129264071666043479e-10
7.130465356287843467e-10
7.131657809559674105e-10
7.132832669361620229e-10
7.134007543145400248e-10
7.135171175059100652e-10
7.136327183657250613e-10
7.137478483545480048e-10
7.138615158322959812e-10
7.139748372630878810e-10
7.140872437658651301e-10
7.141992648516114579e-10
7.143102282931423552e-10
7.144205426445576571e-10
7.145300018181090851e-10
7.146386811086563594e-10
7.147466430417066481e-10
7.148540110417890489e-10
7.149608562729060210e-10
7.150672783038632322e-10
7.151729343554816159e-10
7.152780426500008823e-10
7.153827041906405995e-10
7.154871051497004640e-10
7.155909014446956359e-10
7.156943646115588200e-10
7.157967185127596763e-10
7.158990857090690821e-10
7.160009255496138445e-10
7.161023877533403730e-10
7.162031734769332729e-10
7.163041125016609431e-10
7.164046698632687478e-10
7.165048042177807467e-10
7.166046382775235298e-10
7.167041787700397373e-10
7.168042832450509314e-10
7.169031954319360770e-10
7.170024461186641083e-10
7.171006684588386709e-10
7.171997060167743316e-10
7.172983221182469627e-10
7.173964387600420824e-10
7.174943554887440421e-10
7.175926949391644965e-10
7.176907315986328008e-10
7.177889022747606645e-10
7.178867214274177702e-10
7.179845105680597370e-10
7.180831607290249622e-10
7.181806888497640697e-10
7.182788899468651671e-10
7.183762916150151085e-10
7.184748306075382180e-10
7.185733973407212224e-10
7.186714252744266809e-10
7.187695464225363416e-10
7.188683553197919880e-10
7.189669323689925657e-10
7.190659254929363897e-10
7.191649123327063821e-10
7.192639204641880596e-10
7.193639475366833328e-10
7.194631780399562636e-10
7.195630041633146596e-10
7.196626560652306952e-10
7.197629028349114290e-10
7.198638609151507163e-10
7.199642117978365310e-10
7.200647945002051194e-10
7.201660631755147641e-10
7.202671274779869764e-10
7.203687043584767526e-10
7.204706030472145519e-10
7.205721512998105083e-10
7.206747313856916515e-10
7.207770287753192652e-10
7.208794468418301359e-10
7.209823762518742245e-10
7.210851082647777043e-10
7.211888875034740815e-10
7.212924311593949242e-10
7.213959920127315742e-10
7.214998581407128816e-10
7.216040504528930886e-10
7.217082479969079518e-10
7.218131425605300799e-10
7.219175980168956773e-10
7.220225110011683024e-10
7.221277967917725382e-10
7.222328644878537502e-10
7.223382612197563055e-10
7.224440502543066372e-10
7.225497923675330301e-10
7.226561853930711899e-10
7.227622350250832421e-10
7.228685716706525948e-10
7.229750600963370073e-10
7.230816830855300824e-10
7.231885507986716411e-10
7.232954326697538463e-10
7.234021775132390622e-10
7.235093883624881220e-10
7.236163311191092128e-10
7.237236820199621451e-10
7.238309682902159684e-10
7.239384939599393906e-10
7.240456930902725581e-10
7.241532338760599301e-10
7.242605474564261394e-10
7.243681563367141536e-10
7.244755521902838848e-10
7.245827588469680098e-10
7.246901237275041665e-10
7.247972046035179370e-10
7.249042177014276497e-10
7.250112458996848807e-10
7.251179858762048085e-10
7.252249182129971591e-10
7.253315247599903262e-10
7.254384565160191687e-10
7.255444183819348414e-10
7.256506193240579294e-10
7.257567121171962918e-10
7.258628106958012944e-10
7.259684302472479685e-10
7.260737454388290247e-10
7.261790384078720524e-10
7.262838127482367713e-10
7.263885797205729020e-10
7.264930443378810654e-10
7.265969094445424705e-10
7.267010089776636316e-10
7.268045035860754892e-10
7.269083294521985334e-10
7.270111730987505054e-10
7.271136712935028516e-10
7.272162296789623689e-10
7.273185661698311283e-10
7.274204196960791254e-10
7.275217512252866414e-10
7.276228975274964650e-10
7.277234534995235587e-10
7.278238404651511820e-10
7.279240233833542257e-10
7.280230657014661575e-10
7.281223393343498171e-10
7.282212676826070527e-10
7.283197922130352046e-10
7.284179881124642050e-10
7.285149584968318493e-10
7.286118933983772194e-10
7.287087135489612409e-10
7.288052101837483009e-10
7.289009092399872351e-10
7.289961534165378727e-10
7.290909371241408147e-10
7.291850506936038845e-10
7.292791789822496463e-10
7.293725015269165836e-10
7.294652219509337757e-10
7.295578141378850664e-10
7.296497107372441687e-10
7.297413169642790933e-10
7.298322692364665219e-10
7.299223886570565540e-10
7.300124357231657893e-10
7.301020357916253489e-10
7.301911110971178952e-10
7.302794354897047271e-10
7.303674514648568822e-10
7.304548833845702801e-10
7.305417972568651858e-10
7.306285253018774285e-10
7.307142899943984727e-10
7.307997817150839867e-10
7.308848093666009071e-10
7.309693338646652906e-10
7.310534767192967073e-10
7.311369483811329708e-10
7.312197882081720889e-10
7.313025384985347263e-10
7.313847025065229614e-10
7.314664314745017377e-10
7.315475631980604800e-10
7.316283883845315140e-10
7.317086697334160453e-10
7.317885656409505452e-10
7.318681925041030635e-10
7.319470548747739052e-10
7.320256360656614345e-10
7.321037530764554499e-10
7.321816373517123175e-10
7.322588451626347061e-10
7.323356551770238440e-10
7.324120493626732498e-10
7.324880366333639224e-10
7.325635496086175244e-10
7.326388901025686206e-10
7.327137959126942299e-10
7.327882040341360192e-10
7.328623101860987247e-10
7.329360925911502055e-10
7.330095396799288241e-10
7.330825574991926553e-10
7.331554667701916792e-10
7.332277145733925755e-10
7.332998212140860366e-10
7.333713892073377484e-10
7.334426763965943001e-10
7.335138101737084434e-10
7.335845094990212616e-10
7.336548617141200438e-10
7.337248270512215068e-10
7.337947281735475548e-10
7.338642060140711154e-10
7.339335584699783988e-10
7.340026620177267879e-10
7.340714563565940902e-10
7.341399228223251183e-10
7.342083914159782721e-10
7.342765769530580218e-10
7.343442659915186987e-10
7.344120327081118767e-10
7.344792454635031891e-10
7.345464624706855682e-10
7.346135122502376659e-10
7.346803088575561708e-10
7.347467325114289930e-10
7.348130145613280870e-10
7.348793616995053229e-10
7.349454434185850477e-10
7.350114659319642749e-10
7.350774195381792671e-10
7.351430488889323941e-10
7.352084873262760667e-10
7.352742259988319509e-10
7.353394694459238022e-10
7.354046541279956271e-10
7.354699216808676075e-10
7.355346321679220882e-10
7.355996081661806413e-10
7.356644419035186238e-10
7.357289397406769496e-10
7.357933312696582850e-10
7.358577995335794280e-10
7.359222580962849879e-10
7.359865235605007874e-10
7.360508743385533224e-10
7.361151320813689759e-10
7.361791238014520664e-10
7.362431258172868051e-10
7.363074833565482310e-10
7.363714200711885382e-10
7.364353349860214689e-10
7.364992947446728709e-10
7.365629681732249535e-10
7.366268250844989708e-10
7.366906378395070420e-10
7.367542982504283116e-10
7.368178891352060940e-10
7.368813985404187932e-10
7.369450566147202685e-10
7.370086406744721757e-10
7.370722578762079416e-10
7.371359061572699907e-10
7.371993608207037270e-10
7.372627728035617299e-10
7.373264411635232500e-10
7.373899728416079180e-10
7.374534153059887755e-10
7.375169084938292572e-10
7.375804015229337794e-10
7.376437938832892142e-10
7.377072085414974723e-10
7.377706063175284547e-10
7.378339295485803011e-10
7.378972137010143916e-10
7.379605253825569353e-10
7.380238915706696348e-10
7.380872135360524260e-10
7.381505577253380936e-10
7.382137667631551194e-10
7.382769459636989108e-10
7.383402041960149166e-10
7.384034264918414414e-10
7.384665816401236893e-10
7.385297351285026020e-10
7.385930052589431798e-10
7.386561411673352520e-10
7.387191110736478385e-10
7.387821565002682211e-10
7.388450303458894766e-10
7.389080587619127933e-10
7.389710577691424329e-10
7.390339332368235106e-10
7.390967453720413737e-10
7.391595255496739381e-10
7.392222839004089611e-10
7.392849027481676528e-10
7.393475694541564039e-10
7.394101627685453063e-10
7.394726196089692035e-10
7.395351707117937799e-10
7.395975713600602281e-10
7.396600002436819364e-10
7.397223905931361679e-10
7.397844303351808107e-10
7.398466128580290392e-10
7.399087066584773820e-10
7.399708061785487883e-10
7.400327780780520036e-10
7.400946172155218535e-10
7.401564154922133177e-10
7.402181016171103540e-10
7.402796893367966902e-10
7.403411801313879553e-10
7.404026515143663495e-10
7.404639432983185031e-10
7.405250843572658270e-10
7.405863025091980868e-10
7.406473317594655009e-10
7.407083061973540868e-10
7.407692986742733942e-10
7.408297951392039832e-10
7.408903813944659878e-10
7.409509122948427593e-10
7.410113703924482011e-10
7.410716927248997046e-10
7.411318227501424216e-10
7.411917211829288792e-10
7.412515259014045314e-10
7.413112022151447719e-10
7.413706800715883716e-10
7.414301438820915798e-10
7.414893516673739034e-10
7.415482861079690357e-10
7.416072209414749590e-10
7.416659841280554603e-10
7.417246214678738763e-10
7.417832005768655054e-10
7.418413845208335666e-10
7.418994041780879373e-10
7.419573265555521903e-10
7.420151433389031166e-10
7.420728711650589403e-10
7.421304002788983404e-10
7.421875495081389100e-10
7.422445996501997235e-10
7.423015026923747420e-10
7.423581701011094135e-10
7.424147104122608364e-10
7.424711728726058052e-10
7.425272297076493339e-10
7.425831532931192442e-10
7.426389822159984948e-10
7.426946019998669825e-10
7.427500668257165739e-10
7.428053866373749259e-10
7.428603042455712366e-10
7.429151740648552231e-10
7.429699370046699290e-10
7.430244573319146648e-10
7.430788212092375516e-10
7.431330410539844317e-10
7.431869285558418795e-10
7.432407163008341473e-10
7.432943225361370365e-10
7.433477294614027914e-10
7.434009622847951435e-10
7.434540524559691361e-10
7.435068471072326400e-10
7.435595215964087412e-10
7.436120036087626713e-10
7.436643239341488581e-10
7.437164711598323132e-10
7.437683886268362088e-10
7.438200536594516179e-10
7.438715698608922099e-10
7.439229773056184801e-10
7.439741080054489332e-10
7.440251294783542452e-10
7.440760051742009979e-10
7.441265064689532778e-10
7.441769193783817717e-10
7.442271699939401069e-10
7.442772376891766058e-10
7.443271018605111350e-10
7.443767565396701387e-10
7.444262566435880747e-10
7.444755882740176497e-10
7.445246264544321419e-10
7.445736077060848495e-10
7.446223902144845786e-10
7.446709176392844733e-10
7.447192678303810889e-10
7.447674025538735111e-10
7.448153940048861915e-10
7.448631526659332397e-10
7.449108030799746596e-10
7.449583147203235353e-10
7.450055462769861282e-10
7.450526708448675227e-10
7.450997063919022664e-10
7.451465322409175892e-10
7.451931305769246385e-10
7.452395908243101270e-10
7.452859313080611136e-10
7.453321769540245870e-10
7.453780892678319745e-10
7.454239742721887205e-10
7.454697218258042350e-10
7.455152207455953053e-10
7.455605854180675024e-10
7.456058201161877163e-10
7.456508994429882410e-10
7.456958329568719267e-10
7.457405769793523490e-10
7.457852122421405994e-10
7.458298014846527524e-10
7.458742011379888937e-10
7.459185307299129733e-10
7.459627100535186396e-10
7.460067581723411616e-10
7.460506246115714072e-10
7.460944004395348383e-10
7.461381716533607356e-10
7.461817244345121746e-10
7.462251169090535176e-10
7.462685078921882161e-10
7.463117220985955650e-10
7.463547045775094194e-10
7.463976775979852006e-10
7.464404709212070434e-10
7.464831399205890265e-10
7.465256530562307016e-10
7.465680628621659768e-10
7.466104520869377131e-10
7.466527210322864767e-10
7.466948314411916551e-10
7.467368942238909358e-10
7.467788439838986807e-10
7.468206259679794753e-10
7.468623047480439642e-10
7.469038861716386925e-10
7.469455055055412795e-10
7.469869412408339281e-10
7.470281911310181716e-10
7.470694424723253637e-10
7.471105747976866098e-10
7.471515284551788307e-10
7.471924072651506067e-10
7.472331316491046974e-10
7.472737701425944476e-10
7.473143194680821161e-10
7.473547789175838166e-10
7.473951554505836329e-10
7.474354574694995092e-10
7.474756271339752668e-10
7.475157749718016372e-10
7.475558442433103237e-10
7.475957732896312862e-10
7.476355770386862441e-10
7.476753425342361071e-10
7.477150755622851829e-10
7.477547125743106808e-10
7.477941923370269857e-10
7.478336545237269170e-10
7.478730717890601947e-10
7.479123702067787810e-10
7.479515414295136014e-10
7.479906587824005426e-10
7.480297167197726237e-10
7.480687094637732660e-10
7.481076292312119320e-10
7.481464419980820757e-10
7.481852243171369748e-10
7.482239699496977315e-10
7.482626637071980151e-10
7.483012732575465046e-10
7.483397657951736966e-10
7.483782178164191509e-10
7.484166377902061331e-10
7.484549847774222534e-10
7.484932392449831681e-10
7.485314323572079682e-10
7.485696265384396329e-10
7.486077334742437547e-10
7.486457744661341090e-10
7.486836788780976216e-10
7.487214966598905308e-10
7.487592709126685525e-10
7.487969391566262473e-10
7.488345589357823394e-10
7.488721410121288294e-10
7.489097191300852161e-10
7.489471528753289283e-10
7.489844594948652509e-10
7.490217089809125875e-10
7.490589372380312473e-10
7.490960153195584404e-10
7.491330331922632071e-10
7.491700424062067576e-10
7.492069302459124357e-10
7.492437698358421114e-10
7.492805027076027260e-10
7.493171648994683348e-10
7.493537371473123703e-10
7.493902657264307128e-10
7.494267353456039176e-10
7.494629621560826290e-10
7.494991822232609098e-10
7.495353243581554462e-10
7.495714186054136524e-10
7.496074453937354402e-10
7.496433778294111438e-10
7.496791927011737488e-10
7.497148672036537669e-10
7.497505264978391968e-10
7.497861341159838089e-10
7.498215999456520573e-10
7.498569662073831775e-10
7.498923120221194541e-10
7.499275127835802072e-10
7.499626309763685236e-10
7.499976670277645488e-10
7.500326213623600911e-10
7.500674912579864728e-10
7.501023825393749752e-10
7.501371437438410987e-10
7.501716813574999002e-10
7.502062229082489042e-10
7.502407141252644295e-10
7.502751393020823640e-10
7.503094624528305440e-10
7.503436826442424435e-10
7.503778399139276614e-10
7.504118927595878881e-10
7.504458941938637340e-10
7.504797913361739735e-10
7.505135828418124437e-10
7.505473052411429466e-10
7.505809785810530634e-10
7.506145529345340227e-10
7.506479613479740423e-10
7.506812888377970683e-10
7.507146067305465505e-10
7.507478724685657944e-10
7.507810219275729441e-10
7.508140570047067344e-10
7.508469429230608261e-10
7.508797101936884214e-10
7.509124345533704828e-10
7.509450324550867041e-10
7.509775250535676611e-10
7.510100277235929614e-10
7.510424683894416747e-10
7.510747119565965442e-10
7.511067804954770838e-10
7.511387938280753875e-10
7.511707694318078998e-10
7.512025889338616009e-10
7.512342705470165000e-10
7.512659290116873929e-10
7.512974757105263318e-10
7.513289460331736946e-10
7.513602775904416784e-10
7.513914748425708641e-10
7.514226015106752771e-10
7.514536335364549555e-10
7.514845623882036253e-10
7.515153549895742094e-10
7.515459705574192227e-10
7.515765588804991184e-10
7.516070605021881601e-10
7.516374328470452702e-10
7.516677023923360350e-10
7.516978811253964555e-10
7.517279244932447639e-10
7.517578115445540970e-10
7.517876836773715695e-10
7.518174567265248035e-10
7.518470985842125010e-10
7.518765843038254405e-10
7.519060006485035087e-10
7.519353180203181814e-10
7.519645527820600277e-10
7.519936597395995871e-10
7.520226106334692844e-10
7.520515131986499488e-10
7.520803524408386166e-10
7.521090960964758806e-10
7.521376678254352395e-10
7.521661192840292535e-10
7.521944947512774715e-10
7.522228339989336437e-10
7.522510211562820263e-10
7.522790898458570549e-10
7.523070739212247100e-10
7.523349825805506852e-10
7.523628023731751168e-10
7.523905557051874112e-10
7.524181976676699831e-10
7.524457130837611074e-10
7.524731362465078242e-10
7.525004799336172099e-10
7.525277002111694669e-10
7.525548497867409959e-10
7.525818714179444831e-10
7.526088105953709207e-10
7.526357403306547431e-10
7.526625838674321648e-10
7.526892851795195267e-10
7.527157696393023497e-10
7.527422164528547245e-10
7.527685795978326021e-10
7.527948005706463889e-10
7.528209168167697982e-10
7.528469678342011566e-10
7.528730271906057063e-10
7.528989993900910386e-10
7.529247674268014550e-10
7.529504487923958278e-10
7.529760712363848842e-10
7.530016285969761644e-10
7.530270298030731513e-10
7.530523188786342520e-10
7.530775800088909744e-10
7.531027676084987870e-10
7.531279267562368142e-10
7.531529378093216416e-10
7.531777890845302205e-10
7.532026146182090091e-10
7.532273388599408367e-10
7.532519445362092800e-10
7.532764895949039971e-10
7.533008877056246386e-10
7.533252041336246385e-10
7.533494634766911542e-10
7.533736374714275028e-10
7.533977202757465311e-10
7.534216805444247479e-10
7.534456069781485479e-10
7.534694141478135772e-10
7.534931446567368997e-10
7.535168406710706260e-10
7.535404345920848139e-10
7.535639441033293168e-10
7.535873232957838296e-10
7.536106433990048749e-10
7.536338994586768920e-10
7.536570899407520759e-10
7.536802109806426046e-10
7.537031717094976210e-10
7.537261154582371772e-10
7.537489731548399420e-10
7.537717963980467050e-10
7.537944796464769035e-10
7.538170536106583447e-10
7.538395499027870622e-10
7.538619923634077219e-10
7.538843953496874205e-10
7.539066967562853823e-10
7.539288793548078859e-10
7.539510370810019869e-10
7.539731234886349312e-10
7.539951518317457509e-10
7.540171137341381272e-10
7.540390032197630066e-10
7.540607955248594418e-10
7.540825183294136297e-10
7.541041856255992219e-10
7.541257669567501414e-10
7.541472720280937970e-10
7.541686949848871723e-10
7.541900477413848611e-10
7.542113787187133297e-10
7.542326859658430264e-10
7.542539127663907888e-10
7.542749573643199736e-10
7.542959229497502521e-10
7.543168261463649588e-10
7.543376666675046523e-10
7.543583783259403880e-10
7.543790606031275609e-10
7.543997300161672836e-10
7.544203888048578596e-10
7.544409465951265151e-10
7.544613081795600800e-10
7.544816458008194535e-10
7.545019423810991449e-10
7.545221901314183521e-10
7.545422812917326736e-10
7.545623220712055805e-10
7.545823729465005817e-10
7.546023398897640605e-10
7.546222499742452347e-10
7.546420610780047976e-10
7.546617699895553799e-10
7.546814398071026470e-10
7.547010245814666748e-10
7.547205532339422467e-10
7.547400261489615523e-10
7.547593701356401184e-10
7.547786249726800124e-10
7.547978580432892677e-10
7.548170317467737288e-10
7.548361232874419208e-10
7.548551322055055001e-10
7.548740641607410131e-10
7.548929738017455267e-10
7.549117544471181580e-10
7.549304971029390279e-10
7.549491944505208716e-10
7.549678256509920303e-10
7.549863671159738481e-10
7.550047952981985454e-10
7.550231863919193226e-10
7.550415389886543916e-10
7.550597881196945679e-10
7.550780127033228862e-10
7.550961067922198980e-10
7.551141815464731950e-10
7.551321614382476373e-10
7.551501345515044344e-10
7.551680010334874937e-10
7.551857502659274461e-10
7.552033996555995118e-10
7.552210151993983766e-10
7.552386142880933158e-10
7.552561119301791992e-10
7.552735362204526213e-10
7.552908900398182195e-10
7.553081965260686905e-10
7.553253964323926603e-10
7.553425431069351958e-10
7.553596266631095386e-10
7.553766505360520162e-10
7.553935861579014416e-10
7.554104378915392376e-10
7.554272352406160182e-10
7.554439613190253996e-10
7.554605935680424730e-10
7.554771670412861720e-10
7.554936467013709825e-10
7.555100774267949228e-10
7.555264956145182416e-10
7.555428590369913475e-10
7.555591059945228370e-10
7.555752121735654906e-10
7.555912206491774758e-10
7.556072132234622761e-10
7.556231019211915735e-10
7.556389000998433358e-10
7.556546568683860675e-10
7.556704114151423535e-10
7.556861141820880139e-10
7.557016970754048306e-10
7.557171050991212385e-10
7.557325005379050118e-10
7.557478554115447503e-10
7.557631363899764037e-10
7.557782815834638225e-10
7.557933464516133055e-10
7.558084199131974157e-10
7.558234095986321900e-10
7.558383288965389461e-10
7.558531618691945522e-10
7.558678884186123446e-10
7.558825706423162424e-10
7.558971815972552565e-10
7.559117197242973297e-10
7.559261766051633297e-10
7.559405654609911794e-10
7.559548122594055687e-10
7.559690264386762850e-10
7.559831821151018702e-10
7.559972805482095634e-10
7.560112900732566824e-10
7.560252058163709809e-10
7.560390557542276621e-10
7.560528869219293579e-10
7.560665842377251927e-10
7.560802455917611787e-10
7.560938473817827052e-10
7.561073815057624674e-10
7.561208208400139098e-10
7.561341595770673879e-10
7.561474285759709877e-10
7.561606916786691427e-10
7.561738502239801121e-10
7.561869732876475398e-10
7.561999609211278183e-10
7.562129111950577693e-10
7.562258139243625105e-10
7.562386203714569528e-10
7.562513955550740280e-10
7.562640520164563131e-10
7.562765987605194312e-10
7.562890769404294349e-10
7.563015064122846973e-10
7.563138959100578315e-10
7.563261869952583583e-10
7.563384050451050465e-10
7.563505753384855701e-10
7.563626901057131149e-10
7.563746813555398587e-10
7.563866164153391435e-10
7.563985041232049422e-10
7.564103302924934412e-10
7.564220599937661961e-10
7.564337030231370858e-10
7.564452911554051730e-10
7.564568241177456121e-10
7.564682424241470754e-10
7.564796437036560147e-10
7.564909510244429572e-10
7.565021443063676609e-10
7.565133102593409401e-10
7.565244608604210768e-10
7.565355497410268971e-10
7.565464822044465410e-10
7.565573174622121296e-10
7.565680776318097536e-10
7.565787868932383225e-10
7.565894024884566387e-10
7.565999449432898581e-10
7.566104555464168973e-10
7.566209287448709068e-10
7.566313462622410086e-10
7.566416714899121150e-10
7.566518477329870802e-10
7.566620057582569141e-10
7.566721155379073280e-10
7.566821744975661402e-10
7.566921154132989442e-10
7.567019673191038815e-10
7.567117884475654978e-10
7.567215712849059808e-10
7.567312618178029740e-10
7.567409070498228484e-10
7.567504629350041928e-10
7.567599288362731787e-10
7.567693770734310558e-10
7.567787390713232076e-10
7.567880484752108569e-10
7.567972588946959411e-10
7.568064046996498997e-10
7.568154391999044163e-10
7.568244456501128094e-10
7.568333876902070858e-10
7.568422835956468656e-10
7.568510978432641402e-10
7.568598365894540162e-10
7.568685177101685572e-10
7.568771784799239236e-10
7.568857371310893841e-10
7.568942556254691987e-10
7.569027116418633714e-10
7.569111224627425560e-10
7.569194423103186514e-10
7.569276937034257817e-10
7.569358561942419226e-10
7.569440084001218017e-10
7.569521079343042392e-10
7.569601424240077483e-10
7.569681194536306859e-10
7.569759836083999426e-10
7.569838400579404344e-10
7.569916332879278651e-10
7.569993557904780845e-10
7.570070295360458293e-10
7.570146108817134416e-10
7.570220896870944716e-10
7.570295061433025606e-10
7.570368825064592699e-10
7.570442189631972253e-10
7.570514697649278015e-10
7.570586609665374845e-10
7.570658089676263806e-10
7.570729300085623284e-10
7.570799449690234288e-10
7.570868491039914954e-10
7.570937329244170140e-10
7.571005741999657788e-10
7.571073450143260919e-10
7.571140163566815484e-10
7.571206284357647365e-10
7.571272052240349502e-10
7.571337137126844095e-10
7.571401370026820334e-10
7.571465383475986859e-10
7.571528534244016891e-10
7.571590574425708029e-10
7.571652382778865561e-10
7.571713985603697063e-10
7.571775107442027520e-10
7.571834986450173012e-10
7.571893992285843508e-10
7.571951997226768959e-10
7.572009569738970069e-10
7.572066445058889962e-10
7.572122658976565790e-10
7.572178451388850855e-10
7.572233893894224234e-10
7.572288731282237944e-10
7.572342991865629992e-10
7.572396200609257045e-10
7.572448471664870816e-10
7.572500577599104300e-10
7.572552363385902994e-10
7.572603482945926702e-10
7.572653477515501919e-10
7.572702684808277718e-10
7.572751665107183796e-10
7.572800233120454219e-10
7.572847941851680082e-10
7.572895204363840020e-10
7.572941708442574910e-10
7.572987390723368288e-10
7.573032893704285294e-10
7.573077734107948175e-10
7.573122152147400023e-10
7.573165765517132508e-10
7.573208580782891742e-10
7.573250261396112545e-10
7.573291692703714170e-10
7.573332719209803526e-10
7.573373255968515175e-10
7.573413100109461188e-10
7.573452401078328861e-10
7.573490935012747475e-10
7.573529149300175571e-10
7.573566977853845289e-10
7.573603833733484127e-10
7.573640505123929020e-10
7.573676505281088268e-10
7.573711998757035104e-10
7.573746655344370922e-10
7.573780703631769665e-10
7.573814064542625929e-10
7.573847346205443608e-10
7.573880071302888058e-10
7.573912170803014848e-10
7.573943648994962251e-10
7.573974200424091106e-10
7.574004594749494557e-10
7.574034673779084306e-10
7.574063839923051054e-10
7.574092762378575369e-10
7.574120543146803734e-10
7.574147781634034073e-10
7.574174032389030865e-10
7.574200041703241743e-10
7.574225457110251409e-10
7.574250363776368937e-10
7.574274515021860002e-10
7.574298229831970633e-10
7.574321695863376136e-10
7.574344729465436911e-10
7.574366605303739736e-10
7.574387532456663035e-10
7.574408229565694900e-10
7.574428497587398507e-10
7.574448184315164472e-10
7.574466892285813333e-10
7.574484891961969589e-10
7.574502522294951305e-10
7.574519743064755557e-10
7.574536037866455035e-10
7.574552146814939739e-10
7.574567679582703758e-10
7.574581891496264738e-10
7.574595720340829683e-10
7.574609330949920028e-10
7.574622377974596057e-10
7.574634843394934919e-10
7.574646248886923166e-10
7.574656848184698182e-10
7.574666423972403411e-10
7.574675663139371952e-10
7.574684282745580149e-10
7.574692340438899252e-10
7.574699937823785058e-10
7.574707107496323579e-10
7.574713597169736709e-10
7.574719599335156845e-10
7.574724720493254017e-10
7.574728743144744371e-10
7.574732644835545799e-10
7.574736249279407697e-10
7.574739336514736321e-10
7.574741419145208059e-10
7.574742707319573048e-10
7.574743327300127552e-10
7.574743805616696376e-10
7.574743554731369022e-10
7.574742828645875803e-10
7.574741532304343037e-10
7.574739256080520737e-10
7.574736402761322791e-10
7.574733373086597862e-10
7.574729730558513381e-10
7.574725824433196689e-10
7.574720976281304401e-10
7.574715337792458020e-10
7.574708662206686700e-10
7.574701791370515257e-10
7.574694498993591079e-10
7.574686782478567045e-10
7.574678449940013760e-10
7.574669551094587968e-10
7.574659841229384045e-10
7.574649858424976867e-10
7.574639467148650248e-10
7.574628330551572446e-10
7.574616854388167794e-10
7.574604889062408922e-10
7.574592436870135621e-10
7.574579154724747148e-10
7.574565193195655660e-10
7.574550718135055517e-10
7.574535845091186099e-10
7.574520870168857308e-10
7.574504920908210243e-10
7.574488604642207844e-10
7.574471556957258432e-10
7.574453830273244990e-10
7.574436007344699326e-10
7.574417910156149764e-10
7.574398915217728050e-10
7.574379583919338336e-10
7.574359073611883819e-10
7.574338102270972197e-10
7.574316292369924335e-10
7.574294166772914151e-10
7.574271390553270851e-10
7.574248087776712583e-10
7.574224151336584913e-10
7.574199775886890743e-10
7.574175177324871876e-10
7.574150357043500464e-10
7.574124806445813795e-10
7.574097842449991130e-10
7.574070538350587809e-10
7.574042805431449158e-10
7.574014790144902630e-10
7.573986278611406730e-10
7.573956578193343490e-10
7.573926289077042150e-10
7.573895728066266669e-10
7.573864819652662010e-10
7.573833156987030300e-10
7.573801295934743172e-10
7.573768921407816056e-10
7.573735251788812489e-10
7.573701112492934801e-10
7.573666753295847554e-10
7.573631848683988531e-10
7.573596486156316132e-10
7.573560215436236733e-10
7.573523448847436298e-10
7.573485384944131901e-10
7.573446770710534938e-10
7.573407927297450280e-10
7.573368435893614419e-10
7.573328399771699653e-10
7.573288083264094962e-10
7.573247063110752710e-10
7.573205482082633033e-10
7.573163488774667964e-10
7.573120547460852243e-10
7.573076699133568690e-10
7.573032745950182352e-10
7.572988576686540501e-10
7.572943872192167779e-10
7.572898219193568086e-10
7.572851882412318880e-10
7.572804725886810828e-10
7.572757436720410011e-10
7.572709666817316694e-10
7.572661208367013536e-10
7.572612423888848614e-10
7.572562935871445634e-10
7.572512406860476647e-10
7.572461727390317319e-10
7.572410664387320429e-10
7.572359225573423789e-10
7.572307579096247958e-10
7.572254698990030706e-10
7.572201056408370342e-10
7.572146733581291560e-10
7.572092277500379180e-10
7.572037286857511455e-10
7.571982065261887597e-10
7.571926155840975778e-10
7.571869741364468244e-10
7.571812471782144269e-10
7.571754993134469963e-10
7.571697111218255860e-10
7.571638688006629431e-10
7.571579828972149811e-10
7.571520631122630133e-10
7.571460856292919709e-10
7.571400400989282222e-10
7.571339287882670311e-10
7.571277748274910329e-10
7.571215709594345207e-10
7.571153518905280458e-10
7.571090730681207126e-10
7.571027204607064313e-10
7.570963193383013636e-10
7.570898582139930997e-10
7.570833570837148950e-10
7.570768480019355776e-10
7.570703123137264212e-10
7.570636872041084026e-10
7.570570269103009904e-10
7.570502315974151934e-10
7.570434027506894020e-10
7.570365045903021432e-10
7.570295774748090938e-10
7.570225886756099061e-10
7.570155344207816665e-10
7.570084294753121934e-10
7.570012780927503122e-10
7.569941186617831094e-10
7.569869427526750011e-10
7.569797126267167464e-10
7.569723722123745093e-10
7.569649295772028425e-10
7.569574773888602427e-10
7.569499697197562002e-10
7.569424471010376266e-10
7.569348560472681526e-10
7.569271624605119653e-10
7.569194105694339938e-10
7.569116491791586244e-10
7.569038502771937334e-10
7.568959923874697566e-10
7.568881166014864321e-10
7.568801823635502636e-10
7.568721274505092764e-10
7.568640262697824706e-10
7.568559051954860099e-10
7.568477259407380618e-10
7.568395040940881421e-10
7.568312096206495679e-10
7.568228837075648358e-10
7.568144381747957080e-10
7.568059135613473120e-10
7.567973729937148900e-10
7.567887876224029359e-10
7.567801567145501066e-10
7.567714654952630958e-10
7.567627469740321076e-10
7.567539488587528835e-10
7.567451103884335002e-10
7.567362405757237194e-10
7.567272514522194632e-10
7.567182054639565225e-10
7.567091516133832184e-10
7.567000805626437316e-10
7.566909478466855932e-10
7.566817292054181310e-10
7.566724581210859486e-10
7.566630973963281571e-10
7.566537204790962846e-10
7.566443146619315683e-10
7.566348320002462927e-10
7.566253220598608150e-10
7.566157736762356892e-10
7.566060979613694713e-10
7.565963886457443474e-10
7.565866600315405833e-10
7.565768829898617417e-10
7.565670949843795096e-10
7.565572586512628998e-10
7.565473179637285473e-10
7.565372797993076166e-10
7.565272024773352201e-10
7.565171020021845674e-10
7.565069579066982875e-10
7.564967998410620398e-10
7.564865639849001252e-10
7.564762819007157024e-10
7.564659123364119173e-10
7.564555233621082635e-10
7.564450941797337658e-10
7.564346234377787010e-10
7.564241052288293269e-10
7.564135655927174424e-10
7.564029556093198764e-10
7.563923013071567331e-10
