8.278261879876858460e-08
8.880000053706312062e-08
9.453557966592535376e-08
9.999952857578459930e-08
1.052017605967174208e-07
1.101518384022957975e-07
1.148588890222084006e-07
1.193316589193824282e-07
1.235785180978964644e-07
1.276075235448375357e-07
1.314262921132747770e-07
1.350422399132173151e-07
1.384623501536407239e-07
1.416934072824084254e-07
1.447418870910285401e-07
1.476139826951148105e-07
1.503157475639408675e-07
1.528527676656714150e-07
1.552306812459083848e-07
1.574546847561008580e-07
1.595298632823023228e-07
1.614610902318888760e-07
1.632530402463935189e-07
1.649103149795815728e-07
1.664372561581198479e-07
1.678381648558664783e-07
1.691172947713118010e-07
1.702785043064498099e-07
1.713258816551611119e-07
1.722631620687224738e-07
1.730941570511578933e-07
1.738224198257521354e-07
1.744515629725317363e-07
1.749849285472957061e-07
1.754259265319067485e-07
1.757778430727846548e-07
1.760438161585337359e-07
1.762270333240974846e-07
1.763304985155127994e-07
1.763571500743339012e-07
1.763098809018734171e-07
1.761916574277701343e-07
1.760050997102711220e-07
1.757529987037361665e-07
1.754381008314337547e-07
1.750628404023062253e-07
1.746299452982532263e-07
1.741416953768217217e-07
1.736007732835384468e-07
1.730093431147281355e-07
1.723699960088013999e-07
1.716850131675464647e-07
1.709564712883656438e-07
1.701867768564315407e-07
1.693780866284889349e-07
1.685323947641805947e-07
1.676519615274459493e-07
1.667387900599617015e-07
1.657947232565428649e-07
1.648218810690711001e-07
1.638221720092318498e-07
1.627972700291322674e-07
1.617491682936967385e-07
1.606796489896688756e-07
1.595902116732511012e-07
1.584826714908558855e-07
1.573586587200589000e-07
1.562197434747866362e-07
1.550673150533178381e-07
1.539030299090795642e-07
1.527283044659622546e-07
1.515444750479811072e-07
1.503528504201740898e-07
1.491548304030418145e-07
1.479516178064965848e-07
1.467444541838814688e-07
1.455345573419697732e-07
1.443230087219803288e-07
1.431107903835270913e-07
1.418990976560300618e-07
1.406889660444395364e-07
1.394812822871882088e-07
1.382768694579507346e-07
1.370767730494763336e-07
1.358818186248805047e-07
1.346927962781895237e-07
1.335103423553834517e-07
1.323353208160229879e-07
1.311684190363439983e-07
1.300103088168452122e-07
1.288615778304239350e-07
1.277226454399554716e-07
1.265942583868768043e-07
1.254769440803704709e-07
1.243711016470056054e-07
1.232770768570514780e-07
1.221953747321701677e-07
1.211264193630123345e-07
1.200706676774111321e-07
1.190283034695276072e-07
1.179995008033494967e-07
1.169846250678145839e-07
1.159840154396606599e-07
1.149979011094914559e-07
1.140263931776949534e-07
1.130695328554952588e-07
1.121276140941340927e-07
1.112006999792225478e-07
1.102889329470967947e-07
1.093923715625041647e-07
1.085110454711410756e-07
1.076448188700421443e-07
1.067940236152817292e-07
1.059584951760118952e-07
1.051382066948209721e-07
1.043331124309994485e-07
1.035430660926184907e-07
1.027681861412874354e-07
1.020082057099076157e-07
1.012632815379568040e-07
1.005328770566105154e-07
9.981725150187948553e-08
9.911590765811335813e-08
9.842909031008713816e-08
9.775628216699397084e-08
9.709763572692391334e-08
9.645257821772931748e-08
9.582117410625529774e-08
9.520302303945153852e-08
9.459809390439741085e-08
9.400607584274228425e-08
9.342679918318606075e-08
9.286001179135825173e-08
9.230530405938841409e-08
9.176250214564712265e-08
9.123144278855569186e-08
9.071179349022403932e-08
9.020326367595565638e-08
8.970581032204480682e-08
8.921873025759804494e-08
8.874195461634407336e-08
8.827519839574762830e-08
8.781824035556433708e-08
8.737070570856158649e-08
8.693231914495701612e-08
8.650294600467614439e-08
8.608192735640962933e-08
8.566917561917144669e-08
8.526439843715201285e-08
8.486731153922506998e-08
8.447761966963399790e-08
8.409499581104850746e-08
8.371933012311044473e-08
8.334994650474516433e-08
8.298679784371071732e-08
8.262950325706301472e-08
8.227780860911320680e-08
8.193159039718193182e-08
8.159030769223254758e-08
8.125388521262180073e-08
8.092195750334980979e-08
8.059414893027548844e-08
8.027033735213221118e-08
7.995017182505721625e-08
7.963340870011049680e-08
7.931995698126261319e-08
7.900928222619619812e-08
7.870139420925829613e-08
7.839588841306421946e-08
7.809251543915637861e-08
7.779117179316418941e-08
7.749150477966503284e-08
7.719334501234063731e-08
7.689660092207863222e-08
7.660084142708730423e-08
7.630602199026005638e-08
7.601197307916096026e-08
7.571832220992081741e-08
7.542507337771913812e-08
7.513198387488250903e-08
7.483883828876595330e-08
7.454563320627474744e-08
7.425208247661367536e-08
7.395802091832764359e-08
7.366342415474704855e-08
7.336805795726529279e-08
7.307181784260298349e-08
7.277466382756532097e-08
7.247640515578764301e-08
7.217696833624436763e-08
7.187632192590582398e-08
7.157428764494407961e-08
7.127079150531198328e-08
7.096581170945526619e-08
7.065923398192505750e-08
7.035101083586635539e-08
7.004112986635770259e-08
6.972952811794392298e-08
6.941615613407269056e-08
6.910101747384942124e-08
6.878405491766797735e-08
6.846525567980876121e-08
6.814460602483180900e-08
6.782208612016884651e-08
6.749771155033497159e-08
6.717151324690643260e-08
6.684349312040995543e-08
6.651368482152788631e-08
6.618211999542303282e-08
6.584878028599611414e-08
6.551373394449393241e-08
6.517704881676224360e-08
6.483871567427815660e-08
6.449876825342127903e-08
6.415733537150340397e-08
6.381447299944930957e-08
6.347018431254520919e-08
6.312459333910942578e-08
6.277779065441086616e-08
6.242978666970603243e-08
6.208063517173526628e-08
6.173052243983322515e-08
6.137949421328107157e-08
6.102753782423568769e-08
6.067487041718286147e-08
6.032159553501129048e-08
5.996771608793690935e-08
5.961332910370084894e-08
5.925866648102886677e-08
5.890372238301922620e-08
5.854853684391106310e-08
5.819328042284941561e-08
5.783811674426681596e-08
5.748312308748122080e-08
5.712827051099145252e-08
5.677383285847988491e-08
5.641990150065294164e-08
5.606645351240901072e-08
5.571367414400377402e-08
5.536175880410990203e-08
5.501071208818055314e-08
5.466055214958098760e-08
5.431140746819183324e-08
5.396363417341055569e-08
5.361711999527836851e-08
5.327191858694102772e-08
5.292813475238649711e-08
5.258609545046695669e-08
5.224575991152828187e-08
5.190710617554879285e-08
5.157027360937871846e-08
5.123548504185653108e-08
5.090278148371705297e-08
5.057209086549310395e-08
5.024358084494178329e-08
4.991745856095628779e-08
4.959377757515323727e-08
4.927245624680256985e-08
4.895358837743739542e-08
4.863748474355771112e-08
4.832405365200788286e-08
4.801328239825114684e-08
4.770521796300469057e-08
4.740023687895304975e-08
4.709809029088686180e-08
4.679878162177897491e-08
4.650253693703039698e-08
4.620949263689790852e-08
4.591951977901591616e-08
4.563260736252812233e-08
4.534905277300833718e-08
4.506870927418997940e-08
4.479161931847168530e-08
4.451790602602152561e-08
4.424748434912843334e-08
4.398047028797103707e-08
4.371679632696788781e-08
4.345658832549108870e-08
4.319972909809033217e-08
4.294629920219321543e-08
4.269647270018491533e-08
4.245001555570100201e-08
4.220697372748329612e-08
4.196753507619017321e-08
4.173156533963456565e-08
4.149898128390881805e-08
4.126995145286856000e-08
4.104435439681751253e-08
4.082218453976363822e-08
4.060361036526771083e-08
4.038832829615813765e-08
4.017641313923692811e-08
3.996796914797746090e-08
3.976291896716957944e-08
3.956109468827600664e-08
3.936264892069452574e-08
3.916745321324514830e-08
3.897565028189301351e-08
3.878706060124939804e-08
3.860158011597284173e-08
3.841931184061299800e-08
3.824020587585498976e-08
3.806411909387959717e-08
3.789120777300413520e-08
3.772114881296860237e-08
3.755404739403713806e-08
3.738993129375681022e-08
3.722865511286705544e-08
3.707014374439031163e-08
3.691440357864390900e-08
3.676135704386046987e-08
3.661108667838247072e-08
3.646343131039662849e-08
3.631819977388192654e-08
3.617552804018728055e-08
3.603530544927270012e-08
3.589760649865719821e-08
3.576220974304863824e-08
3.562893507622019035e-08
3.549789482604106596e-08
3.536901919288722952e-08
3.524234290546915010e-08
3.511767127480526966e-08
3.499483268195592973e-08
3.487394940590539349e-08
3.475495820773162983e-08
3.463783531789835970e-08
3.452245164607175127e-08
3.440862427457474929e-08
3.429644662619052172e-08
3.418583691570035967e-08
3.407682911562515536e-08
3.396922779714691622e-08
3.386293801346222911e-08
3.375789283400289608e-08
3.365411746463921419e-08
3.355156701904923420e-08
3.345020760565533302e-08
3.334984401864774210e-08
3.325048321128774482e-08
3.315202143211263521e-08
3.305455158492098367e-08
3.295804950302525488e-08
3.286227795014447716e-08
3.276717132819486961e-08
3.267276936170054511e-08
3.257907772227798234e-08
3.248603037710874960e-08
3.239353789942787096e-08
3.230144995125994118e-08
3.220979776149666846e-08
3.211851728784840373e-08
3.202762426169761185e-08
3.193714709903269725e-08
3.184685764216172156e-08
3.175675412168580413e-08
3.166681619663621304e-08
3.157709857678976245e-08
3.148751924737308636e-08
3.139805362702914381e-08
3.130854167066580027e-08
3.121907494014381186e-08
3.112952052430376664e-08
3.103999915087838730e-08
3.095040824749678716e-08
3.086070826174933431e-08
3.077080077251131330e-08
3.068073756240890045e-08
3.059048454368597759e-08
3.050002719559809935e-08
3.040939047933503472e-08
3.031846471309851895e-08
3.022725086711557258e-08
3.013574103424239826e-08
3.004394409565453365e-08
2.995184013311888843e-08
2.985944223058814799e-08
2.976666863430571584e-08
2.967354032414092432e-08
2.958002439010582668e-08
2.948615508121159652e-08
2.939190727630815228e-08
2.929730375478694477e-08
2.920229984039235955e-08
2.910690036176415375e-08
2.901110162059016009e-08
2.891491148250697408e-08
2.881832712063465607e-08
2.872136519625554214e-08
2.862402088588258174e-08
2.852629483609748180e-08
2.842818755813237085e-08
2.832969615988472013e-08
2.823083606218107625e-08
2.813160493245940252e-08
2.803204779766386112e-08
2.793216667944670263e-08
2.783193166685362256e-08
2.773136421616617860e-08
2.763047643658216805e-08
2.752925540713833697e-08
2.742779487302665100e-08
2.732610896260953477e-08
2.722413712818625397e-08
2.712195566216607272e-08
2.701949349513217983e-08
2.691683720413352059e-08
2.681398212751847952e-08
2.671101619395199811e-08
2.660785524438123022e-08
2.650463781117985068e-08
2.640119833103864023e-08
2.629768733774744713e-08
2.619405128755506534e-08
2.609042313581128071e-08
2.598677223927638494e-08
2.588308581911518950e-08
2.577938800591918537e-08
2.567566838367125744e-08
2.557197332155144181e-08
2.546833574303613564e-08
2.536489321008253578e-08
2.526148514239319943e-08
2.515830841388503231e-08
2.505515814703335145e-08
2.495221383037116639e-08
2.484938697527387145e-08
2.474685433587976778e-08
2.464457641220875963e-08
2.454251074825898881e-08
2.444075176685908874e-08
2.433918424363042516e-08
2.423798654142602470e-08
2.413705568286421169e-08
2.403658025185542052e-08
2.393643702712422545e-08
2.383671122859444683e-08
2.373735818521156022e-08
2.363837305181266402e-08
2.353984473705536821e-08
2.344174007306049822e-08
2.334424415312392504e-08
2.324715838617960580e-08
2.315067096664231158e-08
2.305464205986512095e-08
2.295912561140823445e-08
2.286416929916795705e-08
2.276973997762926884e-08
2.267603210269656843e-08
2.258282009231804480e-08
2.249031605141290113e-08
2.239835751816074995e-08
2.230701417546452309e-08
2.221632226417869249e-08
2.212624458443046666e-08
2.203695934042571546e-08
2.194826112198822216e-08
2.186032117636969819e-08
2.177302321438338369e-08
2.168638611076303136e-08
2.160050250832004521e-08
2.151527201469606310e-08
2.143089059051313504e-08
2.134716779740055818e-08
2.126421394974847314e-08
2.118198583278342038e-08
2.110043931633548675e-08
2.101973954235468838e-08
2.093971575070007483e-08
2.086052361829769605e-08
2.078202535581347271e-08
2.070430094755741882e-08
2.062734472149371817e-08
2.055113449785330225e-08
2.047572297408992577e-08
2.040103734272502559e-08
2.032712230881786601e-08
2.025396135247547099e-08
2.018153307009229901e-08
2.010987474221747950e-08
2.003896149006653454e-08
1.996876559153243966e-08
1.989937821300122435e-08
1.983065936685490725e-08
1.976276320035435124e-08
1.969552134498777048e-08
1.962903489613263565e-08
1.956325422439070697e-08
1.949820241455139932e-08
1.943388743571027810e-08
1.937026683508777049e-08
1.930732708856486875e-08
1.924506282172872918e-08
1.918346363659882722e-08
1.912253714145219590e-08
1.906228321613500803e-08
1.900267702180259276e-08
1.894378906933539034e-08
1.888549622155652798e-08
1.882784159269421912e-08
1.877073041419690074e-08
1.871426099135050172e-08
1.865833288465835988e-08
1.860304456719804912e-08
1.854829648813723602e-08
1.849419189302312196e-08
1.844058396262628179e-08
1.838754334852279915e-08
1.833495692802303907e-08
1.828294767396930494e-08
1.823138084010674392e-08
1.818037754940544417e-08
1.812983257019090927e-08
1.807985320670243601e-08
1.803027195556206483e-08
1.798116262833736108e-08
1.793242988710212452e-08
1.788417860673977223e-08
1.783627659917989396e-08
1.778884995963157093e-08
1.774179302670521622e-08
1.769520801860121485e-08
1.764894109154534477e-08
1.760303059401885752e-08
1.755740588805389234e-08
1.751217223794123304e-08
1.746717879572073422e-08
1.742257718632481598e-08
1.737825275545757440e-08
1.733429002128546949e-08
1.729057730635224918e-08
1.724713457330806822e-08
1.720390125218174728e-08
1.716096117053984815e-08
1.711820230515515315e-08
1.707572554724004360e-08
1.703348284742475543e-08
1.699147140534497754e-08
1.694967844965141995e-08
1.690807141815970597e-08
1.686660563241923126e-08
1.682532757111977505e-08
1.678420220801028293e-08
1.674324565051003576e-08
1.670246500954601394e-08
1.666181809117055552e-08
1.662136868320295001e-08
1.658101686300247947e-08
1.654077378732040949e-08
1.650061393772872451e-08
1.646058952663937889e-08
1.642061851568763360e-08
1.638078496468022217e-08
1.634102954892477360e-08
1.630138239540420866e-08
1.626180907155986691e-08
1.622231079298170114e-08
1.618285278912572761e-08
1.614345600862192600e-08
1.610410991893252981e-08
1.606481161772030455e-08
1.602557624255588944e-08
1.598638296456729297e-08
1.594727002687765293e-08
1.590816664411450101e-08
1.586909994773224063e-08
1.583004012280834868e-08
1.579100606401500221e-08
1.575199260058250587e-08
1.571299502612594200e-08
1.567400189254851968e-08
1.563504368141834351e-08
1.559611234702845431e-08
1.555718176891304710e-08
1.551826744303780651e-08
1.547934749658160905e-08
1.544042041414661121e-08
1.540152014383192554e-08
1.536261058887767483e-08
1.532368261162846552e-08
1.528479141299610979e-08
1.524589479481044011e-08
1.520699484029741060e-08
1.516811637452735812e-08
1.512922827501623151e-08
1.509031776184538784e-08
1.505144884299931758e-08
1.501255925096933602e-08
1.497364595491881735e-08
1.493477935273575698e-08
1.489589645648704559e-08
1.485701634807111379e-08
1.481816425720837379e-08
1.477931147742961554e-08
1.474044242595799175e-08
1.470162024508544414e-08
1.466278480949308824e-08
1.462393758944769407e-08
1.458513588468767741e-08
1.454632517477931883e-08
1.450753502737235834e-08
1.446878547161084524e-08
1.443006677363262598e-08
1.439135758277493432e-08
1.435268106343882915e-08
1.431405149260073032e-08
1.427541496855361932e-08
1.423681092520403740e-08
1.419826384423631274e-08
1.415973404849004085e-08
1.412124826707440089e-08
1.408285830824437742e-08
1.404449555362791477e-08
1.400614295855935385e-08
1.396791543180310029e-08
1.392969805235552106e-08
1.389151419735829473e-08
1.385344300264608524e-08
1.381538631395533832e-08
1.377740741065061615e-08
1.373953083118163887e-08
1.370173293188135408e-08
1.366399341985942564e-08
1.362634834007527203e-08
1.358880514046490549e-08
1.355130801673662719e-08
1.351388343142966904e-08
1.347659690887686332e-08
1.343936818375632875e-08
1.340223101350178858e-08
1.336525377533051522e-08
1.332836525572026505e-08
1.329155686205712129e-08
1.325490478786174622e-08
1.321835043397076474e-08
1.318188987882551287e-08
1.314555161487118877e-08
1.310934103586964631e-08
1.307324037113626825e-08
1.303725962291034987e-08
1.300145639518890579e-08
1.296576951386610412e-08
1.293019324286712086e-08
1.289479080864706999e-08
1.285950671971141680e-08
1.282435540581836231e-08
1.278934726269439866e-08
1.275448014176503116e-08
1.271975443523126859e-08
1.268517402152267373e-08
1.265077665550126164e-08
1.261652367604534589e-08
1.258241142160653685e-08
1.254847290023969490e-08
1.251468241063681433e-08
1.248104742447347973e-08
1.244756160763005384e-08
1.241425376446013968e-08
1.238109528366850739e-08
1.234808354669118834e-08
1.231528018835297909e-08
1.228262196883108524e-08
1.225012600858290310e-08
1.221780914573030394e-08
1.218565843433619876e-08
1.215367501079729753e-08
1.212184179306360598e-08
1.209021644104667620e-08
1.205873586226589402e-08
1.202740120081870327e-08
1.199629359278741152e-08
1.196532788873869720e-08
1.193451969354358707e-08
1.190390669426903162e-08
1.187345482824887063e-08
1.184317471374976507e-08
1.181306614961433370e-08
1.178312916970513229e-08
1.175336503053987711e-08
1.172376916333827215e-08
1.169434891334701652e-08
1.166507955683698057e-08
1.163598209318872685e-08
1.160706956219896931e-08
1.157829841353964002e-08
1.154969985013802200e-08
1.152128165724397699e-08
1.149300779707916396e-08
1.146492956847676508e-08
1.143700006819460118e-08
1.140920833678961711e-08
1.138161806362013804e-08
1.135415637988661919e-08
1.132684235296378448e-08
1.129971723474038412e-08
1.127271933169935038e-08
1.124589218433976268e-08
1.121922221279606297e-08
1.119268827581978811e-08
1.116634559844361651e-08
1.114013586774942846e-08
1.111405502073956081e-08
1.108815021657064583e-08
1.106236411952757729e-08
1.103671957600224944e-08
1.101123071460947295e-08
1.098586480611633374e-08
1.096066188123621623e-08
1.093559308242966349e-08
1.091064557150231144e-08
1.088587718917724123e-08
1.086122108452022948e-08
1.083668584946129000e-08
1.081229019506980105e-08
1.078800233414723772e-08
1.076384018413114212e-08
1.073980580781001421e-08
1.071587811211832732e-08
1.069209742029740287e-08
1.066842484818949908e-08
1.064485678111505571e-08
1.062145206029189926e-08
1.059813806501757669e-08
1.057492387849938646e-08
1.055184242180924072e-08
1.052884302232199071e-08
1.050594868213495193e-08
1.048317621648043407e-08
1.046048834626102785e-08
1.043792027778360624e-08
1.041544670069616951e-08
1.039307231671801571e-08
1.037082800066381951e-08
1.034866809889420739e-08
1.032658787998310409e-08
1.030462460576107613e-08
1.028272492201452707e-08
1.026091018585028437e-08
1.023920445568401101e-08
1.021756903116460281e-08
1.019601341999127466e-08
1.017456548480709652e-08
1.015318657308916927e-08
1.013190345770182491e-08
1.011071221979689665e-08
1.008958276150762735e-08
1.006853878662669567e-08
1.004756514211881625e-08
1.002665059141715793e-08
1.000581070924429220e-08
9.985039686528739195e-09
9.964335946167266381e-09
9.943714714638479263e-09
9.923140767666820903e-09
9.902644252048308628e-09
9.882235888901310256e-09
9.861879291730722206e-09
9.841574788140325929e-09
9.821352216755433852e-09
9.801173642617189180e-09
9.781046968198449217e-09
9.760983356604457511e-09
9.740979499032414833e-09
9.721026486857413633e-09
9.701140606383644417e-09
9.681291775686602013e-09
9.661514348079862963e-09
9.641805378510848992e-09
9.622134072416970752e-09
9.602508330964340360e-09
9.582954830667917418e-09
9.563428081309278490e-09
9.543951839454973835e-09
9.524516124400653995e-09
9.505143967927234092e-09
9.485804565088470303e-09
9.466518058198561659e-09
9.447262241052658836e-09
9.428075119586028107e-09
9.408933653281779131e-09
9.389826247265924960e-09
9.370758835414249872e-09
9.351753365913416352e-09
9.332771022086110851e-09
9.313830626409242045e-09
9.294918596235114286e-09
9.276068994326982249e-09
9.257247054569411825e-09
9.238464641625231185e-09
9.219706789517762152e-09
9.201015394428763955e-09
9.182355606394253337e-09
9.163732120355216675e-09
9.145137167258546151e-09
9.126603061198039888e-09
9.108094850513701518e-09
9.089621644138222637e-09
9.071172011469349744e-09
9.052778572383498890e-09
9.034421096694775130e-09
9.016091046986648401e-09
8.997787300563413161e-09
8.979537944829941632e-09
8.961329327762953130e-09
8.943147754638545342e-09
8.924998016654545315e-09
8.906892699004174293e-09
8.888830895428862706e-09
8.870796171069718770e-09
8.852788180907761807e-09
8.834819622719134024e-09
8.816904597697944611e-09
8.799008116377134719e-09
8.781147020107796088e-09
8.763314004048552417e-09
8.745545989694539137e-09
8.727790800469496088e-09
8.710078507830960334e-09
8.692397801835004661e-09
8.674773288590157286e-09
8.657176090767551887e-09
8.639615248945249311e-09
8.622080320216932920e-09
8.604599353845989950e-09
8.587156632116029781e-09
8.569739267717024601e-09
8.552358867060519557e-09
8.535019527053510627e-09
8.517731129856070966e-09
8.500465652161451448e-09
8.483241545940436441e-09
8.466055924696549999e-09
8.448926076589678277e-09
8.431826219560971763e-09
8.414763436257817978e-09
8.397736211390548788e-09
8.380762295984628141e-09
8.363827447087824699e-09
8.346921458247120581e-09
8.330059289856740609e-09
8.313242116539458952e-09
8.296470508204532919e-09
8.279731332810483688e-09
8.263034147826072810e-09
8.246382921974987177e-09
8.229782240067487328e-09
8.213220175437547886e-09
8.196695480357730553e-09
8.180216988400761406e-09
8.163785728194574290e-09
8.147399528857276024e-09
8.131048035184667238e-09
8.114744374174454919e-09
8.098482346886667393e-09
8.082274262312067007e-09
8.066099453313869500e-09
8.049971767240441819e-09
8.033890917956561779e-09
8.017865963386302415e-09
8.001880849456387181e-09
7.985936718935948464e-09
7.970045069859549237e-09
7.954198055625604778e-09
7.938399729529067098e-09
7.922646099740169886e-09
7.906940474788861881e-09
7.891274267088927654e-09
7.875669981690939019e-09
7.860100712177648334e-09
7.844585018858254018e-09
7.829105759198567657e-09
7.813699974932167474e-09
7.798324765898502235e-09
7.783000740929328004e-09
7.767724852505364256e-09
7.752503015845664116e-09
7.737325787460189761e-09
7.722195188375901123e-09
7.707118610823146006e-09
7.692084245660626931e-09
7.677100959285303984e-09
7.662175037482229239e-09
7.647291839593783486e-09
7.632453013373977501e-09
7.617672885553342625e-09
7.602940185329579059e-09
7.588255723731204923e-09
7.573610968933575022e-09
7.559033351597161620e-09
7.544491759581815380e-09
7.530002649174042238e-09
7.515566729206855846e-09
7.501178589396525077e-09
7.486833231382867727e-09
7.472545807763393742e-09
7.458309735839647281e-09
7.444120803188779587e-09
7.429969718391646695e-09
7.415889832701190537e-09
7.401842007156533362e-09
7.387849130544944037e-09
7.373898109448485599e-09
7.360007787483266984e-09
7.346158274095205508e-09
7.332355160627805732e-09
7.318610858079695168e-09
7.304906416377253663e-09
7.291247541874359241e-09
7.277649913057092248e-09
7.264098669275549677e-09
7.250592071451594648e-09
7.237121837849974629e-09
7.223724016391759658e-09
7.210355371842318332e-09
7.197036984300279964e-09
7.183759617253066340e-09
7.170539922755841122e-09
7.157360991229069052e-09
7.144224780955101778e-09
7.131145392449432824e-09
7.118102043539870675e-09
7.105105402945681426e-09
7.092163195814487430e-09
7.079271315858616230e-09
7.066418012883712205e-09
7.053600565712149213e-09
7.040842787476435399e-09
7.028121180651442170e-09
7.015440212631086814e-09
7.002795486464423496e-09
6.990207616161630230e-09
6.977652324805381884e-09
6.965142290054284416e-09
6.952678394209164472e-09
6.940254382787575469e-09
6.927866279483425663e-09
6.915525898190999778e-09
6.903241564665177636e-09
6.890987514473878592e-09
6.878767758058478235e-09
6.866592377005485226e-09
6.854468365539597898e-09
6.842368815217312769e-09
6.830305722313889824e-09
6.818286998712001112e-09
6.806305297843827581e-09
6.794366364989791990e-09
6.782456418075802887e-09
6.770597449603964722e-09
6.758762008395836639e-09
6.746968744634979269e-09
6.735227261020947578e-09
6.723517585535648102e-09
6.711840611692516879e-09
6.700191942431373911e-09
6.688594017156621733e-09
6.677026245182501036e-09
6.665486376727832636e-09
6.653978576574557085e-09
6.642510119894319576e-09
6.631073368443322037e-09
6.619674774599698376e-09
6.608304880033636725e-09
6.596972577666720500e-09
6.585665244350613051e-09
6.574398351568602711e-09
6.563175354230397116e-09
6.551975086798786419e-09
6.540804693071499873e-09
6.529661158891150914e-09
6.518564143015683496e-09
6.507487246310485560e-09
6.496436631756390269e-09
6.485413181745693901e-09
6.474421612766929902e-09
6.463460136338852426e-09
6.452529893944275895e-09
6.441625025649202655e-09
6.430750764000188803e-09
6.419897757413684238e-09
6.409082120512583862e-09
6.398302622556844854e-09
6.387541758421882526e-09
6.376807988716571342e-09
6.366096571975033911e-09
6.355426910010884798e-09
6.344775664457001534e-09
6.334146799446345169e-09
6.323542785459834833e-09
6.312964065009031052e-09
6.302413733591339278e-09
6.291892196347855064e-09
6.281390565830510317e-09
6.270917317830962186e-09
6.260462110020821997e-09
6.250038073388310401e-09
6.239649099216261030e-09
6.229275476671142677e-09
6.218928336810362397e-09
6.208598881076939754e-09
6.198301162806242681e-09
6.188028892215006874e-09
6.177771996196293576e-09
6.167539533453019309e-09
6.157326479154167612e-09
6.147139548528297825e-09
6.136980773156663446e-09
6.126840611813564891e-09
6.116722002647328855e-09
6.106622086860945689e-09
6.096545847086956836e-09
6.086503253434441314e-09
6.076478907116771392e-09
6.066474507563320376e-09
6.056488840680590396e-09
6.046524346429791761e-09
6.036591599514602382e-09
6.026671077074223799e-09
6.016773260813722117e-09
6.006892715351830440e-09
5.997033665514036099e-09
5.987197525565539870e-09
5.977384867899298188e-09
5.967587804350395326e-09
5.957813258586161566e-09
5.948055455394079547e-09
5.938320408188465556e-09
5.928614997186958298e-09
5.918921131826839898e-09
5.909252697309248957e-09
5.899598312599034464e-09
5.889967455860624781e-09
5.880363695222423664e-09
5.870772341648158679e-09
5.861202980875786597e-09
5.851650311800658960e-09
5.842120261679297003e-09
5.832611988465517674e-09
5.823124335840963535e-09
5.813653844309303097e-09
5.804204472806216570e-09
5.794771852915527118e-09
5.785361025603434753e-09
5.775978566595121301e-09
5.766607563610281163e-09
5.757261179826679930e-09
5.747928942441976399e-09
5.738620449819794484e-09
5.729338082198565951e-09
5.720068123247129732e-09
5.710820323914794492e-09
5.701588969800942829e-09
5.692381641272059861e-09
5.683193549722150023e-09
5.674027110154448939e-09
5.664877020256607914e-09
5.655748991570398965e-09
5.646638454440983584e-09
5.637547277889128257e-09
5.628483870201616237e-09
5.619435632896670656e-09
5.610409013666421610e-09
5.601398514082963807e-09
5.592408828345271181e-09
5.583449529311346459e-09
5.574500264850173990e-09
5.565576189669925066e-09
5.556666454630173370e-09
5.547781846063428663e-09
5.538915952186672307e-09
5.530071750456436040e-09
5.521245545201608774e-09
5.512441153514577922e-09
5.503655136715376897e-09
5.494886025975119601e-09
5.486143891875896736e-09
5.477424877006566660e-09
5.468719402815791385e-09
5.460037256822341725e-09
5.451370086276154635e-09
5.442735134494077834e-09
5.434117138867810935e-09
5.425516870919875724e-09
5.416935570341161984e-09
5.408375035997627175e-09
5.399838703941543988e-09
5.391322109842270761e-09
5.382825849891416861e-09
5.374349444444034193e-09
5.365895876169416021e-09
5.357458758104359375e-09
5.349041315835689130e-09
5.340651859358969945e-09
5.332282757182963639e-09
5.323931440918043965e-09
5.315597771385912082e-09
5.307283076426366722e-09
5.299003981898616027e-09
5.290735545090406890e-09
5.282488670007794207e-09
5.274258562955126871e-09
5.266051943601098522e-09
5.257867386843890632e-09
5.249703816496703406e-09
5.241558551252100600e-09
5.233435213503777467e-09
5.225334215643219002e-09
5.217248418665947038e-09
5.209184024244761806e-09
5.201147087575056793e-09
5.193130264387612216e-09
5.185131300158702317e-09
5.177149053216774875e-09
5.169186261809106348e-09
5.161257801760007226e-09
5.153340135619012539e-09
5.145442731750871623e-09
5.137561868332283992e-09
5.129704142926086498e-09
5.121867354485695615e-09
5.114051855304205004e-09
5.106254235064849892e-09
5.098477069311693844e-09
5.090722940865198082e-09
5.082982319814995011e-09
5.075262335385419293e-09
5.067568672317548914e-09
5.059897899092957605e-09
5.052241026948963911e-09
5.044603029325283029e-09
5.036980902068464786e-09
5.029390190965622067e-09
5.021816092835012335e-09
5.014256055774630568e-09
5.006714662007807693e-09
4.999192373779478786e-09
4.991693063924659890e-09
4.984210938001715839e-09
4.976750652883519773e-09
4.969304303908314987e-09
4.961883859948848043e-09
4.954475857489785808e-09
4.947086506534303163e-09
4.939720165123000712e-09
4.932379330279692507e-09
4.925051118830000681e-09
4.917742483453515353e-09
4.910447348236168988e-09
4.903171589724375547e-09
4.895925166720467367e-09
4.888687271737481336e-09
4.881468202814752877e-09
4.874264198967986487e-09
4.867080388964499729e-09
4.859914201873156408e-09
4.852768419383312014e-09
4.845638224561418170e-09
4.838524998938696149e-09
4.831432972510383070e-09
4.824352003223827673e-09
4.817290042089796741e-09
4.810251151619119572e-09
4.803233856081491580e-09
4.796226700440433013e-09
4.789238494643151712e-09
4.782262809762337251e-09
4.775307372542881203e-09
4.768374903175374790e-09
4.761450691234076862e-09
4.754544033415297192e-09
4.747651151677184993e-09
4.740776750254707149e-09
4.733918064421167637e-09
4.727078587748931673e-09
4.720251905152010379e-09
4.713442498165429394e-09
4.706650527908241548e-09
4.699869209862484760e-09
4.693105122537212245e-09
4.686363152075825989e-09
4.679639524278382561e-09
4.672925184137045757e-09
4.666228353177706364e-09
4.659542363992741661e-09
4.652874601022239830e-09
4.646228476070578840e-09
4.639589472173450166e-09
4.632966544345960897e-09
4.626356342916667759e-09
4.619761385297190739e-09
4.613181825863960526e-09
4.606619402127149307e-09
4.600070512554803379e-09
4.593534171654090451e-09
4.587015402552144937e-09
4.580506236815348578e-09
4.574012636767984676e-09
4.567537844500017237e-09
4.561081278695597433e-09
4.554632849585173572e-09
4.548200851005448718e-09
4.541778263490748206e-09
4.535369412502722502e-09
4.528983303062549391e-09
4.522604863219447963e-09
4.516238090884190397e-09
4.509884698204516790e-09
4.503543306205814349e-09
4.497217577073941931e-09
4.490903807489368791e-09
4.484606364973891827e-09
4.478319057453727402e-09
4.472045514603747872e-09
4.465784965699600359e-09
4.459534867854659298e-09
4.453299043675723236e-09
4.447082385471524472e-09
4.440877359570387514e-09
4.434681976547075530e-09
4.428500495085530468e-09
4.422328802375998140e-09
4.416172513210145554e-09
4.410033091340352125e-09
4.403899569619913000e-09
4.397780691900498390e-09
4.391671527322487893e-09
4.385574509364085274e-09
4.379491434588632765e-09
4.373421363785913680e-09
4.367364396396907812e-09
4.361316741201922738e-09
4.355283423243465151e-09
4.349259741408538049e-09
4.343247029818269323e-09
4.337248575497307240e-09
4.331267506235620920e-09
4.325295051100933160e-09
4.319333870873786333e-09
4.313383541495389002e-09
4.307443228757094420e-09
4.301519497920124759e-09
4.295609662951923420e-09
4.289705614628503338e-09
4.283815591892348325e-09
4.277934655621082862e-09
4.272065175725984811e-09
4.266209377731035332e-09
4.260365743871666719e-09
4.254534373348020164e-09
4.248711846906991854e-09
4.242902647502203150e-09
4.237103216343173118e-09
4.231314212943287166e-09
4.225537687126853611e-09
4.219777643584056459e-09
4.214027611999461058e-09
4.208286116509510645e-09
4.202557504121118907e-09
4.196837376629204332e-09
4.191130553756641115e-09
4.185440300379046899e-09
4.179755068209155844e-09
4.174082822671695226e-09
4.168419403647975875e-09
4.162767024568141794e-09
4.157128351995430939e-09
4.151499137978949485e-09
4.145883187502405586e-09
4.140276233648449720e-09
4.134680219579747357e-09
4.129096849149102019e-09
4.123521242183993377e-09
4.117956338379017525e-09
4.112407357626136083e-09
4.106871497795285288e-09
4.101341502749365846e-09
4.095825195835614245e-09
4.090315687550018852e-09
4.084817177874822267e-09
4.079338266187875741e-09
4.073866523478229048e-09
4.068402460969763731e-09
4.062950615074658288e-09
4.057507494818702782e-09
4.052076933671551686e-09
4.046657276023194421e-09
4.041249664625424841e-09
4.035852998203678866e-09
4.030464732759901282e-09
4.025090221520740074e-09
4.019724091001023860e-09
4.014367117795971112e-09
4.009021725314067666e-09
4.003691913717108017e-09
3.998373242487904176e-09
3.993061008824338963e-09
3.987762142184240211e-09
3.982469795675492870e-09
3.977188374315808199e-09
3.971926794004377131e-09
3.966670421469481108e-09
3.961423079489529706e-09
3.956186361836988314e-09
3.950958458902912771e-09
3.945743978496926812e-09
3.940539591118721407e-09
3.935346961754372081e-09
3.930164372427645468e-09
3.924989997881313044e-09
3.919829943372917703e-09
3.914677314914396838e-09
3.909534282970247466e-09
3.904402247923712736e-09
3.899285004208478797e-09
3.894179293810550004e-09
3.889079398559906461e-09
3.883992626069191279e-09
3.878912338165547369e-09
3.873842037750846204e-09
3.868790901268325250e-09
3.863745818686932268e-09
3.858708312827524527e-09
3.853681811168771745e-09
3.848663511462158723e-09
3.843657620607984458e-09
3.838661542081381938e-09
3.833676612218911099e-09
3.828702923022489838e-09
3.823736117194353036e-09
3.818781898616310579e-09
3.813837295472789742e-09
3.808899869672913336e-09
3.803972806441848632e-09
3.799059947514206345e-09
3.794160060721660816e-09
3.789265443730832344e-09
3.784382342059703503e-09
3.779505982927267895e-09
3.774639439348745911e-09
3.769788134729931870e-09
3.764947742877421560e-09
3.760111942225734282e-09
3.755287857496526446e-09
3.750471214993838238e-09
3.745665013563187043e-09
3.740870532312119336e-09
3.736084359013447916e-09
3.731309716415996397e-09
3.726542494500731862e-09
3.721785737438185116e-09
3.717040902333986150e-09
3.712302063390789693e-09
3.707572607956741561e-09
3.702853732161332114e-09
3.698148760893085764e-09
3.693453842190102992e-09
3.688764370545904272e-09
3.684086618453059428e-09
3.679414322236042104e-09
3.674750828724130286e-09
3.670105624051315765e-09
3.665466635702927912e-09
3.660832916217644522e-09
3.656210039251536277e-09
3.651594369975373209e-09
3.646988626485871579e-09
3.642394075705332699e-09
3.637807533915509300e-09
3.633232022522634286e-09
3.628663114735983469e-09
3.624104092027797028e-09
3.619555623888417850e-09
3.615013179021774564e-09
3.610480365074043003e-09
3.605957587029996060e-09
3.601447311594173514e-09
3.596946343115971897e-09
3.592450547700842085e-09
3.587965977519154906e-09
3.583486598689562845e-09
3.579015398495089316e-09
3.574560504709099796e-09
3.570111818793336251e-09
3.565667865292905952e-09
3.561234265827941609e-09
3.556806977169043871e-09
3.552389193938125298e-09
3.547981662316314926e-09
3.543581053085416568e-09
3.539190868883521659e-09
3.534807470226438023e-09
3.530431980922506466e-09
3.526067767594790593e-09
3.521708928282702553e-09
3.517357831263731376e-09
3.513015614149181814e-09
3.508685631406135885e-09
3.504365576624039475e-09
3.500049527876613616e-09
3.495743638344103785e-09
3.491442755412200706e-09
3.487150373695070486e-09
3.482869590321474256e-09
3.478599170003610009e-09
3.474332192771062880e-09
3.470073728744108697e-09
3.465822570118168958e-09
3.461578690807325082e-09
3.457344344780148416e-09
3.453117322296391331e-09
3.448899526812106021e-09
3.444690143461161731e-09
3.440486563933099011e-09
3.436292065520233251e-09
3.432105606558310890e-09
3.427924516995790197e-09
3.423751512074303240e-09
3.419588977041546541e-09
3.415436974526340471e-09
3.411291312165873129e-09
3.407151104413862327e-09
3.403020605327367695e-09
3.398894312726144939e-09
3.394775190231624647e-09
3.390670855749744534e-09
3.386571928485109218e-09
3.382476648132461773e-09
3.378390766191322837e-09
3.374310791776140934e-09
3.370237961321332259e-09
3.366174508938756431e-09
3.362117385428213827e-09
3.358069017356699627e-09
3.354028219591679019e-09
3.349992886139728179e-09
3.345966463747072883e-09
3.341946926816387581e-09
3.337932785082461397e-09
3.333926390969735401e-09
3.329930041823968065e-09
3.325943001922641457e-09
3.321961707864672478e-09
3.317985808105509674e-09
3.314019050920301923e-09
3.310056329582902067e-09
3.306100196291827948e-09
3.302157562874269809e-09
3.298220106470479971e-09
3.294285966006735386e-09
3.290360959793927322e-09
3.286441205451688144e-09
3.282527864079594621e-09
3.278623427125732839e-09
3.274724798994565190e-09
3.270834098663925084e-09
3.266951238233671934e-09
3.263073062309008471e-09
3.259202403240444910e-09
3.255339584663453050e-09
3.251481040422999181e-09
3.247629477295351051e-09
3.243786563720719610e-09
3.239953091098955018e-09
3.236126327652424260e-09
3.232303205138096359e-09
3.228489081744708291e-09
3.224678385579276461e-09
3.220874894155922417e-09
3.217081107609377308e-09
3.213296400037022276e-09
3.209514307417268727e-09
3.205739034645624326e-09
3.201970090610517655e-09
3.198206819408681834e-09
3.194450667325729374e-09
3.190702411794442129e-09
3.186960273189799611e-09
3.183225566788730481e-09
3.179496056271551483e-09
3.175773151416727389e-09
3.172058695998151382e-09
3.168348725728146135e-09
3.164644198795986545e-09
3.160946117415056049e-09
3.157257883288213727e-09
3.153577979426794730e-09
3.149902022860474882e-09
3.146231778485280376e-09
3.142569222487033154e-09
3.138910273953540791e-09
3.135257214024629038e-09
3.131616986583422317e-09
3.127981658258356061e-09
3.124349161266274811e-09
3.120724458169847559e-09
3.117105147673272363e-09
3.113491177364295739e-09
3.109885054880654687e-09
3.106285084960573633e-09
3.102691987424868196e-09
3.099105958080954893e-09
3.095524327191649993e-09
3.091949130516970833e-09
3.088381974019259767e-09
3.084819006224002434e-09
3.081261537552205066e-09
3.077710444894673781e-09
3.074168446921589723e-09
3.070634441108949868e-09
3.067104136291679131e-09
3.063579363774471793e-09
3.060061925186262123e-09
3.056547945908247211e-09
3.053039520826793872e-09
3.049542984892571322e-09
3.046051474798009419e-09
3.042562798768200630e-09
3.039081217437601123e-09
3.035604688221318645e-09
3.032133345978423002e-09
3.028669147310094038e-09
3.025211492130227849e-09
3.021759390150775264e-09
3.018314400637660970e-09
3.014873940617906530e-09
3.011438837431343943e-09
3.008012188289664158e-09
3.004589726893217255e-09
3.001171542146348941e-09
2.997759408859304136e-09
2.994355769236810042e-09
2.990959579056443315e-09
2.987568864900391390e-09
2.984181575096341739e-09
2.980802074579945820e-09
2.977425389765168453e-09
2.974055068002427606e-09
2.970692436249089457e-09
2.967339015060421478e-09
2.963988028048831824e-09
2.960641489990317896e-09
2.957301646997729998e-09
2.953965915734507005e-09
2.950636782261087642e-09
2.947314613836846139e-09
2.943996991612370021e-09
2.940686279210480589e-09
2.937381633982014037e-09
2.934080823344970536e-09
2.930786591571829980e-09
2.927498869047731279e-09
2.924215018316764179e-09
2.920936587622206417e-09
2.917663644295121388e-09
2.914399206025096666e-09
2.911142311494055785e-09
2.907888352423892174e-09
2.904639444147876914e-09
2.901397316022575627e-09
2.898157935478010152e-09
2.894923925231051995e-09
2.891699994623431331e-09
2.888482259021729135e-09
2.885266725211136709e-09
2.882056591322508545e-09
2.878852065366754758e-09
2.875651809756287455e-09
2.872457492449936518e-09
2.869270237215340921e-09
2.866086977492079542e-09
2.862910393175884142e-09
2.859739589533375345e-09
2.856572364294516556e-09
2.853411188682025109e-09
2.850256369863944712e-09
2.847105183181111786e-09
2.843959283680917607e-09
2.840818598708740134e-09
2.837685916636230305e-09
2.834560297479381192e-09
2.831437716534064505e-09
2.828319566643005313e-09
2.825208246216918283e-09
2.822099225625002540e-09
2.818995784541524005e-09
2.815900425576749094e-09
2.812812250829231837e-09
2.809726064480461218e-09
2.806644223672282722e-09
2.803568269779879809e-09
2.800495940616856402e-09
2.797429398093708244e-09
2.794369173228079333e-09
2.791312897497011897e-09
2.788262788494824382e-09
2.785218400030103099e-09
2.782177167047104603e-09
2.779141496469907105e-09
2.776112531246271816e-09
2.773086866226373819e-09
2.770065167927062142e-09
2.767048621366161086e-09
2.764039371012390267e-09
2.761036528814772461e-09
2.758038773897368391e-09
2.755043449568766236e-09
2.752054584909137392e-09
2.749068912026508339e-09
2.746088042987019431e-09
2.743111765975173932e-09
2.740145487579647879e-09
2.737182060327511335e-09
2.734220798396827132e-09
2.731265730424108758e-09
2.728314849168779806e-09
2.725368115525157582e-09
2.722426638194500470e-09
2.719491334955074928e-09
2.716559865991679223e-09
2.713634144873493090e-09
2.710713108654653226e-09
2.707795674650889625e-09
2.704883688063847258e-09
2.701977070614710366e-09
2.699073800984465944e-09
2.696175087390647938e-09
2.693280926372335147e-09
2.690394099024272552e-09
2.687513300217337337e-09
2.684636018831070543e-09
2.681761712632489911e-09
2.678893929540404360e-09
2.676028257226364987e-09
2.673167814742274168e-09
2.670312112659171166e-09
2.667465173023211015e-09
2.664620734718496286e-09
2.661778329892032757e-09
2.658942060886947304e-09
2.656109540719839308e-09
2.653280898907126121e-09
2.650457344952490083e-09
2.647639539694138582e-09
2.644825176576105357e-09
2.642016312731765467e-09
2.639212092804962874e-09
2.636410962420541956e-09
2.633614766081232177e-09
2.630824071247882557e-09
2.628036387200714723e-09
2.625252735748495978e-09
2.622473464386355619e-09
2.619701020356532996e-09
2.616934056645576928e-09
2.614171262177756561e-09
2.611410729843173511e-09
2.608656084627502991e-09
2.605904305296058192e-09
2.603156710356191375e-09
2.600412771131717342e-09
2.597677962430178553e-09
2.594946002699136646e-09
2.592216107307540557e-09
2.589491126764417467e-09
2.586770144677641797e-09
2.584052526152938362e-09
2.581339560414048777e-09
2.578632103922299453e-09
2.575927761441788800e-09
2.573228685532614617e-09
2.570534327717342025e-09
2.567842665670258947e-09
2.565155365504348348e-09
2.562474034985045843e-09
2.559795609480644600e-09
2.557120021535643893e-09
2.554449058207511145e-09
2.551783015001466117e-09
2.549123104001795722e-09
2.546468476319534774e-09
2.543815564401921537e-09
2.541166672852779749e-09
2.538523168339938565e-09
2.535881108640341221e-09
2.533243865651933697e-09
2.530611937972230596e-09
2.527987136865424042e-09
2.525364290607748142e-09
2.522743394305050250e-09
2.520128015404072363e-09
2.517515904815044551e-09
2.514907348339228473e-09
2.512303170800427893e-09
2.509704318576573891e-09
2.507108402609167066e-09
2.504517406832209060e-09
2.501930871416906428e-09
2.499346741164581807e-09
2.496767050962336696e-09
2.494192744344139425e-09
2.491621073102038692e-09
2.489052384680373666e-09
2.486487887743635825e-09
2.483928524510360847e-09
2.481374736794227730e-09
2.478825910634594343e-09
2.476278600512790378e-09
2.473735212074357366e-09
2.471196860092719480e-09
2.468659941353057973e-09
2.466127669235023167e-09
2.463600133847150867e-09
2.461079522736867963e-09
2.458560883286871676e-09
2.456043910186214046e-09
2.453532239421966555e-09
2.451023775327416743e-09
2.448518426951053595e-09
2.446017278864333212e-09
2.443521216167575350e-09
2.441027722774656983e-09
2.438538926932170047e-09
2.436054617757077832e-09
2.433572540891365327e-09
2.431094189903637987e-09
2.428621396794990971e-09
2.426151391226183724e-09
2.423683794237169179e-09
2.421220500667449342e-09
2.418760915099923079e-09
2.416307089569344095e-09
2.413858191000676967e-09
2.411411768056038164e-09
2.408967769940554250e-09
2.406528938920897598e-09
2.404092172998153009e-09
2.401659157136416254e-09
2.399228999527381969e-09
2.396806900256687754e-09
2.394387603520595769e-09
2.391969913710959883e-09
2.389555769879367023e-09
2.387145664682579776e-09
2.384738239547129156e-09
2.382334382180982508e-09
2.379935155764604378e-09
2.377539627558986546e-09
2.375147534629737303e-09
2.372759655450592780e-09
2.370375248766884196e-09
2.367993375289251462e-09
2.365615581364080493e-09
2.363242420376194945e-09
2.360871594348541199e-09
2.358503428964010722e-09
2.356138970079194950e-09
2.353779339310068575e-09
2.351424643034996932e-09
2.349074503983690894e-09
2.346725736154633651e-09
2.344380245265514926e-09
2.342039563332683406e-09
2.339700104799872386e-09
2.337364752062800829e-09
2.335032582055800523e-09
2.332707974043905438e-09
2.330385367060675842e-09
2.328064404449217654e-09
2.325747118546095398e-09
2.323433447318175374e-09
2.321122283883130902e-09
2.318814706492162221e-09
2.316511421847595594e-09
2.314211628332336921e-09
2.311915254761700920e-09
2.309622823694352689e-09
2.307333648007553989e-09
2.305046858569335801e-09
2.302763862901283315e-09
2.300485380645560990e-09
2.298209126198463730e-09
2.295935376985247127e-09
2.293665383758988390e-09
2.291399352918546284e-09
2.289138281290883181e-09
2.286881634070197510e-09
2.284626748314260089e-09
2.282374234276984788e-09
2.280126530495211644e-09
2.277880470431352998e-09
2.275637887889004183e-09
2.273397608645534275e-09
2.271164684792169969e-09
2.268934704664321538e-09
2.266706113145416487e-09
2.264480046128413854e-09
2.262258117687544533e-09
2.260038580605949779e-09
2.257821984209855590e-09
2.255609226119167088e-09
2.253400693370191138e-09
2.251194189026028133e-09
2.248991719002814246e-09
2.246793147982639274e-09
2.244596367615756569e-09
2.242402797893394002e-09
2.240213702591458840e-09
2.238027438867998519e-09
2.235843173356983747e-09
2.233662195409469163e-09
2.231484147575316811e-09
2.229311201543387912e-09
2.227142121318463193e-09
2.224976701073837688e-09
2.222812281571072742e-09
2.220651590652983436e-09
2.218494682306764799e-09
2.216338777635852631e-09
2.214186901764902774e-09
2.212038256169697830e-09
2.209895868956993900e-09
2.207755148962126083e-09
2.205615904506667350e-09
2.203480126269227548e-09
2.201347481662283543e-09
2.199217151262493201e-09
2.197089864991029255e-09
2.194966439202123277e-09
2.192846439239660331e-09
2.190728936891458748e-09
2.188615030494787001e-09
2.186504601509524863e-09
2.184395780227405437e-09
2.182290363895568496e-09
2.180189363410805780e-09
2.178090464989767544e-09
2.175993504104030479e-09
2.173899910500626583e-09
2.171809047588736954e-09
2.169723087347200490e-09
2.167640845117884935e-09
2.165561939463133802e-09
2.163483943744376800e-09
2.161409479422976221e-09
2.159338636691243068e-09
2.157268635400826243e-09
2.155202434704709707e-09
2.153139004047769411e-09
2.151081970585316586e-09
2.149026621182515700e-09
2.146972656660763209e-09
2.144921419861512791e-09
2.142873675113584717e-09
2.140828047227349873e-09
2.138785011019683031e-09
2.136745433890317068e-09
2.134709752367665006e-09
2.132675938761118599e-09
2.130645736507118531e-09
2.128618810065367441e-09
2.126593765000394891e-09
2.124571577026202403e-09
2.122552848369266315e-09
2.120537132082313905e-09
2.118523452183143571e-09
2.116512240955962930e-09
2.114503801665145654e-09
2.112499330567748243e-09
2.110498778537996364e-09
2.108501929583385132e-09
2.106506426331295596e-09
2.104512941592423668e-09
2.102523552426569263e-09
2.100535791152583052e-09
2.098550483009424128e-09
2.096567249167041408e-09
2.094589540179737579e-09
2.092615705562808264e-09
2.090642961639909224e-09
2.088671378143740873e-09
2.086703862708229104e-09
2.084738563789269900e-09
2.082775221954287324e-09
2.080815020036098163e-09
2.078858229300611936e-09
2.076904102577097119e-09
2.074952450782034450e-09
2.073004009070650229e-09
2.071058673370080383e-09
2.069114679916089832e-09
2.067173509243734542e-09
2.065236418788715145e-09
2.063301440477362109e-09
2.061368155382954057e-09
2.059437556970023728e-09
2.057509481786824709e-09
2.055585519536092122e-09
2.053664992776675142e-09
2.051747927039622904e-09
2.049831728435933186e-09
2.047917938077516060e-09
2.046007946086619087e-09
2.044099182918533156e-09
2.042193014268315162e-09
2.040288671076958410e-09
2.038389963166765701e-09
2.036494633133912317e-09
2.034600282997026724e-09
2.032707065681791377e-09
2.030817740674073293e-09
2.028930478487950247e-09
2.027045108209934706e-09
2.025162715043507903e-09
2.023283437834255958e-09
2.021406913596253367e-09
2.019532595873307961e-09
2.017661297149737276e-09
2.015792961574304284e-09
2.013925964455062934e-09
2.012061919728454028e-09
2.010201167456241346e-09
2.008342763205202870e-09
2.006486179081570311e-09
2.004631748088773215e-09
2.002779741788176782e-09
2.000931315123997891e-09
1.999086487667854682e-09
1.997245073157438628e-09
1.995405048990602575e-09
1.993566608827666456e-09
1.991731528931136753e-09
1.989898615800527672e-09
1.988066887238185944e-09
1.986238100482563699e-09
1.984412492399609498e-09
1.982591910329723606e-09
1.980772537408965628e-09
1.978954346777055576e-09
1.977138464246291374e-09
1.975325621397768942e-09
1.973514542492893756e-09
1.971705685978187518e-09
1.969899528748922169e-09
1.968096777459955384e-09
1.966295526437631574e-09
1.964497514582599475e-09
1.962702300178815525e-09
1.960909164680468305e-09
1.959117666989754005e-09
1.957328720842262584e-09
1.955543410606102679e-09
1.953759660180321463e-09
1.951977486073135302e-09
1.950198192946284320e-09
1.948420955471770461e-09
1.946647433125372099e-09
1.944876967666001080e-09
1.943109664313082315e-09
1.941343212850798849e-09
1.939578625957837939e-09
1.937817607162114687e-09
1.936057969432576316e-09
1.934300165923713459e-09
1.932544467052750810e-09
1.930792673509365667e-09
1.929044895235397175e-09
1.927298205854258701e-09
1.925552574264139122e-09
1.923809531265365866e-09
1.922069075715660822e-09
1.920330275268144048e-09
1.918593613284453222e-09
1.916859626373588643e-09
1.915128777899324508e-09
1.913399173976630525e-09
1.911672637824552264e-09
1.909948838300732182e-09
1.908227084448993360e-09
1.906506713732860438e-09
1.904788705588975257e-09
1.903074237137681276e-09
1.901361401699765758e-09
1.899650002258410437e-09
1.897940903818107345e-09
1.896233890519151307e-09
1.894530309947485619e-09
1.892829777915026146e-09
1.891132231291810931e-09
1.889435791410829020e-09
1.887740886701207410e-09
