1.030000395886103336e-12
1.325180657743488317e-12
1.666584171924008470e-12
2.056001824158510503e-12
2.494956931734226350e-12
2.984723363382399514e-12
3.526358952742820779e-12
4.120694986552603887e-12
4.768367794342906691e-12
5.469813889910885263e-12
6.225305090761524938e-12
7.034927722787040732e-12
7.898638433782400985e-12
8.816234236272263143e-12
9.787357555297943805e-12
1.081155664568935959e-11
1.188821118551456677e-11
1.301665452675685171e-11
1.419603443383377940e-11
1.542545401399774880e-11
1.670390128654642865e-11
1.803026518248103773e-11
1.940340196512429938e-11
2.082204548433270195e-11
2.228486573558991163e-11
2.379050121137140167e-11
2.533750651215666466e-11
2.692440394794105710e-11
2.854966175890114309e-11
3.021171914786526368e-11
3.190894624344840029e-11
3.363976934313784916e-11
3.540245919343758819e-11
3.719543581055621411e-11
3.901691594529429531e-11
4.086527620739234870e-11
4.273874314146939530e-11
4.463566757173015301e-11
4.655424567533899481e-11
4.849289840024075942e-11
5.044980116335167819e-11
5.242333930811604763e-11
5.441182142091127521e-11
5.641357333052920097e-11
5.842699113640906255e-11
6.045040733905064859e-11
6.248232708412073286e-11
6.452115147517038671e-11
6.656538731884505391e-11
6.861354613870490325e-11
7.066419087056302392e-11
7.271599583638855801e-11
7.476751378509991497e-11
7.681752491513766574e-11
7.886481606753357229e-11
8.090808390078029359e-11
8.294628818959717440e-11
8.497835358992347293e-11
8.700312771740491665e-11
8.901972558143030241e-11
9.102726111009793036e-11
9.302474730091299038e-11
9.501146668652891153e-11
9.698672436640972232e-11
9.894965837335851716e-11
1.008997043928500116e-10
1.028363438249917821e-10
1.047590702962826035e-10
1.066673052051336512e-10
1.085606742331271547e-10
1.104389411004224774e-10
1.123016720679171101e-10
1.141486323632243645e-10
1.159797355056038148e-10
1.177947722660060884e-10
1.195937032759279838e-10
1.213764997812479197e-10
1.231430856244395149e-10
1.248936008888703775e-10
1.266281954702554142e-10
1.283470150873783101e-10
1.300502059301848274e-10
1.317379695686936110e-10
1.334107340893857364e-10
1.350687585122894959e-10
1.367123951567888330e-10
1.383420265350217939e-10
1.399580713340507174e-10
1.415610168506066699e-10
1.431514387918080765e-10
1.447297480851013857e-10
1.462963854880511683e-10
1.478520758477785481e-10
1.493973898222914913e-10
1.509329318423897576e-10
1.524593532433225612e-10
1.539770653323776878e-10
1.554869126272115851e-10
1.569896774831885397e-10
1.584859509314441325e-10
1.599764190448428379e-10
1.614615974050604602e-10
1.629423295827970818e-10
1.644194787430071352e-10
1.658936075762949264e-10
1.673655123770106801e-10
1.688357094805571749e-10
1.703050023016553483e-10
1.717740601313294072e-10
1.732437266329236627e-10
1.747146486735885320e-10
1.761873134878510994e-10
1.776626322965506645e-10
1.791409668356952639e-10
1.806233072841532601e-10
1.821100442008756981e-10
1.836019818681305419e-10
1.850995928158205628e-10
1.866034576989277378e-10
1.881141278194336992e-10
1.896321251640391704e-10
1.911580864394696686e-10
1.926924497801346061e-10
1.942358015505474200e-10
1.957883786175161095e-10
1.973507109258806354e-10
1.989231586049334125e-10
2.005061254240307408e-10
2.021000379271272893e-10
2.037051380334502386e-10
2.053218105441118261e-10
2.069500691102391369e-10
2.085904926001040248e-10
2.102429424642626098e-10
2.119077863990555504e-10
2.135852398545921702e-10
2.152752791490224040e-10
2.169779750830509860e-10
2.186935609659475369e-10
2.204217674200590061e-10
2.221626648252206322e-10
2.239163702989574963e-10
2.256826860762817714e-10
2.274614958013362841e-10
2.292526690661196154e-10
2.310561525022621323e-10
2.328714366955466777e-10
2.346984625124856215e-10
2.365369809948756422e-10
2.383866469437035093e-10
2.402471303675061179e-10
2.421180643951381883e-10
2.439992803287386186e-10
2.458898776525087247e-10
2.477898262722943330e-10
2.496983822390578701e-10
2.516151228436539866e-10
2.535397089248261791e-10
2.554711294825774505e-10
2.574092904942654221e-10
2.593533076561696715e-10
2.613025324441315784e-10
2.632566477892344392e-10
2.652144857726720778e-10
2.671755615673438645e-10
2.691394007937711786e-10
2.711046818549014322e-10
2.730713812415998722e-10
2.750381735934729957e-10
2.770044800925415301e-10
2.789699284281204876e-10
2.809329431460594995e-10
2.828931120338043173e-10
2.848497403284618237e-10
2.868013877874863220e-10
2.887478852842062806e-10
2.906883016753027830e-10
2.926213763428162543e-10
2.945470084640179360e-10
2.964638210300186221e-10
2.983707775292477356e-10
3.002677619605431500e-10
3.021531193770358854e-10
3.040262126689980304e-10
3.058867577965038684e-10
3.077332480990367265e-10
3.095652558739273334e-10
3.113824091711414485e-10
3.131830967407840032e-10
3.149668837995196826e-10
3.167334256492758353e-10
3.184811643456612988e-10
3.202097657156495356e-10
3.219188758390966808e-10
3.236072107927257091e-10
3.252743978754223838e-10
3.269201589248755490e-10
3.285435195302645511e-10
3.301437304346992621e-10
3.317208029480547612e-10
3.332736248247505640e-10
3.348018291254817084e-10
3.363051301407411296e-10
3.377828434414376667e-10
3.392342097181206431e-10
3.406593442830761714e-10
3.420582206936561739e-10
3.434299000403083987e-10
3.447744773217483475e-10
3.460915497387371428e-10
3.473807892433552469e-10
3.486422252170580177e-10
3.498757634750756765e-10
3.510806317470299648e-10
3.522567283307336972e-10
3.534045850933945779e-10
3.545242501961148475e-10
3.556152431071773616e-10
3.566781802819410083e-10
3.577132318800604684e-10
3.587197549863234189e-10
3.596979372893343373e-10
3.606483252864789857e-10
3.615710454202549270e-10
3.624660803516330328e-10
3.633342383558475203e-10
3.641757539852550348e-10
3.649900106147592262e-10
3.657783364476079263e-10
3.665412288575772961e-10
3.672784936468131818e-10
3.679908276921514746e-10
3.686792747231407766e-10
3.693435532005877994e-10
3.699837548303674620e-10
3.706013343912358015e-10
3.711969640260049044e-10
3.717707999874381209e-10
3.723226897725472538e-10
3.728547372745230454e-10
3.733674294708048459e-10
3.738608010880891314e-10
3.743352024482841022e-10
3.747923575982801328e-10
3.752326864384480845e-10
3.756561365348015442e-10
3.760637091302458756e-10
3.764572788019993255e-10
3.768368875585947386e-10
3.772025659871859335e-10
3.775556195399143023e-10
3.778978792578280921e-10
3.782295548067280387e-10
3.785504419861611494e-10
3.788618933065738645e-10
3.791657304625352534e-10
3.794621885123056241e-10
3.797509963133593713e-10
3.800334200760587550e-10
3.803117731198437485e-10
3.805858162128315450e-10
3.808556359413108165e-10
3.811220345698905769e-10
3.813878086324401067e-10
3.816524276550547254e-10
3.819159992426824698e-10
3.821794812138935225e-10
3.824451454966717489e-10
3.827128361813683171e-10
3.829824280761827507e-10
3.832553548796694841e-10
3.835327247577542207e-10
3.838149175517742450e-10
3.841029176523188647e-10
3.843961285198913638e-10
3.846962977214356541e-10
3.850043153903102432e-10
3.853209057889849978e-10
3.856453951441094080e-10
3.859784868232401952e-10
3.863227275437607151e-10
3.866771033592566287e-10
3.870417867676567722e-10
3.874180579120227713e-10
3.878063025344675283e-10
3.882067487561838618e-10
3.886205413881912281e-10
3.890468956316338113e-10
3.894860998664885656e-10
3.899406965253432738e-10
3.904090906524374452e-10
3.908917410501152774e-10
3.913894077444967294e-10
3.919024226427952048e-10
3.924306033774936708e-10
3.929749976813640221e-10
3.935346110268839802e-10
3.941105676064381805e-10
3.947029280166313208e-10
3.953111682468171547e-10
3.959362229968603607e-10
3.965775715142136893e-10
3.972346962088068089e-10
3.979096381282871150e-10
3.986004205634461286e-10
3.993077470578646058e-10
4.000318296142939493e-10
4.007721284424596754e-10
4.015287713920590049e-10
4.023017201394832860e-10
4.030905164693556839e-10
4.038957214023682838e-10
4.047166460357062999e-10
4.055523066742738832e-10
4.064035466508739719e-10
4.072697437225303677e-10
4.081513257626424202e-10
4.090470806127995604e-10
4.099561653312898435e-10
4.108793141199853771e-10
4.118161931602237979e-10
4.127666612555832656e-10
4.137296514668198064e-10
4.147039655424141818e-10
4.156904925956457677e-10
4.166888796543196815e-10
4.176985107858551816e-10
4.187186585497544878e-10
4.197476374212592245e-10
4.207863658686343461e-10
4.218344416498298356e-10
4.228914377259061456e-10
4.239563300518971468e-10
4.250277421119132783e-10
4.261059392022984483e-10
4.271906073064324136e-10
4.282816094878734886e-10
4.293784063689448794e-10
4.304783899408268180e-10
4.315827489656225559e-10
4.326893511960443134e-10
4.338001331198087202e-10
4.349136180226533832e-10
4.360277602071832479e-10
4.371421782160809850e-10
4.382565378164321808e-10
4.393719000850863718e-10
4.404861979016632548e-10
4.415995758699070494e-10
4.427090600376184834e-10
4.438165574524944409e-10
4.449201300148087148e-10
4.460209097089873108e-10
4.471181249641158966e-10
4.482088831418346472e-10
4.492939164369446319e-10
4.503718913763957721e-10
4.514445732149004542e-10
4.525096017970598053e-10
4.535678066722007807e-10
4.546151446519650093e-10
4.556549523784644827e-10
4.566836558590439878e-10
4.577044327861124970e-10
4.587139664727939882e-10
4.597130174284473343e-10
4.606995510129316009e-10
4.616747040572894388e-10
4.626375730667139059e-10
4.635883570463020037e-10
4.645266495606943181e-10
4.654503923482840344e-10
4.663604326618830135e-10
4.672556254491004965e-10
4.681369264827235750e-10
4.690032698187719881e-10
4.698553592115921120e-10
4.706905365419281065e-10
4.715106907513204276e-10
4.723137322263626835e-10
4.731016769157263790e-10
4.738725796934477478e-10
4.746279979354794352e-10
4.753653278709788238e-10
4.760864425035357631e-10
4.767894552575117850e-10
4.774762164330359026e-10
4.781450313181855487e-10
4.787973916830683176e-10
4.794312693742936386e-10
4.800483404917239878e-10
4.806470403413398405e-10
4.812287014745466367e-10
4.817924707450360867e-10
4.823389400180727014e-10
4.828674508274486420e-10
4.833795859642408746e-10
4.838736059460379222e-10
4.843504296249165435e-10
4.848103683126163785e-10
4.852521532171444752e-10
4.856778290034090477e-10
4.860874273904778649e-10
4.864801513557508908e-10
4.868565972167095651e-10
4.872167253621558944e-10
4.875600068259700187e-10
4.878884866519088729e-10
4.882012368903978853e-10
4.884993602621982229e-10
4.887834364396012952e-10
4.890518033815063170e-10
4.893056848715201861e-10
4.895456866038783300e-10
4.897723186869678759e-10
4.899869299396936262e-10
4.901878610764588522e-10
4.903761984633405218e-10
4.905521761757429393e-10
4.907150040669221922e-10
4.908670314562111288e-10
4.910089163245934406e-10
4.911397050668261130e-10
4.912616729656067039e-10
4.913718548428061345e-10
4.914725623593672497e-10
4.915634539878006857e-10
4.916468952492605128e-10
4.917235509130708372e-10
4.917916429550012848e-10
4.918531760957391616e-10
4.919065149652990451e-10
4.919535891330243576e-10
4.919945172725323487e-10
4.920311734771406069e-10
4.920629258701966477e-10
4.920903076658890849e-10
4.921130685618461018e-10
4.921314990612518491e-10
4.921457938400708744e-10
4.921574260338513685e-10
4.921681805102543495e-10
4.921762211346187945e-10
4.921840601931004977e-10
4.921894695527931251e-10
4.921938685654651311e-10
4.921968086648015263e-10
4.922001348491999056e-10
4.922060326870029503e-10
4.922117928763272380e-10
4.922206844948414547e-10
4.922298897681671145e-10
4.922410549948344569e-10
4.922537398087007770e-10
4.922691803731234562e-10
4.922897931381051352e-10
4.923127853883731133e-10
4.923410350770189283e-10
4.923722970231092578e-10
4.924075134617932884e-10
4.924471464551685754e-10
4.924914615081939775e-10
4.925428996062071565e-10
4.925993535704559767e-10
4.926621402056394292e-10
4.927307002036601688e-10
4.928046711035690699e-10
4.928860663751427777e-10
4.929734289939953282e-10
4.930689484139021760e-10
4.931715894092277245e-10
4.932815418940231708e-10
4.933997912916955358e-10
4.935249986559060638e-10
4.936587570038347618e-10
4.937997324010302058e-10
4.939491929282754571e-10
4.941073896936162490e-10
4.942735888045460232e-10
4.944490319443638250e-10
4.946326149270407501e-10
4.948246475682775828e-10
4.950256016382944196e-10
4.952347312919902870e-10
4.954537576420804905e-10
4.956810061646470570e-10
4.959174485188116144e-10
4.961626432258735340e-10
4.964169613592210431e-10
4.966801868342972884e-10
4.969520566500191254e-10
4.972323618266494181e-10
4.975213015697937485e-10
4.978188906853233367e-10
4.981248095764575274e-10
4.984395777357820610e-10
4.987627935374964771e-10
4.990948453872352503e-10
4.994346359701933886e-10
4.997823454544146761e-10
5.001371566959652403e-10
5.005006960967037385e-10
5.008706056605035689e-10
5.012491688947191201e-10
5.016347702651560585e-10
5.020283021201971359e-10
5.024282947522960562e-10
5.028346342821744001e-10
5.032467292470737430e-10
5.036664347796776726e-10
5.040905197115086678e-10
5.045222667675574688e-10
5.049590859991694939e-10
5.054027300444021182e-10
5.058508336195021074e-10
5.063032753587101904e-10
5.067599018507938573e-10
5.072224308074326072e-10
5.076871103509459337e-10
5.081580010024347633e-10
5.086319138231425154e-10
5.091109961550796597e-10
5.095927708209443212e-10
5.100766101678336593e-10
5.105627848765410617e-10
5.110532740656866953e-10
5.115433700763657200e-10
5.120379375407206396e-10
5.125342297906382206e-10
5.130328408819226719e-10
5.135327205081123409e-10
5.140325674839943072e-10
5.145325567079755448e-10
5.150344120199858387e-10
5.155341885156128402e-10
5.160357461805763412e-10
5.165381244371625079e-10
5.170388157584819184e-10
5.175402140442702261e-10
5.180399932156610732e-10
5.185373179077514898e-10
5.190342347314747992e-10
5.195285728007787565e-10
5.200214707458238450e-10
5.205134790329738420e-10
5.210021145464318190e-10
5.214900900713387579e-10
5.219754405167341916e-10
5.224559954114796705e-10
5.229338889950447616e-10
5.234097261879201473e-10
5.238799225562806146e-10
5.243483861710130158e-10
5.248136220944043189e-10
5.252741337050980733e-10
5.257315273310992668e-10
5.261841560286767822e-10
5.266314410847378486e-10
5.270747411479053595e-10
5.275126652329156070e-10
5.279455202922664030e-10
5.283741434891513689e-10
5.287972829996988941e-10
5.292161363324545911e-10
5.296292681333447475e-10
5.300362352592159058e-10
5.304376955711105686e-10
5.308339493963061498e-10
5.312237118303239815e-10
5.316079317222839921e-10
5.319862609072341464e-10
5.323584356278827841e-10
5.327252602167904505e-10
5.330864342025848692e-10
5.334399904533201296e-10
5.337881051099614719e-10
5.341297596809025274e-10
5.344651562491793569e-10
5.347943057389527200e-10
5.351168683898391956e-10
5.354331002758633245e-10
5.357432126720230064e-10
5.360475819142295257e-10
5.363443399679324087e-10
5.366354554944518005e-10
5.369195043101264166e-10
5.371979058418327109e-10
5.374694802352100124e-10
5.377341368308495951e-10
5.379930674322323866e-10
5.382452698317122748e-10
5.384918051872852144e-10
5.387314446888158791e-10
5.389657149239327706e-10
5.391932427281512979e-10
5.394155575433693844e-10
5.396313385310590639e-10
5.398404070901047867e-10
5.400446251257314058e-10
5.402418862179595614e-10
5.404337569525708392e-10
5.406200164646489078e-10
5.408014722038190149e-10
5.409773315302975998e-10
5.411474143815064068e-10
5.413128011575649538e-10
5.414716910529443340e-10
5.416259062878868966e-10
5.417745990250122413e-10
5.419182636702552093e-10
5.420576451963721001e-10
5.421934602901818585e-10
5.423244979589368348e-10
5.424496862017094508e-10
5.425729572433913177e-10
5.426906457489981826e-10
5.428035814082295505e-10
5.429140251087723694e-10
5.430187569156754271e-10
5.431205778529925230e-10
5.432191899380896899e-10
5.433152551440069733e-10
5.434077586564521357e-10
5.434972268889483847e-10
5.435844847846674344e-10
5.436673074271120448e-10
5.437474590051723827e-10
5.438254310384192598e-10
5.439001644218362838e-10
5.439730272357251286e-10
5.440444578759669983e-10
5.441142533591397352e-10
5.441810320747483857e-10
5.442478023764412814e-10
5.443124343331190759e-10
5.443745279512568117e-10
5.444357502259399625e-10
5.444949139566168372e-10
5.445531169502648923e-10
5.446104767269152948e-10
5.446682810140487073e-10
5.447255444319332452e-10
5.447811709759352890e-10
5.448380360454743895e-10
5.448939987787557139e-10
5.449494266822819702e-10
5.450049691913512235e-10
5.450595473487778163e-10
5.451147877113513347e-10
5.451700506593470163e-10
5.452267418657783978e-10
5.452840862971531027e-10
5.453411995131004714e-10
5.454000820285079855e-10
5.454594736232899447e-10
5.455193790351233075e-10
5.455801680964599463e-10
5.456416380939521735e-10
5.457042504532647813e-10
5.457679124168454197e-10
5.458336627626568263e-10
5.459008785800226122e-10
5.459693200743290002e-10
5.460398015158016965e-10
5.461119481638299463e-10
5.461853308983704986e-10
5.462603770075924198e-10
5.463373606356943221e-10
5.464157678962243485e-10
5.464958609632504672e-10
5.465785476436721535e-10
5.466632827352203301e-10
5.467498694136596805e-10
5.468389767264924392e-10
5.469300358716557806e-10
5.470230621977341248e-10
5.471188368224641258e-10
5.472163412869130490e-10
5.473157630421190998e-10
5.474178572847082309e-10
5.475220391196533631e-10
5.476279956745731948e-10
5.477367929251290041e-10
5.478484382817837448e-10
5.479613627605937994e-10
5.480771488665970780e-10
5.481955369938732606e-10
5.483159810409252258e-10
5.484386205808328619e-10
5.485636344142276823e-10
5.486906576549497235e-10
5.488201360814671563e-10
5.489516706403457893e-10
5.490852361632919964e-10
5.492221818066175520e-10
5.493597985792935078e-10
5.495004167656551740e-10
5.496439044030151702e-10
5.497884216344824348e-10
5.499358603447060436e-10
5.500853029705220683e-10
5.502364038508541881e-10
5.503892800090116125e-10
5.505441439355341514e-10
5.507011328543914713e-10
5.508601229247344723e-10
5.510199878451161110e-10
5.511828210003073461e-10
5.513478768499405417e-10
5.515131725343057744e-10
5.516817236735021849e-10
5.518514379950685842e-10
5.520225817610822457e-10
5.521946545540732266e-10
5.523683503359756573e-10
5.525438106261426895e-10
5.527205191373961742e-10
5.528976608299015632e-10
5.530773563573486066e-10
5.532585611599475213e-10
5.534396034615916109e-10
5.536234391061730501e-10
5.538077742263138685e-10
5.539930141944463930e-10
5.541786853173210390e-10
5.543651816935601289e-10
5.545525778196286556e-10
5.547412816681184835e-10
5.549292794878461231e-10
5.551191100597278248e-10
5.553095821373060855e-10
5.555003050146398652e-10
5.556920411635740401e-10
5.558842917176023160e-10
5.560769308861281710e-10
5.562695014425037566e-10
5.564619738000502050e-10
5.566545627403494685e-10
5.568483731579106459e-10
5.570409468393745858e-10
5.572337587563822845e-10
5.574274329746024201e-10
5.576211205468263648e-10
5.578138719687244269e-10
5.580078074975186892e-10
5.582008361980508588e-10
5.583939366805721233e-10
5.585861905056034135e-10
5.587779386481601620e-10
5.589697925370728291e-10
5.591606875255457904e-10
5.593508812690074820e-10
5.595414120640842428e-10
5.597308144030739007e-10
5.599198349825771518e-10
5.601086413451319365e-10
5.602966250038583615e-10
5.604840384960048223e-10
5.606701371465173219e-10
5.608554356468598893e-10
5.610395936401691637e-10
5.612229647421038266e-10
5.614052283319990603e-10
5.615862267208578171e-10
5.617667870969027118e-10
5.619458267055273309e-10
5.621237892574964679e-10
5.623014506311847770e-10
5.624772671349366404e-10
5.626523898915731784e-10
5.628258583309079010e-10
5.629980174875105328e-10
5.631691396808192550e-10
5.633383836524346695e-10
5.635070190604905477e-10
5.636737734363415509e-10
5.638393464911579391e-10
5.640033696513740140e-10
5.641663455893540682e-10
5.643280694655653677e-10
5.644879708877730771e-10
5.646468341269263456e-10
5.648038814181824141e-10
5.649594458465771605e-10
5.651138609673986407e-10
5.652656764719748481e-10
5.654171755932843618e-10
5.655666271112092534e-10
5.657143584704062398e-10
5.658602594160541920e-10
5.660054630497692509e-10
5.661485814186491162e-10
5.662900926952918256e-10
5.664304134718420986e-10
5.665686190609602633e-10
5.667057153929360606e-10
5.668411167444037459e-10
5.669739673011494003e-10
5.671063194367428023e-10
5.672368910233851642e-10
5.673652959061177404e-10
5.674918687481542993e-10
5.676177141082513292e-10
5.677413168611875126e-10
5.678634439175416106e-10
5.679840867193857240e-10
5.681029021814839593e-10
5.682209743169153140e-10
5.683370312569058297e-10
5.684513647354844084e-10
5.685639579807369502e-10
5.686760386965274299e-10
5.687859964029832110e-10
5.688941416639899418e-10
5.690008692682867296e-10
5.691069227092173484e-10
5.692103920396514308e-10
5.693129052835488154e-10
5.694141687049380814e-10
5.695138118684354080e-10
5.696125337597736578e-10
5.697100676766500354e-10
5.698051830947628314e-10
5.699002425402932719e-10
5.699939212634725825e-10
5.700853899129181286e-10
5.701760430685724061e-10
5.702656386649627020e-10
5.703536707733628063e-10
5.704403430574682124e-10
5.705261925962207919e-10
5.706106255612082863e-10
5.706942955368667133e-10
5.707770710405216020e-10
5.708589963313815256e-10
5.709390149260136072e-10
5.710189060460748759e-10
5.710979618862673418e-10
5.711750556899464705e-10
5.712518591154284391e-10
5.713278295090703557e-10
5.714022137115921163e-10
5.714759035507489952e-10
5.715489965387275031e-10
5.716211107619374853e-10
5.716926138265569135e-10
5.717636867935710430e-10
5.718341388281112186e-10
5.719034538455758237e-10
5.719724574068750537e-10
5.720411652798084633e-10
5.721083792469366551e-10
5.721757982327649016e-10
5.722422690620715467e-10
5.723078921256316328e-10
5.723729789978146445e-10
5.724379211846934282e-10
5.725022693444711703e-10
5.725661214479233132e-10
5.726300832638142577e-10
5.726935526050716553e-10
5.727566969128211034e-10
5.728195866237251487e-10
5.728822897833153409e-10
5.729442763359922353e-10
5.730067524875679180e-10
5.730684898950573137e-10
5.731298079140765701e-10
5.731907069119352383e-10
5.732520231381645941e-10
5.733130372332010564e-10
5.733738782148449478e-10
5.734347584364068145e-10
5.734959174670937171e-10
5.735571060077384858e-10
5.736183454400086973e-10
5.736791876973305294e-10
5.737404324015122979e-10
5.738016928225392952e-10
5.738631925936118497e-10
5.739243256250608420e-10
5.739854967539259477e-10
5.740469519899665537e-10
5.741086317306422632e-10
5.741706367383803682e-10
5.742323927886182554e-10
5.742949058541213900e-10
5.743573324514986033e-10
5.744207710859505066e-10
5.744836948996500510e-10
5.745469648244535285e-10
5.746108001620713488e-10
5.746752066653792361e-10
5.747395969449869743e-10
5.748037898011084012e-10
5.748687794893301691e-10
5.749340763192259551e-10
5.749996753414846408e-10
5.750658618054527165e-10
5.751319702974737375e-10
5.751990204464446968e-10
5.752662803602299116e-10
5.753346246101908710e-10
5.754024208319856265e-10
5.754708875959979835e-10
5.755402037492642876e-10
5.756100041728973101e-10
5.756799594922625286e-10
5.757500655852294378e-10
5.758211505648912950e-10
5.758924932603657728e-10
5.759642354218721317e-10
5.760366552485724238e-10
5.761091491292787991e-10
5.761823837931957486e-10
5.762560044530046120e-10
5.763306397973210749e-10
5.764049472952191974e-10
5.764797546588164349e-10
5.765556621361083440e-10
5.766317752934725665e-10
5.767083337110763062e-10
5.767849238446045284e-10
5.768627763253547552e-10
5.769405748003513280e-10
5.770188500433105403e-10
5.770977402479886090e-10
5.771768239499815704e-10
5.772563672175169215e-10
5.773361550422411447e-10
5.774170168932033169e-10
5.774976348838349239e-10
5.775786018227999651e-10
5.776605178654084090e-10
5.777425867605715771e-10
5.778250857428348500e-10
5.779074844818921017e-10
5.779911144957933919e-10
5.780747149583777853e-10
5.781585709028908371e-10
5.782428336888676247e-10
5.783274252544465608e-10
5.784120875439678702e-10
5.784969818831281636e-10
5.785824712640919560e-10
5.786679112560866063e-10
5.787537188837068583e-10
5.788394771037877634e-10
5.789261665010192723e-10
5.790124355439231996e-10
5.790992108534566172e-10
5.791862269448025142e-10
5.792738139207211471e-10
5.793610785250404007e-10
5.794486198964239120e-10
5.795362355562778512e-10
5.796240960736699430e-10
5.797116776107519712e-10
5.797994369609772976e-10
5.798873199733807117e-10
5.799751924559403641e-10
5.800631241528031926e-10
5.801511191292310355e-10
5.802391717344222563e-10
5.803270697897254952e-10
5.804151788220761771e-10
5.805034178540492098e-10
5.805916931840310102e-10
5.806796069400080969e-10
5.807675479744165521e-10
5.808553589730962228e-10
5.809432783701142148e-10
5.810305699126868101e-10
5.811180064968303231e-10
5.812049961515252020e-10
5.812921210683241296e-10
5.813790532722648984e-10
5.814658009363469097e-10
5.815522723738031165e-10
5.816385106127905456e-10
5.817248364633983749e-10
5.818109304824947476e-10
5.818968372189668878e-10
5.819822705599744639e-10
5.820675931690017744e-10
5.821523287871744880e-10
5.822371455364210926e-10
5.823211438537308929e-10
5.824051767911549475e-10
5.824883523083939237e-10
5.825715335543963092e-10
5.826544488783753711e-10
5.827368458876325259e-10
5.828188264287393350e-10
5.829003578242152128e-10
5.829818285542649659e-10
5.830628253014278429e-10
5.831433718655925824e-10
5.832234802400508858e-10
5.833032693389641246e-10
5.833823215823684920e-10
5.834611759568084292e-10
5.835393893306282895e-10
5.836173510476921572e-10
5.836944153251593208e-10
5.837711215682516888e-10
5.838476447005225256e-10
5.839236301436403528e-10
5.839988012073032736e-10
5.840735577263830042e-10
5.841479621441236008e-10
5.842221560619758907e-10
5.842952895911101956e-10
5.843681910348299551e-10
5.844405885544130011e-10
5.845123890580432981e-10
5.845834173449793586e-10
5.846541846832741695e-10
5.847243382749370849e-10
5.847940591461704153e-10
5.848627326581038975e-10
5.849313368330700986e-10
5.849993534182615800e-10
5.850667899839939490e-10
5.851333736545087035e-10
5.851997178224871549e-10
5.852655679423277393e-10
5.853307691434859101e-10
5.853951222991036798e-10
5.854592409542290286e-10
5.855228791903405911e-10
5.855858332486998217e-10
5.856480551006360955e-10
5.857099877413202585e-10
5.857714616809898490e-10
5.858322944971616826e-10
5.858924633019550051e-10
5.859522314027165827e-10
5.860115752121430944e-10
5.860701649960659647e-10
5.861282197829778470e-10
5.861859751788153330e-10
5.862431470157705833e-10
5.862996522673266924e-10
5.863554357190123362e-10
5.864110881599714075e-10
5.864663045800088907e-10
5.865209945231611314e-10
5.865749630095160658e-10
5.866287577106009767e-10
5.866822510848020628e-10
5.867351995658101074e-10
5.867876809409868116e-10
5.868397711106881040e-10
5.868914417602321036e-10
5.869427457988618444e-10
5.869934001803436799e-10
5.870440002553503497e-10
5.870940413032942875e-10
5.871435705843539700e-10
5.871925070629121488e-10
5.872413401266884017e-10
5.872898730036425089e-10
5.873380508033511513e-10
5.873857280791317062e-10
5.874331761866328638e-10
5.874805675056207098e-10
5.875275200701859154e-10
5.875741760258159968e-10
5.876206512943878189e-10
5.876665862864683934e-10
5.877125203279943669e-10
5.877578593015365751e-10
5.878033260899103411e-10
5.878483390848907500e-10
5.878929928623799332e-10
5.879372101215638259e-10
5.879813183684345876e-10
5.880253676949821630e-10
5.880692228809164832e-10
5.881128698223117958e-10
5.881562129980466835e-10
5.881996781411079428e-10
5.882428900690462944e-10
5.882860435000124971e-10
5.883291555183054095e-10
5.883718564968621052e-10
5.884145660354560108e-10
5.884571452338359484e-10
5.884996268477337897e-10
5.885421122054097244e-10
5.885842987135664097e-10
5.886262442016825991e-10
5.886681987049094125e-10
5.887100860212181519e-10
5.887519873194848624e-10
5.887938703929774449e-10
5.888357586365970100e-10
5.888775192897577583e-10
5.889194912224245408e-10
5.889613126171120302e-10
5.890033162549913063e-10
5.890453243480240026e-10
5.890871409598704722e-10
5.891289746328961021e-10
5.891710458004770981e-10
5.892130634025299621e-10
5.892550975600651190e-10
5.892970467716934768e-10
5.893389496713818532e-10
5.893811047006840194e-10
5.894231597003995576e-10
5.894653061455521990e-10
5.895074612697319815e-10
5.895499164470615226e-10
5.895923086855417436e-10
5.896348425485511310e-10
5.896773569203728726e-10
5.897201243863423572e-10
5.897629936372584478e-10
5.898058416226017606e-10
5.898487023593478062e-10
5.898917864768800162e-10
5.899350376104910658e-10
5.899782823662914384e-10
5.900216406929972979e-10
5.900648905596985213e-10
5.901085777595192976e-10
5.901521994068895312e-10
5.901959368485026610e-10
5.902397347491189937e-10
5.902837057728472694e-10
5.903278019331203566e-10
5.903719726834125640e-10
5.904161633106894550e-10
5.904605580756776893e-10
5.905051313341239166e-10
5.905496554740477030e-10
5.905943663664143085e-10
5.906390203736115478e-10
5.906841222477425684e-10
5.907290951234706518e-10
5.907741840354333195e-10
5.908192940422386867e-10
5.908646582961988528e-10
5.909102048436433869e-10
5.909556484920944661e-10
5.910012060164325240e-10
5.910468634475622479e-10
5.910927247333834686e-10
5.911386451249404099e-10
5.911844936194474333e-10
5.912304757303826767e-10
5.912766872135800565e-10
5.913227997546438005e-10
5.913691401153103121e-10
5.914153638294897423e-10
5.914618514817825149e-10
5.915084510570301989e-10
5.915549209079412400e-10
5.916015807111192227e-10
5.916482492843969319e-10
5.916951888924599718e-10
5.917421174640311249e-10
5.917889594182943331e-10
5.918358644931798012e-10
5.918827935081611216e-10
5.919298620554836851e-10
5.919768883220482643e-10
5.920238196876287314e-10
5.920708512033160418e-10
5.921178915800102280e-10
5.921649073678508075e-10
5.922120529777594192e-10
5.922590982905711928e-10
5.923062000234286742e-10
5.923533173332137838e-10
5.924003393678809902e-10
5.924475280107442761e-10
5.924946461976303482e-10
5.925418413081774847e-10
5.925889938676026538e-10
5.926360218644222793e-10
5.926830630963798599e-10
5.927299448074248493e-10
5.927767836359379588e-10
5.928235843587217899e-10
5.928701626847748722e-10
5.929167729344574890e-10
5.929632453743197703e-10
5.930095621414791061e-10
5.930558925354877760e-10
5.931021239106004494e-10
5.931482197739659651e-10
5.931942506964155650e-10
5.932400978929934891e-10
5.932859723832229051e-10
5.933317541158999712e-10
5.933773699072539676e-10
5.934228945790386631e-10
5.934683019180658821e-10
5.935135902573598950e-10
5.935587615460890973e-10
5.936035986803619669e-10
5.936484221942788701e-10
5.936930262169369263e-10
5.937375703580879243e-10
5.937819431006744793e-10
5.938260248804953353e-10
5.938700624445346002e-10
5.939139137874705125e-10
5.939576895297793913e-10
5.940011961478833591e-10
5.940445399826743999e-10
5.940877975821908617e-10
5.941308857667633485e-10
5.941738738468066437e-10
5.942165332018003518e-10
5.942591193138799263e-10
5.943015033977241555e-10
5.943437742172160330e-10
5.943857796912294738e-10
5.944275165466935123e-10
5.944691586274012001e-10
5.945105807903970759e-10
5.945519089710342690e-10
5.945928798802053453e-10
5.946337445000591491e-10
5.946743903816366174e-10
5.947148894271575470e-10
5.947552457381142872e-10
5.947951928942312725e-10
5.948350970463862640e-10
5.948748592296981592e-10
5.949144231349220933e-10
5.949537294672702166e-10
5.949927496335075770e-10
5.950316805485284861e-10
5.950704271631180659e-10
5.951090181530225349e-10
5.951472901415509534e-10
5.951852673009474127e-10
5.952231505190133475e-10
5.952608699080032658e-10
5.952983961686008445e-10
5.953356082619899496e-10
5.953726810287162710e-10
5.954095029925851460e-10
5.954461440599122715e-10
5.954826613131495898e-10
5.955187647531140975e-10
5.955548379263745557e-10
5.955906938426323604e-10
5.956263620042766749e-10
5.956617759827072518e-10
5.956968534861917235e-10
5.957318721903281735e-10
5.957667196150969068e-10
5.958014222713884015e-10
5.958359425559028832e-10
5.958701260759994044e-10
5.959042427831048474e-10
5.959382558234691501e-10
5.959720810043334608e-10
5.960057160332907892e-10
5.960391675895350683e-10
5.960724893364498966e-10
5.961055409406109667e-10
5.961385675614773550e-10
5.961713363690065284e-10
5.962039499801233530e-10
5.962364969316497441e-10
5.962687962075577128e-10
5.963009308587659926e-10
5.963328141362381264e-10
5.963645985831219301e-10
5.963962777924072511e-10
5.964278522989490734e-10
5.964593008719575640e-10
5.964905459290877367e-10
5.965216612084453990e-10
5.965527286041371979e-10
5.965836906688418229e-10
5.966145175376582072e-10
5.966452206203848480e-10
5.966758491511426767e-10
5.967062803114778305e-10
5.967366223907475850e-10
5.967668799346402784e-10
5.967969550383067632e-10
5.968270106880294092e-10
5.968569377348655277e-10
5.968867393424294101e-10
5.969163448546488522e-10
5.969458573103728711e-10
5.969753105585352359e-10
5.970046871981923498e-10
5.970339996400105717e-10
5.970632181603092447e-10
5.970923426379064092e-10
5.971213800968269162e-10
5.971504162117443639e-10
5.971793397859270596e-10
5.972081804379416839e-10
5.972370113885132505e-10
5.972657601378873676e-10
5.972943912839332297e-10
5.973229564265289997e-10
5.973514643453903787e-10
5.973799238861593628e-10
5.974083375556274777e-10
5.974366523675618540e-10
5.974649138311650478e-10
5.974930254037889441e-10
5.975211336630788582e-10
5.975492086195603231e-10
5.975772033453746732e-10
5.976051686029417397e-10
5.976330907212407436e-10
5.976610173924245571e-10
5.976888880197437259e-10
5.977167622957772562e-10
5.977445576318762995e-10
5.977723393830640657e-10
5.978001594631957987e-10
5.978278917401527813e-10
5.978556227668055884e-10
5.978832673857373384e-10
5.979108943740174354e-10
5.979385710594948502e-10
5.979661858671681961e-10
5.979937691566132257e-10
5.980213041923531450e-10
5.980487789881066082e-10
5.980762713286090178e-10
5.981037750847622275e-10
5.981311876965927566e-10
5.981586188623739384e-10
5.981860225361250380e-10
5.982134091595330433e-10
5.982408170915478978e-10
5.982682156780141531e-10
5.982955666011341012e-10
5.983229174239170411e-10
5.983502971442960395e-10
5.983776561041167035e-10
5.984049644840349386e-10
5.984323051970577908e-10
5.984595806944373663e-10
5.984868732413948941e-10
5.985142203520807580e-10
5.985414888576128083e-10
5.985687663976942270e-10
5.985960087725700473e-10
5.986232056980691494e-10
5.986504910836898444e-10
5.986777423428163158e-10
5.987049263687646373e-10
5.987321264672458511e-10
5.987593037490665615e-10
5.987864504629240433e-10
5.988136123162133273e-10
5.988407527388039037e-10
5.988678357419077972e-10
5.988949145818323472e-10
5.989220155231543251e-10
5.989490691045191648e-10
5.989761038787747254e-10
5.990031409495525001e-10
5.990301008683466818e-10
5.990570961190853939e-10
5.990840953522024472e-10
5.991110113240073778e-10
5.991379524191279885e-10
5.991648629389648223e-10
5.991917165160605192e-10
5.992186059112347925e-10
5.992454709360552178e-10
5.992722597825456696e-10
5.992990390643880576e-10
5.993257679569104296e-10
5.993524661892802939e-10
5.993791479607146094e-10
5.994057935282112722e-10
5.994323704919328692e-10
5.994589380616330832e-10
5.994854952283170030e-10
5.995119777432948083e-10
5.995384412408733432e-10
5.995648759007436958e-10
5.995912455060641960e-10
5.996176081341989474e-10
5.996439389059953072e-10
5.996702053305846358e-10
5.996964772976356203e-10
5.997226884945600942e-10
5.997488529480664996e-10
5.997749797499244238e-10
5.998010849445632976e-10
5.998271141222551356e-10
5.998531068657429178e-10
5.998790769473150097e-10
5.999049273891849352e-10
5.999307073918487338e-10
5.999564801125314073e-10
5.999821469818682631e-10
6.000078084270302907e-10
6.000334220819978641e-10
6.000589455432387167e-10
6.000844017277503603e-10
6.001097811269882561e-10
6.001351407252386871e-10
6.001604471014063765e-10
6.001856623091597498e-10
6.002108333226175484e-10
6.002359616111834123e-10
6.002610533543928258e-10
6.002860382045878762e-10
6.003109676131471268e-10
6.003358268506722051e-10
6.003606519008639255e-10
6.003853955167787014e-10
6.004101093438103087e-10
6.004347863386192290e-10
6.004592618304731727e-10
6.004836899382163044e-10
6.005080858475198227e-10
6.005324019378026580e-10
6.005566769456433830e-10
6.005808582532353730e-10
6.006049427870029465e-10
6.006289853451181047e-10
6.006529170408272944e-10
6.006768033072602547e-10
6.007006494473891748e-10
6.007243641627462668e-10
6.007480130419091864e-10
6.007716221073182603e-10
6.007951691636083430e-10
6.008186239303648664e-10
6.008419898265527768e-10
6.008652492775412283e-10
6.008884846588766639e-10
6.009116259840482266e-10
6.009347036952670121e-10
6.009576986228291197e-10
6.009805598409672269e-10
6.010033377335833164e-10
6.010260664245453135e-10
6.010487084169288706e-10
6.010713069421706500e-10
6.010937898662541676e-10
6.011161524539219683e-10
6.011384952784044583e-10
6.011607173172914793e-10
6.011828622349660261e-10
6.012049695790159030e-10
6.012269370493884570e-10
6.012488129680518787e-10
6.012706761415577812e-10
6.012924525709075919e-10
6.013141210143306552e-10
6.013356965822040542e-10
6.013571490456052141e-10
6.013785542701484776e-10
6.013998918187858480e-10
6.014211810711183064e-10
6.014423837766806468e-10
6.014634458080202675e-10
6.014843867072377811e-10
6.015053067340207826e-10
6.015261569507098720e-10
6.015469192688502862e-10
6.015676233811034092e-10
6.015882286511463145e-10
6.016087340468850722e-10
6.016291458600622166e-10
6.016494807244526855e-10
6.016697842028189797e-10
6.016899756437072065e-10
6.017100391458522198e-10
6.017300971825047331e-10
6.017500701629045537e-10
6.017699343408883237e-10
6.017897194020243532e-10
6.018093908520332386e-10
6.018289990094903739e-10
6.018485561955818553e-10
6.018680433493366736e-10
6.018874879431393714e-10
6.019069031513714878e-10
6.019261527538056704e-10
6.019453450235657754e-10
6.019645152975800964e-10
6.019836430516778385e-10
6.020026843972893815e-10
6.020216876084891582e-10
6.020405991798437083e-10
6.020594603559639012e-10
6.020782625022215151e-10
6.020969669161384981e-10
6.021156443039969175e-10
6.021342822388763152e-10
6.021528142148350566e-10
6.021713071050622888e-10
6.021897274493784509e-10
6.022081197197222904e-10
6.022264051735246144e-10
6.022446237938631402e-10
6.022627956939860136e-10
6.022809215320808483e-10
6.022989815540819995e-10
6.023169850038775693e-10
6.023349115892588860e-10
6.023528174320523673e-10
6.023706563498958745e-10
6.023884565941506127e-10
6.024061984383580904e-10
6.024238899770182687e-10
6.024415218888809791e-10
6.024591071516448903e-10
6.024766483417914949e-10
6.024941567888827707e-10
6.025115858829248821e-10
6.025289576953919982e-10
6.025462855025949891e-10
6.025635627540492248e-10
6.025807941055614628e-10
6.025980006842344461e-10
6.026151574644425252e-10
6.026322205733738702e-10
6.026492018052591682e-10
6.026661828242695356e-10
6.026831119266329246e-10
6.026999718343247773e-10
6.027168358723155441e-10
6.027336370781219307e-10
6.027503576900875546e-10
6.027670301672759606e-10
6.027836887011564097e-10
6.028003218998181853e-10
6.028168822936613592e-10
6.028334011113596741e-10
6.028499189174574589e-10
6.028663806904232674e-10
6.028827618816044706e-10
6.028991085453363276e-10
6.029154266821524381e-10
6.029316856937527245e-10
6.029479002499578758e-10
6.029641197832053752e-10
6.029802858482218623e-10
6.029963899930412740e-10
6.030124415839951224e-10
6.030284413117171805e-10
6.030443870269854218e-10
6.030603270786100473e-10
6.030762298092102826e-10
6.030920816406370518e-10
6.031079162053302786e-10
6.031237343554927888e-10
6.031394747687102565e-10
6.031551794757460051e-10
6.031708691438110368e-10
6.031865425637740914e-10
6.032021616299679288e-10
6.032177685508756272e-10
6.032333573143416994e-10
6.032488888616627629e-10
6.032643951359898143e-10
6.032798625645918114e-10
6.032952722641554607e-10
6.033106795586501201e-10
6.033260941932560220e-10
6.033414364362820767e-10
6.033567445766367093e-10
6.033720203856031245e-10
6.033872777004033657e-10
6.034024687897382383e-10
6.034176513691423667e-10
6.034328050270035577e-10
6.034479352688084938e-10
6.034630012967685932e-10
6.034780480319816756e-10
6.034930352564300505e-10
6.035080234317845780e-10
6.035229571522677380e-10
6.035378716306893732e-10
6.035527324626639330e-10
6.035675789409041954e-10
6.035823912459765681e-10
6.035971547073986174e-10
6.036118882569564206e-10
6.036266260494751374e-10
6.036412984974344790e-10
6.036559315777177995e-10
6.036705419887235223e-10
6.036851101510451891e-10
6.036996384250426779e-10
6.037141367785732421e-10
6.037286389912735952e-10
6.037431246987842366e-10
6.037575146189040215e-10
6.037718534942045141e-10
6.037861881109310591e-10
6.038004913436186628e-10
6.038147408723701385e-10
6.038289716376254327e-10
6.038431897532212095e-10
6.038573467328905293e-10
6.038713845544008762e-10
6.038854125769022121e-10
6.038994277384200636e-10
6.039133885485054831e-10
6.039273145593713663e-10
6.039412002745059401e-10
6.039550681123236023e-10
6.039688542044308193e-10
6.039825758039540124e-10
6.039962680222700019e-10
6.040099481746885117e-10
6.040235699125841002e-10
6.040371239952946699e-10
6.040506802742524841e-10
6.040641884676089678e-10
6.040776413970907654e-10
6.040910502886141241e-10
6.041044143441565478e-10
6.041177127504682972e-10
6.041309660587069345e-10
6.041442159331740926e-10
6.041574041862218126e-10
6.041705621472951154e-10
6.041836877001971604e-10
6.041967776113134972e-10
6.042097448514829537e-10
6.042226929183089148e-10
6.042356305228924498e-10
6.042485142779353895e-10
6.042613580342875779e-10
6.042741975332031921e-10
6.042869584055823738e-10
6.042996568191251449e-10
6.043123348737884871e-10
6.043249450863239920e-10
6.043375099545553961e-10
6.043500752650595942e-10
6.043626074362682706e-10
6.043750442755317358e-10
6.043874596787198193e-10
6.043998398772044302e-10
6.044121757285925277e-10
6.044244389594578639e-10
6.044366930784324445e-10
6.044488763248616547e-10
6.044610381477886287e-10
6.044731425005434277e-10
6.044852105615346726e-10
6.044972231888310515e-10
6.045091950703891885e-10
6.045211145871545707e-10
6.045329935823269774e-10
6.045448377500523093e-10
6.045566162938380141e-10
6.045683856117474749e-10
6.045801021702783492e-10
6.045917444743152392e-10
6.046033562112987994e-10
6.046149613620221683e-10
6.046264866400408324e-10
6.046379670576146950e-10
6.046494298370302404e-10
6.046608193627162657e-10
6.046721505326091932e-10
6.046834543609361920e-10
6.046947437653012593e-10
6.047060122085373733e-10
6.047172045241496854e-10
6.047283180396623930e-10
6.047393737340301918e-10
6.047504252969410236e-10
6.047614186529099089e-10
6.047723711060175948e-10
6.047833191977327830e-10
6.047942017038481655e-10
6.048049999177569075e-10
6.048157195191706080e-10
6.048264144486610886e-10
6.048370881505463816e-10
6.048477208951213114e-10
6.048582962654770173e-10
6.048688242631163242e-10
6.048793203784851273e-10
6.048897406558880995e-10
6.049001073200139390e-10
6.049104199390743658e-10
6.049207166354249889e-10
6.049309669277497489e-10
6.049411407204055470e-10
6.049512748052072972e-10
6.049613914485336004e-10
6.049714502168241779e-10
6.049814439538086781e-10
6.049914144453015659e-10
6.050012997433331767e-10
6.050111252121355441e-10
6.050209332609278015e-10
6.050307081169679901e-10
6.050404220067364652e-10
6.050501122661055094e-10
6.050597646789629995e-10
6.050693753519145489e-10
6.050788921266316837e-10
6.050883841738390615e-10
6.050978735678232656e-10
6.051073056054967060e-10
6.051166785429558563e-10
6.051260607354700468e-10
6.051353957626006589e-10
6.051446523792130555e-10
6.051538854128648293e-10
6.051630857308409525e-10
6.051722005361674800e-10
6.051813001133264050e-10
6.051904180887399120e-10
6.051994460644832699e-10
6.052084283687105562e-10
6.052174040704649111e-10
6.052263135683019525e-10
6.052351775223396088e-10
6.052439917581695597e-10
6.052527809417386451e-10
6.052615271559632453e-10
6.052702491603483954e-10
6.052789099716695877e-10
6.052875504730390843e-10
6.052961477417931863e-10
6.053047124284406272e-10
6.053132321269886186e-10
6.053217180075600751e-10
6.053301813689458561e-10
6.053385968475963518e-10
6.053469915160369970e-10
6.053553585648549504e-10
6.053636679224780693e-10
6.053719506461882733e-10
6.053802205230391019e-10
6.053884395505954555e-10
6.053966191044312336e-10
6.054047678248201656e-10
6.054128838606974766e-10
6.054209533564570343e-10
6.054289894790771111e-10
6.054370050875559580e-10
6.054449981399775535e-10
6.054529854792694532e-10
6.054608953094632100e-10
6.054687370288815462e-10
6.054765490358895614e-10
6.054843655666656286e-10
6.054921312858459772e-10
6.054998558380463569e-10
6.055075824614242723e-10
6.055152537526023831e-10
6.055228758274853046e-10
6.055304214306166099e-10
6.055379456511704398e-10
6.055454504065307745e-10
6.055529258177622766e-10
6.055603586807876228e-10
6.055677510071446269e-10
6.055751037392815198e-10
6.055824413416439440e-10
6.055897198878601254e-10
6.055969455388126252e-10
6.056041422511615875e-10
6.056113112456601604e-10
6.056184386973906121e-10
6.056255206573513392e-10
6.056325776531045770e-10
6.056396098954779842e-10
6.056465989340012025e-10
6.056535430650957606e-10
6.056604588110946881e-10
6.056673057410640046e-10
6.056741088180531467e-10
6.056808939885465809e-10
6.056876637848336756e-10
6.056943735602130994e-10
6.057010680151529235e-10
6.057077189298075241e-10
6.057143602190369653e-10
6.057209261083547485e-10
6.057274498805308727e-10
6.057339626979198749e-10
6.057404620900227789e-10
6.057469051072026774e-10
6.057533170173043832e-10
6.057597375868290496e-10
6.057661110451091086e-10
6.057724203251544562e-10
6.057787155567365114e-10
6.057849779359926789e-10
6.057911742942211664e-10
6.057973564270731079e-10
6.058035582273435248e-10
6.058096901936765486e-10
6.058157775049330373e-10
6.058218598940099320e-10
6.058279050733802673e-10
6.058339031539757429e-10
6.058398516033415546e-10
6.058457919702015239e-10
6.058516797908680301e-10
6.058575560244712338e-10
6.058633937504594584e-10
6.058691904783159565e-10
6.058749717499718369e-10
6.058807269423187237e-10
6.058864451686878186e-10
6.058920975928805439e-10
6.058977426121524256e-10
6.059033662371215467e-10
6.059089433384131291e-10
6.059145091529906892e-10
6.059200566087495032e-10
6.059255555715412145e-10
6.059310229166981795e-10
6.059364692654055790e-10
6.059418764857609882e-10
6.059472424328437198e-10
6.059525952783161267e-10
6.059579307013175613e-10
6.059632059080519438e-10
6.059684564204878709e-10
6.059736812491518939e-10
6.059788868821178654e-10
6.059840804577269970e-10
6.059892449937545179e-10
6.059943359454284278e-10
6.059993880817141322e-10
6.060044243727761767e-10
6.060094486412850057e-10
6.060144302577765120e-10
6.060193765240841554e-10
6.060243199782465498e-10
6.060292105066222980e-10
6.060340592107610420e-10
6.060388304060911564e-10
6.060435790284688553e-10
6.060483080411032470e-10
6.060530104800641522e-10
6.060576742201245616e-10
6.060623026103733393e-10
6.060668917353303764e-10
6.060714516718753310e-10
6.060759642126669067e-10
6.060804478255255747e-10
6.060848782876458290e-10
6.060892795385858546e-10
6.060936568746176773e-10
6.060979881184707279e-10
6.061022823101330872e-10
6.061065488367191801e-10
6.061107841829595575e-10
6.061149825638632080e-10
6.061191483362524563e-10
6.061232767017973256e-10
6.061273411083930639e-10
6.061313636118180881e-10
6.061353679008501009e-10
6.061393546165540772e-10
6.061432861024011700e-10
6.061471972972803622e-10
6.061510721492141999e-10
6.061549258344647019e-10
6.061587265284778918e-10
6.061624648819414986e-10
6.061661891938074121e-10
6.061699066253090675e-10
6.061735712460848999e-10
6.061772016347148649e-10
6.061808145797600723e-10
6.061844118848464888e-10
6.061879517440798404e-10
6.061914499098948018e-10
6.061949304878233477e-10
6.061983658602280201e-10
6.062017528130365102e-10
6.062051287297667038e-10
6.062084992695540820e-10
6.062118015457444215e-10
6.062150738648237353e-10
6.062183355536912598e-10
6.062215647887685158e-10
6.062247470633134720e-10
6.062278801981498240e-10
6.062309912533746177e-10
6.062340517811919319e-10
6.062370988220051344e-10
6.062401194704008019e-10
6.062430923473273164e-10
6.062460487395988781e-10
6.062489763414459692e-10
6.062518835863781855e-10
6.062547157569149943e-10
6.062575065652778891e-10
6.062602927211220696e-10
6.062630597472151730e-10
6.062657764990284041e-10
6.062684812799148297e-10
6.062711625841953796e-10
6.062738016201876930e-10
6.062764119992728266e-10
6.062789859915720331e-10
6.062815205842350277e-10
6.062840190451628974e-10
6.062864997885024317e-10
6.062889647621812550e-10
6.062913751806310230e-10
6.062937560435142539e-10
6.062961117644392217e-10
6.062984472426209186e-10
6.063007581044659328e-10
6.063030456407999501e-10
6.063052752704068843e-10
6.063074549794984148e-10
6.063096061552532093e-10
6.063117477091397209e-10
6.063138620769599192e-10
6.063159365263982639e-10
6.063179881245585966e-10
6.063200266158043089e-10
6.063220256852246893e-10
6.063239747334824651e-10
6.063258639118964293e-10
6.063277328012760277e-10
6.063295834323289844e-10
6.063314126169357826e-10
6.063332043402697176e-10
6.063349644400752444e-10
6.063366907011420030e-10
6.063383890613756809e-10
6.063400522686563733e-10
6.063416944423160713e-10
6.063432836022598240e-10
6.063448376448400370e-10
6.063463661881406417e-10
6.063478718497023083e-10
6.063493476957869496e-10
6.063507777874616820e-10
6.063521877633963869e-10
6.063535754351606766e-10
6.063549204273315100e-10
6.063562521545548670e-10
6.063575272701885056e-10
6.063587552119289453e-10
6.063599484905003797e-10
6.063611286233520834e-10
6.063622904513999348e-10
6.063634015854564712e-10
6.063644962668699444e-10
6.063655573380946527e-10
6.063665863902435236e-10
6.063675864395686223e-10
6.063685285192285332e-10
6.063694499316671021e-10
6.063703586197827635e-10
6.063712339290100387e-10
6.063720774061042951e-10
6.063728950137039202e-10
6.063736947575213764e-10
6.063744631044165533e-10
6.063751825137557278e-10
6.063758874837991104e-10
6.063765583623586886e-10
6.063771843966655258e-10
6.063777815236259129e-10
6.063783673858442629e-10
6.063789330061258431e-10
6.063794460025210211e-10
6.063799341920694817e-10
6.063804111566115938e-10
6.063808636593964002e-10
6.063812749279514539e-10
6.063816395790680464e-10
6.063819741839345625e-10
6.063822681263185653e-10
6.063825481362203373e-10
6.063828074726245345e-10
