-4.919738057652090006e-13
-5.908316196172284359e-13
-6.991880988396693526e-13
-8.172384279777990707e-13
-9.452041109600118451e-13
-1.083340235247571685e-12
-1.231906625790705117e-12
-1.391191321918350553e-12
-1.561498470421920118e-12
-1.743154221097119647e-12
-1.936469458497441259e-12
-2.141792230145352981e-12
-2.359466583017086483e-12
-2.589854250714334624e-12
-2.833294437446834737e-12
-3.090127610754713244e-12
-3.360764353014746577e-12
-3.645473332489891959e-12
-3.944671448208876115e-12
-4.258660215024798448e-12
-4.587732304478027868e-12
-4.932288823967414354e-12
-5.292555488522652962e-12
-5.668886241208031309e-12
-6.061546802515596724e-12
-6.470765624690888706e-12
-6.896867173089092686e-12
-7.339958620238301050e-12
-7.800315793273680305e-12
-8.278166512775576011e-12
-8.773661957280669180e-12
-9.286874978841451840e-12
-9.818091932346343816e-12
-1.036722670077375371e-11
-1.093458648396353767e-11
-1.151998662512367859e-11
-1.212374211463143502e-11
-1.274563860743062544e-11
-1.338577359051634831e-11
-1.404418517435537488e-11
-1.472063753727488607e-11
-1.541526775062220817e-11
-1.612788336706792001e-11
-1.685837342409275508e-11
-1.760658969093094710e-11
-1.837236982962736861e-11
-1.915568499413811540e-11
-1.995617534585708088e-11
-2.077371834173641955e-11
-2.160795372205990037e-11
-2.245876083877526855e-11
-2.332587144472969776e-11
-2.420889074917628713e-11
-2.510766925801887441e-11
-2.602178754556795712e-11
-2.695084787330572125e-11
-2.789473633094199684e-11
-2.885289979032099108e-11
-2.982494388180593722e-11
-3.081066373531857007e-11
-3.180943821341711186e-11
-3.282098664619988901e-11
-3.384500857158913021e-11
-3.488080810509496526e-11
-3.592808646908014646e-11
-3.698645287334399878e-11
-3.805549799884013891e-11
-3.913454849047066309e-11
-4.022342832420120711e-11
-4.132165153894172392e-11
-4.242850772190286092e-11
-4.354371388707723586e-11
-4.466692682970887909e-11
-4.579759615885784709e-11
-4.693506410050103768e-11
-4.807914515562616869e-11
-4.922932704376007109e-11
-5.038514212210334227e-11
-5.154595683046535719e-11
-5.271160777811566597e-11
-5.388158078958550565e-11
-5.505540443208431806e-11
-5.623251462859291969e-11
-5.741271598401098919e-11
-5.859560423261370122e-11
-5.978060961239510987e-11
-6.096733206873171182e-11
-6.215551661943976398e-11
-6.334479647759601753e-11
-6.453462777946755318e-11
-6.572484250211245844e-11
-6.691490625677576429e-11
-6.810465186273582652e-11
-6.929375990795903141e-11
-7.048162567829866135e-11
-7.166825738540224484e-11
-7.285328550513067730e-11
-7.403642052426957810e-11
-7.521744230749846975e-11
-7.639581151801832488e-11
-7.757159963927371087e-11
-7.874451526305464669e-11
-7.991430235440208298e-11
-8.108085668855883805e-11
-8.224355007448842768e-11
-8.340271908446230416e-11
-8.455810052464918297e-11
-8.570936729775556213e-11
-8.685646076419583303e-11
-8.799909688518731362e-11
-8.913741968039445784e-11
-9.027105436180155224e-11
-9.140027601960102052e-11
-9.252450689069447150e-11
-9.364408807428722354e-11
-9.475856077089262631e-11
-9.586823302257079457e-11
-9.697289227398357486e-11
-9.807253768291072475e-11
-9.916714587774002893e-11
-1.002566289517318372e-10
-1.013410189092560340e-10
-1.024203484916252335e-10
-1.034946578095793104e-10
-1.045639254917791622e-10
-1.056281813317665094e-10
-1.066874724938759104e-10
-1.077417094922047168e-10
-1.087912271093063060e-10
-1.098357821540806003e-10
-1.108757876302876130e-10
-1.119108684340790286e-10
-1.129415453734081532e-10
-1.139674724010256359e-10
-1.149890946303389259e-10
-1.160063557378681168e-10
-1.170194313265374192e-10
-1.180282441226380297e-10
-1.190329920479310032e-10
-1.200338688130761570e-10
-1.210307677719330946e-10
-1.220241625681205380e-10
-1.230138269602211325e-10
-1.240001035213256693e-10
-1.249829753017513865e-10
-1.259625085210662685e-10
-1.269390054310661162e-10
-1.279123929691433772e-10
-1.288830866657188695e-10
-1.298509626091368070e-10
-1.308163278939595235e-10
-1.317790311310952791e-10
-1.327392850864372651e-10
-1.336974862351728997e-10
-1.346533781212329800e-10
-1.356074038577518550e-10
-1.365595090162452188e-10
-1.375098745687914552e-10
-1.384586788555306047e-10
-1.394056712106577524e-10
-1.403513453858004301e-10
-1.412956860104388095e-10
-1.422387229833921626e-10
-1.431807963510904885e-10
-1.441218444208997334e-10
-1.450619373076565564e-10
-1.460012506142851552e-10
-1.469394851420381479e-10
-1.478772607650269390e-10
-1.488143958795079919e-10
-1.497509285959480036e-10
-1.506871942232880692e-10
-1.516229797850798946e-10
-1.525584139304682219e-10
-1.534937372186147984e-10
-1.544284604248261006e-10
-1.553629749709679885e-10
-1.562975710019200084e-10
-1.572318451994551739e-10
-1.581662130939942776e-10
-1.591005192958993275e-10
-1.600344602900440881e-10
-1.609686083650953035e-10
-1.619026097885437606e-10
-1.628361276722853789e-10
-1.637699216989947788e-10
-1.647036303456253205e-10
-1.656370203171649525e-10
-1.665706288448620638e-10
-1.675039163813625761e-10
-1.684366307869761146e-10
-1.693694751050647782e-10
-1.703019329493315884e-10
-1.712335065676028908e-10
-1.721650125976983263e-10
-1.730961118354081510e-10
-1.740262831569464565e-10
-1.749560875862839877e-10
-1.758852579290432214e-10
-1.768130894574215480e-10
-1.777399582227651285e-10
-1.786662212211866723e-10
-1.795908951605325215e-10
-1.805142874511976642e-10
-1.814367736181405048e-10
-1.823574920700350340e-10
-1.832763281596483520e-10
-1.841940298838489003e-10
-1.851095643647652482e-10
-1.860224358504968544e-10
-1.869335045637618197e-10
-1.878426179574155207e-10
-1.887485920803274147e-10
-1.896521587166259373e-10
-1.905535833762481011e-10
-1.914516956888649745e-10
-1.923463732167063086e-10
-1.932383969085081844e-10
-1.941269380195347580e-10
-1.950112886636574236e-10
-1.958918286822134913e-10
-1.967692391155607145e-10
-1.976423674379119802e-10
-1.985108407562471753e-10
-1.993755708266365628e-10
-2.002357731209079118e-10
-2.010905704666603337e-10
-2.019406255859610150e-10
-2.027865132941374143e-10
-2.036264024990666299e-10
-2.044603934249596436e-10
-2.052891048405137261e-10
-2.061125861208916254e-10
-2.069300790573042586e-10
-2.077412470248414235e-10
-2.085468708143229518e-10
-2.093461447894313496e-10
-2.101381482455060438e-10
-2.109237028736882592e-10
-2.117033167433498944e-10
-2.124755630280928925e-10
-2.132402360682574827e-10
-2.139975979522608289e-10
-2.147487417767229557e-10
-2.154918684012521218e-10
-2.162269967758041504e-10
-2.169545094789321427e-10
-2.176752451514601110e-10
-2.183875966792155170e-10
-2.190913571918470344e-10
-2.197871134010432739e-10
-2.204754308577088853e-10
-2.211552356783735452e-10
-2.218260748011760898e-10
-2.224885662052323617e-10
-2.231433136571912590e-10
-2.237892270608424524e-10
-2.244259158365403370e-10
-2.250539431664450461e-10
-2.256742079627679095e-10
-2.262852040198513510e-10
-2.268869025442902323e-10
-2.274796245799199021e-10
-2.280643619990129245e-10
-2.286397749344130343e-10
-2.292059318165164057e-10
-2.297629498192166787e-10
-2.303118066549582740e-10
-2.308515968316840941e-10
-2.313818768677884377e-10
-2.319032059448852380e-10
-2.324161713536895603e-10
-2.329201461138565797e-10
-2.334151958659278256e-10
-2.339010861568383634e-10
-2.343782283059076828e-10
-2.348472790870224070e-10
-2.353075353515428859e-10
-2.357587669101442887e-10
-2.362010811459097677e-10
-2.366355343609617575e-10
-2.370614777825061382e-10
-2.374786402156191867e-10
-2.378873867101448653e-10
-2.382880182545486436e-10
-2.386808397325646661e-10
-2.390657176522816577e-10
-2.394422997024371410e-10
-2.398107491684839822e-10
-2.401718585796869674e-10
-2.405253742698314087e-10
-2.408711294793059188e-10
-2.412092816506603523e-10
-2.415401187179460398e-10
-2.418642630819352036e-10
-2.421812841048811529e-10
-2.424908148945830878e-10
-2.427931969187176655e-10
-2.430893125082848582e-10
-2.433789244730039139e-10
-2.436621076125616975e-10
-2.439387400682142855e-10
-2.442091352511759787e-10
-2.444735713573264214e-10
-2.447322296745765996e-10
-2.449849722893589108e-10
-2.452317982541755999e-10
-2.454731597360287740e-10
-2.457095633830435702e-10
-2.459405098112445991e-10
-2.461662817960841598e-10
-2.463869030250070568e-10
-2.466027327049541891e-10
-2.468143920786449213e-10
-2.470213979748438184e-10
-2.472238606191273491e-10
-2.474219954093270223e-10
-2.476160541693006881e-10
-2.478065557593672637e-10
-2.479931499211760568e-10
-2.481758487616432964e-10
-2.483548959982568296e-10
-2.485305739853587501e-10
-2.487033887394090939e-10
-2.488729735787621636e-10
-2.490394754182144924e-10
-2.492030142215144423e-10
-2.493638820811758967e-10
-2.495225295850380552e-10
-2.496786615875385116e-10
-2.498324952235880092e-10
-2.499839608520988701e-10
-2.501334176800119416e-10
-2.502811148466079290e-10
-2.504270432453802470e-10
-2.505711749251440903e-10
-2.507136071097006677e-10
-2.508544064397280138e-10
-2.509941180422895471e-10
-2.511325896334344450e-10
-2.512701039359762308e-10
-2.514063798589031679e-10
-2.515415966898530778e-10
-2.516761936993303588e-10
-2.518102604785151978e-10
-2.519436972769454647e-10
-2.520764213464807221e-10
-2.522086786680755496e-10
-2.523405246177121118e-10
-2.524723972025644498e-10
-2.526039565341187623e-10
-2.527354194840920696e-10
-2.528666318735380390e-10
-2.529977059809450279e-10
-2.531291288201784736e-10
-2.532607473703448494e-10
-2.533926073218932537e-10
-2.535244877499217165e-10
-2.536567515987235877e-10
-2.537892723247047894e-10
-2.539226327969240078e-10
-2.540561865060541140e-10
-2.541904535231057621e-10
-2.543248373455797498e-10
-2.544599191054554253e-10
-2.545956017368479066e-10
-2.547322477629403900e-10
-2.548692896325550611e-10
-2.550069467177503186e-10
-2.551451131356478579e-10
-2.552839056653506308e-10
-2.554237227823190908e-10
-2.555642817111009906e-10
-2.557054127179945321e-10
-2.558469898910708418e-10
-2.559893057965927844e-10
-2.561321722509709004e-10
-2.562761861251758734e-10
-2.564206796964576569e-10
-2.565658335684233604e-10
-2.567112228409517536e-10
-2.568573821923110459e-10
-2.570039249907630827e-10
-2.571515455679541949e-10
-2.572993945710714120e-10
-2.574478349180887477e-10
-2.575962809500928716e-10
-2.577453636479747831e-10
-2.578946220803778315e-10
-2.580446876229838852e-10
-2.581947911181403605e-10
-2.583450540034810793e-10
-2.584950811461071183e-10
-2.586453618233508542e-10
-2.587954926906658095e-10
-2.589461022022822692e-10
-2.590967009229516845e-10
-2.592468126297557142e-10
-2.593965812370813514e-10
-2.595460763070581106e-10
-2.596951705065104343e-10
-2.598441357409854655e-10
-2.599930458363528745e-10
-2.601408483068007377e-10
-2.602882344046075790e-10
-2.604344721614091963e-10
-2.605803764516265562e-10
-2.607253562208729095e-10
-2.608698684789167412e-10
-2.610129201164745695e-10
-2.611552667367165739e-10
-2.612957882919744291e-10
-2.614354809182606999e-10
-2.615737114238561714e-10
-2.617109925366634829e-10
-2.618470270582083915e-10
-2.619810817041575621e-10
-2.621135569502447162e-10
-2.622443423076994551e-10
-2.623734612534114809e-10
-2.625008467519120449e-10
-2.626268236107083090e-10
-2.627504143279108775e-10
-2.628723933776877445e-10
-2.629916357906458365e-10
-2.631090813529984630e-10
-2.632241342991892293e-10
-2.633372256354361523e-10
-2.634483884452038363e-10
-2.635564827307316025e-10
-2.636622913094316799e-10
-2.637651726726597996e-10
-2.638657740930051822e-10
-2.639637449699652488e-10
-2.640592235855788765e-10
-2.641520206508426275e-10
-2.642417601407297804e-10
-2.643286099202659077e-10
-2.644126469736467019e-10
-2.644936246619328359e-10
-2.645718893482062757e-10
-2.646471480187746671e-10
-2.647193310588696683e-10
-2.647884287566388257e-10
-2.648541382286212113e-10
-2.649168540023698283e-10
-2.649760247394469719e-10
-2.650322539696271012e-10
-2.650853147145501318e-10
-2.651350079207214999e-10
-2.651815414586291403e-10
-2.652244597134317091e-10
-2.652642674382588335e-10
-2.653003064906160852e-10
-2.653333012588851612e-10
-2.653628521095527506e-10
-2.653890834017041551e-10
-2.654119383644298624e-10
-2.654312224711692395e-10
-2.654472743734250152e-10
-2.654595460226822390e-10
-2.654688021549371668e-10
-2.654744118945761955e-10
-2.654769410030589742e-10
-2.654758136122827378e-10
-2.654712946531580444e-10
-2.654634092870151066e-10
-2.654519345097207814e-10
-2.654372812984425166e-10
-2.654191917758645030e-10
-2.653982936592742696e-10
-2.653737094341189378e-10
-2.653461922558661880e-10
-2.653150312379776412e-10
-2.652807762450056461e-10
-2.652432116422442552e-10
-2.652026036502537714e-10
-2.651590192255448830e-10
-2.651122604726758323e-10
-2.650626277484468845e-10
-2.650097388954150403e-10
-2.649540458437079678e-10
-2.648949398259939610e-10
-2.648333126219314637e-10
-2.647685234861382474e-10
-2.647013903987225769e-10
-2.646312285556548085e-10
-2.645584680682940312e-10
-2.644828609290930612e-10
-2.644045534738220547e-10
-2.643235601781416796e-10
-2.642401660020131660e-10
-2.641544062397292305e-10
-2.640662783646290553e-10
-2.639758697833840511e-10
-2.638830791663691284e-10
-2.637881645488165272e-10
-2.636906327844445839e-10
-2.635911488587873726e-10
-2.634893974393156431e-10
-2.633859018343241315e-10
-2.632803270770237329e-10
-2.631729314921598496e-10
-2.630634671248240735e-10
-2.629522592036336681e-10
-2.628388950143418989e-10
-2.627240610190993776e-10
-2.626074352528923624e-10
-2.624895377867314037e-10
-2.623700635526467459e-10
-2.622492258429191818e-10
-2.621268977454833593e-10
-2.620032268594397399e-10
-2.618779526492148089e-10
-2.617517062009772205e-10
-2.616241844207108405e-10
-2.614958342904992533e-10
-2.613664282792754366e-10
-2.612361225925782238e-10
-2.611048237176393142e-10
-2.609726310890881839e-10
-2.608393816846657414e-10
-2.607055235655503683e-10
-2.605709073692427738e-10
-2.604357945788143826e-10
-2.603000652831556083e-10
-2.601638360244949642e-10
-2.600270288185002271e-10
-2.598897145432701994e-10
-2.597518167409968417e-10
-2.596136369002138891e-10
-2.594752168161017654e-10
-2.593366465009508110e-10
-2.591979166376992863e-10
-2.590591328197123330e-10
-2.589202000603362940e-10
-2.587811684979960350e-10
-2.586420700317838116e-10
-2.585029711707808742e-10
-2.583640279362903413e-10
-2.582253105221070355e-10
-2.580867347325243438e-10
-2.579484801973321293e-10
-2.578104139773261063e-10
-2.576725839474643563e-10
-2.575350255336363796e-10
-2.573977462895052936e-10
-2.572607948269716767e-10
-2.571244871102299319e-10
-2.569885421272264344e-10
-2.568530410995774897e-10
-2.567181163348221273e-10
-2.565836295509213668e-10
-2.564495417688688679e-10
-2.563160986274672204e-10
-2.561831235762945234e-10
-2.560508586483979581e-10
-2.559193248729646240e-10
-2.557883338032113904e-10
-2.556580900723420062e-10
-2.555284578460201968e-10
-2.553994947373756783e-10
-2.552711858233180863e-10
-2.551436266432082739e-10
-2.550166957857318074e-10
-2.548907277965676898e-10
-2.547654370314508145e-10
-2.546408187265728119e-10
-2.545170727513291133e-10
-2.543939706008355020e-10
-2.542715144332813662e-10
-2.541499329377866372e-10
-2.540290942279225426e-10
-2.539088846565927130e-10
-2.537897633654357887e-10
-2.536712335892549264e-10
-2.535533513225377234e-10
-2.534363258438591820e-10
-2.533199176073537276e-10
-2.532040908449796630e-10
-2.530891439790625841e-10
-2.529748753241696616e-10
-2.528611835901548103e-10
-2.527484703976449412e-10
-2.526362568523043914e-10
-2.525245552189656134e-10
-2.524135964107365256e-10
-2.523031247348100427e-10
-2.521931028834605639e-10
-2.520838367405588158e-10
-2.519751235678965595e-10
-2.518668359533400221e-10
-2.517592888083084555e-10
-2.516521261236658838e-10
-2.515453096573486193e-10
-2.514390487274107201e-10
-2.513331014060824528e-10
-2.512274694699222114e-10
-2.511223803447196218e-10
-2.510176932875732778e-10
-2.509132303268146458e-10
-2.508091848046320617e-10
-2.507054208998489191e-10
-2.506018267682466306e-10
-2.504983586933298225e-10
-2.503951134251509299e-10
-2.502919426671456360e-10
-2.501889478410568101e-10
-2.500861929556243245e-10
-2.499834205020035924e-10
-2.498807459959671052e-10
-2.497781978229696965e-10
-2.496755099993253989e-10
-2.495725883806007587e-10
-2.494697341131775726e-10
-2.493666865825240591e-10
-2.492634194297780402e-10
-2.491601823864063699e-10
-2.490567256551436989e-10
-2.489530269434725705e-10
-2.488490701570901981e-10
-2.487448771674039364e-10
-2.486403451840630077e-10
-2.485353864582441146e-10
-2.484301321131138861e-10
-2.483244061114783547e-10
-2.482183875041009029e-10
-2.481119833309203225e-10
-2.480051274776462324e-10
-2.478978891116174846e-10
-2.477899740216097600e-10
-2.476816176739842436e-10
-2.475725632836794366e-10
-2.474629667009225142e-10
-2.473527796691245558e-10
-2.472418134783085009e-10
-2.471303921727194194e-10
-2.470182168299634498e-10
-2.469053833315532804e-10
-2.467919136541739206e-10
-2.466776085337756527e-10
-2.465626114899546521e-10
-2.464466889513453989e-10
-2.463300676462738189e-10
-2.462126483769849266e-10
-2.460943429603855512e-10
-2.459753348162566792e-10
-2.458553464593419824e-10
-2.457345971827417476e-10
-2.456129917234487194e-10
-2.454903611110231917e-10
-2.453669359822195365e-10
-2.452424671451183245e-10
-2.451171567457415944e-10
-2.449909673842459654e-10
-2.448637543566630681e-10
-2.447357404302515553e-10
-2.446066010606981950e-10
-2.444766218133098791e-10
-2.443457998324335194e-10
-2.442136979925944892e-10
-2.440808237051800693e-10
-2.439469187638821279e-10
-2.438120414134954824e-10
-2.436762485302070412e-10
-2.435392920933100039e-10
-2.434015556683342828e-10
-2.432626236195816117e-10
-2.431228025283862620e-10
-2.429821581405673404e-10
-2.428401940330799937e-10
-2.426975142357669980e-10
-2.425539265776523880e-10
-2.424093043572258624e-10
-2.422637941734514040e-10
-2.421172362413540552e-10
-2.419699330890831377e-10
-2.418216300766069759e-10
-2.416722387444788011e-10
-2.415221102590680563e-10
-2.413709527647351417e-10
-2.412188560632153982e-10
-2.410660206555694098e-10
-2.409122253931804874e-10
-2.407575891738619151e-10
-2.406022071816627849e-10
-2.404458689799552366e-10
-2.402887994020696865e-10
-2.401306642050000655e-10
-2.399718445197335063e-10
-2.398123438730673056e-10
-2.396518008077533448e-10
-2.394906990345742767e-10
-2.393289051668965844e-10
-2.391663613283966737e-10
-2.390030856399698319e-10
-2.388391460451036618e-10
-2.386746375962502125e-10
-2.385093504621276475e-10
-2.383432505986137844e-10
-2.381766681955296907e-10
-2.380095491797027186e-10
-2.378416603482386739e-10
-2.376734087040782185e-10
-2.375046633477693905e-10
-2.373354334779365552e-10
-2.371657222002670107e-10
-2.369954635847058837e-10
-2.368248932423710700e-10
-2.366537734565940613e-10
-2.364820799477440078e-10
-2.363101290221672509e-10
-2.361377413001081375e-10
-2.359648894094081878e-10
-2.357918098165651693e-10
-2.356184161413635379e-10
-2.354447507974893058e-10
-2.352707759245098310e-10
-2.350964748227764587e-10
-2.349220185156407836e-10
-2.347471996195235201e-10
-2.345720439800588093e-10
-2.343967863529844685e-10
-2.342213200395213256e-10
-2.340456938094863378e-10
-2.338700064263646175e-10
-2.336942178452147987e-10
-2.335184197496079608e-10
-2.333424998084169190e-10
-2.331665346505257079e-10
-2.329906026550572130e-10
-2.328145047027184268e-10
-2.326383735616374849e-10
-2.324622732405542338e-10
-2.322862010417318089e-10
-2.321102562682028247e-10
-2.319343773852494770e-10
-2.317585961735269313e-10
-2.315830520862866420e-10
-2.314075709681705091e-10
-2.312322422787617286e-10
-2.310571263420864714e-10
-2.308820920481376733e-10
-2.307072085642541863e-10
-2.305324968669843602e-10
-2.303580148194920177e-10
-2.301837255483213797e-10
-2.300096965495304814e-10
-2.298359179796700336e-10
-2.296624144736826216e-10
-2.294891926640528404e-10
-2.293162267841045831e-10
-2.291435618531426879e-10
-2.289711837113390374e-10
-2.287990171642160268e-10
-2.286272112584402932e-10
-2.284556877201664507e-10
-2.282844332844253870e-10
-2.281136943927610206e-10
-2.279432283409818065e-10
-2.277730924921833280e-10
-2.276034694765650659e-10
-2.274341392772437751e-10
-2.272651668636166991e-10
-2.270966844116259283e-10
-2.269285075803120058e-10
-2.267606728878190528e-10
-2.265933530814182048e-10
-2.264263685839583743e-10
-2.262596990242370543e-10
-2.260936856593758511e-10
-2.259279457134262548e-10
-2.257625867273877446e-10
-2.255978175192460100e-10
-2.254333740397898300e-10
-2.252692962681622307e-10
-2.251058039843719666e-10
-2.249426290728631217e-10
-2.247798466228357750e-10
-2.246176275392042762e-10
-2.244557388296294564e-10
-2.242941705322248325e-10
-2.241332352817828422e-10
-2.239725582376490351e-10
-2.238122501517875847e-10
-2.236525054060025685e-10
-2.234930449753537808e-10
-2.233339393431492323e-10
-2.231753828122348629e-10
-2.230171363894521908e-10
-2.228592163796590536e-10
-2.227018679610689607e-10
-2.225447905663266220e-10
-2.223880062642347750e-10
-2.222317509685840946e-10
-2.220757324684233744e-10
-2.219200247475386377e-10
-2.217647861301790760e-10
-2.216097440791323677e-10
-2.214550534839682651e-10
-2.213007874336136570e-10
-2.211467717200716936e-10
-2.209930579293332352e-10
-2.208397647223371529e-10
-2.206867189043827699e-10
-2.205339258841033282e-10
-2.203814333917001209e-10
-2.202291690093904679e-10
-2.200771312238098277e-10
-2.199253820039458002e-10
-2.197738682372832381e-10
-2.196225440622969963e-10
-2.194714826995110059e-10
-2.193206856754494249e-10
-2.191701306844350770e-10
-2.190197315831269860e-10
-2.188696617504615179e-10
-2.187197029592734378e-10
-2.185698937542993677e-10
-2.184202373991428034e-10
-2.182706619102909123e-10
-2.181212349417180051e-10
-2.179720240158014793e-10
-2.178227865599467547e-10
-2.176737207459491095e-10
-2.175248260211014512e-10
-2.173760129521399717e-10
-2.172273099376790176e-10
-2.170787232680511938e-10
-2.169302406126254749e-10
-2.167817906327139266e-10
-2.166333780000070093e-10
-2.164849050037948908e-10
-2.163364601298436762e-10
-2.161880487341477540e-10
-2.160397066110682612e-10
-2.158912316540621116e-10
-2.157428156129950911e-10
-2.155944384456569369e-10
-2.154460852552768276e-10
-2.152976559229213070e-10
-2.151492511465502858e-10
-2.150008343159017598e-10
-2.148523585429947426e-10
-2.147037920076949872e-10
-2.145550412235536841e-10
-2.144062545529334641e-10
-2.142574253238707283e-10
-2.141085610242299950e-10
-2.139594886698656382e-10
-2.138104187632038840e-10
-2.136612728066846275e-10
-2.135121029390057699e-10
-2.133627876172560931e-10
-2.132133739531313283e-10
-2.130639032154242720e-10
-2.129143027757971675e-10
-2.127645586586575860e-10
-2.126145052624468688e-10
-2.124643764612034960e-10
-2.123141463961335292e-10
-2.121637988413372942e-10
-2.120131959753650458e-10
-2.118625176780407540e-10
-2.117116894655101562e-10
-2.115607775507614025e-10
-2.114096973761962848e-10
-2.112584038961906544e-10
-2.111069928869796482e-10
-2.109554560579576003e-10
-2.108037584109248166e-10
-2.106517088013613020e-10
-2.104995359644460070e-10
-2.103472274182114651e-10
-2.101948146077406856e-10
-2.100421889853177472e-10
-2.098893468662290779e-10
-2.097364305199001644e-10
-2.095833334910060556e-10
-2.094301512465292496e-10
-2.092767026630548695e-10
-2.091230904914546891e-10
-2.089693736345080916e-10
-2.088155025591360798e-10
-2.086614059529700813e-10
-2.085070380137035605e-10
-2.083525912939434769e-10
-2.081980155170882692e-10
-2.080433457339763552e-10
-2.078884411424878742e-10
-2.077334696273879525e-10
-2.075783316027106985e-10
-2.074231620737318255e-10
-2.072678159680115603e-10
-2.071122695191469089e-10
-2.069565988362140866e-10
-2.068008757579692931e-10
-2.066450042186641254e-10
-2.064889368894678900e-10
-2.063327048075131109e-10
-2.061764421292754635e-10
-2.060200901362111498e-10
-2.058636900313144969e-10
-2.057070732257768705e-10
-2.055504587297651252e-10
-2.053937285534846759e-10
-2.052370156887784805e-10
-2.050801158445947285e-10
-2.049231149997782091e-10
-2.047660380853646077e-10
-2.046089675468215570e-10
-2.044518020545240451e-10
-2.042945585515749481e-10
-2.041372285828724388e-10
-2.039799483972830854e-10
-2.038226407605771662e-10
-2.036653986591351995e-10
-2.035080130446769169e-10
-2.033506958671945908e-10
-2.031933609833472708e-10
-2.030361098017181583e-10
-2.028787720358983883e-10
-2.027213922248640617e-10
-2.025640442076445686e-10
-2.024067607781912731e-10
-2.022494421794622628e-10
-2.020921625071008945e-10
-2.019348520673806629e-10
-2.017776514781857398e-10
-2.016204525471119654e-10
-2.014634637434132311e-10
-2.013064060289896113e-10
-2.011494541316458781e-10
-2.009925672036993626e-10
-2.008358346455147545e-10
-2.006791201292672702e-10
-2.005224114559228495e-10
-2.003658403539940155e-10
-2.002093486708037828e-10
-2.000529611070931804e-10
-1.998966461519807812e-10
-1.997404526937207616e-10
-1.995843527350692973e-10
-1.994283491645786722e-10
-1.992726066297299047e-10
-1.991169408685217012e-10
-1.989613443667702074e-10
-1.988059076499936968e-10
-1.986506864758052764e-10
-1.984956115123699847e-10
-1.983405677637230718e-10
-1.981857057372569665e-10
-1.980310026864447851e-10
-1.978764782126471089e-10
-1.977220381977498980e-10
-1.975678660483744448e-10
-1.974137932678299982e-10
-1.972599441230840026e-10
-1.971062063553875251e-10
-1.969528773671900774e-10
-1.967995512807046335e-10
-1.966464670101315119e-10
-1.964935690873707682e-10
-1.963409603027732063e-10
-1.961885144285773504e-10
-1.960361564874405066e-10
-1.958840974555378562e-10
-1.957322100523325654e-10
-1.955805552335159840e-10
-1.954289689964319662e-10
-1.952777463682056729e-10
-1.951265868275407554e-10
-1.949757047655523062e-10
-1.948249565573665724e-10
-1.946746431585498018e-10
-1.945243304374571514e-10
-1.943742841672194087e-10
-1.942244764690300202e-10
-1.940749584814504081e-10
-1.939256259928830588e-10
-1.937763908070751336e-10
-1.936274966941531518e-10
-1.934787881394620683e-10
-1.933303094780027412e-10
-1.931819346004509403e-10
-1.930339304643096982e-10
-1.928860068128420575e-10
-1.927383524481428587e-10
-1.925908381683603705e-10
-1.924437816681884482e-10
-1.922967180749427733e-10
-1.921499159187095557e-10
-1.920033416356954277e-10
-1.918570852776697856e-10
-1.917110238015165122e-10
-1.915650594833660297e-10
-1.914193978447013875e-10
-1.912739798116670779e-10
-1.911287473895024422e-10
-1.909836640140044695e-10
-1.908388540442583838e-10
-1.906941889298172122e-10
-1.905497046295380975e-10
-1.904054067691892181e-10
-1.902615036403686365e-10
-1.901176953402854367e-10
-1.899740191174466360e-10
-1.898305634181391799e-10
-1.896874476007656135e-10
-1.895444836462326647e-10
-1.894017503416137560e-10
-1.892590646355992013e-10
-1.891167900778281931e-10
-1.889746172247334346e-10
-1.888326238566718803e-10
-1.886907508405695420e-10
-1.885491013155090217e-10
-1.884075015472422953e-10
-1.882661278558967885e-10
-1.881248835901178094e-10
-1.879840049268898338e-10
-1.878430577214083505e-10
-1.877023494696062673e-10
-1.875618114055153318e-10
-1.874215358706912674e-10
-1.872814102839726793e-10
-1.871413618854249747e-10
-1.870014988674523394e-10
-1.868618760599096274e-10
-1.867223592471026311e-10
-1.865829562064090316e-10
-1.864437010806486253e-10
-1.863045173133157071e-10
-1.861654241965181159e-10
-1.860264803501019324e-10
-1.858877323330559242e-10
-1.857491940946531062e-10
-1.856105812605386660e-10
-1.854721804619545213e-10
-1.853339611684162994e-10
-1.851958969289438873e-10
-1.850579878948738038e-10
-1.849200837562089513e-10
-1.847823764536306904e-10
-1.846448250868175765e-10
-1.845073705687545371e-10
-1.843699939823849452e-10
-1.842327290954773336e-10
-1.840954858233631360e-10
-1.839583085668416282e-10
-1.838212666577478753e-10
-1.836843644058808454e-10
-1.835476610364323841e-10
-1.834108490403099414e-10
-1.832742434539496416e-10
-1.831377429016675828e-10
-1.830013988444375717e-10
-1.828651710728220813e-10
-1.827289691073617279e-10
-1.825928576805793419e-10
-1.824569211460978117e-10
-1.823210419944513669e-10
-1.821852319246057768e-10
-1.820494541947022013e-10
-1.819137100285919676e-10
-1.817779605986050990e-10
-1.816423456343466224e-10
-1.815067647405296127e-10
-1.813714114435781980e-10
-1.812359669960231652e-10
-1.811005935976428781e-10
-1.809653286219613556e-10
-1.808301886765094210e-10
-1.806951381840608484e-10
-1.805601481932942758e-10
-1.804251095314084373e-10
-1.802902647973173268e-10
-1.801554579499782201e-10
-1.800207352588666446e-10
-1.798860022637165961e-10
-1.797513316652441093e-10
-1.796166312995492897e-10
-1.794819989957792405e-10
-1.793474262725127208e-10
-1.792130007469762181e-10
-1.790786664444216114e-10
-1.789442254496676666e-10
-1.788099385680616108e-10
-1.786757321842888502e-10
-1.785416181420717873e-10
-1.784076020474390210e-10
-1.782735679174489906e-10
-1.781395850707769637e-10
-1.780057215364485147e-10
-1.778719123713857362e-10
-1.777381675374751886e-10
-1.776044335800497086e-10
-1.774707575450066354e-10
-1.773370642247086960e-10
-1.772034781822164092e-10
-1.770699311582095701e-10
-1.769365746602171898e-10
-1.768032512654289676e-10
-1.766698664280407986e-10
-1.765366470079755997e-10
-1.764035049208378656e-10
-1.762704757504336049e-10
-1.761375364673025536e-10
-1.760045769116666607e-10
-1.758716961431041645e-10
-1.757389389572051068e-10
-1.756062370683300242e-10
-1.754736132295856084e-10
-1.753409827912558454e-10
-1.752084486358094221e-10
-1.750758971753686047e-10
-1.749434621518787233e-10
-1.748110553493474113e-10
-1.746788513047638403e-10
-1.745467063208760315e-10
-1.744144941633426235e-10
-1.742824452649427456e-10
-1.741504786343546972e-10
-1.740186400475655483e-10
-1.738868974409868049e-10
-1.737551646317984351e-10
-1.736234606752338391e-10
-1.734919318873236192e-10
-1.733604472172793725e-10
-1.732290950126904048e-10
-1.730977248714418386e-10
-1.729665026253869118e-10
-1.728352908544464529e-10
-1.727041736819487971e-10
-1.725731442582744903e-10
-1.724422589595422018e-10
-1.723115702073832388e-10
-1.721808045170875507e-10
-1.720501878076600559e-10
-1.719196653282040122e-10
-1.717893226825129968e-10
-1.716590935391617434e-10
-1.715289323721972629e-10
-1.713987668296353187e-10
-1.712688019921092529e-10
-1.711389265154687691e-10
-1.710091727988744657e-10
-1.708794861901272661e-10
-1.707498817307546766e-10
-1.706204306410074120e-10
-1.704909809396076097e-10
-1.703617311668218741e-10
-1.702325179056003739e-10
-1.701035972040618784e-10
-1.699747384780907910e-10
-1.698458693230641255e-10
-1.697171933523096240e-10
-1.695886498075313456e-10
-1.694602966637504209e-10
-1.693320525019551874e-10
-1.692039016818522339e-10
-1.690757630739430347e-10
-1.689478976743903656e-10
-1.688200995669205151e-10
-1.686924594678672798e-10
-1.685648597427477584e-10
-1.684374235070563719e-10
-1.683100894168908906e-10
-1.681828035964740755e-10
-1.680557241726597093e-10
-1.679286891101656407e-10
-1.678020047731912561e-10
-1.676753245880995645e-10
-1.675486809540511900e-10
-1.674222195290921946e-10
-1.672959348058916706e-10
-1.671698365555206039e-10
-1.670438561172882416e-10
-1.669179686193775596e-10
-1.667921062301583921e-10
-1.666665480601089167e-10
-1.665410582678168139e-10
-1.664157282144407527e-10
-1.662904624856370625e-10
-1.661653573840285851e-10
-1.660403840109326568e-10
-1.659154526106729815e-10
-1.657907432736285801e-10
-1.656660801797403182e-10
-1.655417659229560385e-10
-1.654175121612738732e-10
-1.652932556163169235e-10
-1.651692183249811270e-10
-1.650453174272685318e-10
-1.649216641225728786e-10
-1.647981140227582969e-10
-1.646747066529583853e-10
-1.645512943087951051e-10
-1.644281755507707220e-10
-1.643051751246928883e-10
-1.641823016962185077e-10
-1.640595368088801111e-10
-1.639368629471282793e-10
-1.638144085166534040e-10
-1.636919727137219413e-10
-1.635696971760941992e-10
-1.634475358316899816e-10
-1.633255934053347613e-10
-1.632038986312150928e-10
-1.630821350384883702e-10
-1.629605708479880612e-10
-1.628391304836055409e-10
-1.627179336064161597e-10
-1.625968767351852997e-10
-1.624759652851260887e-10
-1.623550906953629372e-10
-1.622343530058711121e-10
-1.621138891629808815e-10
-1.619934912501453949e-10
-1.618732560766356194e-10
-1.617530709889119340e-10
-1.616330623265931737e-10
-1.615131425448312582e-10
-1.613932680192486195e-10
-1.612736057989699629e-10
-1.611539935460401770e-10
-1.610346993233764024e-10
-1.609154984029258261e-10
-1.607962452384997197e-10
-1.606772341202805662e-10
-1.605583177847398788e-10
-1.604396628598922608e-10
-1.603211037046999716e-10
-1.602026896548467291e-10
-1.600842687882732545e-10
-1.599660487451728775e-10
-1.598480364146441340e-10
-1.597300888824366390e-10
-1.596122988717371878e-10
-1.594945461292842299e-10
-1.593769643246448176e-10
-1.592594418438949939e-10
-1.591419679289868590e-10
-1.590246896921124581e-10
-1.589074546979845014e-10
-1.587905235545549365e-10
-1.586736722180748270e-10
-1.585567605970476798e-10
-1.584400812708960018e-10
-1.583234881209845216e-10
-1.582071295030960881e-10
-1.580908688525315049e-10
-1.579747377920295846e-10
-1.578586101530474615e-10
-1.577426315146730854e-10
-1.576268774266956676e-10
-1.575111779514382705e-10
-1.573956200284031581e-10
-1.572800945571674456e-10
-1.571646970507724951e-10
-1.570493853324068624e-10
-1.569340911624898966e-10
-1.568189662327862976e-10
-1.567039017521258971e-10
-1.565890565119269561e-10
-1.564743859797931818e-10
-1.563596386937583714e-10
-1.562450519757001899e-10
-1.561305833724536211e-10
-1.560162845029088245e-10
-1.559021175132130441e-10
-1.557880611373046900e-10
-1.556740908652582560e-10
-1.555601217446848197e-10
-1.554464196474128857e-10
-1.553327788545641255e-10
-1.552192493334873580e-10
-1.551057909142241119e-10
-1.549923881933554147e-10
-1.548791369010575134e-10
-1.547658946889468097e-10
-1.546527267567151516e-10
-1.545396973170774733e-10
-1.544267267407401743e-10
-1.543140334456839607e-10
-1.542013456316392927e-10
-1.540886217666195727e-10
-1.539761041929248021e-10
-1.538636638205605832e-10
-1.537514139643410590e-10
-1.536392516562595712e-10
-1.535271998895872319e-10
-1.534151384669911962e-10
-1.533031946591385079e-10
-1.531914533723591219e-10
-1.530797527654763141e-10
-1.529681775704540884e-10
-1.528566423743143648e-10
-1.527451753124777152e-10
-1.526338372024586900e-10
-1.525225079719415495e-10
-1.524112774062119076e-10
-1.523001517034844858e-10
-1.521891035014705941e-10
-1.520783316628493247e-10
-1.519675246977213264e-10
-1.518567100802327005e-10
-1.517460870744330614e-10
-1.516355280839530511e-10
-1.515251688872002900e-10
-1.514148908956142106e-10
-1.513047104206325620e-10
-1.511945265405807142e-10
-1.510844451514966918e-10
-1.509745647931508880e-10
-1.508647231111386194e-10
-1.507550057125433932e-10
-1.506453254176985252e-10
-1.505356954586738800e-10
-1.504262119867558838e-10
-1.503167330911206123e-10
-1.502073314198453763e-10
-1.500980551735904163e-10
-1.499888252494497594e-10
-1.498798684316780370e-10
-1.497709325213662906e-10
-1.496619449625550927e-10
-1.495531554538119979e-10
-1.494444338721068302e-10
-1.493358832380849721e-10
-1.492274377434188804e-10
-1.491190860214249345e-10
-1.490107889318905115e-10
-1.489024952869053692e-10
-1.487944390921048754e-10
-1.486864409677333254e-10
-1.485785337801203869e-10
-1.484707257310438502e-10
-1.483629350165710254e-10
-1.482553063538300274e-10
-1.481477016055385346e-10
-1.480401221337245957e-10
-1.479327208967731978e-10
-1.478253393631700025e-10
-1.477181559717527418e-10
-1.476111431661272985e-10
-1.475040721189969164e-10
-1.473970739831376457e-10
-1.472902111618068822e-10
-1.471834734759831804e-10
-1.470768877780172012e-10
-1.469703932964532838e-10
-1.468639903668635845e-10
-1.467575679773799552e-10
-1.466512754411528673e-10
-1.465451777078399586e-10
-1.464391169072014388e-10
-1.463331803307613518e-10
-1.462272947448361499e-10
-1.461214629820494373e-10
-1.460158132342466767e-10
-1.459101747774592774e-10
-1.458045935225611529e-10
-1.456991738588056717e-10
-1.455937758888017420e-10
-1.454886284859050101e-10
-1.453836028430544845e-10
-1.452785041540460043e-10
-1.451735522712666795e-10
-1.450687074688975985e-10
-1.449640011031938692e-10
-1.448594443006746662e-10
-1.447549855970762009e-10
-1.446506240251611905e-10
-1.445462442336532013e-10
-1.444420004804567551e-10
-1.443379661144026892e-10
-1.442339677960337194e-10
-1.441300957185859449e-10
-1.440262740361770029e-10
-1.439224983633396915e-10
-1.438189143054813228e-10
-1.437153400483032319e-10
-1.436118109880858082e-10
-1.435084592086532847e-10
-1.434051154829519887e-10
-1.433020171065402231e-10
-1.431990730209321755e-10
-1.430960671407024787e-10
-1.429931605766650129e-10
-1.428903846455957523e-10
-1.427877220063111770e-10
-1.426852564169581482e-10
-1.425828659168051729e-10
-1.424805805329785062e-10
-1.423783068020586930e-10
-1.422761018963257678e-10
-1.421741495250739314e-10
-1.420722430482464363e-10
-1.419704299065313354e-10
-1.418687219304913888e-10
-1.417670443105699418e-10
-1.416655394642390183e-10
-1.415640775250824605e-10
-1.414626446194954097e-10
-1.413613652611895128e-10
-1.412601569224490441e-10
-1.411590603654186490e-10
-1.410582532163251220e-10
-1.409574133028895228e-10
-1.408565547652004409e-10
-1.407558952777160186e-10
-1.406553111195960442e-10
-1.405549124703580966e-10
-1.404546196974186195e-10
-1.403544190423200952e-10
-1.402543286621469629e-10
-1.401542099524478059e-10
-1.400542800678729473e-10
-1.399545129259137555e-10
-1.398547953959917505e-10
-1.397552039260451560e-10
-1.396556616568953845e-10
-1.395561814159517968e-10
-1.394568962476961007e-10
-1.393576270026671963e-10
-1.392583931440489174e-10
-1.391593395962345002e-10
-1.390603194411374296e-10
-1.389614865352916279e-10
-1.388628732317987778e-10
-1.387642169619129781e-10
-1.386655830108640486e-10
-1.385671427178361865e-10
-1.384687690457468567e-10
-1.383706031191284082e-10
-1.382725269942451714e-10
-1.381745428654757381e-10
-1.380766673271911603e-10
-1.379787685291517396e-10
-1.378810727127748306e-10
-1.377835244132504449e-10
-1.376860279102720221e-10
-1.375886574146302599e-10
-1.374913275791455220e-10
-1.373940502771494768e-10
-1.372969542071357379e-10
-1.371998724055175718e-10
-1.371028154296575400e-10
-1.370059357016831608e-10
-1.369090885965841764e-10
-1.368123918146419320e-10
-1.367159378783578581e-10
-1.366194443412719777e-10
-1.365229398915118262e-10
-1.364266380220436384e-10
-1.363303970325985149e-10
-1.362343287739749549e-10
-1.361383724122087321e-10
-1.360424941861111737e-10
-1.359467371048442410e-10
-1.358509458708877480e-10
-1.357552981532375525e-10
-1.356598517459690261e-10
-1.355644375569153907e-10
-1.354691288888485420e-10
-1.353738917009363566e-10
-1.352786976669427138e-10
-1.351836544726236999e-10
-1.350886498329110462e-10
-1.349936697656324382e-10
-1.348988143107631946e-10
-1.348040513060171041e-10
-1.347093467368814053e-10
-1.346148992949591438e-10
-1.345205046299798995e-10
-1.344260578822313822e-10
-1.343317417641611660e-10
-1.342375298247892157e-10
-1.341434339867960713e-10
-1.340495105308926403e-10
-1.339556507020979322e-10
-1.338618888406270486e-10
-1.337681739888643522e-10
-1.336744661972761866e-10
-1.335809793437496850e-10
-1.334875772254771433e-10
-1.333942364807161489e-10
-1.333010165485035542e-10
-1.332078262223070353e-10
-1.331146938053332550e-10
-1.330217302568115337e-10
-1.329287776143841720e-10
-1.328358428592675890e-10
-1.327430636780246866e-10
-1.326503504959248761e-10
-1.325577211015812448e-10
-1.324653547530223737e-10
-1.323729816272223263e-10
-1.322805581590221963e-10
-1.321883126953900285e-10
-1.320961489369928334e-10
-1.320040998027990802e-10
-1.319122033276073100e-10
-1.318203784575872565e-10
-1.317286510943018181e-10
-1.316369583179757615e-10
-1.315452747567237199e-10
-1.314538176112549579e-10
-1.313624383382610078e-10
-1.312711118224705211e-10
-1.311799065041494358e-10
-1.310887242712172684e-10
-1.309975856626626170e-10
-1.309066084050862403e-10
-1.308156405862986232e-10
-1.307246870424864389e-10
-1.306338746593957294e-10
-1.305431248111593288e-10
-1.304524371128562614e-10
-1.303620009357380583e-10
-1.302715854489448944e-10
-1.301811141617695862e-10
-1.300907751196247162e-10
-1.300005344856533780e-10
-1.299103676512322965e-10
-1.298203883917648501e-10
-1.297304622020435652e-10
-1.296406118976836733e-10
-1.295508369917766029e-10
-1.294610404283071070e-10
-1.293713999552292066e-10
-1.292819071536301750e-10
-1.291924433954704142e-10
-1.291030803550100405e-10
-1.290137812443312722e-10
-1.289245089695535150e-10
-1.288353578527660774e-10
-1.287462716132580518e-10
-1.286572004086976209e-10
-1.285682102711271501e-10
-1.284793373403495930e-10
-1.283904692227292251e-10
-1.283018105350202233e-10
-1.282133017197485416e-10
-1.281247541590549512e-10
-1.280361978208470973e-10
-1.279478171283324788e-10
-1.278594920651239838e-10
-1.277713067216507773e-10
-1.276832246850462377e-10
-1.275952259821885536e-10
-1.275073097938868757e-10
-1.274194054986564459e-10
-1.273315267036183405e-10
-1.272438639676862404e-10
-1.271562620295291887e-10
-1.270687143882595039e-10
-1.269812787063557218e-10
-1.268938702913328684e-10
-1.268065130839597849e-10
-1.267193116873348468e-10
-1.266321270232577079e-10
-1.265449642108484217e-10
-1.264579122326514025e-10
-1.263709574650959499e-10
-1.262840259474255764e-10
-1.261973067909878904e-10
-1.261107137932232805e-10
-1.260240778093261931e-10
-1.259374550081501504e-10
-1.258510057865957088e-10
-1.257646066146382313e-10
-1.256783523078554060e-10
-1.255921986365238743e-10
-1.255061270849576350e-10
-1.254201414398579070e-10
-1.253341701618514433e-10
-1.252482165046720018e-10
-1.251624820188656201e-10
-1.250768173912818789e-10
-1.249912000563397311e-10
-1.249056907295660542e-10
-1.248202160621300370e-10
-1.247347827654743861e-10
-1.246494900110346995e-10
-1.245642322054458868e-10
-1.244789945670844162e-10
-1.243938450756269386e-10
-1.243088055630017787e-10
-1.242237680013008861e-10
-1.241389247062567814e-10
-1.240542488024893719e-10
-1.239695346698179427e-10
-1.238847959120737179e-10
-1.238002300299076120e-10
-1.237157175793791597e-10
-1.236313180422942766e-10
-1.235470631137700533e-10
-1.234628669103694101e-10
-1.233787439867112563e-10
-1.232946858416348230e-10
-1.232106079504412013e-10
-1.231266701244247106e-10
-1.230429016767983598e-10
-1.229591536694629157e-10
-1.228754823929990498e-10
-1.227919113045569880e-10
-1.227083447397589011e-10
-1.226248498985697502e-10
-1.225415028538765473e-10
-1.224581600663435886e-10
-1.223748316755131861e-10
-1.222916509693213461e-10
-1.222085216846242829e-10
-1.221254492366350982e-10
-1.220426063265659860e-10
-1.219598253229759342e-10
-1.218770017346239786e-10
-1.217942300842846890e-10
-1.217116006046732203e-10
-1.216290260667740169e-10
-1.215465991444250024e-10
-1.214642633825493701e-10
-1.213820071841689462e-10
-1.212998312730667150e-10
-1.212176771971827385e-10
-1.211355349387017764e-10
-1.210535812849202979e-10
-1.209717258781061201e-10
-1.208899084271323199e-10
-1.208081856963284978e-10
-1.207265316492448349e-10
-1.206449023818603904e-10
-1.205633563330754861e-10
-1.204819337090377450e-10
-1.204005220700525269e-10
-1.203191286309207598e-10
-1.202378835409919816e-10
-1.201566834440486537e-10
-1.200755481816157261e-10
-1.199946415622438917e-10
-1.199137858840380708e-10
-1.198328898779574775e-10
-1.197520462573190656e-10
-1.196713487750554529e-10
-1.195907014608260237e-10
-1.195101946230140891e-10
-1.194297869105788625e-10
-1.193494503756253909e-10
-1.192691968552962167e-10
-1.191889797379638225e-10
-1.191087598570961977e-10
-1.190287014226146089e-10
-1.189487818788076956e-10
-1.188688872462969140e-10
-1.187890701112097324e-10
-1.187093480614739771e-10
-1.186296308018659273e-10
-1.185499723134403994e-10
-1.184704678361751650e-10
-1.183909663527397400e-10
-1.183114773578516415e-10
-1.182321093498778418e-10
-1.181528187110206588e-10
-1.180735451896322769e-10
-1.179944664020697264e-10
-1.179155224717364035e-10
-1.178365413948837109e-10
-1.177575383610856659e-10
-1.176787015835408905e-10
-1.175999179119314284e-10
-1.175212183274611238e-10
-1.174426870192567555e-10
-1.173641946703192770e-10
-1.172857667347820710e-10
-1.172074412441537487e-10
-1.171290743597156280e-10
-1.170507916150554404e-10
-1.169727034989435589e-10
-1.168946546941202952e-10
-1.168166513790608431e-10
-1.167387483967798023e-10
-1.166608779452562731e-10
-1.165830508878157070e-10
-1.165053167312177134e-10
-1.164276658688874936e-10
-1.163500313114150984e-10
-1.162724182831981067e-10
-1.161949440403782650e-10
-1.161175071085739282e-10
-1.160401280498031653e-10
-1.159629561903760637e-10
-1.158858539588770237e-10
-1.158087147815439267e-10
-1.157315830196970186e-10
-1.156546145597526524e-10
-1.155776861118504692e-10
-1.155008662610130013e-10
-1.154241751349884832e-10
-1.153475338085267578e-10
-1.152709543852541499e-10
-1.151944651683772835e-10
-1.151179368705064038e-10
-1.150415034507217648e-10
-1.149652574019155311e-10
-1.148890406103935620e-10
-1.148128703679905837e-10
-1.147367996622046511e-10
-1.146607557758701445e-10
-1.145847571259753741e-10
-1.145088469684265296e-10
-1.144330213586060519e-10
-1.143572116720123659e-10
-1.142814150266730216e-10
-1.142057533372605704e-10
-1.141301437668065700e-10
-1.140545714349897710e-10
-1.139791897969734829e-10
-1.139039094129140119e-10
-1.138285935108470150e-10
-1.137532604682817463e-10
-1.136780912342671446e-10
-1.136029673156504424e-10
-1.135279201772541642e-10
-1.134530382785250011e-10
-1.133781893579828911e-10
-1.133034064036846770e-10
-1.132287162120522752e-10
-1.131540101695713983e-10
-1.130793390364623138e-10
-1.130048525009266399e-10
-1.129304335305373622e-10
-1.128560483377864070e-10
-1.127817420275166102e-10
-1.127075156294738329e-10
-1.126332906526777397e-10
-1.125591165907283110e-10
-1.124850919702362721e-10
-1.124110646256880843e-10
-1.123370506184872865e-10
-1.122631277651800369e-10
-1.121892967369105828e-10
-1.121154693900648483e-10
-1.120417633657055556e-10
-1.119682585497403494e-10
-1.118947382842972420e-10
-1.118211831950203398e-10
-1.117477015565618960e-10
-1.116743377434018634e-10
-1.116010154951276372e-10
-1.115278078973762279e-10
-1.114547027971724907e-10
-1.113816506055086711e-10
-1.113086549149805998e-10
-1.112357404756781389e-10
-1.111627855637442984e-10
-1.110899190290090556e-10
-1.110172322096016605e-10
-1.109445755653670061e-10
-1.108719604958879349e-10
-1.107994310236226328e-10
-1.107269518904674833e-10
-1.106544932535319461e-10
-1.105820924962098298e-10
-1.105098208552014860e-10
-1.104375502965777663e-10
-1.103652888214311610e-10
-1.102931306893423875e-10
-1.102210500744167807e-10
-1.101489692851252490e-10
-1.100770274621766391e-10
-1.100052695623672367e-10
-1.099334909755226861e-10
-1.098616775286552019e-10
-1.097899424280114201e-10
-1.097183187735055817e-10
-1.096467342954015181e-10
-1.095752602534290646e-10
-1.095038916666449410e-10
-1.094325714351474811e-10
-1.093613037009495749e-10
-1.092901237912432513e-10
-1.092189046623661414e-10
-1.091477566451723169e-10
-1.090767830827196225e-10
-1.090058540329236410e-10
-1.089349583166263965e-10
-1.088641408643047998e-10
-1.087933970569071144e-10
-1.087226520585573367e-10
-1.086519511056952285e-10
-1.085814039369887261e-10
-1.085108505108488794e-10
-1.084403124058799506e-10
-1.083698395071827040e-10
-1.082994709122007897e-10
-1.082291163915090083e-10
-1.081588354762620565e-10
-1.080887524202676977e-10
-1.080187165351877313e-10
-1.079486507381288508e-10
-1.078785738244205210e-10
-1.078086528925362798e-10
-1.077387677714627217e-10
-1.076689518736567086e-10
-1.075992908720002300e-10
-1.075296663983576108e-10
-1.074601061341400602e-10
-1.073906146293109281e-10
-1.073211434002765675e-10
-1.072516683088727284e-10
-1.071823119639457193e-10
-1.071131038464945498e-10
-1.070439117147787115e-10
-1.069747611742680546e-10
-1.069057094630410441e-10
-1.068366736585912145e-10
-1.067676787906519037e-10
-1.066987472241189496e-10
-1.066299267911812409e-10
-1.065611079176669765e-10
-1.064922971965816439e-10
-1.064235864858622604e-10
-1.063549520520051057e-10
-1.062863178451526386e-10
-1.062177971932786575e-10
-1.061494701369172041e-10
-1.060811355071532478e-10
-1.060127743540309397e-10
-1.059444379477086153e-10
-1.058762413203401632e-10
-1.058080751708173730e-10
-1.057399854462033358e-10
-1.056720430542061071e-10
-1.056041281758340227e-10
-1.055362784445150238e-10
-1.054684980779302599e-10
-1.054007276337529231e-10
-1.053329545675070458e-10
-1.052653050148362721e-10
-1.051977985409120056e-10
-1.051303057925460479e-10
-1.050628495985133244e-10
-1.049954911711191513e-10
-1.049281525984096221e-10
-1.048608516031993544e-10
-1.047936026940482897e-10
-1.047264744329494895e-10
-1.046593456915219390e-10
-1.045922254117760626e-10
-1.045251909200594911e-10
-1.044582385711376568e-10
-1.043912942923966738e-10
-1.043244280901057325e-10
-1.042577569835321407e-10
-1.041911208323892699e-10
-1.041244540948332819e-10
-1.040577741449469572e-10
-1.039912398300772493e-10
-1.039247502055200835e-10
-1.038583153252798259e-10
-1.037920143350314485e-10
-1.037257659638098000e-10
-1.036595773737769938e-10
-1.035934395077753162e-10
-1.035273573895170332e-10
-1.034612476918351493e-10
-1.033952167516173573e-10
-1.033293504457208509e-10
-1.032635170390532729e-10
-1.031977142418282570e-10
-1.031319815331205123e-10
-1.030663224430173040e-10
-1.030006597570283607e-10
-1.029350338523773523e-10
-1.028695400545800089e-10
-1.028040589098261143e-10
-1.027386011991929746e-10
-1.026731538123378617e-10
-1.026078288764127433e-10
-1.025425520260005891e-10
-1.024772729614703412e-10
-1.024121439963820624e-10
-1.023471658150397199e-10
-1.022821671045785304e-10
-1.022171433775436837e-10
-1.021521635347902884e-10
-1.020873071134941264e-10
-1.020224774787501427e-10
-1.019577174587745397e-10
-1.018931044720327669e-10
-1.018285174625221389e-10
-1.017639898904034241e-10
-1.016995250521793532e-10
-1.016350836530109193e-10
-1.015706312145062087e-10
-1.015062699627942810e-10
-1.014420683776200914e-10
-1.013778823735207033e-10
-1.013137344436989380e-10
-1.012496553242593889e-10
-1.011856414653752627e-10
-1.011216265635855942e-10
-1.010576470399817134e-10
-1.009938084155504588e-10
-1.009299686840601314e-10
-1.008661540563264367e-10
-1.008023516407865092e-10
-1.007386677364939251e-10
-1.006750313057886416e-10
-1.006113892526051483e-10
-1.005478895626099380e-10
-1.004845406728102880e-10
-1.004211769224289295e-10
-1.003577914684262683e-10
-1.002944233506722710e-10
-1.002311886392914995e-10
-1.001679812359156904e-10
-1.001048405784954800e-10
-1.000418303780326366e-10
-9.997885582717421957e-11
-9.991593952275563624e-11
-9.985307229740673957e-11
-9.979025870438080930e-11
-9.972741247367482523e-11
-9.966463868542595706e-11
-9.960201906625365756e-11
-9.953944191998588932e-11
-9.947689143854315013e-11
-9.941439192623079017e-11
-9.935197560784354749e-11
-9.928955834689338014e-11
-9.922718592430230492e-11
-9.916487652840900501e-11
-9.910266244322681524e-11
-9.904044996517195060e-11
-9.897824186600446658e-11
-9.891611227426691600e-11
-9.885406047440108773e-11
-9.879202043765454625e-11
-9.873003969847820564e-11
-9.866821889067838169e-11
-9.860647858071185307e-11
-9.854470736027480595e-11
-9.848289924499749954e-11
-9.842120799107119970e-11
-9.835958970434469100e-11
-9.829800123254438286e-11
-9.823649595137924914e-11
-9.817510264602964200e-11
-9.811373720139202534e-11
-9.805243075987648733e-11
-9.799118455520413199e-11
-9.792995324730262402e-11
-9.786871013351281758e-11
-9.780755515182237112e-11
-9.774655408094957459e-11
-9.768556863392057842e-11
-9.762461175987189268e-11
-9.756372115967488021e-11
-9.750289857863363930e-11
-9.744207024351726231e-11
-9.738127760735417027e-11
-9.732057674359011104e-11
-9.725993073764531032e-11
-9.719929732223539286e-11
-9.713866537577606614e-11
-9.707812008424070966e-11
-9.701764378403334133e-11
-9.695717202720948877e-11
-9.689676501935803901e-11
-9.683651717633109701e-11
-9.677634029858586826e-11
-9.671613436588662675e-11
-9.665589243485112193e-11
-9.659576093830224938e-11
-9.653570209147561371e-11
-9.647567071221519362e-11
-9.641571387273771591e-11
-9.635587645088131566e-11
-9.629606422654434454e-11
-9.623630669388551891e-11
-9.617660367524898385e-11
-9.611692746783905001e-11
-9.605723450978672805e-11
-9.599761400735117715e-11
-9.593814114514025094e-11
-9.587870002575032168e-11
-9.581928674568790291e-11
