1.153299325547141274e-08
1.414539900236789226e-08
1.707777521362396605e-08
2.033932819378159008e-08
2.393730339270665454e-08
2.787693448832094698e-08
3.216138344919556014e-08
3.679176017216272788e-08
4.176720984834334346e-08
4.708493269503353926e-08
5.274016105583018766e-08
5.872661596799129037e-08
6.503617881409503679e-08
7.165929523249591091e-08
7.858525165011914402e-08
8.580178894446548111e-08
9.329608606383982574e-08
1.010539894645385168e-07
1.090609565415669647e-07
1.173016842251905306e-07
1.257606566301711846e-07
1.344218643997861513e-07
1.432695261781685758e-07
1.522875089734643495e-07
1.614600039780617201e-07
1.707716542699888181e-07
1.802070472322317167e-07
1.897516440396803136e-07
1.993912040049496245e-07
2.091122567651123433e-07
2.189019578349680877e-07
2.287481631854991967e-07
2.386396339624167450e-07
2.485659017906423264e-07
2.585171969013604834e-07
2.684849417182337090e-07
2.784610057852419594e-07
2.884384603428069718e-07
2.984109997653259331e-07
3.083732085232984815e-07
3.183204971467461392e-07
3.282489181732965721e-07
3.381554986028127876e-07
3.480375749943600076e-07
3.578935295031081103e-07
3.677220606418848180e-07
3.775223347193589344e-07
3.872942903715508635e-07
3.970380520874011888e-07
4.067541539859387700e-07
4.164434799873792220e-07
4.261071643914893948e-07
4.357464434037227781e-07
4.453628507535827412e-07
4.549579213872505673e-07
4.645331078263010605e-07
4.740900660799465761e-07
4.836303343192770430e-07
4.931551373220432948e-07
5.026657382749595855e-07
5.121632992070254445e-07
5.216485769347253536e-07
5.311220770180595077e-07
5.405842403027367377e-07
5.500351144695547573e-07
5.594742610759216986e-07
5.689012499096108380e-07
5.783150222854442810e-07
5.877143206829771315e-07
5.970975296453771694e-07
6.064626534638753512e-07
6.158075628530304735e-07
6.251298004503226866e-07
6.344256882102077686e-07
6.436926641491880629e-07
6.529271842795486789e-07
6.621256088152919923e-07
6.712836591806079100e-07
6.803971556387750023e-07
6.894622176598374777e-07
6.984742569869374457e-07
7.074282248087455679e-07
7.163198583938383043e-07
7.251439407936179830e-07
7.338965459923324904e-07
7.425718678810108345e-07
7.511661682045506135e-07
7.596746808078298888e-07
7.680910912203160006e-07
7.764133946054861287e-07
7.846368249238382259e-07
7.927552605002958519e-07
8.007668344783513681e-07
8.086673460642137882e-07
8.164531203696542016e-07
8.241208044605544206e-07
8.316677932253787084e-07
8.390909615618814994e-07
8.463891217031623746e-07
8.535583616074797594e-07
8.605982966995986336e-07
8.675073711665961437e-07
8.742836782515037942e-07
8.809278406720649386e-07
8.874379584644304036e-07
8.938142654740469594e-07
9.000573537780247040e-07
9.061675555597309575e-07
9.121458307951048904e-07
9.179918228791678106e-07
9.237087504004927643e-07
9.292969497252228201e-07
9.347586188891177297e-07
9.400952606324086340e-07
9.453095630346518420e-07
9.504041317165556648e-07
9.553803493914532769e-07
9.602434704932794460e-07
9.649927718091678287e-07
9.696349493036130709e-07
9.741696453515121384e-07
9.786032399123426135e-07
9.829361675327474651e-07
9.871745827776899228e-07
9.913183324800232556e-07
9.953744930313873798e-07
9.993422824750634775e-07
1.003228856457086768e-06
1.007034504380091495e-06
1.010764314448474152e-06
1.014420505916487458e-06
1.018006068583409214e-06
1.021524495074993867e-06
1.024977405186936592e-06
1.028369378062571234e-06
1.031701067562332216e-06
1.034976373793753932e-06
1.038196577206950097e-06
1.041365431734650055e-06
1.044482767331410930e-06
1.047551914650488257e-06
1.050574700193897772e-06
1.053551541798524256e-06
1.056485966511084735e-06
1.059376824024668532e-06
1.062227339157098498e-06
1.065037622450875283e-06
1.067808115303126273e-06
1.070540576866329179e-06
1.073234712121386467e-06
1.075891752162902948e-06
1.078511700586660538e-06
1.081095261592261716e-06
1.083642032083037280e-06
1.086151649637433077e-06
1.088625502427380231e-06
1.091062723087223226e-06
1.093463323262119252e-06
1.095826494803417871e-06
1.098151983877198242e-06
1.100439969701126565e-06
1.102690902731157013e-06
1.104902066269560484e-06
1.107074811272414433e-06
1.109207873862397679e-06
1.111301317074198675e-06
1.113354314219945107e-06
1.115365353799412271e-06
1.117335403492833493e-06
1.119264516003805774e-06
1.121149812076441346e-06
1.122992640719954785e-06
1.124791849729933381e-06
1.126547629700161684e-06
1.128258602028042115e-06
1.129925274528164816e-06
1.131547129911325560e-06
1.133123677391981035e-06
1.134654644878478751e-06
1.136140453067519653e-06
1.137580326959595914e-06
1.138973747599241268e-06
1.140321609663778054e-06
1.141623953385185448e-06
1.142879412539320659e-06
1.144089491809053131e-06
1.145254442084885388e-06
1.146373012926763399e-06
1.147446645971750846e-06
1.148475575650954257e-06
1.149459132253326960e-06
1.150398764195044365e-06
1.151294392465180203e-06
1.152145904261974607e-06
1.152955414327429542e-06
1.153721368981811212e-06
1.154445394442616258e-06
1.155128700028979635e-06
1.155770189251541869e-06
1.156371835082177082e-06
1.156933871220250626e-06
1.157457170652328654e-06
1.157941414035978623e-06
1.158388870972625767e-06
1.158799640265783472e-06
1.159173560475471853e-06
1.159512558929013560e-06
1.159817332777193468e-06
1.160087965692202508e-06
1.160325213718761680e-06
1.160530901563441568e-06
1.160704215329499100e-06
1.160846499861160796e-06
1.160959394149264847e-06
1.161043155994609733e-06
1.161097858263808252e-06
1.161124690191245405e-06
1.161125617899866896e-06
1.161098966317835610e-06
1.161046403879289086e-06
1.160969715602677413e-06
1.160868958676319409e-06
1.160744022446096659e-06
1.160595911500146744e-06
1.160426872799943002e-06
1.160234925284658424e-06
1.160021800471590463e-06
1.159789044241904097e-06
1.159536180844213207e-06
1.159264013727437683e-06
1.158972656897341788e-06
1.158663703190594867e-06
1.158336646574711158e-06
1.157992166415896490e-06
1.157630876774847024e-06
1.157254246106684819e-06
1.156860871059684834e-06
1.156451847307418524e-06
1.156028244377996068e-06
1.155589893742597672e-06
1.155137381580601839e-06
1.154669938448041614e-06
1.154189635412576712e-06
1.153695875505704113e-06
1.153189226326224062e-06
1.152669180182503837e-06
1.152137272486984701e-06
1.151592759315923602e-06
1.151036392228430337e-06
1.150467699972293102e-06
1.149887778190621928e-06
1.149296114376655898e-06
1.148693123460548593e-06
1.148078616952799413e-06
1.147453468012292779e-06
1.146817412918041655e-06
1.146170674179619116e-06
1.145512857018103032e-06
1.144844803605106817e-06
1.144166087504730735e-06
1.143477086446394235e-06
1.142777421869992657e-06
1.142067495290424702e-06
1.141347203634019200e-06
1.140616747600860196e-06
1.139875944090006003e-06
1.139124970544800555e-06
1.138363738217557386e-06
1.137592561173323200e-06
1.136811282826823924e-06
1.136019976021326010e-06
1.135218616614262290e-06
1.134406839611756020e-06
1.133584894770344366e-06
1.132753033151069351e-06
1.131911092243799078e-06
1.131059101116957290e-06
1.130196854154831289e-06
1.129324612669065242e-06
1.128442148516057015e-06
1.127549777139177089e-06
1.126647471296575330e-06
1.125735147109056543e-06
1.124812929204972241e-06
1.123881004214786874e-06
1.122938951567202724e-06
1.121986800247041384e-06
1.121024992900793247e-06
1.120053355614414798e-06
1.119072153684215536e-06
1.118081294916588380e-06
1.117080632784309639e-06
1.116070750934012837e-06
1.115051718849981159e-06
1.114023171548121089e-06
1.112985502575334746e-06
1.111938592352306960e-06
1.110882947671057937e-06
1.109818734279968881e-06
1.108745269638175655e-06
1.107663177957810183e-06
1.106572866746222218e-06
1.105474227310831068e-06
1.104367586110035416e-06
1.103252860562474539e-06
1.102129974449889792e-06
1.100999802811324628e-06
1.099862216311804258e-06
1.098717190336720642e-06
1.097565185223535493e-06
1.096405760789353743e-06
1.095239950416361569e-06
1.094067772618433386e-06
1.092888789423461882e-06
1.091703713602271220e-06
1.090512034170282218e-06
1.089315032671329297e-06
1.088112568450350549e-06
1.086904363857706803e-06
1.085690840960640665e-06
1.084471777778318203e-06
1.083248272690930539e-06
1.082020235303428592e-06
1.080787399529729343e-06
1.079550222212235394e-06
1.078308447221301919e-06
1.077063028733413599e-06
1.075813788617954554e-06
1.074560612660599836e-06
1.073303820033020146e-06
1.072043217155766850e-06
1.070779888435020320e-06
1.069513200879755855e-06
1.068243706606366256e-06
1.066971127882722141e-06
1.065695696713466517e-06
1.064417859395124155e-06
1.063137574241572066e-06
1.061855064389844156e-06
1.060569961844835364e-06
1.059282623195070979e-06
1.057993298855455114e-06
1.056702037345697290e-06
1.055408848650473660e-06
1.054113779512280978e-06
1.052816796267467645e-06
1.051517950710901951e-06
1.050217753681081662e-06
1.048915867390404779e-06
1.047612632039596051e-06
1.046307755046248964e-06
1.045001452135488558e-06
1.043693831692835494e-06
1.042384861535908215e-06
1.041074555466399208e-06
1.039762963613804109e-06
1.038450088454836668e-06
1.037135968727532288e-06
1.035820690576793420e-06
1.034504161524854607e-06
1.033186455402199203e-06
1.031867535022545575e-06
1.030547289200368012e-06
1.029225995977746637e-06
1.027903549117469278e-06
1.026579961480259517e-06
1.025255389499529011e-06
1.023929597448782571e-06
1.022602768616399687e-06
1.021274877520844684e-06
1.019945833508924602e-06
1.018615680844532504e-06
1.017284403282502903e-06
1.015952115946556497e-06
1.014618706120759032e-06
1.013284321046621205e-06
1.011948782916040226e-06
1.010612166720591036e-06
1.009274460287600207e-06
1.007935663885217194e-06
1.006595771254064395e-06
1.005255053669672763e-06
1.003913275246124921e-06
1.002570610193740628e-06
1.001226906852101830e-06
9.998823082813887244e-07
9.985367724227150050e-07
9.971904464576690812e-07
9.958432296325394980e-07
9.944951557250414280e-07
9.931461553227094922e-07
9.917964094050807723e-07
9.904457611012775659e-07
9.890946185386618622e-07
9.877425956850755022e-07
9.863899928711324154e-07
9.850366531323471708e-07
9.836826412199204872e-07
9.823278490319342157e-07
9.809728743595721284e-07
9.796172771006508096e-07
9.782613146039390193e-07
9.769050199626595235e-07
9.755481874978417205e-07
9.741909844750459740e-07
9.728336957380322675e-07
9.714761347132567652e-07
9.701183512039221312e-07
9.687604724384957406e-07
9.674023185143740828e-07
9.660440266667129533e-07
9.646856482914916520e-07
9.633275074275380739e-07
9.619692194741585650e-07
9.606111642354844875e-07
9.592531921551593913e-07
9.578952460078438241e-07
9.565373093465931701e-07
9.551799746680847094e-07
9.538228738535889225e-07
9.524660552779568144e-07
9.511098193256100825e-07
9.497537441842259802e-07
9.483981504000190995e-07
9.470430597872589118e-07
9.456885757713681944e-07
9.443345931131354623e-07
9.429811474003958845e-07
9.416284056970416562e-07
9.402761769037842589e-07
9.389244580213964934e-07
9.375736832735631241e-07
9.362236260335274429e-07
9.348742032584492928e-07
9.335256537552074052e-07
9.321779232105298368e-07
9.308308726915367740e-07
9.294845675772232865e-07
9.281394182555446567e-07
9.267950849589064338e-07
9.254516272039251319e-07
9.241092280667508416e-07
9.227676897647033349e-07
9.214271145650043008e-07
9.200874857825763981e-07
9.187490666067770196e-07
9.174115652718770553e-07
9.160750183517056703e-07
9.147395699113364813e-07
9.134051086615192986e-07
9.120716592598861426e-07
9.107392014822760239e-07
9.094081102711105914e-07
9.080779948804933344e-07
9.067488751271360308e-07
9.054209631804038992e-07
9.040941622345638059e-07
9.027684232920843566e-07
9.014437581495404681e-07
9.001204979619485232e-07
8.987982573359508478e-07
8.974771504028261040e-07
8.961572420651927378e-07
8.948385479450911535e-07
8.935210009933731861e-07
8.922045453766974470e-07
8.908895518527087211e-07
8.895755702915234615e-07
8.882627772219758922e-07
8.869510949804462307e-07
8.856407717960647769e-07
8.843315006289225655e-07
8.830233390336536951e-07
8.817166315620746970e-07
8.804110829818576574e-07
8.791067031960776913e-07
8.778035214674890768e-07
8.765017498556182469e-07
8.752009956690398903e-07
8.739016024281067549e-07
8.726033930812488212e-07
8.713066733484171426e-07
8.700110954923530890e-07
8.687167556805452803e-07
8.674236981709946061e-07
8.661320202169059301e-07
8.648415453418075462e-07
8.635522843414943561e-07
8.622645950424038314e-07
8.609780690639217194e-07
8.596928394679890575e-07
8.584088493770155581e-07
8.571262965224307677e-07
8.558449294465271350e-07
8.545649385795536170e-07
8.532861018488473224e-07
8.520090018072098983e-07
8.507331130311256135e-07
8.494584763323412268e-07
8.481852584758045362e-07
8.469136383867965561e-07
8.456430649709381357e-07
8.443740457267543668e-07
8.431064147235402010e-07
8.418403428597695131e-07
8.405756087508295687e-07
8.393122564677281464e-07
8.380503039305642701e-07
8.367899650022028113e-07
8.355308620424962996e-07
8.342732469870853331e-07
8.330172091415228648e-07
8.317626470200227453e-07
8.305095535224054095e-07
8.292578221428645368e-07
8.280075364952251940e-07
8.267589434344073091e-07
8.255115943388124347e-07
8.242657449276344072e-07
8.230215179769701483e-07
8.217788824575252286e-07
8.205377478639668769e-07
8.192980117720970233e-07
8.180598539179819131e-07
8.168234639625528293e-07
8.155882864374371846e-07
8.143548064433431324e-07
8.131229201490662800e-07
8.118927167065181802e-07
8.106639988521969679e-07
8.094368105280384827e-07
8.082111130447011279e-07
8.069872793868487132e-07
8.057647188137826676e-07
8.045438868875252955e-07
8.033245302385256865e-07
8.021071098572761916e-07
8.008910525387407723e-07
7.996765809745939978e-07
7.984636580558195232e-07
7.972524396219424403e-07
7.960427802287871453e-07
7.948347145331143096e-07
7.936280772334584856e-07
7.924234111015601337e-07
7.912202158562501474e-07
7.900186819680221368e-07
7.888186567464395134e-07
7.876202742700098002e-07
7.864237853103915070e-07
7.852285787548648845e-07
7.840351868759852536e-07
7.828433753444806247e-07
7.816534722745614513e-07
7.804649875228201019e-07
7.792781820711614052e-07
7.780928863248381292e-07
7.769093859103798736e-07
7.757274993844354905e-07
7.745472314177193517e-07
7.733684531081646209e-07
7.721916201505342536e-07
7.710162989880707581e-07
7.698426521703724735e-07
7.686704776247014067e-07
7.674999420490792711e-07
7.663313123908466793e-07
7.651639874581467946e-07
7.639984939822242213e-07
7.628343972182148225e-07
7.616723609079493879e-07
7.605117538908676748e-07
7.593528425238703096e-07
7.581954570900308515e-07
7.570397127467554385e-07
7.558859260712687360e-07
7.547333820530538245e-07
7.535827761439486571e-07
7.524336066483291026e-07
7.512864920280109887e-07
7.501407507633660370e-07
7.489967232695718563e-07
7.478542230716951278e-07
7.467132953222352972e-07
7.455743333981108520e-07
7.444366531731296130e-07
7.433008493548677898e-07
7.421664613876309249e-07
7.410341539800108624e-07
7.399032025991833476e-07
7.387739711609798250e-07
7.376462211522408257e-07
7.365200815675291836e-07
7.353959118186104102e-07
7.342730004741847140e-07
7.331519568196200216e-07
7.320323041556685796e-07
7.309146833639754230e-07
7.297985011878841356e-07
7.286840182921227652e-07
7.275710465830780309e-07
7.264597297944166149e-07
7.253502656895858031e-07
7.242423114534036582e-07
7.231360071867343125e-07
7.220312316269910784e-07
7.209283127598684416e-07
7.198270871458273913e-07
7.187273755995531983e-07
7.176293382677493730e-07
7.165328058463862727e-07
7.154379116171939966e-07
7.143449494250604911e-07
7.132532494910123380e-07
7.121633711082205739e-07
7.110749652129094457e-07
7.099886319245604209e-07
7.089036193705556333e-07
7.078203399859913560e-07
7.067384946389217470e-07
7.056583197693507854e-07
7.045800045325946118e-07
7.035031411229149412e-07
7.024279210483836863e-07
7.013541940794914320e-07
7.002822534471172350e-07
6.992121440472842585e-07
6.981434416244191015e-07
6.970764436815597208e-07
6.960109557958985411e-07
6.949470505323246371e-07
6.938851212788738037e-07
6.928244054982063274e-07
6.917656007843541306e-07
6.907081812949013380e-07
6.896527296295646342e-07
6.885987415416313511e-07
6.875463511173911272e-07
6.864955870758507341e-07
6.854463300723813624e-07
6.843986640310921294e-07
6.833529277370298549e-07
6.823083911429634515e-07
6.812657687521271004e-07
6.802244804657535972e-07
6.791851813869699912e-07
6.781473053651165021e-07
6.771110454122143924e-07
6.760763156791927628e-07
6.750431621459010781e-07
6.740115697836297374e-07
6.729819416974968855e-07
6.719534193215294647e-07
6.709268570370349478e-07
6.699016015486716472e-07
6.688783123748052592e-07
6.678564496676583508e-07
6.668361441225194472e-07
6.658174860744041699e-07
6.648002905126397620e-07
6.637846678165247999e-07
6.627709746251683213e-07
6.617584543944598765e-07
6.607477911317476283e-07
6.597384716353277716e-07
6.587310032898841704e-07
6.577251675370459857e-07
6.567207257579281548e-07
6.557179556889960194e-07
6.547165868851814906e-07
6.537167139215300717e-07
6.527187457131761564e-07
6.517221306425601063e-07
6.507270805345219941e-07
6.497335258320714443e-07
6.487415471219018826e-07
6.477515142172428277e-07
6.467627015310157608e-07
6.457755750943002229e-07
6.447897996015442744e-07
6.438056390194274438e-07
6.428229944891833280e-07
6.418422826883838896e-07
6.408625785375396720e-07
6.398848235046077108e-07
6.389083064754649953e-07
6.379336684249195970e-07
6.369605005052080050e-07
6.359887677172676519e-07
6.350186776714785361e-07
6.340499529425487510e-07
6.330827160831173386e-07
6.321173029725004754e-07
6.311533007075632452e-07
6.301906925649847691e-07
6.292297290468288517e-07
6.282702014245367131e-07
6.273126124596600271e-07
6.263561998641089010e-07
6.254013536283589110e-07
6.244480287023010131e-07
6.234961331559194884e-07
6.225456353382400760e-07
6.215970531959445662e-07
6.206496423870568013e-07
6.197038387113622205e-07
6.187594254783088068e-07
6.178165371599567663e-07
6.168755580477162601e-07
6.159357277393264673e-07
6.149974987487775136e-07
6.140606624179943483e-07
6.131253105700441926e-07
6.121913797625669317e-07
6.112593415768466695e-07
6.103284094010144467e-07
6.093990818435292937e-07
6.084711450081744166e-07
6.075447353324388026e-07
6.066201907389997341e-07
6.056967741169113269e-07
6.047749048077859237e-07
6.038545107769188412e-07
6.029355055147599456e-07
6.020178798566456817e-07
6.011021230381443563e-07
6.001875453765223624e-07
5.992744237433185233e-07
5.983628093238391630e-07
5.974526018290762772e-07
5.965442538322752404e-07
5.956370466224121809e-07
5.947313113171493287e-07
5.938271026576637900e-07
5.929241732975394752e-07
5.920226477878626104e-07
5.911227350367364908e-07
5.902244089003674382e-07
5.893271206050030554e-07
5.884316388724300076e-07
5.875372777475478699e-07
5.866446384473386998e-07
5.857535334053719347e-07
5.848636653551859198e-07
5.839753137572068604e-07
5.830881842226881305e-07
5.822025673272510797e-07
5.813183454014228884e-07
5.804359307415556214e-07
5.795544937087989878e-07
5.786746774864141805e-07
5.777961413915188277e-07
5.769190610729010972e-07
5.760438064538518510e-07
5.751696055477647500e-07
5.742968373167462915e-07
5.734255782703285735e-07
5.725555482106743887e-07
5.716868783068919052e-07
5.708197273597122224e-07
5.699542519210574925e-07
5.690896890758218955e-07
5.682269151935682367e-07
5.673652283217242149e-07
5.665050819931811821e-07
5.656466742303085144e-07
5.647892563843963278e-07
5.639333554905252389e-07
5.630787686534988506e-07
5.622255156228802979e-07
5.613735048699886606e-07
5.605231847360438925e-07
5.596742176151008001e-07
5.588262791408156113e-07
5.579800946620229466e-07
5.571349308974669861e-07
5.562913568111533289e-07
5.554494299021295361e-07
5.546085145459029115e-07
5.537690947597999992e-07
5.529309327906404662e-07
5.520941144226813094e-07
5.512585355351121716e-07
5.504246315881959230e-07
5.495920527073715796e-07
5.487604553917416815e-07
5.479306352240640746e-07
5.471018204246255110e-07
5.462745470711021269e-07
5.454489150673983972e-07
5.446242525213631070e-07
5.438010389699367321e-07
5.429791540736026208e-07
5.421584980083897388e-07
5.413390864157937784e-07
5.405211491024548928e-07
5.397048039829826364e-07
5.388893087514245346e-07
5.380755054417617332e-07
5.372627285875355405e-07
5.364514082122007998e-07
5.356417734528022375e-07
5.348330761840329094e-07
5.340257234279718881e-07
5.332197884095428965e-07
5.324149070799514929e-07
5.316114130320172341e-07
5.308091774090318981e-07
5.300086620734182578e-07
5.292090085159014176e-07
5.284107436800665539e-07
5.276137920810637947e-07
5.268180599391798105e-07
5.260238924122355609e-07
5.252309988755823707e-07
5.244392276104363210e-07
5.236488340631725240e-07
5.228596171413771559e-07
5.220716999555557461e-07
5.212849401513659453e-07
5.204997012627596881e-07
5.197158799946090403e-07
5.189328669424797124e-07
5.181515608424006418e-07
5.173712119132530091e-07
5.165922646545600121e-07
5.158149619063371726e-07
5.150385494905705818e-07
5.142634556440526056e-07
5.134896975394656891e-07
5.127169967972082557e-07
5.119456189787375851e-07
5.111754156548810280e-07
5.104068346869243765e-07
5.096392943529735410e-07
5.088727761582758764e-07
5.081078782292019740e-07
5.073438958120627516e-07
5.065813232874052228e-07
5.058203489403938757e-07
5.050602279764669671e-07
5.043013802874323845e-07
5.035438806049424214e-07
5.027873513292054334e-07
5.020321680611211885e-07
5.012781315183958593e-07
5.005257008265934749e-07
4.997742339040668359e-07
4.990237848192847761e-07
4.982749324963597965e-07
4.975269535074168278e-07
4.967803725192164844e-07
4.960353556315580607e-07
4.952911794082285070e-07
4.945482594353025423e-07
4.938066561298985827e-07
4.930660327696750293e-07
4.923267165168673005e-07
4.915885132818535244e-07
4.908518438360429527e-07
4.901162836184697492e-07
4.893815544630958130e-07
4.886484907332936806e-07
4.879162871115465316e-07
4.871853937675376619e-07
4.864560726352582148e-07
4.857276352942336691e-07
4.850003555887600343e-07
4.842743352808885497e-07
4.835493932434442907e-07
4.828256519416842631e-07
4.821029566921721750e-07
4.813815456692119650e-07
4.806616668184425933e-07
4.799425067197199576e-07
4.792247190662741784e-07
4.785080286787317967e-07
4.777924603570263681e-07
4.770782201852427533e-07
4.763653644858838681e-07
4.756533264873883122e-07
4.749425335477252989e-07
4.742329834024104773e-07
4.735243268707140200e-07
4.728169399543146281e-07
4.721106383420405284e-07
4.714058535549590485e-07
4.707020161785912923e-07
4.699990142100671057e-07
4.692976186495541394e-07
4.685970216665792951e-07
4.678976734097031963e-07
4.671998328129114697e-07
4.665028914580973416e-07
4.658069956847131831e-07
4.651123209104183406e-07
4.644187419754540058e-07
4.637262028086795842e-07
4.630347718267832282e-07
4.623444784649486544e-07
4.616557389130315482e-07
4.609677292003407076e-07
4.602807537078586790e-07
4.595952327322856866e-07
4.589104947975913329e-07
4.582270578493456774e-07
4.575450781393035715e-07
4.568638807536296402e-07
4.561837876525488079e-07
4.555048778531018642e-07
4.548270008034886513e-07
4.541501796792929359e-07
4.534744067409788554e-07
4.527997428429084215e-07
4.521266310226789572e-07
4.514542095376578733e-07
4.507828037283985920e-07
4.501128122930076305e-07
4.494435780450856998e-07
4.487755995102678898e-07
4.481090629620419088e-07
4.474433347089924766e-07
4.467786292109838741e-07
4.461150916703902685e-07
4.454525881848022863e-07
4.447910586188140819e-07
4.441306227091618976e-07
4.434712511461764180e-07
4.428133416927762590e-07
4.421562371722341889e-07
4.414999291967640960e-07
4.408451588322939837e-07
4.401911267707674585e-07
4.395382470002574691e-07
4.388866972360372886e-07
4.382361723896189259e-07
4.375864794026219464e-07
4.369379302523738924e-07
4.362905475146797943e-07
4.356439562751336182e-07
4.349985483094280620e-07
4.343540820194620172e-07
4.337108770078130208e-07
4.330688928776322278e-07
4.324275456574383895e-07
4.317874432272606001e-07
4.311484195653430632e-07
4.305102523111957980e-07
4.298733080227895864e-07
4.292377267554074947e-07
4.286027888304864383e-07
4.279689483099904300e-07
4.273362007970243802e-07
4.267044123248097055e-07
4.260735844836772341e-07
4.254437604411311697e-07
4.248149664620326682e-07
4.241875714829003838e-07
4.235609644910703342e-07
4.229350981162514138e-07
4.223106978406859324e-07
4.216870127957600576e-07
4.210644059238737953e-07
4.204429426920712900e-07
4.198227364939978554e-07
4.192031971634973683e-07
4.185847202167917855e-07
4.179673526278402025e-07
4.173507958528023404e-07
4.167353316232591398e-07
4.161207516451161954e-07
4.155071969209624453e-07
4.148951003265091279e-07
4.142836290399095554e-07
4.136729423659535464e-07
4.130637077091799974e-07
4.124551440651786453e-07
4.118476533090489523e-07
4.112413092901736938e-07
4.106361139305129790e-07
4.100316095338549951e-07
4.094281232824463140e-07
4.088257351286267994e-07
4.082241596817761154e-07
4.076236171983226380e-07
4.070239509899349059e-07
4.064252988683121722e-07
4.058280250015376402e-07
4.052314248857281257e-07
4.046355503140843232e-07
4.040410956164855197e-07
4.034473146629590032e-07
4.028545625211824057e-07
4.022628611701836948e-07
4.016724472458538064e-07
4.010825868887257611e-07
4.004937791277151564e-07
3.999059793826415332e-07
3.993190705779185292e-07
3.987330202518978254e-07
3.981479471383121877e-07
3.975637898131486660e-07
3.969808807542720542e-07
3.963989006275877899e-07
3.958175307734883522e-07
3.952373190823448901e-07
3.946581095170777586e-07
3.940796123572088959e-07
3.935022157117206626e-07
3.929260885013179411e-07
3.923506463326176658e-07
3.917760315557376090e-07
3.912024461562560733e-07
3.906298798650050101e-07
3.900579845810786632e-07
3.894871935914174728e-07
3.889171713979177344e-07
3.883481244368606084e-07
3.877804733904945409e-07
3.872133416929250771e-07
3.866469324700327432e-07
3.860819087850478831e-07
3.855174876646850874e-07
3.849540524886241349e-07
3.843916132446540229e-07
3.838304262784288619e-07
3.832697558447640386e-07
3.827100579759438564e-07
3.821513104927176937e-07
3.815934828256029567e-07
3.810363782431720083e-07
3.804802979142837585e-07
3.799250141574825429e-07
3.793707565795193270e-07
3.788177550196079747e-07
3.782652301867376444e-07
3.777135378722115091e-07
3.771630881421388010e-07
3.766132489743679514e-07
3.760643943461159776e-07
3.755165239117457916e-07
3.749698173616315052e-07
3.744236168293281338e-07
3.738783933535951784e-07
3.733340990432956803e-07
3.727906629037490666e-07
3.722479515751817397e-07
3.717062377156730060e-07
3.711652852499777433e-07
3.706253210643306153e-07
3.700866182328205725e-07
3.695483676933991992e-07
3.690108834808741240e-07
3.684746725610290668e-07
3.679390175391293560e-07
3.674043013730641263e-07
3.668705358023765074e-07
3.663379792919017524e-07
3.658059013658365723e-07
3.652747258689698584e-07
3.647444577344956109e-07
3.642151031372998973e-07
3.636863644278186485e-07
3.631586809272444331e-07
3.626316953741213433e-07
3.621056040864243527e-07
3.615808299376232024e-07
3.610565593742772739e-07
3.605328992921880856e-07
3.600104850839411948e-07
3.594887654498208353e-07
3.589677929576816836e-07
3.584478056795484496e-07
3.579289619117599949e-07
3.574107379364178946e-07
3.568932220532922984e-07
3.563766210967751459e-07
3.558609688852709551e-07
3.553459907964945424e-07
3.548318569897300114e-07
3.543185065255678428e-07
3.538059927942099437e-07
3.532945297392328377e-07
3.527840073742235930e-07
3.522739979907954661e-07
3.517648057390245280e-07
3.512567296954924296e-07
3.507492083125493605e-07
3.502425965478116089e-07
3.497368708395913213e-07
3.492323004306197876e-07
3.487281741217265955e-07
3.482248545044495282e-07
3.477224198031653554e-07
3.472208922781699226e-07
3.467199316740413289e-07
3.462199513009191154e-07
3.457206294582786596e-07
3.452221404581630833e-07
3.447247929581607563e-07
3.442281438875448321e-07
3.437320215755220886e-07
3.432368259411017451e-07
3.427426424541433444e-07
3.422489592148909549e-07
3.417562187229753403e-07
3.412643597424883918e-07
3.407735656045000596e-07
3.402832015263201660e-07
3.397936903915352018e-07
3.393049990763500175e-07
3.388171823360606999e-07
3.383299118424486271e-07
3.378436119237943909e-07
3.373579519223587700e-07
3.368731090477999486e-07
3.363893695598892519e-07
3.359063326023173238e-07
3.354238000832316169e-07
3.340332005366120431e-07
3.335540313416579161e-07
3.330753629577237680e-07
3.325975779714918382e-07
3.321206317415253038e-07
3.280701027874776885e-07
3.276004487544318967e-07
3.271315244232580371e-07
3.266634731927139055e-07
3.244366241317459111e-07
3.239728346241743622e-07
3.235098790081568223e-07
3.230476050710785763e-07
3.191223691920885227e-07
3.186673476434100835e-07
3.182133177001887782e-07
3.177596977657669856e-07
3.173067160704618378e-07
3.151536025958440593e-07
3.147049461528645395e-07
3.142570370430283288e-07
3.138099905272437502e-07
3.100171862490265506e-07
3.095768833240036738e-07
3.091371742906578139e-07
3.086982744422622033e-07
3.066148361679054720e-07
3.061799682630241077e-07
3.057456892552582230e-07
3.053123269663219133e-07
3.016449785863019638e-07
3.012179458711494609e-07
3.007920025591290872e-07
3.003665823973574208e-07
2.999416483973853157e-07
2.979308810612107181e-07
2.975101243260822158e-07
2.970898250010616194e-07
2.966703609719333067e-07
2.931345906138815756e-07
2.927215298919663289e-07
2.923088392970110165e-07
2.918968169909208203e-07
2.899552158065628153e-07
2.895471298170773194e-07
2.891395369996875193e-07
2.887326003254488786e-07
2.883264703497746800e-07
2.849212076825778714e-07
2.845208094162406517e-07
2.841215579334058654e-07
2.837227000792409935e-07
2.818526314429629877e-07
2.814573442268666915e-07
2.810628238447826719e-07
2.806687423656581153e-07
2.773884609203716504e-07
2.770003503808098711e-07
2.766128642039639453e-07
2.762257274842796960e-07
2.744238925877418963e-07
2.740403677791300666e-07
2.736574869200398446e-07
2.732750950737270885e-07
2.728933272197570888e-07
2.697422301819494747e-07
2.693659442821133626e-07
2.689900802778686299e-07
2.686153087400189163e-07
2.668840123367945008e-07
2.665121711495884101e-07
2.661410208330002256e-07
2.657706572844235832e-07
2.627063558106619488e-07
2.623412734737226218e-07
2.619767694505556179e-07
2.616128675603812173e-07
2.598936065285020628e-07
2.595327009202186013e-07
2.591724812051121623e-07
2.588128942510135441e-07
2.584538164669827770e-07
2.553708247745759632e-07
2.550171735640900404e-07
2.546638889235815387e-07
2.543110030988562534e-07
2.525882010806018019e-07
2.522389075494038269e-07
2.518899633235606954e-07
2.515414747551819530e-07
2.484353825183323857e-07
2.480923870980487984e-07
2.477498413792433161e-07
2.474079776900725907e-07
2.456789021139774955e-07
2.453401686896519749e-07
2.450017820795706348e-07
2.446640230967468893e-07
2.443269082109158346e-07
2.412019600329988472e-07
2.408700152913452015e-07
2.405386017865029299e-07
2.402077840525517372e-07
2.384746443376091765e-07
2.381467047883931805e-07
2.378197472936443299e-07
2.374931613215777752e-07
2.343444944764800302e-07
2.340230715169493395e-07
2.337023420728995799e-07
2.333819371692906267e-07
2.316423841674060504e-07
2.313252348687238367e-07
2.310086341687520149e-07
2.306923617316846337e-07
2.275200558521234592e-07
2.272090583213457235e-07
2.268986036943264742e-07
2.265886118565799450e-07
2.262789862768035773e-07
2.245353641180524795e-07
2.242289324239142156e-07
2.239228442031024892e-07
2.236171477127916060e-07
2.204262913267883168e-07
2.201261103268029901e-07
2.198262162123823299e-07
2.195268608753091563e-07
2.177766385923140883e-07
2.174803765371400407e-07
2.171846475048839794e-07
2.168894317122417414e-07
2.136747656113115731e-07
2.133846752291918560e-07
2.130949277110590558e-07
2.128056713788593921e-07
2.110485487761372963e-07
2.107624363890187390e-07
2.104766982816747209e-07
2.101913843520273653e-07
2.069528540105577496e-07
2.066727044977845330e-07
2.063928811367946620e-07
2.061138254905301626e-07
2.058351721126398757e-07
2.040736254931005159e-07
2.037977603945025635e-07
2.035226645515999925e-07
2.032478373488150355e-07
1.999901130939063002e-07
1.997205460254554971e-07
1.994514301961731765e-07
1.991826543558864843e-07
1.974140861931663312e-07
1.971481453361472580e-07
1.968827624324413293e-07
1.966178076711974129e-07
1.933362980242516656e-07
1.930763135694706515e-07
1.928169839856317208e-07
1.925578934653145636e-07
1.907822012452765566e-07
1.905260083672060649e-07
1.902706144284308790e-07
1.900154040232829844e-07
1.867098497424763555e-07
1.864597425342478274e-07
1.862101701190905617e-07
1.859608625961842548e-07
1.857119369843058281e-07
1.839319972098032562e-07
1.836861691355292408e-07
1.834405802042657471e-07
1.831952549106094819e-07
1.798705873158420892e-07
1.796305914640935614e-07
1.793909471718451322e-07
1.791515789941024767e-07
1.773642355267026407e-07
1.771279434167646959e-07
1.768918238546087701e-07
1.766559363049891382e-07
1.733073613400325265e-07
1.730770296925956613e-07
1.728468712683728282e-07
1.726168839285608368e-07
1.708224614488382033e-07
1.705956270923670880e-07
1.703690450950503973e-07
1.701428568832688288e-07
1.667704742110598873e-07
1.665494765925754330e-07
1.663287088820653891e-07
1.661081967178194646e-07
1.643063415659366283e-07
1.640888425310828457e-07
1.638716869404838415e-07
1.636548041432617751e-07
1.602582120478452445e-07
1.600465127815395726e-07
1.598349867960911719e-07
1.596236870605783439e-07
1.594127654676041091e-07
1.576064398612438237e-07
1.573985343351322872e-07
1.571908049080042829e-07
1.569834690197183753e-07
1.535678785815322929e-07
1.533656664842551195e-07
1.531637677012728801e-07
1.529622789743387098e-07
1.511484203244309692e-07
1.509497039459655151e-07
1.507511874140528271e-07
1.505529651204695954e-07
1.471132565734151837e-07
1.469202170331482781e-07
1.467274875331848541e-07
1.465349093707372905e-07
1.447135235026956294e-07
1.445238377396837191e-07
1.443343578621459724e-07
1.441451298443732004e-07
1.406815405476334167e-07
1.404975643161808541e-07
1.403138216676954333e-07
1.401302458166203485e-07
1.383015275929140051e-07
1.381208857434618906e-07
1.379404664623100261e-07
1.377604909403242708e-07
1.342729117217177798e-07
1.340979037241443283e-07
1.339230987500054148e-07
1.337485463990847707e-07
1.319120930599823901e-07
1.317403374096032878e-07
1.315689053534709563e-07
1.313977352552040800e-07
1.278859650966640517e-07
1.277197972064740347e-07
1.275537907060970520e-07
1.273880161535814273e-07
1.255439531520051618e-07
1.253811987273656741e-07
1.252185648654505780e-07
1.250561149575637538e-07
1.215203802733395910e-07
1.213631109001714284e-07
1.212059679959639905e-07
1.210490329129206999e-07
1.191976181374124051e-07
1.190435649371932489e-07
1.188896660778583493e-07
1.187359621121767882e-07
1.185824988808093415e-07
1.150275400345923111e-07
1.148790581587349317e-07
1.147308944491545556e-07
1.145829773473563635e-07
1.127261679422741359e-07
1.125808767840113477e-07
1.124357434889015368e-07
1.122908375879483728e-07
1.087118731287023717e-07
1.085721563122887370e-07
1.084325634119129348e-07
1.082931629490993265e-07
1.064286763933448116e-07
1.062920827746708062e-07
1.061555763116014629e-07
1.060192776083843163e-07
1.024165909421513374e-07
1.022854113391062533e-07
1.021543323165927677e-07
1.020234506639460917e-07
1.001512971445026429e-07
1.000230406090697026e-07
9.989495571577512467e-08
9.976718219691650671e-08
9.614049241329552288e-08
9.601762053637907880e-08
9.589491253157587914e-08
9.577243495573189619e-08
9.389246399570220143e-08
9.377257195273152280e-08
9.365296811642294613e-08
9.353360451717911556e-08
8.988295829338050685e-08
8.976844366772371461e-08
8.965421909022762075e-08
8.954011712915612046e-08
8.765244700904812823e-08
8.754104403438973980e-08
8.742991647137315594e-08
8.731882350199873064e-08
8.364428892094127384e-08
8.353813454040723181e-08
8.343213987836581123e-08
8.332622888284549468e-08
8.143070928440588327e-08
8.132760515509302491e-08
8.122459250949157844e-08
8.112162896261681722e-08
7.742319145067778533e-08
7.732519634703299391e-08
7.722734896538892618e-08
7.712961436368700864e-08
7.522638363319086488e-08
7.513142411523219094e-08
7.503654182540057425e-08
7.494173319684689138e-08
7.121959687715708051e-08
7.112979977509617393e-08
7.104014116994986990e-08
7.095071856047656006e-08
6.903971679384141257e-08
6.895285265271232749e-08
6.886606413873464955e-08
6.877939689090119768e-08
6.503339049405777053e-08
6.495159350706486953e-08
6.486996256014352891e-08
6.478858918497634212e-08
6.286961165508197859e-08
6.279068613268986391e-08
6.271186731835568543e-08
6.263315228653219896e-08
5.886334910617762918e-08
5.878952657739712134e-08
5.871597575875090834e-08
5.864254519314259169e-08
5.671566616429749435e-08
5.664469567281759366e-08
5.657392819137586903e-08
5.650319173121021572e-08
5.270976867401431053e-08
5.264401634546156358e-08
5.257847489378998148e-08
5.064130484819088854e-08
5.057817464019555551e-08
5.051515616441952693e-08
5.045218968744489714e-08
4.663022983443682438e-08
4.657210958004371542e-08
4.651423953227196593e-08
4.645643108955851831e-08
4.451127899622528396e-08
4.445590880261477935e-08
4.440067127401564087e-08
4.434544586296198146e-08
4.049985915516781017e-08
4.044955433428393988e-08
4.039949257369114161e-08
4.034943081309834333e-08
3.839637285361639302e-08
3.834882039507569833e-08
3.830139144269160769e-08
3.825396249033531031e-08
3.438493035950249866e-08
3.434250211931986231e-08
3.430014783965138596e-08
3.425779355996901297e-08
3.229685405977132435e-08
3.225700222747332799e-08
3.221716287788266996e-08
3.217732352832675352e-08
2.828476850854988653e-08
2.824996662969696268e-08
2.821516475087183209e-08
2.818036287202585656e-08
2.621146547859145078e-08
2.617918611363352514e-08
2.614690674869644445e-08
2.611462738375241544e-08
2.219869994795435118e-08
2.217146298560797964e-08
2.214422602327550474e-08
2.211698906093608153e-08
2.014024700914122887e-08
2.011558083193450363e-08
2.009091465472777839e-08
2.006624847752800146e-08
1.612706525142978288e-08
1.610735416299592341e-08
1.608764307456553810e-08
1.606793198613862694e-08
1.408325951708074143e-08
1.406600398749129998e-08
1.404874845790185852e-08
1.008130370387606770e-08
1.006896644563275016e-08
1.005662918739290678e-08
1.004429192913916676e-08
8.049205362550124799e-09
8.039330791165748732e-09
8.029456219781372665e-09
8.019581648396996598e-09
4.276890000217115579e-09
4.271640634066988226e-09
4.266391267920335033e-09
4.261141901773681839e-09
1.260538927984345993e-09
1.258992115691019264e-09
1.257445303399429615e-09
1.255898491106537155e-09
0.000000000000000000e+00
0.000000000000000000e+00
0.000000000000000000e+00
0.000000000000000000e+00
0.000000000000000000e+00
0.000000000000000000e+00
0.000000000000000000e+00
0.000000000000000000e+00
0.000000000000000000e+00
0.000000000000000000e+00
0.000000000000000000e+00
0.000000000000000000e+00
0.000000000000000000e+00
0.000000000000000000e+00
0.000000000000000000e+00
0.000000000000000000e+00
0.000000000000000000e+00
0.000000000000000000e+00
0.000000000000000000e+00
0.000000000000000000e+00
0.000000000000000000e+00
0.000000000000000000e+00
0.000000000000000000e+00
0.000000000000000000e+00
0.000000000000000000e+00
0.000000000000000000e+00
0.000000000000000000e+00
0.000000000000000000e+00
0.000000000000000000e+00
0.000000000000000000e+00
0.000000000000000000e+00
0.000000000000000000e+00
0.000000000000000000e+00
0.000000000000000000e+00
0.000000000000000000e+00
0.000000000000000000e+00
0.000000000000000000e+00
0.000000000000000000e+00
0.000000000000000000e+00
0.000000000000000000e+00
0.000000000000000000e+00
0.000000000000000000e+00
0.000000000000000000e+00
0.000000000000000000e+00
0.000000000000000000e+00
0.000000000000000000e+00
0.000000000000000000e+00
0.000000000000000000e+00
0.000000000000000000e+00
0.000000000000000000e+00
0.000000000000000000e+00
0.000000000000000000e+00
0.000000000000000000e+00
0.000000000000000000e+00
0.000000000000000000e+00
0.000000000000000000e+00
0.000000000000000000e+00
0.000000000000000000e+00
0.000000000000000000e+00
0.000000000000000000e+00
0.000000000000000000e+00
0.000000000000000000e+00
0.000000000000000000e+00
0.000000000000000000e+00
0.000000000000000000e+00
0.000000000000000000e+00
0.000000000000000000e+00
0.000000000000000000e+00
0.000000000000000000e+00
0.000000000000000000e+00
0.000000000000000000e+00
0.000000000000000000e+00
0.000000000000000000e+00
0.000000000000000000e+00
0.000000000000000000e+00
0.000000000000000000e+00
0.000000000000000000e+00
0.000000000000000000e+00
0.000000000000000000e+00
0.000000000000000000e+00
0.000000000000000000e+00
0.000000000000000000e+00
0.000000000000000000e+00
0.000000000000000000e+00
0.000000000000000000e+00
0.000000000000000000e+00
0.000000000000000000e+00
0.000000000000000000e+00
0.000000000000000000e+00
0.000000000000000000e+00
0.000000000000000000e+00
0.000000000000000000e+00
0.000000000000000000e+00
0.000000000000000000e+00
0.000000000000000000e+00
0.000000000000000000e+00
0.000000000000000000e+00
0.000000000000000000e+00
0.000000000000000000e+00
0.000000000000000000e+00
0.000000000000000000e+00
0.000000000000000000e+00
0.000000000000000000e+00
0.000000000000000000e+00
0.000000000000000000e+00
0.000000000000000000e+00
0.000000000000000000e+00
0.000000000000000000e+00
0.000000000000000000e+00
0.000000000000000000e+00
0.000000000000000000e+00
0.000000000000000000e+00
0.000000000000000000e+00
0.000000000000000000e+00
0.000000000000000000e+00
0.000000000000000000e+00
0.000000000000000000e+00
0.000000000000000000e+00
0.000000000000000000e+00
0.000000000000000000e+00
0.000000000000000000e+00
0.000000000000000000e+00
0.000000000000000000e+00
0.000000000000000000e+00
0.000000000000000000e+00
0.000000000000000000e+00
0.000000000000000000e+00
0.000000000000000000e+00
0.000000000000000000e+00
0.000000000000000000e+00
0.000000000000000000e+00
0.000000000000000000e+00
0.000000000000000000e+00
0.000000000000000000e+00
0.000000000000000000e+00
0.000000000000000000e+00
0.000000000000000000e+00
0.000000000000000000e+00
0.000000000000000000e+00
0.000000000000000000e+00
0.000000000000000000e+00
0.000000000000000000e+00
0.000000000000000000e+00
0.000000000000000000e+00
0.000000000000000000e+00
0.000000000000000000e+00
0.000000000000000000e+00
0.000000000000000000e+00
0.000000000000000000e+00
0.000000000000000000e+00
0.000000000000000000e+00
0.000000000000000000e+00
0.000000000000000000e+00
0.000000000000000000e+00
0.000000000000000000e+00
0.000000000000000000e+00
0.000000000000000000e+00
0.000000000000000000e+00
0.000000000000000000e+00
0.000000000000000000e+00
0.000000000000000000e+00
0.000000000000000000e+00
0.000000000000000000e+00
0.000000000000000000e+00
0.000000000000000000e+00
0.000000000000000000e+00
0.000000000000000000e+00
0.000000000000000000e+00
0.000000000000000000e+00
0.000000000000000000e+00
0.000000000000000000e+00
0.000000000000000000e+00
0.000000000000000000e+00
0.000000000000000000e+00
0.000000000000000000e+00
0.000000000000000000e+00
0.000000000000000000e+00
0.000000000000000000e+00
0.000000000000000000e+00
0.000000000000000000e+00
0.000000000000000000e+00
0.000000000000000000e+00
0.000000000000000000e+00
0.000000000000000000e+00
0.000000000000000000e+00
0.000000000000000000e+00
0.000000000000000000e+00
0.000000000000000000e+00
0.000000000000000000e+00
0.000000000000000000e+00
0.000000000000000000e+00
0.000000000000000000e+00
0.000000000000000000e+00
0.000000000000000000e+00
0.000000000000000000e+00
0.000000000000000000e+00
0.000000000000000000e+00
0.000000000000000000e+00
0.000000000000000000e+00
0.000000000000000000e+00
0.000000000000000000e+00
0.000000000000000000e+00
0.000000000000000000e+00
0.000000000000000000e+00
0.000000000000000000e+00
0.000000000000000000e+00
0.000000000000000000e+00
0.000000000000000000e+00
0.000000000000000000e+00
0.000000000000000000e+00
0.000000000000000000e+00
0.000000000000000000e+00
0.000000000000000000e+00
0.000000000000000000e+00
0.000000000000000000e+00
0.000000000000000000e+00
0.000000000000000000e+00
0.000000000000000000e+00
0.000000000000000000e+00
0.000000000000000000e+00
0.000000000000000000e+00
0.000000000000000000e+00
0.000000000000000000e+00
0.000000000000000000e+00
0.000000000000000000e+00
0.000000000000000000e+00
0.000000000000000000e+00
0.000000000000000000e+00
0.000000000000000000e+00
0.000000000000000000e+00
0.000000000000000000e+00
0.000000000000000000e+00
0.000000000000000000e+00
0.000000000000000000e+00
0.000000000000000000e+00
0.000000000000000000e+00
0.000000000000000000e+00
0.000000000000000000e+00
0.000000000000000000e+00
0.000000000000000000e+00
0.000000000000000000e+00
0.000000000000000000e+00
0.000000000000000000e+00
0.000000000000000000e+00
0.000000000000000000e+00
0.000000000000000000e+00
0.000000000000000000e+00
0.000000000000000000e+00
0.000000000000000000e+00
0.000000000000000000e+00
0.000000000000000000e+00
0.000000000000000000e+00
0.000000000000000000e+00
0.000000000000000000e+00
0.000000000000000000e+00
0.000000000000000000e+00
0.000000000000000000e+00
0.000000000000000000e+00
0.000000000000000000e+00
0.000000000000000000e+00
0.000000000000000000e+00
0.000000000000000000e+00
0.000000000000000000e+00
0.000000000000000000e+00
0.000000000000000000e+00
0.000000000000000000e+00
0.000000000000000000e+00
0.000000000000000000e+00
0.000000000000000000e+00
0.000000000000000000e+00
0.000000000000000000e+00
0.000000000000000000e+00
0.000000000000000000e+00
0.000000000000000000e+00
0.000000000000000000e+00
0.000000000000000000e+00
0.000000000000000000e+00
0.000000000000000000e+00
0.000000000000000000e+00
0.000000000000000000e+00
0.000000000000000000e+00
0.000000000000000000e+00
0.000000000000000000e+00
0.000000000000000000e+00
0.000000000000000000e+00
0.000000000000000000e+00
0.000000000000000000e+00
0.000000000000000000e+00
0.000000000000000000e+00
0.000000000000000000e+00
0.000000000000000000e+00
0.000000000000000000e+00
0.000000000000000000e+00
0.000000000000000000e+00
0.000000000000000000e+00
0.000000000000000000e+00
0.000000000000000000e+00
0.000000000000000000e+00
0.000000000000000000e+00
0.000000000000000000e+00
0.000000000000000000e+00
0.000000000000000000e+00
0.000000000000000000e+00
0.000000000000000000e+00
0.000000000000000000e+00
0.000000000000000000e+00
0.000000000000000000e+00
0.000000000000000000e+00
0.000000000000000000e+00
0.000000000000000000e+00
0.000000000000000000e+00
0.000000000000000000e+00
0.000000000000000000e+00
0.000000000000000000e+00
0.000000000000000000e+00
0.000000000000000000e+00
0.000000000000000000e+00
0.000000000000000000e+00
0.000000000000000000e+00
0.000000000000000000e+00
0.000000000000000000e+00
0.000000000000000000e+00
0.000000000000000000e+00
0.000000000000000000e+00
0.000000000000000000e+00
0.000000000000000000e+00
0.000000000000000000e+00
0.000000000000000000e+00
0.000000000000000000e+00
0.000000000000000000e+00
0.000000000000000000e+00
0.000000000000000000e+00
0.000000000000000000e+00
0.000000000000000000e+00
0.000000000000000000e+00
0.000000000000000000e+00
0.000000000000000000e+00
0.000000000000000000e+00
0.000000000000000000e+00
0.000000000000000000e+00
0.000000000000000000e+00
0.000000000000000000e+00
0.000000000000000000e+00
0.000000000000000000e+00
0.000000000000000000e+00
0.000000000000000000e+00
0.000000000000000000e+00
0.000000000000000000e+00
0.000000000000000000e+00
0.000000000000000000e+00
0.000000000000000000e+00
0.000000000000000000e+00
0.000000000000000000e+00
0.000000000000000000e+00
0.000000000000000000e+00
0.000000000000000000e+00
0.000000000000000000e+00
0.000000000000000000e+00
0.000000000000000000e+00
0.000000000000000000e+00
0.000000000000000000e+00
0.000000000000000000e+00
0.000000000000000000e+00
0.000000000000000000e+00
0.000000000000000000e+00
0.000000000000000000e+00
0.000000000000000000e+00
0.000000000000000000e+00
0.000000000000000000e+00
0.000000000000000000e+00
0.000000000000000000e+00
0.000000000000000000e+00
0.000000000000000000e+00
0.000000000000000000e+00
0.000000000000000000e+00
0.000000000000000000e+00
0.000000000000000000e+00
0.000000000000000000e+00
0.000000000000000000e+00
0.000000000000000000e+00
0.000000000000000000e+00
0.000000000000000000e+00
0.000000000000000000e+00
0.000000000000000000e+00
0.000000000000000000e+00
0.000000000000000000e+00
0.000000000000000000e+00
0.000000000000000000e+00
0.000000000000000000e+00
0.000000000000000000e+00
0.000000000000000000e+00
0.000000000000000000e+00
0.000000000000000000e+00
0.000000000000000000e+00
0.000000000000000000e+00
0.000000000000000000e+00
0.000000000000000000e+00
0.000000000000000000e+00
0.000000000000000000e+00
0.000000000000000000e+00
0.000000000000000000e+00
0.000000000000000000e+00
0.000000000000000000e+00
0.000000000000000000e+00
0.000000000000000000e+00
0.000000000000000000e+00
0.000000000000000000e+00
0.000000000000000000e+00
0.000000000000000000e+00
0.000000000000000000e+00
0.000000000000000000e+00
0.000000000000000000e+00
0.000000000000000000e+00
0.000000000000000000e+00
0.000000000000000000e+00
0.000000000000000000e+00
0.000000000000000000e+00
0.000000000000000000e+00
0.000000000000000000e+00
0.000000000000000000e+00
0.000000000000000000e+00
0.000000000000000000e+00
0.000000000000000000e+00
0.000000000000000000e+00
0.000000000000000000e+00
0.000000000000000000e+00
0.000000000000000000e+00
0.000000000000000000e+00
0.000000000000000000e+00
0.000000000000000000e+00
0.000000000000000000e+00
0.000000000000000000e+00
0.000000000000000000e+00
0.000000000000000000e+00
0.000000000000000000e+00
0.000000000000000000e+00
0.000000000000000000e+00
0.000000000000000000e+00
0.000000000000000000e+00
0.000000000000000000e+00
0.000000000000000000e+00
0.000000000000000000e+00
0.000000000000000000e+00
0.000000000000000000e+00
0.000000000000000000e+00
0.000000000000000000e+00
0.000000000000000000e+00
0.000000000000000000e+00
0.000000000000000000e+00
0.000000000000000000e+00
0.000000000000000000e+00
0.000000000000000000e+00
0.000000000000000000e+00
0.000000000000000000e+00
0.000000000000000000e+00
0.000000000000000000e+00
0.000000000000000000e+00
0.000000000000000000e+00
0.000000000000000000e+00
0.000000000000000000e+00
0.000000000000000000e+00
0.000000000000000000e+00
0.000000000000000000e+00
0.000000000000000000e+00
0.000000000000000000e+00
