8.318494988158809677e-09
9.238789198056539001e-09
1.004533050640614766e-08
1.071398736195820034e-08
1.122413725547854957e-08
1.155863838039762110e-08
1.170378655813572075e-08
1.164917959865143583e-08
1.138751995192932513e-08
1.091441117646589238e-08
1.022821490250985591e-08
9.329580473311284001e-09
8.221471771332660727e-09
6.908731467231368710e-09
5.397740897845478116e-09
3.696523943942702360e-09
1.813966681805394881e-09
-2.398618003301790076e-10
-2.454395743923042783e-09
-4.818441698360723120e-09
-7.320637116116542177e-09
-9.949349935299652377e-09
-1.269315237973135904e-08
-1.554064446472278256e-08
-1.848077916556941527e-08
-2.150297278187838718e-08
-2.459699511161535478e-08
-2.775328014516122459e-08
-3.096280841040291705e-08
-3.421728347881414823e-08
-3.750904816882480750e-08
-4.083112010934623801e-08
-4.417730172699946406e-08
-4.754203238059001524e-08
-5.092042002438536741e-08
-5.430831923679000404e-08
-5.770214017223359609e-08
-6.109894018201438778e-08
-6.449633035065094404e-08
-6.789242735408692715e-08
-7.128584807002047992e-08
-7.467559998200523966e-08
-7.806116610856404738e-08
-8.144220667632145238e-08
-8.481886077909882211e-08
-8.819133898284939359e-08
-9.156013695109450267e-08
-9.492587939943189607e-08
-9.828926247052899755e-08
-1.016511113057665396e-07
-1.050122274742759591e-07
-1.083734118846724005e-07
-1.117354615429514071e-07
-1.150990795088208698e-07
-1.184648794220756906e-07
-1.218333650254068628e-07
-1.252049062197965447e-07
-1.285797099235352761e-07
-1.319578328342980407e-07
-1.353391551614667126e-07
-1.387233644286578191e-07
-1.421099676665924097e-07
-1.454983142809527531e-07
-1.488874688016062315e-07
-1.522764076275219772e-07
-1.556639180638316920e-07
-1.590486001634486807e-07
-1.624287022561393842e-07
-1.658026788986125048e-07
-1.691686099783073397e-07
-1.725244197901646389e-07
-1.758680294119246917e-07
-1.791974336619832166e-07
-1.825097201544316040e-07
-1.858029877514330157e-07
-1.890747187913779329e-07
-1.923225275238082177e-07
-1.955437032835422427e-07
-1.987358301723558050e-07
-2.018966266578775641e-07
-2.050236054017692930e-07
-2.081141668668615120e-07
-2.111662439158333120e-07
-2.141773085571695426e-07
-2.171456365848329265e-07
-2.200686634156544249e-07
-2.229449360217030438e-07
-2.257726650548562312e-07
-2.285493633688828855e-07
-2.312745388708443169e-07
-2.339466275079659701e-07
-2.365636359582906713e-07
-2.391252177555275133e-07
-2.416303847364711565e-07
-2.440782632218731317e-07
-2.464681776393458823e-07
-2.487999474865070556e-07
-2.510729220688349755e-07
-2.532876263218697452e-07
-2.554435249439972967e-07
-2.575409532640418530e-07
-2.595804917685052441e-07
-2.615621054583249553e-07
-2.634871566121853788e-07
-2.653558233815288689e-07
-2.671688956323714964e-07
-2.689277309266946864e-07
-2.706330159482643035e-07
-2.722863180969055944e-07
-2.738881744790903249e-07
-2.754406497080660305e-07
-2.769445145268939927e-07
-2.784014053818831294e-07
-2.798126764274861282e-07
-2.811799387323118842e-07
-2.825049107658669335e-07
-2.837883227638948932e-07
-2.850329622302559043e-07
-2.862388407014540051e-07
-2.874091101659792873e-07
-2.885438912854539094e-07
-2.896459301284954896e-07
-2.907154939539889171e-07
-2.917552751336605543e-07
-2.927653806486186724e-07
-2.937485816416044099e-07
-2.947048003892980432e-07
-2.956365976866832141e-07
-2.965441588655004120e-07
-2.974293358159898319e-07
-2.982929733971886690e-07
-2.991360583564018822e-07
-2.999598231375791549e-07
-3.007647502704030658e-07
-3.015523259870890645e-07
-3.023226688888516124e-07
-3.030769936420282455e-07
-3.038156361612510141e-07
-3.045396393531257726e-07
-3.052489692840726979e-07
-3.059443682415895342e-07
-3.066263664951522070e-07
-3.072949192956712999e-07
-3.079509839441136900e-07
-3.085941006932725742e-07
-3.092249958229088397e-07
-3.098436999569058243e-07
-3.104500057067848802e-07
-3.110443906946044461e-07
-3.116266094288711773e-07
-3.121968397983624585e-07
-3.127550309830496303e-07
-3.133011348998368923e-07
-3.138349389769122852e-07
-3.143562607416102236e-07
-3.148653428168622728e-07
-3.153618698612807195e-07
-3.158457009927882378e-07
-3.163165531119674383e-07
-3.167742823110546573e-07
-3.172188260633481720e-07
-3.176503045193704606e-07
-3.180678921517478766e-07
-3.184719230014756967e-07
-3.188620410277413116e-07
-3.192382222207182052e-07
-3.196002589328204567e-07
-3.199477728773550533e-07
-3.202809781161496119e-07
-3.205998909095262144e-07
-3.209038889284024693e-07
-3.211932552538151513e-07
-3.214677352092997455e-07
-3.217275224239621922e-07
-3.219723248185653116e-07
-3.222023237297341002e-07
-3.224174072983822468e-07
-3.226174902924123570e-07
-3.228026609559709858e-07
-3.229731831682815097e-07
-3.231287653321531994e-07
-3.232695892953107317e-07
-3.233959940484711139e-07
-3.235079565547945764e-07
-3.236053914223909592e-07
-3.236887172988191022e-07
-3.237579899929623174e-07
-3.238132372503588802e-07
-3.238549011811262121e-07
-3.238830249393905845e-07
-3.238977736966191163e-07
-3.238996171575685320e-07
-3.238885123925338341e-07
-3.238647291868450307e-07
-3.238288956562171472e-07
-3.237805802555323613e-07
-3.237204634141076598e-07
-3.236490501909231962e-07
-3.235660609427101159e-07
-3.234721598633659865e-07
-3.233676158485397599e-07
-3.232526864524480373e-07
-3.231273691041764175e-07
-3.229924568143083830e-07
-3.228480217543285564e-07
-3.226940036633908063e-07
-3.225312058902851434e-07
-3.223598949622293440e-07
-3.221800278590976436e-07
-3.219920118840519159e-07
-3.217963771998419353e-07
-3.215929523340072441e-07
-3.213821356324210023e-07
-3.211645162498237606e-07
-3.209401503487774383e-07
-3.207090447066891079e-07
-3.204717128485909321e-07
-3.202286572228228709e-07
-3.199794817716018647e-07
-3.197246453569005834e-07
-3.194646946321414932e-07
-3.191996055276128484e-07
-3.189293988682549320e-07
-3.186544128701307695e-07
-3.183751540674131485e-07
-3.180912225880449447e-07
-3.178030036072993178e-07
-3.175109623770807886e-07
-3.172149934857484340e-07
-3.169152665952721382e-07
-3.166118584764406713e-07
-3.163051312350767605e-07
-3.159949784068045313e-07
-3.156815637116153915e-07
-3.153650608599579003e-07
-3.150457592507605307e-07
-3.147234118933239733e-07
-3.143982224774727026e-07
-3.140704546283625626e-07
-3.137400752270900192e-07
-3.134071894350824629e-07
-3.130716737829306229e-07
-3.127339252462624604e-07
-3.123938038160798600e-07
-3.120514428440407850e-07
-3.117067529656705526e-07
-3.113600206158752438e-07
-3.110111044601772357e-07
-3.106601415251716364e-07
-3.103070610443050213e-07
-3.099520421523825922e-07
-3.095950236745673161e-07
-3.092360511473503844e-07
-3.088750899120071737e-07
-3.085122778934111798e-07
-3.081475820618937893e-07
-3.077810128546796816e-07
-3.074125388210543603e-07
-3.070422640498473949e-07
-3.066701500283341461e-07
-3.062962205899465191e-07
-3.059204757385385136e-07
-3.055429063018868056e-07
-3.051635553940954650e-07
-3.047824142825936190e-07
-3.043995194620922614e-07
-3.040148037046028083e-07
-3.036282733022248050e-07
-3.032399909029126349e-07
-3.028499589418013180e-07
-3.024581752828854666e-07
-3.020646220178134509e-07
-3.016692532896190579e-07
-3.012720979837351518e-07
-3.008732686802424882e-07
-3.004726679870810337e-07
-3.000703685895032448e-07
-2.996662649984917386e-07
-2.992605106041323180e-07
-2.988529585954134881e-07
-2.984437338294809486e-07
-2.980327895502007146e-07
-2.976201565474745285e-07
-2.972058816571845276e-07
-2.967899801207145097e-07
-2.963723985577940289e-07
-2.959531083518808305e-07
-2.955323159718297856e-07
-2.951098850901020246e-07
-2.946859434122457482e-07
-2.942604317612781316e-07
-2.938333682693793666e-07
-2.934048914205494504e-07
-2.929749784355736841e-07
-2.925436152088123971e-07
-2.921108192979033333e-07
-2.916766727565798074e-07
-2.912412373982569915e-07
-2.908045904363407748e-07
-2.903665613049500633e-07
-2.899273029058985174e-07
-2.894869727509766129e-07
-2.890454783693857399e-07
-2.886029441385968403e-07
-2.881593191481604344e-07
-2.877146231101003218e-07
-2.872690786943010961e-07
-2.868226092141690097e-07
-2.863752760814138592e-07
-2.859271095869926297e-07
-2.854780939982847655e-07
-2.850284442244049406e-07
-2.845781488112654224e-07
-2.841271747327551361e-07
-2.836756074569548551e-07
-2.832234157646865392e-07
-2.827708323604647546e-07
-2.823178340269046588e-07
-2.818643952054646948e-07
-2.814105734360670574e-07
-2.809563729684877483e-07
-2.805020044036625712e-07
-2.800474247680101689e-07
-2.795926490049705001e-07
-2.791376981520467659e-07
-2.786825967266076245e-07
-2.782275167314832135e-07
-2.777724024455428340e-07
-2.773173073584512370e-07
-2.768622067340511539e-07
-2.764071395860872121e-07
-2.759522891989366704e-07
-2.754975395992200830e-07
-2.750430109522829516e-07
-2.745886229887939198e-07
-2.741344220777082125e-07
-2.736805927443910065e-07
-2.732270163621322546e-07
-2.727737790577502004e-07
-2.723208239634009411e-07
-2.718681998662764143e-07
-2.714160130591012151e-07
-2.709642137227008144e-07
-2.705127785531236025e-07
-2.700618259055209696e-07
-2.696112340584208349e-07
-2.691611149746710456e-07
-2.687114787138042898e-07
-2.682622949608501984e-07
-2.678136331103382280e-07
-2.673654094104034113e-07
-2.669176627458296093e-07
-2.664705029342689741e-07
-2.660238142753832364e-07
-2.655775978859429324e-07
-2.651319551881061556e-07
-2.646867829213568554e-07
-2.642421753933692914e-07
-2.637980683796066555e-07
-2.633544756133529348e-07
-2.629114080550874117e-07
-2.624688416608904938e-07
-2.620267709651973857e-07
-2.615852752747288510e-07
-2.611442460166746555e-07
-2.607036860655258092e-07
-2.602637015755593718e-07
-2.598241668705064316e-07
-2.593851267605274279e-07
-2.589466418524392051e-07
-2.585085984779989031e-07
-2.580710045558422600e-07
-2.576339372632068583e-07
-2.571973255062457427e-07
-2.567611996435091273e-07
-2.563255643335935188e-07
-2.558903648698595792e-07
-2.554556046679888442e-07
-2.550213406844672145e-07
-2.545875026559847154e-07
-2.541541481602623872e-07
-2.537212448325948316e-07
-2.532887725596976722e-07
-2.528567389978381918e-07
-2.524251764739228901e-07
-2.519940420598774141e-07
-2.515633819020143255e-07
-2.511331675019312897e-07
-2.507033871683713491e-07
-2.502740470394222832e-07
-2.498451753045735109e-07
-2.494167433499509310e-07
-2.489887645606444618e-07
-2.485612905159207450e-07
-2.481342382722171789e-07
-2.477076569509860780e-07
-2.472815771483915742e-07
-2.468559392682542896e-07
-2.464307290903521719e-07
-2.460061217960276687e-07
-2.455819606911312084e-07
-2.451582802806721630e-07
-2.447351561682704114e-07
-2.443124737710992686e-07
-2.438902838452999341e-07
-2.434687239184875041e-07
-2.430476611527718498e-07
-2.426271138207076983e-07
-2.422071369875046099e-07
-2.417876692496054800e-07
-2.413687740577825194e-07
-2.409504700919285995e-07
-2.405327553605633822e-07
-2.401155857459122822e-07
-2.396990304621079143e-07
-2.392831109151551631e-07
-2.388677415043067197e-07
-2.384529298177919455e-07
-2.380388725683613745e-07
-2.376254203656400095e-07
-2.372125611021388760e-07
-2.368004133223000521e-07
-2.363888376554070732e-07
-2.359779507190503464e-07
-2.355677618009249358e-07
-2.351582377133482319e-07
-2.347493763160162076e-07
-2.343411802314275710e-07
-2.339337464669835184e-07
-2.335269310892764108e-07
-2.331207807059130060e-07
-2.327154436881818130e-07
-2.323107750204424247e-07
-2.319067940825333622e-07
-2.315035346019936841e-07
-2.311010450369430280e-07
-2.306992306049239919e-07
-2.302981052325134812e-07
-2.298978180323020910e-07
-2.294982370584524144e-07
-2.290993557323348887e-07
-2.287012244412925415e-07
-2.283038606780380414e-07
-2.279072160430029031e-07
-2.275113007248288118e-07
-2.271162131281401621e-07
-2.267218293712979234e-07
-2.263281485738113472e-07
-2.259352381323556024e-07
-2.255430719217029675e-07
-2.251516418248849131e-07
-2.247609474886675246e-07
-2.243710739543752006e-07
-2.239819059155187106e-07
-2.235934389266573892e-07
-2.232057278493317245e-07
-2.228187901749203082e-07
-2.224325790122509275e-07
-2.220470845397012467e-07
-2.216624159581353074e-07
-2.212784455070113741e-07
-2.208951805814141202e-07
-2.205126331145131133e-07
-2.201309016232916683e-07
-2.197498598318874262e-07
-2.193695145992343806e-07
-2.189900088236447332e-07
-2.186111504380683270e-07
-2.182330098540459555e-07
-2.178555605476090577e-07
-2.174789212717603991e-07
-2.171029173970206728e-07
-2.167276191850693151e-07
-2.163531336656342882e-07
-2.159792917066706954e-07
-2.156061680473164838e-07
-2.152337146388653642e-07
-2.148620344557480620e-07
-2.144909779300090432e-07
-2.141206827709943231e-07
-2.137510707404304977e-07
-2.133822223273269183e-07
-2.130140359820470332e-07
-2.126465119828199896e-07
-2.122796658932832703e-07
-2.119136035648784805e-07
-2.115481711669779551e-07
-2.111834039147647708e-07
-2.108194393804714580e-07
-2.104560894767474855e-07
-2.100934321574114178e-07
-2.097314213511554075e-07
-2.093701510021918763e-07
-2.090095116182351503e-07
-2.086495883528203178e-07
-2.082902968143184266e-07
-2.079318002869224064e-07
-2.075739158485310433e-07
-2.072166871135272152e-07
-2.068601307614296097e-07
-2.065043415874434749e-07
-2.061491117581015098e-07
-2.057946166947317721e-07
-2.054408057446581370e-07
-2.050877064925884987e-07
-2.047352615570593510e-07
-2.043834566134941558e-07
-2.040323146687901210e-07
-2.036819394071067992e-07
-2.033321395323422726e-07
-2.029830393998810989e-07
-2.026346728906811794e-07
-2.022869574947549021e-07
-2.019399258683775816e-07
-2.015935213372946950e-07
-2.012477742092133038e-07
-2.009027978523571190e-07
-2.005583908497240506e-07
-2.002146724474805953e-07
-1.998716873604748628e-07
-1.995293570971070707e-07
-1.991877024024211190e-07
-1.988466748012508321e-07
-1.985063072773132858e-07
-1.981667103880804372e-07
-1.978276679291971807e-07
-1.974893401702873630e-07
-1.971517035429557412e-07
-1.968147665777346281e-07
-1.964784734850107110e-07
-1.961428135546664707e-07
-1.958078113875244867e-07
-1.954735727053244442e-07
-1.951398760212114380e-07
-1.948069245825411069e-07
-1.944745973333975083e-07
-1.941430339162040738e-07
-1.938120587725192610e-07
-1.934817512145484246e-07
-1.931520760890689744e-07
-1.928231039714166471e-07
-1.924947867206856437e-07
-1.921671243011523497e-07
-1.918400747962690514e-07
-1.915137983880552394e-07
-1.911880980173450536e-07
-1.908630877810646758e-07
-1.905386831270512343e-07
-1.902149139811693114e-07
-1.898919084017562777e-07
-1.895694326010271041e-07
-1.892476624500419917e-07
-1.889265315012473382e-07
-1.886061299274201919e-07
-1.882862948362897409e-07
-1.879671172968362435e-07
-1.876485486806229121e-07
-1.873306564178250951e-07
-1.870134201150022688e-07
-1.866968080020026100e-07
-1.863807859584755840e-07
-1.860655121401260865e-07
-1.857508089937711865e-07
-1.854367599868210121e-07
-1.851232901896610820e-07
-1.848104461526810786e-07
-1.844983258046846382e-07
-1.841867224676632792e-07
-1.838758223790475758e-07
-1.835654737874428409e-07
-1.832558769142218342e-07
-1.829468088812357360e-07
-1.826383933526690168e-07
-1.823305458965739560e-07
-1.820232973188612187e-07
-1.817167808272566945e-07
-1.814107399709736025e-07
-1.811054097970173002e-07
-1.808006228894104663e-07
-1.804965730864126513e-07
-1.801930311664875924e-07
-1.798901271023729469e-07
-1.795877802215496490e-07
-1.792860110253702730e-07
-1.789849619318793129e-07
-1.786843791370985415e-07
-1.783844933580644174e-07
-1.780851296620174871e-07
-1.777864944979496989e-07
-1.774883528590262329e-07
-1.771908387543084982e-07
-1.768938632010160343e-07
-1.765974628714402924e-07
-1.763017630491868855e-07
-1.760065288753552714e-07
-1.757119656636380165e-07
-1.754179114339764149e-07
-1.751245629232826422e-07
-1.748317125087253156e-07
-1.745394727663829603e-07
-1.742477622078744020e-07
-1.739566356295185922e-07
-1.736661404593795770e-07
-1.733761934901922227e-07
-1.730868204272465442e-07
-1.727979811106776333e-07
-1.725097868942530940e-07
-1.722221702077195571e-07
-1.719350815757978436e-07
-1.716485745732371642e-07
-1.713625944547099511e-07
-1.710771669293602191e-07
-1.707924198315485989e-07
-1.705081018976757267e-07
-1.702244180784169706e-07
-1.699412494749104917e-07
-1.696587647146236600e-07
-1.693767330333826333e-07
-1.690952980715428268e-07
-1.688143583381670453e-07
-1.685339809393982365e-07
-1.682542245878121566e-07
-1.679749724661516103e-07
-1.676962836012416041e-07
-1.674180999638501851e-07
-1.671405247314841749e-07
-1.668635432463443004e-07
-1.665870412118375382e-07
-1.663111123505713151e-07
-1.660356872890649435e-07
-1.657607792174848845e-07
-1.654865370703965834e-07
-1.652127046375917658e-07
-1.649395035655699244e-07
-1.646667680580712887e-07
-1.643946749334988838e-07
-1.641230627380132489e-07
-1.638519791233586561e-07
-1.635814338506792618e-07
-1.633113893621530202e-07
-1.630418602896388202e-07
-1.627729732711267818e-07
-1.625044774051453021e-07
-1.622366155083635573e-07
-1.619691990310992579e-07
-1.617024191430134520e-07
-1.614360947416858059e-07
-1.611702975383443879e-07
-1.609050105233605952e-07
-1.606402276130473391e-07
-1.603759462224082953e-07
-1.601122998454029621e-07
-1.598490238262269808e-07
-1.595863793603857139e-07
-1.593241620369120115e-07
-1.590625689524741175e-07
-1.588014250890798877e-07
-1.585407898488746274e-07
-1.582806772988097510e-07
-1.580210373376276351e-07
-1.577618850326891321e-07
-1.575033577266173428e-07
-1.572452076081074382e-07
-1.569876458132081807e-07
-1.567305150357251663e-07
-1.564739679405992918e-07
-1.562179284036243349e-07
-1.559623327073609371e-07
-1.557072682572659805e-07
-1.554526446691853450e-07
-1.551984966523904508e-07
-1.549449410936587224e-07
-1.546918196118262163e-07
-1.544391862583523385e-07
-1.541870281082554414e-07
-1.539353752838058985e-07
-1.536843052409151320e-07
-1.534336166278025359e-07
-1.531834588502591598e-07
-1.529337296545523146e-07
-1.526844942948297072e-07
-1.524357238828420893e-07
-1.521875549801846565e-07
-1.519397090576909897e-07
-1.516924630984806212e-07
-1.514456036640363040e-07
-1.511993194876982200e-07
-1.509534784619092763e-07
-1.507080850541964958e-07
-1.504631975807665938e-07
-1.502187252852579972e-07
-1.499747119897249134e-07
-1.497312460070929727e-07
-1.494882277390354238e-07
-1.492456289278766957e-07
-1.490035329875156099e-07
-1.487618804790456313e-07
-1.485208061669121515e-07
-1.482800917063078075e-07
-1.480398524425582904e-07
-1.478000771043444020e-07
-1.475607346094533030e-07
-1.473218158501421053e-07
-1.470834756378813982e-07
-1.468454931126841851e-07
-1.466079943830602905e-07
-1.463709199610387958e-07
-1.461343157736990131e-07
-1.458982631511116588e-07
-1.456625558623322408e-07
-1.454273309183916367e-07
-1.451925308063456511e-07
-1.449581701579049421e-07
-1.447242264366568054e-07
-1.444908483118336156e-07
-1.442578071195432505e-07
-1.440252481751487521e-07
-1.437930980666222721e-07
-1.435614090079545647e-07
-1.433302602313063184e-07
-1.430994466533356297e-07
-1.428690970395887994e-07
-1.426391786737570532e-07
-1.424096765793449714e-07
-1.421805756655712141e-07
-1.419520250755619142e-07
-1.417238304933097628e-07
-1.414960615422125189e-07
-1.412687377810232642e-07
-1.410418322831787043e-07
-1.408154634763150740e-07
-1.405894293628103207e-07
-1.403638284252581952e-07
-1.401386773909077447e-07
-1.399138994092219677e-07
-1.396895346944664638e-07
-1.394656363950787612e-07
-1.392422085300396122e-07
-1.390190823104583427e-07
-1.387964834173793752e-07
-1.385742205791588683e-07
-1.383524538937694683e-07
-1.381311189073613725e-07
-1.379101431140413509e-07
-1.376896120136115609e-07
-1.374694388655783356e-07
-1.372496975402991039e-07
-1.370303520652798597e-07
-1.368115303933175886e-07
-1.365929976117040599e-07
-1.363749321827214644e-07
-1.361572315398701971e-07
-1.359399551598556384e-07
-1.357231925338897756e-07
-1.355067332531439833e-07
-1.352906862352132568e-07
-1.350750718452260437e-07
-1.348598069015611322e-07
-1.346449374595174472e-07
-1.344304879439676490e-07
-1.342165313590085713e-07
-1.340028269387436824e-07
-1.337896415007748288e-07
-1.335767629197611177e-07
-1.333643286539456204e-07
-1.331523722381674531e-07
-1.329407050683436087e-07
-1.327294686341493218e-07
-1.325186080074884903e-07
-1.323081232977554195e-07
-1.320979925410046221e-07
-1.318883368479974240e-07
-1.316790706778717458e-07
-1.314700951080848973e-07
-1.312616146339473341e-07
-1.310534305276594661e-07
-1.308456936512313857e-07
-1.306384059887318929e-07
-1.304314022226866170e-07
-1.302248246129778518e-07
-1.300186013315716590e-07
-1.298127529488960702e-07
-1.296072464382471404e-07
-1.294022054485415712e-07
-1.291975416455085021e-07
-1.289931555459964870e-07
-1.287892599232630960e-07
-1.285856492884070503e-07
-1.283824673210649181e-07
-1.281797355364876585e-07
-1.279772742831376203e-07
-1.277752185801206508e-07
-1.275735305467680960e-07
-1.273721848756413160e-07
-1.271711876652504763e-07
-1.269705887029004911e-07
-1.267704431280645344e-07
-1.265705261366313941e-07
-1.263710849114074520e-07
-1.261719244239883127e-07
-1.259731745205226126e-07
-1.257748761069206776e-07
-1.255768398920499278e-07
-1.253791760771837900e-07
-1.251819062258964529e-07
-1.249849267815067962e-07
-1.247883275758611068e-07
-1.245920753121789316e-07
-1.243962967246521573e-07
-1.242007587036515350e-07
-1.240056029644595245e-07
-1.238108090958479104e-07
-1.236163553474717389e-07
-1.234223241068800093e-07
-1.232286347412795275e-07
-1.230352509175308343e-07
-1.228422480455160917e-07
-1.226495658110260664e-07
-1.224572374727459578e-07
-1.222652199094565924e-07
-1.220736131161502507e-07
-1.218823974737439292e-07
-1.216914033324226664e-07
-1.215008698494827238e-07
-1.213105971538206149e-07
-1.211207080049684729e-07
-1.209312557978715897e-07
-1.207420473965877827e-07
-1.205531938161773828e-07
-1.203647062373905904e-07
-1.201765003129194520e-07
-1.199886588257926499e-07
-1.198011275333331431e-07
-1.196140350306218519e-07
-1.194272285348744207e-07
-1.192406937713198752e-07
-1.190546002542902438e-07
-1.188687526073353461e-07
-1.186832905155690608e-07
-1.184982450815118156e-07
-1.183134333046482550e-07
-1.181289640905667085e-07
-1.179448603676020123e-07
-1.177610178583750628e-07
-1.175775347795536434e-07
-1.173943586996924401e-07
-1.172116124937953528e-07
-1.170291291139420515e-07
-1.168469195256516647e-07
-1.166651367273843122e-07
-1.164835911482959456e-07
-1.163024218155041145e-07
-1.161216597608231577e-07
-1.159411216766035866e-07
-1.157609196218950151e-07
-1.155810689445109311e-07
-1.154014777120268659e-07
-1.152222356175451096e-07
-1.150432822344975349e-07
-1.148647379535404074e-07
-1.146864918137176125e-07
-1.145084657144621545e-07
-1.143308791756066632e-07
-1.141535216088150560e-07
-1.139765141691696578e-07
-1.137999145875138898e-07
-1.136235508965929982e-07
-1.134474916177089984e-07
-1.132717681765253875e-07
-1.130963276728911697e-07
-1.129212060231208780e-07
-1.127463606442213022e-07
-1.125718477241018095e-07
-1.123977465278303183e-07
-1.122238322847957692e-07
-1.120502806689114450e-07
-1.118770186926823575e-07
-1.117040543318130897e-07
-1.115314390287532867e-07
-1.113591776165670663e-07
-1.111871353162824085e-07
-1.110154188976305392e-07
-1.108440330396637971e-07
-1.106728805169335297e-07
-1.105020594454588304e-07
-1.103315218187792048e-07
-1.101613802660397923e-07
-1.099914902524607369e-07
-1.098218205013504614e-07
-1.096525703927239254e-07
-1.094835308558316263e-07
-1.093148214509410668e-07
-1.091464978673133575e-07
-1.089784072516062853e-07
-1.088105895035397645e-07
-1.086430928587390534e-07
-1.084758797958468745e-07
-1.083089366328670855e-07
-1.081422824679997790e-07
-1.079759177394150987e-07
-1.078099618203133340e-07
-1.076441974109140073e-07
-1.074786998671433085e-07
-1.073135781309060652e-07
-1.071486617267419503e-07
-1.069840839507223898e-07
-1.068198768115024825e-07
-1.066558742012414147e-07
-1.064921561687031634e-07
-1.063287460529700297e-07
-1.061656022118694477e-07
-1.060027316561237150e-07
-1.058401331970703078e-07
-1.056778166278712547e-07
-1.055159047608288284e-07
-1.053541716452668436e-07
-1.051926986886324763e-07
-1.050315920526143244e-07
-1.048706815894902841e-07
-1.047100983672751410e-07
-1.045498786446965100e-07
-1.043898659818205825e-07
-1.042301161590703637e-07
-1.040706684995480760e-07
-1.039114893922240692e-07
-1.037525582548118105e-07
-1.035939072610954720e-07
-1.034355280607913253e-07
-1.032775234385946629e-07
-1.031197276206285862e-07
-1.029621382435017660e-07
-1.028049423123319125e-07
-1.026479357311422530e-07
-1.024912273841758603e-07
-1.023348548339981650e-07
-1.021787412705391782e-07
-1.020228407484872300e-07
-1.018672356046963846e-07
-1.017119267423366978e-07
-1.015568179185812631e-07
-1.014020144669533901e-07
-1.012474457532697281e-07
-1.010931979043485738e-07
-1.009392663530518029e-07
-1.007854962054924940e-07
-1.006320421364724968e-07
-1.004788614767282560e-07
-1.003259015806210273e-07
-1.001732517296162511e-07
-1.000209433452269631e-07
-9.986880054334865483e-08
-9.971693519462963709e-08
-9.956534857652264930e-08
-9.941400470749160858e-08
-9.926290478746456382e-08
-9.911206027734786280e-08
-9.896147428880174056e-08
-9.881124428592638278e-08
-9.866121551268946679e-08
-9.851137187864139479e-08
-9.836190103607538714e-08
-9.821261214514382313e-08
-9.806359922906612266e-08
-9.791487302049088126e-08
-9.776645794947883617e-08
-9.761821378053526196e-08
-9.747023576927016515e-08
-9.732254095303130173e-08
-9.717505282547353510e-08
-9.702783720061217462e-08
-9.688084462288274648e-08
-9.673410790939097239e-08
-9.658773887297515131e-08
-9.644152914890891790e-08
-9.629551974464069923e-08
-9.614987430545359716e-08
-9.600439742258309767e-08
-9.585919284111162441e-08
-9.571427427357085720e-08
-9.556964058421666870e-08
-9.542518098611587661e-08
-9.528097916368844995e-08
-9.513705301994980357e-08
-9.499332828669115969e-08
-9.484986459255442042e-08
-9.470662063792831934e-08
-9.456362512384664781e-08
-9.442097987432110511e-08
-9.427850533134765325e-08
-9.413620893092265705e-08
-9.399427016731092522e-08
-9.385249920463181362e-08
-9.371098693028289227e-08
-9.356973660400693123e-08
-9.342880406003470364e-08
-9.328801197301395231e-08
-9.314748173564094603e-08
-9.300720402686865847e-08
-9.286714827617688038e-08
-9.272730648740518308e-08
-9.258770917148500798e-08
-9.244833925682729218e-08
-9.230928051975507944e-08
-9.217045466670489028e-08
-9.203178041370577656e-08
-9.189339408918593956e-08
-9.175525812939410257e-08
-9.161730178615744281e-08
-9.147962079876298197e-08
-9.134224958520867236e-08
-9.120504796884740257e-08
-9.106805121585357988e-08
-9.093131106662068843e-08
-9.079482619374222076e-08
-9.065850880977061137e-08
-9.052246316555165671e-08
-9.038660753064334215e-08
-9.025099180456127175e-08
-9.011572302118386929e-08
-8.998058457207896191e-08
-8.984562736532427074e-08
-8.971101199902307218e-08
-8.957654524192078813e-08
-8.944232426966053411e-08
-8.930834943251160963e-08
-8.917468039528423686e-08
-8.904113990377693941e-08
-8.890784068215077741e-08
-8.877477781373948105e-08
-8.864194070982652835e-08
-8.850928066193051823e-08
-8.837687773185973504e-08
-8.824466738987022405e-08
-8.811270804540585213e-08
-8.798106447071609359e-08
-8.784953749627370252e-08
-8.771821397389363767e-08
-8.758719883391152577e-08
-8.745633354144814562e-08
-8.732571186476599999e-08
-8.719533248550065813e-08
-8.706523597708086493e-08
-8.693526622997918871e-08
-8.680553676583820945e-08
-8.667603602680865856e-08
-8.654674660333532720e-08
-8.641763512066837928e-08
-8.628876932382529662e-08
-8.616009096300677354e-08
-8.603165452472944759e-08
-8.590352947363592751e-08
-8.577551568885388623e-08
-8.564768956451777067e-08
-8.552017576625913136e-08
-8.539280052211364136e-08
-8.526565843725470696e-08
-8.513874759061160380e-08
-8.501212839081653668e-08
-8.488562795988492702e-08
-8.475934656155143360e-08
-8.463328974572415760e-08
-8.450745808931722615e-08
-8.438177725786270918e-08
-8.425635288816404984e-08
-8.413109841256465416e-08
-8.400606140617348814e-08
-8.388134721615109189e-08
-8.375675783094893522e-08
-8.363231910423602983e-08
-8.350818416862133845e-08
-8.338421751998794824e-08
-8.326043449014042429e-08
-8.313689265383519142e-08
-8.301362732408757890e-08
-8.289051422466825787e-08
-8.276757314171630478e-08
-8.264485565212665590e-08
-8.252237090455397022e-08
-8.240004796360996780e-08
-8.227793230871704823e-08
-8.215600976278831176e-08
-8.203428701547821759e-08
-8.191282052744075501e-08
-8.179158662429563068e-08
-8.167047601549924274e-08
-8.154956384426660580e-08
-8.142892554019457392e-08
-8.130842125911764330e-08
-8.118813909191175697e-08
-8.106807332769020214e-08
-8.094828446165193758e-08
-8.082860509931312928e-08
-8.070912339766062858e-08
-8.058985559937705621e-08
-8.047080983062122240e-08
-8.035190162831694557e-08
-8.023323043233228837e-08
-8.011472006569087571e-08
-7.999641214195673591e-08
-7.987838145674373783e-08
-7.976052135267960274e-08
-7.964278906563309844e-08
-7.952528148768188553e-08
-7.940801944584147768e-08
-7.929088029279043108e-08
-7.917397246422550815e-08
-7.905727576963412992e-08
-7.894083391248587801e-08
-7.882449745734354953e-08
-7.870836561075998179e-08
-7.859243430513473132e-08
-7.847671535816559908e-08
-7.836112906468752316e-08
-7.824577625363907222e-08
-7.813057740380956467e-08
-7.801557485716901180e-08
-7.790083981340113567e-08
-7.778627536768042983e-08
-7.767183434601038044e-08
-7.734881408967629157e-08
-7.723517614390341301e-08
-7.712166019975876257e-08
-7.700835858900049194e-08
-7.689525832231482752e-08
-7.596131780764940874e-08
-7.584994994935044551e-08
-7.573875713928270251e-08
-7.562777554427071983e-08
-7.511280251564794496e-08
-7.500283437964372056e-08
-7.489306903007156868e-08
-7.478346987046007463e-08
-7.387840939372579171e-08
-7.377052995135339736e-08
-7.366289276200270566e-08
-7.355535292935900985e-08
-7.344796547720137127e-08
-7.295007496647353152e-08
-7.284372017758285662e-08
-7.273754502733375631e-08
-7.263157978192867768e-08
-7.175709249600321214e-08
-7.165272588738911219e-08
-7.154850467833315554e-08
-7.144447793321881191e-08
-7.096269940381982580e-08
-7.085963386985172968e-08
-7.075670975285167756e-08
-7.065400514175057678e-08
-6.980843100710112773e-08
-6.970723054990798109e-08
-6.960629216196644576e-08
-6.950548067556933183e-08
-6.940478629258890655e-08
-6.893983218352836903e-08
-6.884013254786733126e-08
-6.874054468042714518e-08
-6.864115868290820687e-08
-6.782594877756416010e-08
-6.772808103937050040e-08
-6.763030224460203306e-08
-6.753268252153050515e-08
-6.708371633517225658e-08
-6.698703438433125427e-08
-6.689047188125061665e-08
-6.679406611389828069e-08
-6.669785314007504506e-08
-6.591274359489272915e-08
-6.581788978186807732e-08
-6.572331114347350002e-08
-6.562882747534470511e-08
-6.519640754391678505e-08
-6.510277326794434870e-08
-6.500932119567277317e-08
-6.491597521238259180e-08
-6.415966092899185285e-08
-6.406773174840521700e-08
-6.397595295489730031e-08
-6.388425905181486291e-08
-6.346760188796756621e-08
-6.337676479784419871e-08
-6.328608438845551878e-08
-6.319551971601821325e-08
-6.310510397014187851e-08
-6.237858062148912089e-08
-6.228946646884413727e-08
-6.220045232178993385e-08
-6.211170228430971717e-08
-6.171135752831544022e-08
-6.162330158628755451e-08
-6.153541223829739413e-08
-6.144771203409843252e-08
-6.074120063830717969e-08
-6.065475254857698055e-08
-6.056844452469139542e-08
-6.048227934241974409e-08
-6.008477982068433710e-08
-5.999932768798480491e-08
-5.991403907160760838e-08
-5.982890202882229561e-08
-5.974388857395675083e-08
-5.903319380134125898e-08
-5.894946586007827371e-08
-5.886582662596064016e-08
-5.878228413865451674e-08
-5.838407459733207370e-08
-5.830138635118123408e-08
-5.821878208064969619e-08
-5.813628680886950436e-08
-5.742036286106409128e-08
-5.733917109891668596e-08
-5.725808735801284183e-08
-5.717716728492317597e-08
-5.677759763812749211e-08
-5.669741911486516451e-08
-5.661732332764236652e-08
-5.653737616399686733e-08
-5.645758422597873691e-08
-5.573743113591542270e-08
-5.565886357861213204e-08
-5.558042267115741589e-08
-5.550212339367836076e-08
-5.510171029952117953e-08
-5.502409316157146531e-08
-5.494671031012916500e-08
-5.486941605325094980e-08
-5.414388046357812086e-08
-5.406780946664191882e-08
-5.399190290468822329e-08
-5.391607356733183990e-08
-5.351426254721444821e-08
-5.343920591141844492e-08
-5.336427984839823883e-08
-5.328943327961071498e-08
-5.255853403268216873e-08
-5.248493561089284614e-08
-5.241146707564499063e-08
-5.233810992255095736e-08
-5.226483909112456228e-08
-5.186218323635393639e-08
-5.178967101107617361e-08
-5.171724014988808786e-08
-5.164490187474803248e-08
-5.090984438641208337e-08
-5.083881402773137207e-08
-5.076785147291576982e-08
-5.069701767112096881e-08
-5.029291944487733736e-08
-5.022281908557636501e-08
-5.015284576411800979e-08
-5.008299618607349587e-08
-4.934253386938663697e-08
-4.927389639506612748e-08
-4.920534176692060656e-08
-4.913690436826204058e-08
-4.873129012053300135e-08
-4.866359841727159991e-08
-4.859599640792775792e-08
-4.852849476482014924e-08
-4.778261461082803048e-08
-4.771633601220901692e-08
-4.765013565697736864e-08
-4.758411774624745357e-08
-4.751819635805590665e-08
-4.711165459307129466e-08
-4.704639398457808741e-08
-4.698131640565345248e-08
-4.691630324685612100e-08
-4.616611175323717429e-08
-4.610234449181382737e-08
-4.603868377154983882e-08
-4.597510413225476467e-08
-4.556701668058393097e-08
-4.550410752031912386e-08
-4.544133115984913888e-08
-4.537865662887539151e-08
-4.462306281430305339e-08
-4.456156427929873051e-08
-4.450022100579362834e-08
-4.443893434458258887e-08
-4.402927403871313599e-08
-4.396867366304595600e-08
-4.390826257732550984e-08
-4.384789513837639065e-08
-4.308683689327041910e-08
-4.302767722096132870e-08
-4.296864384934325064e-08
-4.290967316236667040e-08
-4.285079416167737232e-08
-4.244024274699304162e-08
-4.238209638612798216e-08
-4.232400740383592904e-08
-4.226598110440660455e-08
-4.150062492529368434e-08
-4.144385894564716148e-08
-4.138717758294035508e-08
-4.133056138173702051e-08
-4.091837114104711111e-08
-4.086248337050719699e-08
-4.080663669049905416e-08
-4.075084487588539942e-08
-3.998005688982927631e-08
-3.992558046235732966e-08
-3.987114485608185290e-08
-3.981674959347743408e-08
-3.940299842849738954e-08
-3.934935020307502702e-08
-3.929576160384877219e-08
-3.924226669817671419e-08
-3.846607143255162314e-08
-3.841380480169073042e-08
-3.836159237289164898e-08
-3.830944123454959791e-08
-3.789404452656094583e-08
-3.784260627977701760e-08
-3.779125001868847603e-08
-3.773995897580168743e-08
-3.695825982002019867e-08
-3.690819438897886169e-08
-3.685817045136052398e-08
-3.680820056853673175e-08
-3.675832014031192763e-08
-3.634197893175006090e-08
-3.629281296729299676e-08
-3.624368884148837873e-08
-3.619465808327850360e-08
-3.540868779605831832e-08
-3.536086947664809364e-08
-3.531312543137590385e-08
-3.526547847006610095e-08
-3.484746714094526426e-08
-3.480047609914345298e-08
-3.475353226320777019e-08
-3.470665759159916469e-08
-3.391520365483717936e-08
-3.386955513796921172e-08
-3.382397981819453489e-08
-3.377844015399648703e-08
-3.335875856075519035e-08
-3.331390317564935652e-08
-3.326909630165565915e-08
-3.322434900331137836e-08
-3.242746679331647300e-08
-3.238396162254134172e-08
-3.234051161640155692e-08
-3.229710121529892425e-08
-3.187579507660402973e-08
-3.183307840786246728e-08
-3.179041442485609766e-08
-3.174785556744233100e-08
-3.094551902965574861e-08
-3.090413484099018743e-08
-3.086279889602846127e-08
-3.082152268091320577e-08
-3.039849701960618716e-08
-3.035788209432545173e-08
-3.031734427898553113e-08
-3.027686816288603520e-08
-2.946902990585672856e-08
-2.942973685766826122e-08
-2.939048213109791828e-08
-2.935128216864339272e-08
-2.892656650258368607e-08
-2.888808125414749080e-08
-2.884962445797680422e-08
-2.881121093792641482e-08
-2.799792453792295981e-08
-2.796073647578037840e-08
-2.792357828161829185e-08
-2.788646903321800471e-08
-2.746012500891293648e-08
-2.742369787239695243e-08
-2.738730708699340803e-08
-2.735096222703863409e-08
-2.731467454828760517e-08
-2.649706100192138693e-08
-2.646195124095165739e-08
-2.642691692140018879e-08
-2.639194115029598767e-08
-2.596443098125289953e-08
-2.593007596865201107e-08
-2.589575840977811342e-08
-2.586149470536488133e-08
-2.503842286873920989e-08
-2.500538632307064991e-08
-2.497237927024757434e-08
-2.493941779582799217e-08
-2.451020149515487772e-08
-2.447790382615708381e-08
-2.444562679825636562e-08
-2.441339897059261395e-08
-2.358493573128412308e-08
-2.355391827723193548e-08
-2.352292464456790317e-08
-2.349197774098574125e-08
-2.306105716812638399e-08
-2.303073061971162107e-08
-2.300044472117562049e-08
-2.297023239768430574e-08
-2.213631016468726602e-08
-2.210725669379556453e-08
-2.207824203260884142e-08
-2.204928179757178974e-08
-2.161662075887188097e-08
-2.158827163288586727e-08
-2.155999067463443158e-08
-2.153176637296100316e-08
-2.069239603701212514e-08
-2.066531828723055544e-08
-2.063830906078917745e-08
-2.061132878859679644e-08
-2.017695511449378246e-08
-2.015061282988896564e-08
-2.012433566187370524e-08
-2.009806666852577319e-08
-1.925326427671717554e-08
-1.922816306728012896e-08
-1.920309968411104527e-08
-1.917805601426267434e-08
-1.874193454286249158e-08
-1.871755450456122066e-08
-1.869319613229865536e-08
-1.866884930376637821e-08
-1.781861157297189090e-08
-1.779543965472985205e-08
-1.777230272624890001e-08
-1.774919226981865676e-08
-1.731135576516038632e-08
-1.728890154326556964e-08
-1.726646561382546044e-08
-1.724404697535594749e-08
-1.638842200164156285e-08
-1.636718853703462546e-08
-1.634598787715611437e-08
-1.632484272591949944e-08
-1.588527688110314846e-08
-1.586473681378163527e-08
-1.584421462472101230e-08
-1.582372099631964550e-08
-1.496266799100701788e-08
-1.494332612618006448e-08
-1.492402344383993654e-08
-1.490478151873371681e-08
-1.446343773772944724e-08
-1.444477470645959464e-08
-1.442613683736223142e-08
-1.440752346373243083e-08
-1.354105952809383398e-08
-1.352360318184264120e-08
-1.350621088571623165e-08
-1.348884698135864953e-08
-1.304574271316958607e-08
-1.302896059511236123e-08
-1.301222636509777781e-08
-1.299549947832415587e-08
-1.212366623470629262e-08
-1.210811799599136978e-08
-1.209261938667853972e-08
-1.164718941520282113e-08
-1.163226102314965697e-08
-1.161735901528341518e-08
-1.160246920773563851e-08
-1.072410357686830830e-08
-1.071035982291614568e-08
-1.069667508430110501e-08
-1.068300479168210203e-08
-1.023579496661645357e-08
-1.022270128491326526e-08
-1.020963885744469330e-08
-1.019657927144872807e-08
-9.312842106694835626e-09
-9.300946152499247055e-09
-9.289107429590870180e-09
-9.277268706608377922e-09
-8.828296938991217904e-09
-8.817051559898947676e-09
-8.805835231350085641e-09
-8.794618902782694760e-09
-7.905552792620014853e-09
-7.895519030369270039e-09
-7.885502730999750419e-09
-7.875486431648761299e-09
-7.424758469137297687e-09
-7.415333981257609649e-09
-7.405912450053626610e-09
-7.396490918868172416e-09
-6.502077739065387043e-09
-6.493847544010431829e-09
-6.485617348955476615e-09
-6.477387153891256978e-09
-6.024885166334745807e-09
-6.017251532944947101e-09
-6.009617899564412819e-09
-6.001984266183878536e-09
-5.102259451842883078e-09
-5.095818317231594665e-09
-5.089377182601777407e-09
-5.082936047981224572e-09
-4.628686684408645361e-09
-4.622853542352131155e-09
-4.617020400267823680e-09
-4.611187258202044224e-09
-3.706178092788758875e-09
-3.701516762610372628e-09
-3.696855432436618178e-09
-3.692194102258231931e-09
-3.236176872577969385e-09
-3.232096239444687016e-09
-3.228015606292875801e-09
-2.316537935707541705e-09
-2.313620388343449227e-09
-2.310702840974724538e-09
-2.307785293610632059e-09
-1.849412660631837968e-09
-1.847077495946795378e-09
-1.844742331261752995e-09
-1.842407166579026718e-09
-9.826143345809916171e-10
-9.813729506323235398e-10
-9.801315666813393569e-10
-9.788901827326712797e-10
-2.895952327408344863e-10
-2.892294384903312036e-10
-2.888636442409859738e-10
-2.884978499899036647e-10
-0.000000000000000000e+00
-0.000000000000000000e+00
-0.000000000000000000e+00
-0.000000000000000000e+00
-0.000000000000000000e+00
-0.000000000000000000e+00
-0.000000000000000000e+00
-0.000000000000000000e+00
-0.000000000000000000e+00
-0.000000000000000000e+00
-0.000000000000000000e+00
-0.000000000000000000e+00
-0.000000000000000000e+00
-0.000000000000000000e+00
-0.000000000000000000e+00
-0.000000000000000000e+00
-0.000000000000000000e+00
-0.000000000000000000e+00
-0.000000000000000000e+00
-0.000000000000000000e+00
-0.000000000000000000e+00
-0.000000000000000000e+00
-0.000000000000000000e+00
-0.000000000000000000e+00
-0.000000000000000000e+00
-0.000000000000000000e+00
-0.000000000000000000e+00
-0.000000000000000000e+00
-0.000000000000000000e+00
-0.000000000000000000e+00
-0.000000000000000000e+00
-0.000000000000000000e+00
-0.000000000000000000e+00
-0.000000000000000000e+00
-0.000000000000000000e+00
-0.000000000000000000e+00
-0.000000000000000000e+00
-0.000000000000000000e+00
-0.000000000000000000e+00
-0.000000000000000000e+00
-0.000000000000000000e+00
-0.000000000000000000e+00
-0.000000000000000000e+00
-0.000000000000000000e+00
-0.000000000000000000e+00
-0.000000000000000000e+00
-0.000000000000000000e+00
-0.000000000000000000e+00
-0.000000000000000000e+00
-0.000000000000000000e+00
-0.000000000000000000e+00
-0.000000000000000000e+00
-0.000000000000000000e+00
-0.000000000000000000e+00
-0.000000000000000000e+00
-0.000000000000000000e+00
-0.000000000000000000e+00
-0.000000000000000000e+00
-0.000000000000000000e+00
-0.000000000000000000e+00
-0.000000000000000000e+00
-0.000000000000000000e+00
-0.000000000000000000e+00
-0.000000000000000000e+00
-0.000000000000000000e+00
-0.000000000000000000e+00
-0.000000000000000000e+00
-0.000000000000000000e+00
-0.000000000000000000e+00
-0.000000000000000000e+00
-0.000000000000000000e+00
-0.000000000000000000e+00
-0.000000000000000000e+00
-0.000000000000000000e+00
-0.000000000000000000e+00
-0.000000000000000000e+00
-0.000000000000000000e+00
-0.000000000000000000e+00
-0.000000000000000000e+00
-0.000000000000000000e+00
-0.000000000000000000e+00
-0.000000000000000000e+00
-0.000000000000000000e+00
-0.000000000000000000e+00
-0.000000000000000000e+00
-0.000000000000000000e+00
-0.000000000000000000e+00
-0.000000000000000000e+00
-0.000000000000000000e+00
-0.000000000000000000e+00
-0.000000000000000000e+00
-0.000000000000000000e+00
-0.000000000000000000e+00
-0.000000000000000000e+00
-0.000000000000000000e+00
-0.000000000000000000e+00
-0.000000000000000000e+00
-0.000000000000000000e+00
-0.000000000000000000e+00
-0.000000000000000000e+00
-0.000000000000000000e+00
-0.000000000000000000e+00
-0.000000000000000000e+00
-0.000000000000000000e+00
-0.000000000000000000e+00
-0.000000000000000000e+00
-0.000000000000000000e+00
-0.000000000000000000e+00
-0.000000000000000000e+00
-0.000000000000000000e+00
-0.000000000000000000e+00
-0.000000000000000000e+00
-0.000000000000000000e+00
-0.000000000000000000e+00
-0.000000000000000000e+00
-0.000000000000000000e+00
-0.000000000000000000e+00
-0.000000000000000000e+00
-0.000000000000000000e+00
-0.000000000000000000e+00
-0.000000000000000000e+00
-0.000000000000000000e+00
-0.000000000000000000e+00
-0.000000000000000000e+00
-0.000000000000000000e+00
-0.000000000000000000e+00
-0.000000000000000000e+00
-0.000000000000000000e+00
-0.000000000000000000e+00
-0.000000000000000000e+00
-0.000000000000000000e+00
-0.000000000000000000e+00
-0.000000000000000000e+00
-0.000000000000000000e+00
-0.000000000000000000e+00
-0.000000000000000000e+00
-0.000000000000000000e+00
-0.000000000000000000e+00
-0.000000000000000000e+00
-0.000000000000000000e+00
-0.000000000000000000e+00
-0.000000000000000000e+00
-0.000000000000000000e+00
-0.000000000000000000e+00
-0.000000000000000000e+00
-0.000000000000000000e+00
-0.000000000000000000e+00
-0.000000000000000000e+00
-0.000000000000000000e+00
-0.000000000000000000e+00
-0.000000000000000000e+00
-0.000000000000000000e+00
-0.000000000000000000e+00
-0.000000000000000000e+00
-0.000000000000000000e+00
-0.000000000000000000e+00
-0.000000000000000000e+00
-0.000000000000000000e+00
-0.000000000000000000e+00
-0.000000000000000000e+00
-0.000000000000000000e+00
-0.000000000000000000e+00
-0.000000000000000000e+00
-0.000000000000000000e+00
-0.000000000000000000e+00
-0.000000000000000000e+00
-0.000000000000000000e+00
-0.000000000000000000e+00
-0.000000000000000000e+00
-0.000000000000000000e+00
-0.000000000000000000e+00
-0.000000000000000000e+00
-0.000000000000000000e+00
-0.000000000000000000e+00
-0.000000000000000000e+00
-0.000000000000000000e+00
-0.000000000000000000e+00
-0.000000000000000000e+00
-0.000000000000000000e+00
-0.000000000000000000e+00
-0.000000000000000000e+00
-0.000000000000000000e+00
-0.000000000000000000e+00
-0.000000000000000000e+00
-0.000000000000000000e+00
-0.000000000000000000e+00
-0.000000000000000000e+00
-0.000000000000000000e+00
-0.000000000000000000e+00
-0.000000000000000000e+00
-0.000000000000000000e+00
-0.000000000000000000e+00
-0.000000000000000000e+00
-0.000000000000000000e+00
-0.000000000000000000e+00
-0.000000000000000000e+00
-0.000000000000000000e+00
-0.000000000000000000e+00
-0.000000000000000000e+00
-0.000000000000000000e+00
-0.000000000000000000e+00
-0.000000000000000000e+00
-0.000000000000000000e+00
-0.000000000000000000e+00
-0.000000000000000000e+00
-0.000000000000000000e+00
-0.000000000000000000e+00
-0.000000000000000000e+00
-0.000000000000000000e+00
-0.000000000000000000e+00
-0.000000000000000000e+00
-0.000000000000000000e+00
-0.000000000000000000e+00
-0.000000000000000000e+00
-0.000000000000000000e+00
-0.000000000000000000e+00
-0.000000000000000000e+00
-0.000000000000000000e+00
-0.000000000000000000e+00
-0.000000000000000000e+00
-0.000000000000000000e+00
-0.000000000000000000e+00
-0.000000000000000000e+00
-0.000000000000000000e+00
-0.000000000000000000e+00
-0.000000000000000000e+00
-0.000000000000000000e+00
-0.000000000000000000e+00
-0.000000000000000000e+00
-0.000000000000000000e+00
-0.000000000000000000e+00
-0.000000000000000000e+00
-0.000000000000000000e+00
-0.000000000000000000e+00
-0.000000000000000000e+00
-0.000000000000000000e+00
-0.000000000000000000e+00
-0.000000000000000000e+00
-0.000000000000000000e+00
-0.000000000000000000e+00
-0.000000000000000000e+00
-0.000000000000000000e+00
-0.000000000000000000e+00
-0.000000000000000000e+00
-0.000000000000000000e+00
-0.000000000000000000e+00
-0.000000000000000000e+00
-0.000000000000000000e+00
-0.000000000000000000e+00
-0.000000000000000000e+00
-0.000000000000000000e+00
-0.000000000000000000e+00
-0.000000000000000000e+00
-0.000000000000000000e+00
-0.000000000000000000e+00
-0.000000000000000000e+00
-0.000000000000000000e+00
-0.000000000000000000e+00
-0.000000000000000000e+00
-0.000000000000000000e+00
-0.000000000000000000e+00
-0.000000000000000000e+00
-0.000000000000000000e+00
-0.000000000000000000e+00
-0.000000000000000000e+00
-0.000000000000000000e+00
-0.000000000000000000e+00
-0.000000000000000000e+00
-0.000000000000000000e+00
-0.000000000000000000e+00
-0.000000000000000000e+00
-0.000000000000000000e+00
-0.000000000000000000e+00
-0.000000000000000000e+00
-0.000000000000000000e+00
-0.000000000000000000e+00
-0.000000000000000000e+00
-0.000000000000000000e+00
-0.000000000000000000e+00
-0.000000000000000000e+00
-0.000000000000000000e+00
-0.000000000000000000e+00
-0.000000000000000000e+00
-0.000000000000000000e+00
-0.000000000000000000e+00
-0.000000000000000000e+00
-0.000000000000000000e+00
-0.000000000000000000e+00
-0.000000000000000000e+00
-0.000000000000000000e+00
-0.000000000000000000e+00
-0.000000000000000000e+00
-0.000000000000000000e+00
-0.000000000000000000e+00
-0.000000000000000000e+00
-0.000000000000000000e+00
-0.000000000000000000e+00
-0.000000000000000000e+00
-0.000000000000000000e+00
-0.000000000000000000e+00
-0.000000000000000000e+00
-0.000000000000000000e+00
-0.000000000000000000e+00
-0.000000000000000000e+00
-0.000000000000000000e+00
-0.000000000000000000e+00
-0.000000000000000000e+00
-0.000000000000000000e+00
-0.000000000000000000e+00
-0.000000000000000000e+00
-0.000000000000000000e+00
-0.000000000000000000e+00
-0.000000000000000000e+00
-0.000000000000000000e+00
-0.000000000000000000e+00
-0.000000000000000000e+00
-0.000000000000000000e+00
-0.000000000000000000e+00
-0.000000000000000000e+00
-0.000000000000000000e+00
-0.000000000000000000e+00
-0.000000000000000000e+00
-0.000000000000000000e+00
-0.000000000000000000e+00
-0.000000000000000000e+00
-0.000000000000000000e+00
-0.000000000000000000e+00
-0.000000000000000000e+00
-0.000000000000000000e+00
-0.000000000000000000e+00
-0.000000000000000000e+00
-0.000000000000000000e+00
-0.000000000000000000e+00
-0.000000000000000000e+00
-0.000000000000000000e+00
-0.000000000000000000e+00
-0.000000000000000000e+00
-0.000000000000000000e+00
-0.000000000000000000e+00
-0.000000000000000000e+00
-0.000000000000000000e+00
-0.000000000000000000e+00
-0.000000000000000000e+00
-0.000000000000000000e+00
-0.000000000000000000e+00
-0.000000000000000000e+00
-0.000000000000000000e+00
-0.000000000000000000e+00
-0.000000000000000000e+00
-0.000000000000000000e+00
-0.000000000000000000e+00
-0.000000000000000000e+00
-0.000000000000000000e+00
-0.000000000000000000e+00
-0.000000000000000000e+00
-0.000000000000000000e+00
-0.000000000000000000e+00
-0.000000000000000000e+00
-0.000000000000000000e+00
-0.000000000000000000e+00
-0.000000000000000000e+00
-0.000000000000000000e+00
-0.000000000000000000e+00
-0.000000000000000000e+00
-0.000000000000000000e+00
-0.000000000000000000e+00
-0.000000000000000000e+00
-0.000000000000000000e+00
-0.000000000000000000e+00
-0.000000000000000000e+00
-0.000000000000000000e+00
-0.000000000000000000e+00
-0.000000000000000000e+00
-0.000000000000000000e+00
-0.000000000000000000e+00
-0.000000000000000000e+00
-0.000000000000000000e+00
-0.000000000000000000e+00
-0.000000000000000000e+00
-0.000000000000000000e+00
-0.000000000000000000e+00
-0.000000000000000000e+00
-0.000000000000000000e+00
-0.000000000000000000e+00
-0.000000000000000000e+00
-0.000000000000000000e+00
-0.000000000000000000e+00
-0.000000000000000000e+00
-0.000000000000000000e+00
-0.000000000000000000e+00
-0.000000000000000000e+00
-0.000000000000000000e+00
-0.000000000000000000e+00
-0.000000000000000000e+00
-0.000000000000000000e+00
-0.000000000000000000e+00
-0.000000000000000000e+00
-0.000000000000000000e+00
-0.000000000000000000e+00
-0.000000000000000000e+00
-0.000000000000000000e+00
-0.000000000000000000e+00
-0.000000000000000000e+00
-0.000000000000000000e+00
-0.000000000000000000e+00
-0.000000000000000000e+00
-0.000000000000000000e+00
-0.000000000000000000e+00
-0.000000000000000000e+00
-0.000000000000000000e+00
-0.000000000000000000e+00
-0.000000000000000000e+00
-0.000000000000000000e+00
-0.000000000000000000e+00
-0.000000000000000000e+00
-0.000000000000000000e+00
-0.000000000000000000e+00
-0.000000000000000000e+00
-0.000000000000000000e+00
-0.000000000000000000e+00
-0.000000000000000000e+00
-0.000000000000000000e+00
-0.000000000000000000e+00
-0.000000000000000000e+00
-0.000000000000000000e+00
-0.000000000000000000e+00
-0.000000000000000000e+00
-0.000000000000000000e+00
-0.000000000000000000e+00
-0.000000000000000000e+00
-0.000000000000000000e+00
-0.000000000000000000e+00
-0.000000000000000000e+00
-0.000000000000000000e+00
-0.000000000000000000e+00
-0.000000000000000000e+00
-0.000000000000000000e+00
-0.000000000000000000e+00
-0.000000000000000000e+00
-0.000000000000000000e+00
-0.000000000000000000e+00
-0.000000000000000000e+00
-0.000000000000000000e+00
-0.000000000000000000e+00
-0.000000000000000000e+00
-0.000000000000000000e+00
-0.000000000000000000e+00
-0.000000000000000000e+00
-0.000000000000000000e+00
-0.000000000000000000e+00
-0.000000000000000000e+00
-0.000000000000000000e+00
-0.000000000000000000e+00
-0.000000000000000000e+00
-0.000000000000000000e+00
-0.000000000000000000e+00
-0.000000000000000000e+00
-0.000000000000000000e+00
-0.000000000000000000e+00
-0.000000000000000000e+00
-0.000000000000000000e+00
-0.000000000000000000e+00
-0.000000000000000000e+00
-0.000000000000000000e+00
-0.000000000000000000e+00
