2.687667588070663158e-10
3.217122883010129853e-10
3.766162623869981699e-10
4.327613212175198537e-10
4.895286238977425842e-10
5.464170396051042946e-10
6.030297035459049543e-10
6.590836890974763242e-10
7.143949660700496724e-10
7.688651164561099245e-10
8.224649022241529907e-10
8.752204183840530554e-10
9.271961136928271840e-10
9.784794361389993539e-10
1.029167162370815274e-09
1.079361281560811025e-09
1.129130225140806279e-09
1.178551462034766823e-09
1.227650066122585188e-09
1.276446373077138176e-09
1.324924767094301411e-09
1.373052650693434965e-09
1.420780029819469959e-09
1.468043746339491062e-09
1.514780226312109130e-09
1.560928767544675659e-09
1.606440174384789942e-09
1.651250221660369253e-09
1.695327439122219868e-09
1.738686576006821561e-09
1.781323804508758217e-09
1.823221665309635324e-09
1.864458073518611544e-09
1.905024164417086182e-09
1.945001316769582076e-09
1.984408104007517176e-09
2.023301394472426214e-09
2.061723976308925448e-09
2.099687494981253939e-09
2.137232729429525412e-09
2.174389870078501937e-09
2.211114832314938188e-09
2.247419176698608177e-09
2.283297848221585983e-09
2.318695688384220027e-09
2.353566349280054095e-09
2.387855803500176679e-09
2.421519145862880844e-09
2.454499589373558530e-09
2.486737048177791346e-09
2.518173340556520282e-09
2.548767139539314741e-09
2.578482607162176394e-09
2.607290345489662577e-09
2.635168272955173521e-09
2.662109919899882275e-09
2.688114281155084287e-09
2.713196158558005356e-09
2.737373996049901619e-09
2.760676189986813303e-09
2.783137775371974520e-09
2.804791888012520871e-09
2.825687798787966692e-09
2.845852811461259589e-09
2.865335547714099385e-09
2.884198449015412655e-09
2.902479544126976242e-09
2.920191541677020865e-09
2.937386526139695709e-09
2.954095596197310318e-09
2.970361768693376709e-09
2.986238649362629423e-09
3.001727757792763747e-09
3.016844945379530422e-09
3.031608411546949535e-09
3.046078408210248789e-09
3.060255188986974460e-09
3.074159228987508331e-09
3.087815596308096095e-09
3.101258296304015137e-09
3.114466414710064256e-09
3.127517907364451987e-09
3.140430890917550627e-09
3.153197662409386198e-09
3.165821446605561972e-09
3.178417894917712592e-09
3.190933573381444285e-09
3.203348337800971934e-09
3.215806964098490496e-09
3.228239426342361760e-09
3.240627389699761108e-09
3.253086162830441076e-09
3.265546394512151547e-09
3.278010708958842233e-09
3.290535649762262865e-09
3.303074965350073113e-09
3.315646153297439949e-09
3.328226719061556215e-09
3.340843134465490592e-09
3.353435344918281377e-09
3.366031029961102292e-09
3.378610247614049487e-09
3.391119699416824927e-09
3.403629197194960558e-09
3.416009016417922329e-09
3.428348916547737934e-09
3.440539686791604483e-09
3.452624045130693443e-09
3.464587363520410948e-09
3.476364221514012621e-09
3.488008725363295492e-09
3.499422526506858251e-09
3.510681773778406298e-09
3.521680181245490147e-09
3.532498303401048864e-09
3.543034652436641802e-09
3.553362662260089955e-09
3.563403625045275148e-09
3.573212453101722844e-09
3.582733046844413325e-09
3.591999802470801665e-09
3.600977782026453682e-09
3.609689989319501183e-09
3.618115879711392302e-09
3.626272592821170501e-09
3.634146579435696118e-09
3.641753897819988413e-09
3.649091243454998177e-09
3.656163759728598439e-09
3.662989263192682240e-09
3.669554043345801871e-09
3.675897817906961219e-09
3.681992268762141584e-09
3.687891676898096079e-09
3.693563540616405753e-09
3.699063248496016949e-09
3.704354911259940092e-09
3.709482786812450116e-09
3.714467277908786265e-09
3.719276272557153727e-09
3.724009768478867229e-09
3.728574766525281042e-09
3.733089286302300748e-09
3.737476164693971276e-09
3.741798875943256900e-09
3.746059845043281625e-09
3.750242535729805209e-09
3.754431947794818824e-09
3.758547461461642483e-09
3.762666817673579026e-09
3.766758694690133185e-09
3.770842689202198328e-09
3.774937497504644891e-09
3.779030323824110262e-09
3.783140810435095262e-09
3.787263581137427350e-09
3.791413256881799460e-09
3.795570132567688888e-09
3.799766627841168287e-09
3.803967807868590493e-09
3.808197477904780134e-09
3.812480007884370082e-09
3.816732162797926860e-09
3.821036470787360616e-09
3.825350741035689495e-09
3.829669673746436289e-09
3.834026025566996140e-09
3.838340266963265253e-09
3.842675427121951122e-09
3.847041411143106798e-09
3.851331714502872377e-09
3.855646120911747528e-09
3.859946135348081678e-09
3.864193327185904071e-09
3.868430646415327874e-09
3.872621353416370317e-09
3.876768240471523204e-09
3.880876806756908127e-09
3.884911599783956628e-09
3.888901606839921098e-09
3.892830691221884380e-09
3.896681914715385536e-09
3.900466903457754049e-09
3.904173924008467887e-09
3.907804716906413603e-09
3.911348166800275199e-09
3.914795707112491032e-09
3.918174326009473496e-09
3.921450624219782702e-09
3.924619793214139449e-09
3.927725553108983013e-09
3.930720578766681510e-09
3.933602167320982121e-09
3.936422565716217735e-09
3.939126652302640446e-09
3.941722163206858071e-09
3.944250717425821176e-09
3.946668226279202798e-09
3.948990422408734473e-09
3.951230727543803346e-09
3.953382429381083324e-09
3.955438597666406560e-09
3.957410008154404677e-09
3.959318985977324916e-09
3.961129615896617866e-09
3.962866411605612906e-09
3.964548759531185650e-09
3.966147494138587869e-09
3.967682606085648101e-09
3.969168734640146764e-09
3.970585317094598691e-09
3.971951933087403489e-09
3.973272803627921041e-09
3.974546072421609872e-09
3.975769857347364548e-09
3.976973533781758068e-09
3.978121872205072193e-09
3.979238976436687082e-09
3.980335890440246637e-09
3.981404105386645631e-09
3.982440578245170090e-09
3.983453364115183437e-09
3.984470895421771071e-09
3.985437967549631390e-09
3.986399545812531395e-09
3.987354218645284610e-09
3.988295152227762489e-09
3.989211470171201833e-09
3.990117183355447526e-09
3.991033693919473031e-09
3.991914466478652406e-09
3.992792297633866123e-09
3.993659888420151376e-09
3.994525923523226389e-09
3.995363842456186982e-09
3.996198771786360241e-09
3.997023700997912612e-09
3.997834866394572433e-09
3.998628645416271133e-09
3.999407758057855914e-09
4.000177251318820876e-09
4.000924287381205486e-09
4.001655248210780365e-09
4.002366371297119977e-09
4.003055337482543585e-09
4.003722662490340314e-09
4.004370111373059610e-09
4.004992690026429693e-09
4.005581929071904853e-09
4.006153025236117877e-09
4.006694983766715606e-09
4.007206259242821353e-09
4.007680375672713396e-09
4.008134120427519659e-09
4.008550961088397129e-09
4.008933632899433038e-09
4.009274557848601038e-09
4.009590942333566315e-09
4.009869131427506922e-09
4.010108015355796301e-09
4.010307224941109625e-09
4.010476320949386762e-09
4.010605136039835936e-09
4.010692934134208537e-09
4.010744382406543251e-09
4.010759779240739358e-09
4.010737280050500647e-09
4.010671942459460380e-09
4.010572353141036873e-09
4.010435567422908433e-09
4.010262553320135217e-09
4.010049245647641133e-09
4.009801249650586846e-09
4.009526222726514708e-09
4.009207643329705423e-09
4.008855457409037666e-09
4.008467734641275607e-09
4.008058748317071189e-09
4.007611262605026055e-09
4.007132811992246206e-09
4.006620146091043462e-09
4.006086314088509408e-09
4.005524309435968709e-09
4.004929232604348614e-09
4.004308926055979047e-09
4.003661491730976788e-09
4.002999557762972788e-09
4.002303734799519042e-09
4.001586856097171313e-09
4.000845173343232099e-09
4.000087538280154390e-09
3.999308475513590079e-09
3.998504798114500602e-09
3.997682397183137477e-09
3.996840572805588477e-09
3.995984674308582401e-09
3.995104798508478240e-09
3.994210104304374973e-09
3.993296427235626368e-09
3.992367344917276975e-09
3.991422965717927972e-09
3.990458593476485035e-09
3.989480587351694934e-09
3.988485675549758724e-09
3.987477343641032859e-09
3.986450175301129389e-09
3.985408641981904413e-09
3.984351791485976318e-09
3.983279312504914186e-09
3.982192514419305575e-09
3.981085972853317325e-09
3.979966783839030822e-09
3.978831864381327979e-09
3.977679724150553520e-09
3.976513775757086895e-09
3.975328759905529791e-09
3.974129655425105922e-09
3.972913925807495052e-09
3.971681193233651060e-09
3.970432967069302093e-09
3.969164749757102793e-09
3.967881445335914612e-09
3.966581570250691489e-09
3.965263171737780190e-09
3.963929107696270919e-09
3.962575011218687349e-09
3.961203942307173514e-09
3.959815519664885125e-09
3.958407747147839774e-09
3.956985415703758180e-09
3.955544518276854618e-09
3.954083457317991939e-09
3.952605052561470373e-09
3.951108303717296623e-09
3.949595585758983054e-09
3.948065230631164083e-09
3.946513061648787513e-09
3.944944792054376529e-09
3.943359798779759556e-09
3.941756905026181103e-09
3.940138651398490673e-09
3.938498728604359286e-09
3.936842610164736399e-09
3.935170112940841775e-09
3.933478949401087346e-09
3.931775602041481427e-09
3.930053089289901842e-09
3.928312107354160803e-09
3.926556000378236711e-09
3.924783321006492348e-09
3.922997230020456243e-09
3.921194956939470560e-09
3.919372865274737829e-09
3.917538264081500843e-09
3.915689969504491744e-09
3.913826019559640444e-09
3.911949676136746980e-09
3.910056347317341308e-09
3.908147495181537297e-09
3.906226502764037028e-09
3.904291978893957466e-09
3.902344433698876326e-09
3.900385042681853385e-09
3.898407839402365189e-09
3.896419828885089513e-09
3.894420079057287303e-09
3.892407372389167965e-09
3.890384428806095529e-09
3.888346829179688979e-09
3.886294167882413489e-09
3.884232694045752087e-09
3.882160834999513473e-09
3.880076440363949097e-09
3.877981734193799435e-09
3.875874553905424053e-09
3.873752941075930836e-09
3.871622438296181261e-09
3.869483244180512210e-09
3.867331304006358849e-09
3.865170960365065346e-09
3.862997001053618279e-09
3.860810541537977694e-09
3.858615410583750958e-09
3.856411273816079464e-09
3.854196377585263949e-09
3.851971644831638629e-09
3.849733882381943934e-09
3.847484339254420271e-09
3.845227083263916337e-09
3.842961829101942228e-09
3.840684603844169525e-09
3.838398794253899641e-09
3.836101983200525726e-09
3.833791550111347124e-09
3.831473333078896471e-09
3.829148589243004299e-09
3.826812067498683852e-09
3.824468100511442818e-09
3.822112526199606406e-09
3.819743316524762151e-09
3.817366901434450158e-09
3.814982984509490534e-09
3.812589375811710858e-09
3.810187429620731464e-09
3.807774332551359634e-09
3.805348038578305916e-09
3.802914500753348373e-09
3.800474200174657432e-09
3.798025488728868589e-09
3.795566435609010791e-09
3.793099856025037187e-09
3.790621671752858254e-09
3.788132886206232155e-09
3.785637146230588500e-09
3.783136329423347389e-09
3.780625083190085731e-09
3.778107009986412745e-09
3.775578695003964658e-09
3.773037734364229780e-09
3.770490896328971771e-09
3.767938064780230603e-09
3.765377810423361422e-09
3.762809229281310989e-09
3.754593286387837025e-09
3.752018846040957748e-09
3.749435078119286831e-09
3.746846471343564584e-09
3.744252844885822530e-09
3.741650504393663246e-09
3.739041553215330887e-09
3.736424436312485218e-09
3.710865921689106998e-09
3.708283892342099554e-09
3.705696622826425666e-09
3.703105335441895649e-09
3.700505454431990576e-09
3.697899690606213254e-09
3.695285368361687545e-09
3.680982181836221466e-09
3.678377981595214468e-09
3.675769620437699289e-09
3.673156233538073700e-09
3.670535624030693085e-09
3.667908804557011648e-09
3.665273867695446868e-09
3.662627672876463048e-09
3.636252838178198359e-09
3.633652229262258257e-09
3.631046590958657349e-09
3.628433494887463327e-09
3.625815680577228122e-09
3.623190415349117021e-09
3.620554408814807215e-09
3.617914021323027506e-09
3.603223735651520211e-09
3.600602566952674716e-09
3.597974543691485073e-09
3.595341602819385362e-09
3.592701578743286641e-09
3.590051225739475896e-09
3.587397118848928372e-09
3.560225311503072179e-09
3.557616863289760613e-09
3.555002169981938280e-09
3.552382573781230518e-09
3.549756492050581390e-09
3.547120752016990465e-09
3.544481011507173842e-09
3.541837217706807463e-09
3.526750566888964930e-09
3.524124027075287866e-09
3.521493352960796883e-09
3.518857404307126952e-09
3.516213504788776949e-09
3.513563245169025150e-09
3.510909480828858535e-09
3.482955172228705736e-09
3.480346659669179755e-09
3.477732951457862665e-09
3.475115217672171167e-09
3.472491249757240538e-09
3.469858476027406069e-09
3.467223164889444294e-09
3.464585152150319727e-09
3.449112616156537525e-09
3.446491857817196271e-09
3.443867203811864939e-09
3.441237613986565842e-09
3.438600542878748614e-09
3.435958454277135172e-09
3.433313668225316688e-09
3.404590150909035689e-09
3.401990808715813519e-09
3.399386487726620295e-09
3.396779550097473920e-09
3.394167746851178367e-09
3.391547498753234883e-09
3.388925092298543892e-09
3.386299939938896501e-09
3.370452995233135357e-09
3.367846149234921337e-09
3.365235651913418179e-09
3.362621765578847778e-09
3.360002713097026101e-09
3.357376437357120000e-09
3.354748735988798956e-09
3.325269526636019621e-09
3.322688688852114419e-09
3.320103381110737613e-09
3.317514550276602844e-09
3.314922860118972857e-09
3.312326429302729236e-09
3.309723272719140691e-09
3.293488522947267675e-09
3.290908843342116936e-09
3.288324743982905767e-09
3.285736315444753191e-09
3.283145315355766344e-09
3.280551918087934461e-09
3.277953911994722558e-09
3.275349498087834818e-09
3.245127053032068825e-09
3.242572340540127416e-09
3.240013673372123645e-09
3.237451558266345390e-09
3.234886714688773016e-09
3.232319399801256288e-09
3.229748197277357124e-09
3.213158319884720035e-09
3.210606498194466618e-09
3.208052388652837108e-09
3.205495185691793997e-09
3.202934633337649752e-09
3.200370966076421133e-09
3.197805699333761456e-09
3.195237797394344201e-09
3.164284345422966373e-09
3.161760933774787290e-09
3.159235392452844750e-09
3.156708136783366261e-09
3.154177074742706564e-09
3.151643383614348986e-09
3.149108478349626558e-09
3.132178957692582321e-09
3.129663151601047674e-09
3.127143223312005831e-09
3.124621953911066389e-09
3.122099359501119768e-09
3.119573335943633457e-09
3.117045199454684723e-09
3.114514963121428908e-09
3.082847512571647688e-09
3.080365299435893360e-09
3.077876976396718858e-09
3.075387920089228288e-09
3.072897344752554781e-09
3.070405116303037149e-09
3.067910068663504131e-09
3.050644045196775774e-09
3.048171297166005015e-09
3.045696817423853761e-09
3.043219022190433344e-09
3.040736278396478495e-09
3.038252702299512431e-09
3.035768630817312399e-09
3.003343644999658473e-09
3.000907567995745368e-09
2.998469371549631239e-09
2.996030240140112688e-09
2.993588845650713130e-09
2.991143059497727718e-09
2.988694708870024586e-09
2.986245592069256928e-09
2.968653004224884748e-09
2.966226775660145352e-09
2.963798649369786420e-09
2.961368701218595116e-09
2.958937290413474754e-09
2.956504071524628710e-09
2.954066523868115460e-09
2.920943468118040853e-09
2.918556080132465336e-09
2.916168316245248357e-09
2.913777767585595072e-09
2.911385353043632550e-09
2.908991029833030015e-09
2.906596035459658983e-09
2.888659770250589238e-09
2.886286086819942725e-09
2.883910104931562151e-09
2.881532887998006947e-09
2.879155725217650342e-09
2.876776559643523667e-09
2.874395389300236902e-09
2.872012897857860279e-09
2.838206866559820951e-09
2.835874950749387973e-09
2.833539866106146692e-09
2.831201912449651061e-09
2.828863376674477359e-09
2.826524532583115887e-09
2.824184223569117090e-09
2.805933633487061233e-09
2.803617175627146639e-09
2.801298827820749863e-09
2.798979259326386914e-09
2.796658226822263163e-09
2.794333026664576016e-09
2.792007583815819458e-09
2.757473231324689330e-09
2.755199870835394721e-09
2.752924003484098466e-09
2.750647247487128036e-09
2.748369094214681647e-09
2.746090152025674353e-09
2.743810623656945771e-09
2.741527877186546368e-09
2.722970147945515179e-09
2.720711547649369301e-09
2.718452869173075008e-09
2.716192886365220899e-09
2.713931185710525978e-09
2.711668914729439799e-09
2.709405496043194637e-09
2.674205204504822857e-09
2.671992668128395189e-09
2.669776540163195446e-09
2.667559986822929957e-09
2.665343230544240937e-09
2.663126066797622943e-09
2.660907024529706824e-09
2.642025562000288464e-09
2.639831563286913723e-09
2.637636527807114059e-09
2.635440413651701018e-09
2.633242951128196608e-09
2.631042617656579677e-09
2.628842191093229430e-09
2.592931860542891119e-09
2.590783701133302334e-09
2.588633725119696687e-09
2.586483431365751833e-09
2.584332064373582641e-09
2.582180300397254278e-09
2.580027756064360860e-09
2.577873875270475556e-09
2.558696426587651965e-09
2.556566282952105414e-09
2.554436637002595705e-09
2.552305880583875877e-09
2.550173627559102440e-09
2.548041383595596305e-09
2.545908226208882489e-09
2.509348761830754680e-09
2.507266924260272250e-09
2.505184064681259641e-09
2.503098879929639753e-09
2.501013608868588545e-09
2.498928860601400901e-09
2.496843088696633580e-09
2.477352140869403583e-09
2.475291454083100906e-09
2.473230178466790258e-09
2.471167908441492313e-09
2.469104832606041094e-09
2.467041547052263171e-09
2.464975726108513201e-09
2.427721672453544837e-09
2.425708782151577667e-09
2.423695404433682704e-09
2.421681076988698310e-09
2.419665958508081718e-09
2.417650778479189133e-09
2.415634916746103761e-09
2.413618576819244528e-09
2.393844906655495196e-09
2.391852927781499726e-09
2.389860093392647000e-09
2.387866981318270024e-09
2.385874234242053266e-09
2.383880740171864381e-09
2.381886116847193667e-09
2.344000503202677405e-09
2.342058235239496262e-09
2.340115478870913877e-09
2.338172019648950240e-09
2.336228333635321182e-09
2.334283068623900011e-09
2.332337607698555788e-09
2.312258771588795308e-09
2.310339348357484317e-09
2.308419339587103422e-09
2.306498853045389804e-09
2.304578205060685365e-09
2.302656791279945322e-09
2.300735188259306281e-09
2.262213604370441127e-09
2.260343336996533317e-09
2.258472111649455267e-09
2.256600711626895419e-09
2.254729932638470022e-09
2.252858518411316541e-09
2.250986518070947093e-09
2.230691588594115277e-09
2.228845130147714015e-09
2.226998338869559580e-09
2.225151575763357010e-09
2.223304297958742094e-09
2.221455989300058401e-09
2.219607128782783241e-09
2.180670482033311840e-09
2.178874005629331727e-09
2.177076981401747175e-09
2.175279482379480694e-09
2.173482257811357401e-09
2.171684569744613342e-09
2.169886352828878197e-09
2.168088256070391449e-09
2.147652917633683080e-09
2.145879591467952425e-09
2.144105981548831418e-09
2.142332357024802720e-09
2.140558541939040405e-09
2.138784227048128596e-09
2.137009684431499019e-09
2.097727449209086260e-09
2.096004305865961990e-09
2.094280765116651001e-09
2.092557627205125505e-09
2.090834111090245775e-09
2.089110066068224161e-09
2.087385581983779207e-09
2.066792085848643196e-09
2.065093393319886861e-09
2.063394293876916254e-09
2.061695455769914220e-09
2.059996055291765031e-09
2.058296240951084427e-09
2.056596290289591308e-09
2.016932476199174018e-09
2.015283700297286679e-09
2.013634705533211350e-09
2.011985464926591194e-09
2.010336199674703714e-09
2.008686779263957884e-09
2.007037213692485770e-09
1.986294609653890917e-09
1.984670303638302665e-09
1.983046003815029838e-09
1.981421565313686545e-09
1.979796779263764851e-09
1.978171760314482888e-09
1.976546565104675638e-09
1.936517162737104264e-09
1.934942788616774269e-09
1.933368214164466852e-09
1.931793814524126035e-09
1.930219061945587458e-09
1.928644412611224805e-09
1.927069604758823336e-09
1.906185769426893689e-09
1.904636023185104241e-09
1.903086081092092031e-09
1.901536237773006279e-09
1.899986383536170417e-09
1.898436204983364428e-09
1.896885879765480133e-09
1.856507104449629238e-09
1.855007265506841173e-09
1.853507311054401702e-09
1.852007521799194980e-09
1.850507700433209111e-09
1.849007540577926909e-09
1.847507387997987707e-09
1.826490165463689098e-09
1.825015019563861697e-09
1.823540040411693027e-09
1.822064905261243123e-09
1.820589791208158819e-09
1.819114473645151897e-09
1.817638824512793493e-09
1.776926478725241904e-09
1.775500926184971595e-09
1.774075545678705876e-09
1.772650213154664589e-09
1.771224730123373770e-09
1.769799103732997399e-09
1.768373285410580008e-09
1.746545212474258818e-09
1.745141424775654631e-09
1.743737738361676857e-09
1.742333806918562313e-09
1.740929613185202283e-09
1.739525229641809018e-09
1.738120582633036131e-09
1.695710246352358706e-09
1.694348864446581694e-09
1.692987242569091535e-09
1.691625642057097573e-09
1.690264118014849313e-09
1.688902911862866746e-09
1.687542062465445132e-09
1.665579835115289270e-09
1.664240384147349661e-09
1.662900611963299271e-09
1.661560961560211460e-09
1.660221186947889664e-09
1.658881342090314914e-09
1.657541670107780642e-09
1.614805660934596459e-09
1.613508561475384094e-09
1.612211570577836863e-09
1.610914600380360384e-09
1.609618149828332622e-09
1.608322111857533508e-09
1.607026094601322166e-09
1.584937405287810493e-09
1.583662312541969905e-09
1.582387148828706332e-09
1.581111966218915254e-09
1.579837176685930289e-09
1.578562421729012210e-09
1.577287406384239977e-09
1.534241880560175363e-09
1.533009108332078626e-09
1.531776852239041523e-09
1.530545277470273153e-09
1.529314208519264713e-09
1.528083058848291146e-09
1.526851639623805931e-09
1.504644346884530958e-09
1.503433909088921243e-09
1.502223623382295828e-09
1.501013951363324331e-09
1.499804025463060021e-09
1.498593977424863337e-09
1.497383857452476326e-09
1.454044596776249155e-09
1.452877090687579527e-09
1.451710584687029768e-09
1.450544406014545619e-09
1.449378184376149785e-09
1.448211725836700674e-09
1.447045345584933457e-09
1.424727608867699967e-09
1.423582267437721756e-09
1.422437538396806620e-09
1.421292690168408957e-09
1.420147930978249418e-09
1.419003258630039399e-09
1.417858423115449111e-09
1.374241302400479382e-09
1.373139424862596510e-09
1.372038097004904283e-09
1.370936856416751913e-09
1.369835445106544764e-09
1.368734002533770147e-09
1.367632475402726245e-09
1.345211916281952210e-09
1.344132034090428535e-09
1.343052243161907280e-09
1.341972367815365213e-09
1.340892484092874982e-09
1.339812673789488354e-09
1.338733119553095232e-09
1.294853578418234786e-09
1.293816969686133690e-09
1.292780370277991778e-09
1.291743739658091967e-09
1.290707149097143015e-09
1.289670614033292323e-09
1.288634107450738367e-09
1.266118756924887443e-09
1.265103686338822718e-09
1.264088552768703252e-09
1.263073533177103199e-09
1.262058676723283645e-09
1.261044035414633282e-09
1.260029839126836367e-09
1.215903192826523977e-09
1.214931176972855150e-09
1.213959228219953537e-09
1.212987265131412201e-09
1.212015479255336283e-09
1.211043846096054071e-09
1.210072405813949446e-09
1.187469424332268850e-09
1.186519024340963961e-09
1.185568774453926889e-09
1.184618737090765007e-09
1.183668822312171669e-09
1.182719257866343277e-09
1.138318377353665664e-09
1.137410670989990841e-09
1.136503014988277035e-09
1.135595516269766148e-09
1.134688039155910051e-09
1.133780697149764742e-09
1.132873495861475929e-09
1.110169421311041984e-09
1.109283230949551060e-09
1.108397189648239906e-09
1.107511263157467784e-09
1.106625496996549533e-09
1.105740051098747280e-09
1.104855037727380078e-09
1.060236458440050688e-09
1.059392727395018372e-09
1.058549051525476494e-09
1.057705520844454170e-09
1.056862152083457726e-09
1.056019041845229949e-09
1.055176096184945477e-09
1.032398808658463743e-09
1.031576543665652293e-09
1.030754465341593663e-09
1.029932599791032651e-09
1.029110983637246121e-09
1.028289746408053282e-09
1.027468994463929618e-09
9.826470827150366573e-10
9.818670195259853939e-10
9.810870206986375019e-10
9.803072290716578507e-10
9.795276203075730217e-10
9.787483255646992881e-10
9.779692967403540401e-10
9.551257426626702337e-10
9.543670356867596824e-10
9.536086724711264427e-10
9.528505458819431959e-10
9.520927184632459555e-10
9.513352198642070849e-10
9.062841768838269011e-10
9.055670587775014391e-10
9.048501920310361683e-10
9.041333858538165965e-10
9.034168758423080971e-10
9.027005553004066519e-10
9.019844555641126881e-10
8.790612699342996637e-10
8.783655288124265960e-10
8.776699162230056266e-10
8.769746001549627134e-10
8.762794977793323607e-10
8.755846730404639617e-10
8.748902344413755442e-10
8.296644029706396342e-10
8.290098932082542721e-10
8.283555832184757827e-10
8.277014766794247981e-10
8.270474859944322078e-10
8.263937956934202622e-10
8.257403740491424440e-10
8.028809996678761592e-10
8.022475203676477760e-10
8.016143894990337776e-10
8.009813103981742475e-10
8.003486699926353029e-10
7.997162874931398402e-10
7.548757245200595360e-10
7.542825118823386319e-10
7.536894742556867010e-10
7.530965304244919936e-10
7.525039284686677963e-10
7.519114282886808784e-10
7.513191994727281943e-10
7.287486786310850567e-10
7.281759309446755463e-10
7.276034739508642071e-10
7.270312198869357602e-10
7.264592749186163551e-10
7.258874441304829964e-10
7.253161314174166420e-10
6.810468908562194514e-10
6.805135571220677305e-10
6.799804039505042662e-10
6.794474013778833062e-10
6.789144637670232134e-10
6.783819681604336310e-10
6.778495886693432153e-10
6.556019687888396426e-10
6.550886556066066616e-10
6.545754344682656173e-10
6.540624559652006510e-10
6.535497108057746599e-10
6.530374231095288135e-10
6.093325377928639021e-10
6.088573119838203512e-10
6.083821676708751560e-10
6.079071261958774864e-10
6.074323101242673357e-10
6.069577250886793860e-10
6.064832493759798681e-10
5.845545429198420683e-10
5.840986731207954411e-10
5.836428680823496960e-10
5.831874081269981584e-10
5.827320921966435850e-10
5.822771235484842367e-10
5.818223608438852463e-10
5.387496332028923750e-10
5.383308830571751017e-10
5.379123305391543534e-10
5.374940252862946679e-10
5.370757978046356421e-10
5.366577683267611466e-10
5.150627557069135634e-10
5.146626849904537432e-10
5.142628325377167411e-10
5.138632845884335716e-10
5.134637402885471876e-10
5.130645009438172891e-10
5.126655615059192387e-10
4.702190358599576423e-10
4.698551038367885129e-10
4.694914962194523444e-10
4.691279361196150314e-10
4.687644320191452161e-10
4.684012677332443219e-10
4.680382092650746933e-10
4.468087879584649134e-10
4.464631986257882153e-10
4.461177509860019913e-10
4.457723151097580536e-10
4.454272905905826650e-10
4.450824368310367347e-10
4.032929742779150389e-10
4.029821863117168576e-10
4.026716060874937630e-10
4.023610322618901076e-10
4.020506067999542967e-10
4.017405468843926554e-10
4.014304869688361839e-10
3.805633544042857518e-10
3.802703206035897118e-10
3.799773349488481677e-10
3.796843890254681105e-10
3.793917838833829563e-10
3.790992892040721373e-10
3.788068364140405680e-10
3.377380261477380240e-10
3.374788329057057003e-10
3.372196396636630367e-10
3.369606219511764940e-10
3.367018348912157108e-10
3.364430622142042103e-10
3.159525686546229959e-10
3.157104205210327424e-10
3.154682723874321490e-10
3.152261626462564646e-10
3.149843783996695429e-10
3.147426679047335110e-10
3.145010194049267782e-10
2.741486713361671767e-10
2.739391787304560733e-10
2.737297069318787426e-10
2.735204833558930145e-10
2.733113694358134629e-10
2.731022555157339113e-10
2.530023185977431083e-10
2.528092093735280165e-10
2.526161001493129248e-10
2.524231446686398141e-10
2.522304679436507019e-10
2.520378409823280396e-10
2.518452189503891975e-10
2.122389756194083184e-10
2.120775536533026293e-10
2.119161801077056061e-10
2.117548888045513258e-10
2.115936898830992045e-10
2.114324909616419133e-10
2.112714367395638451e-10
1.915913525629042257e-10
1.914456651854056265e-10
1.912999778079044422e-10
1.911545735633512822e-10
1.910091839096928560e-10
1.908638593756420373e-10
1.520328388336889608e-10
1.519177577685253854e-10
1.518026767033618099e-10
1.516876722693217053e-10
1.515727376633201622e-10
1.514578105078222843e-10
1.513429402281078576e-10
1.320803628306754119e-10
1.319803324090344060e-10
1.318803306186709056e-10
1.317805703959207871e-10
1.316808101731629137e-10
1.315810499504115028e-10
9.355392343493686419e-11
9.348337131350453864e-11
9.341281919207609051e-11
9.334241552131937773e-11
9.327207571599902779e-11
9.320173591067867786e-11
9.313139610535962039e-11
7.429987022011320745e-11
7.424389874381715169e-11
7.418795365877023822e-11
7.413206930750300232e-11
7.407618495623447395e-11
7.402030060496723805e-11
3.913536033677018836e-11
3.910598376032712163e-11
3.907660718388340867e-11
3.904723060743969571e-11
3.901785403099533651e-11
3.898847745455226979e-11
3.895910087810855682e-11
1.141264084053012637e-11
1.140409346772755661e-11
1.139554609492482529e-11
1.138699872212241709e-11
1.137845134931984733e-11
1.136990397651760069e-11
0.000000000000000000e+00
0.000000000000000000e+00
0.000000000000000000e+00
0.000000000000000000e+00
0.000000000000000000e+00
0.000000000000000000e+00
0.000000000000000000e+00
0.000000000000000000e+00
0.000000000000000000e+00
0.000000000000000000e+00
0.000000000000000000e+00
0.000000000000000000e+00
0.000000000000000000e+00
0.000000000000000000e+00
0.000000000000000000e+00
0.000000000000000000e+00
0.000000000000000000e+00
0.000000000000000000e+00
0.000000000000000000e+00
0.000000000000000000e+00
0.000000000000000000e+00
0.000000000000000000e+00
0.000000000000000000e+00
0.000000000000000000e+00
0.000000000000000000e+00
0.000000000000000000e+00
0.000000000000000000e+00
0.000000000000000000e+00
0.000000000000000000e+00
0.000000000000000000e+00
0.000000000000000000e+00
0.000000000000000000e+00
0.000000000000000000e+00
0.000000000000000000e+00
0.000000000000000000e+00
0.000000000000000000e+00
0.000000000000000000e+00
0.000000000000000000e+00
0.000000000000000000e+00
0.000000000000000000e+00
0.000000000000000000e+00
0.000000000000000000e+00
0.000000000000000000e+00
0.000000000000000000e+00
0.000000000000000000e+00
0.000000000000000000e+00
0.000000000000000000e+00
0.000000000000000000e+00
0.000000000000000000e+00
0.000000000000000000e+00
0.000000000000000000e+00
0.000000000000000000e+00
0.000000000000000000e+00
0.000000000000000000e+00
0.000000000000000000e+00
0.000000000000000000e+00
0.000000000000000000e+00
0.000000000000000000e+00
0.000000000000000000e+00
0.000000000000000000e+00
0.000000000000000000e+00
0.000000000000000000e+00
0.000000000000000000e+00
0.000000000000000000e+00
0.000000000000000000e+00
0.000000000000000000e+00
0.000000000000000000e+00
0.000000000000000000e+00
0.000000000000000000e+00
0.000000000000000000e+00
0.000000000000000000e+00
0.000000000000000000e+00
0.000000000000000000e+00
0.000000000000000000e+00
0.000000000000000000e+00
0.000000000000000000e+00
0.000000000000000000e+00
0.000000000000000000e+00
0.000000000000000000e+00
0.000000000000000000e+00
0.000000000000000000e+00
0.000000000000000000e+00
0.000000000000000000e+00
0.000000000000000000e+00
0.000000000000000000e+00
0.000000000000000000e+00
0.000000000000000000e+00
0.000000000000000000e+00
0.000000000000000000e+00
0.000000000000000000e+00
0.000000000000000000e+00
0.000000000000000000e+00
0.000000000000000000e+00
0.000000000000000000e+00
0.000000000000000000e+00
0.000000000000000000e+00
0.000000000000000000e+00
0.000000000000000000e+00
0.000000000000000000e+00
0.000000000000000000e+00
0.000000000000000000e+00
0.000000000000000000e+00
0.000000000000000000e+00
0.000000000000000000e+00
0.000000000000000000e+00
0.000000000000000000e+00
0.000000000000000000e+00
0.000000000000000000e+00
0.000000000000000000e+00
0.000000000000000000e+00
0.000000000000000000e+00
0.000000000000000000e+00
0.000000000000000000e+00
0.000000000000000000e+00
0.000000000000000000e+00
0.000000000000000000e+00
0.000000000000000000e+00
0.000000000000000000e+00
0.000000000000000000e+00
0.000000000000000000e+00
0.000000000000000000e+00
0.000000000000000000e+00
0.000000000000000000e+00
0.000000000000000000e+00
0.000000000000000000e+00
0.000000000000000000e+00
0.000000000000000000e+00
0.000000000000000000e+00
0.000000000000000000e+00
0.000000000000000000e+00
0.000000000000000000e+00
0.000000000000000000e+00
0.000000000000000000e+00
0.000000000000000000e+00
0.000000000000000000e+00
0.000000000000000000e+00
0.000000000000000000e+00
0.000000000000000000e+00
0.000000000000000000e+00
0.000000000000000000e+00
0.000000000000000000e+00
0.000000000000000000e+00
0.000000000000000000e+00
0.000000000000000000e+00
0.000000000000000000e+00
0.000000000000000000e+00
0.000000000000000000e+00
0.000000000000000000e+00
0.000000000000000000e+00
0.000000000000000000e+00
0.000000000000000000e+00
0.000000000000000000e+00
0.000000000000000000e+00
0.000000000000000000e+00
0.000000000000000000e+00
0.000000000000000000e+00
0.000000000000000000e+00
0.000000000000000000e+00
0.000000000000000000e+00
0.000000000000000000e+00
0.000000000000000000e+00
0.000000000000000000e+00
0.000000000000000000e+00
0.000000000000000000e+00
0.000000000000000000e+00
0.000000000000000000e+00
0.000000000000000000e+00
0.000000000000000000e+00
0.000000000000000000e+00
0.000000000000000000e+00
0.000000000000000000e+00
0.000000000000000000e+00
0.000000000000000000e+00
0.000000000000000000e+00
0.000000000000000000e+00
0.000000000000000000e+00
0.000000000000000000e+00
0.000000000000000000e+00
0.000000000000000000e+00
0.000000000000000000e+00
0.000000000000000000e+00
0.000000000000000000e+00
0.000000000000000000e+00
0.000000000000000000e+00
0.000000000000000000e+00
0.000000000000000000e+00
0.000000000000000000e+00
0.000000000000000000e+00
0.000000000000000000e+00
0.000000000000000000e+00
0.000000000000000000e+00
0.000000000000000000e+00
0.000000000000000000e+00
0.000000000000000000e+00
0.000000000000000000e+00
0.000000000000000000e+00
0.000000000000000000e+00
0.000000000000000000e+00
0.000000000000000000e+00
0.000000000000000000e+00
0.000000000000000000e+00
0.000000000000000000e+00
0.000000000000000000e+00
0.000000000000000000e+00
0.000000000000000000e+00
0.000000000000000000e+00
0.000000000000000000e+00
0.000000000000000000e+00
0.000000000000000000e+00
0.000000000000000000e+00
0.000000000000000000e+00
0.000000000000000000e+00
0.000000000000000000e+00
0.000000000000000000e+00
0.000000000000000000e+00
0.000000000000000000e+00
0.000000000000000000e+00
0.000000000000000000e+00
0.000000000000000000e+00
0.000000000000000000e+00
0.000000000000000000e+00
0.000000000000000000e+00
0.000000000000000000e+00
0.000000000000000000e+00
0.000000000000000000e+00
0.000000000000000000e+00
0.000000000000000000e+00
0.000000000000000000e+00
0.000000000000000000e+00
0.000000000000000000e+00
0.000000000000000000e+00
0.000000000000000000e+00
0.000000000000000000e+00
0.000000000000000000e+00
0.000000000000000000e+00
0.000000000000000000e+00
0.000000000000000000e+00
0.000000000000000000e+00
0.000000000000000000e+00
0.000000000000000000e+00
0.000000000000000000e+00
0.000000000000000000e+00
0.000000000000000000e+00
0.000000000000000000e+00
0.000000000000000000e+00
0.000000000000000000e+00
0.000000000000000000e+00
0.000000000000000000e+00
0.000000000000000000e+00
0.000000000000000000e+00
0.000000000000000000e+00
0.000000000000000000e+00
0.000000000000000000e+00
0.000000000000000000e+00
0.000000000000000000e+00
0.000000000000000000e+00
0.000000000000000000e+00
0.000000000000000000e+00
0.000000000000000000e+00
0.000000000000000000e+00
0.000000000000000000e+00
0.000000000000000000e+00
0.000000000000000000e+00
0.000000000000000000e+00
0.000000000000000000e+00
0.000000000000000000e+00
0.000000000000000000e+00
0.000000000000000000e+00
0.000000000000000000e+00
0.000000000000000000e+00
0.000000000000000000e+00
0.000000000000000000e+00
0.000000000000000000e+00
0.000000000000000000e+00
0.000000000000000000e+00
0.000000000000000000e+00
0.000000000000000000e+00
0.000000000000000000e+00
0.000000000000000000e+00
0.000000000000000000e+00
0.000000000000000000e+00
0.000000000000000000e+00
0.000000000000000000e+00
0.000000000000000000e+00
0.000000000000000000e+00
0.000000000000000000e+00
0.000000000000000000e+00
0.000000000000000000e+00
0.000000000000000000e+00
0.000000000000000000e+00
0.000000000000000000e+00
0.000000000000000000e+00
0.000000000000000000e+00
0.000000000000000000e+00
0.000000000000000000e+00
0.000000000000000000e+00
0.000000000000000000e+00
0.000000000000000000e+00
0.000000000000000000e+00
0.000000000000000000e+00
0.000000000000000000e+00
0.000000000000000000e+00
0.000000000000000000e+00
0.000000000000000000e+00
0.000000000000000000e+00
0.000000000000000000e+00
0.000000000000000000e+00
0.000000000000000000e+00
0.000000000000000000e+00
0.000000000000000000e+00
0.000000000000000000e+00
0.000000000000000000e+00
0.000000000000000000e+00
0.000000000000000000e+00
0.000000000000000000e+00
0.000000000000000000e+00
0.000000000000000000e+00
0.000000000000000000e+00
0.000000000000000000e+00
0.000000000000000000e+00
0.000000000000000000e+00
0.000000000000000000e+00
0.000000000000000000e+00
0.000000000000000000e+00
0.000000000000000000e+00
0.000000000000000000e+00
0.000000000000000000e+00
0.000000000000000000e+00
0.000000000000000000e+00
0.000000000000000000e+00
0.000000000000000000e+00
0.000000000000000000e+00
0.000000000000000000e+00
0.000000000000000000e+00
0.000000000000000000e+00
0.000000000000000000e+00
0.000000000000000000e+00
0.000000000000000000e+00
0.000000000000000000e+00
0.000000000000000000e+00
0.000000000000000000e+00
0.000000000000000000e+00
0.000000000000000000e+00
0.000000000000000000e+00
0.000000000000000000e+00
0.000000000000000000e+00
0.000000000000000000e+00
0.000000000000000000e+00
0.000000000000000000e+00
0.000000000000000000e+00
0.000000000000000000e+00
0.000000000000000000e+00
0.000000000000000000e+00
0.000000000000000000e+00
0.000000000000000000e+00
0.000000000000000000e+00
0.000000000000000000e+00
0.000000000000000000e+00
0.000000000000000000e+00
0.000000000000000000e+00
0.000000000000000000e+00
0.000000000000000000e+00
0.000000000000000000e+00
0.000000000000000000e+00
0.000000000000000000e+00
0.000000000000000000e+00
0.000000000000000000e+00
0.000000000000000000e+00
0.000000000000000000e+00
0.000000000000000000e+00
0.000000000000000000e+00
0.000000000000000000e+00
0.000000000000000000e+00
0.000000000000000000e+00
0.000000000000000000e+00
0.000000000000000000e+00
0.000000000000000000e+00
0.000000000000000000e+00
0.000000000000000000e+00
0.000000000000000000e+00
0.000000000000000000e+00
0.000000000000000000e+00
0.000000000000000000e+00
0.000000000000000000e+00
0.000000000000000000e+00
0.000000000000000000e+00
0.000000000000000000e+00
0.000000000000000000e+00
0.000000000000000000e+00
0.000000000000000000e+00
0.000000000000000000e+00
0.000000000000000000e+00
0.000000000000000000e+00
0.000000000000000000e+00
0.000000000000000000e+00
0.000000000000000000e+00
0.000000000000000000e+00
0.000000000000000000e+00
0.000000000000000000e+00
0.000000000000000000e+00
0.000000000000000000e+00
0.000000000000000000e+00
0.000000000000000000e+00
0.000000000000000000e+00
0.000000000000000000e+00
0.000000000000000000e+00
0.000000000000000000e+00
0.000000000000000000e+00
0.000000000000000000e+00
0.000000000000000000e+00
0.000000000000000000e+00
0.000000000000000000e+00
0.000000000000000000e+00
0.000000000000000000e+00
0.000000000000000000e+00
0.000000000000000000e+00
0.000000000000000000e+00
0.000000000000000000e+00
0.000000000000000000e+00
0.000000000000000000e+00
0.000000000000000000e+00
0.000000000000000000e+00
0.000000000000000000e+00
0.000000000000000000e+00
0.000000000000000000e+00
0.000000000000000000e+00
0.000000000000000000e+00
0.000000000000000000e+00
0.000000000000000000e+00
0.000000000000000000e+00
0.000000000000000000e+00
0.000000000000000000e+00
0.000000000000000000e+00
0.000000000000000000e+00
0.000000000000000000e+00
0.000000000000000000e+00
0.000000000000000000e+00
0.000000000000000000e+00
0.000000000000000000e+00
0.000000000000000000e+00
0.000000000000000000e+00
0.000000000000000000e+00
0.000000000000000000e+00
0.000000000000000000e+00
0.000000000000000000e+00
0.000000000000000000e+00
0.000000000000000000e+00
0.000000000000000000e+00
0.000000000000000000e+00
0.000000000000000000e+00
0.000000000000000000e+00
0.000000000000000000e+00
0.000000000000000000e+00
0.000000000000000000e+00
0.000000000000000000e+00
0.000000000000000000e+00
0.000000000000000000e+00
0.000000000000000000e+00
0.000000000000000000e+00
0.000000000000000000e+00
0.000000000000000000e+00
0.000000000000000000e+00
0.000000000000000000e+00
0.000000000000000000e+00
0.000000000000000000e+00
0.000000000000000000e+00
0.000000000000000000e+00
0.000000000000000000e+00
0.000000000000000000e+00
0.000000000000000000e+00
0.000000000000000000e+00
0.000000000000000000e+00
0.000000000000000000e+00
0.000000000000000000e+00
0.000000000000000000e+00
0.000000000000000000e+00
0.000000000000000000e+00
0.000000000000000000e+00
0.000000000000000000e+00
0.000000000000000000e+00
0.000000000000000000e+00
0.000000000000000000e+00
0.000000000000000000e+00
0.000000000000000000e+00
0.000000000000000000e+00
0.000000000000000000e+00
0.000000000000000000e+00
0.000000000000000000e+00
0.000000000000000000e+00
0.000000000000000000e+00
0.000000000000000000e+00
0.000000000000000000e+00
0.000000000000000000e+00
0.000000000000000000e+00
0.000000000000000000e+00
0.000000000000000000e+00
0.000000000000000000e+00
0.000000000000000000e+00
0.000000000000000000e+00
0.000000000000000000e+00
0.000000000000000000e+00
0.000000000000000000e+00
0.000000000000000000e+00
0.000000000000000000e+00
0.000000000000000000e+00
0.000000000000000000e+00
0.000000000000000000e+00
0.000000000000000000e+00
0.000000000000000000e+00
0.000000000000000000e+00
0.000000000000000000e+00
0.000000000000000000e+00
0.000000000000000000e+00
0.000000000000000000e+00
0.000000000000000000e+00
0.000000000000000000e+00
0.000000000000000000e+00
0.000000000000000000e+00
0.000000000000000000e+00
0.000000000000000000e+00
0.000000000000000000e+00
0.000000000000000000e+00
0.000000000000000000e+00
0.000000000000000000e+00
0.000000000000000000e+00
0.000000000000000000e+00
0.000000000000000000e+00
0.000000000000000000e+00
0.000000000000000000e+00
0.000000000000000000e+00
0.000000000000000000e+00
0.000000000000000000e+00
0.000000000000000000e+00
0.000000000000000000e+00
0.000000000000000000e+00
0.000000000000000000e+00
0.000000000000000000e+00
0.000000000000000000e+00
0.000000000000000000e+00
0.000000000000000000e+00
0.000000000000000000e+00
0.000000000000000000e+00
0.000000000000000000e+00
0.000000000000000000e+00
0.000000000000000000e+00
0.000000000000000000e+00
0.000000000000000000e+00
0.000000000000000000e+00
0.000000000000000000e+00
0.000000000000000000e+00
0.000000000000000000e+00
0.000000000000000000e+00
0.000000000000000000e+00
0.000000000000000000e+00
0.000000000000000000e+00
0.000000000000000000e+00
0.000000000000000000e+00
0.000000000000000000e+00
0.000000000000000000e+00
0.000000000000000000e+00
0.000000000000000000e+00
0.000000000000000000e+00
0.000000000000000000e+00
0.000000000000000000e+00
0.000000000000000000e+00
0.000000000000000000e+00
0.000000000000000000e+00
0.000000000000000000e+00
0.000000000000000000e+00
0.000000000000000000e+00
0.000000000000000000e+00
0.000000000000000000e+00
0.000000000000000000e+00
0.000000000000000000e+00
0.000000000000000000e+00
0.000000000000000000e+00
0.000000000000000000e+00
0.000000000000000000e+00
0.000000000000000000e+00
0.000000000000000000e+00
0.000000000000000000e+00
0.000000000000000000e+00
0.000000000000000000e+00
0.000000000000000000e+00
0.000000000000000000e+00
0.000000000000000000e+00
0.000000000000000000e+00
0.000000000000000000e+00
0.000000000000000000e+00
0.000000000000000000e+00
0.000000000000000000e+00
0.000000000000000000e+00
0.000000000000000000e+00
0.000000000000000000e+00
0.000000000000000000e+00
0.000000000000000000e+00
0.000000000000000000e+00
0.000000000000000000e+00
0.000000000000000000e+00
0.000000000000000000e+00
0.000000000000000000e+00
0.000000000000000000e+00
0.000000000000000000e+00
0.000000000000000000e+00
0.000000000000000000e+00
0.000000000000000000e+00
0.000000000000000000e+00
0.000000000000000000e+00
0.000000000000000000e+00
0.000000000000000000e+00
0.000000000000000000e+00
0.000000000000000000e+00
0.000000000000000000e+00
0.000000000000000000e+00
0.000000000000000000e+00
0.000000000000000000e+00
0.000000000000000000e+00
0.000000000000000000e+00
0.000000000000000000e+00
0.000000000000000000e+00
0.000000000000000000e+00
0.000000000000000000e+00
0.000000000000000000e+00
0.000000000000000000e+00
0.000000000000000000e+00
0.000000000000000000e+00
0.000000000000000000e+00
0.000000000000000000e+00
0.000000000000000000e+00
0.000000000000000000e+00
0.000000000000000000e+00
0.000000000000000000e+00
0.000000000000000000e+00
0.000000000000000000e+00
0.000000000000000000e+00
0.000000000000000000e+00
0.000000000000000000e+00
0.000000000000000000e+00
0.000000000000000000e+00
0.000000000000000000e+00
0.000000000000000000e+00
0.000000000000000000e+00
0.000000000000000000e+00
0.000000000000000000e+00
0.000000000000000000e+00
0.000000000000000000e+00
0.000000000000000000e+00
0.000000000000000000e+00
0.000000000000000000e+00
0.000000000000000000e+00
0.000000000000000000e+00
0.000000000000000000e+00
0.000000000000000000e+00
0.000000000000000000e+00
0.000000000000000000e+00
0.000000000000000000e+00
0.000000000000000000e+00
0.000000000000000000e+00
0.000000000000000000e+00
0.000000000000000000e+00
0.000000000000000000e+00
0.000000000000000000e+00
0.000000000000000000e+00
0.000000000000000000e+00
0.000000000000000000e+00
0.000000000000000000e+00
0.000000000000000000e+00
0.000000000000000000e+00
0.000000000000000000e+00
0.000000000000000000e+00
0.000000000000000000e+00
0.000000000000000000e+00
0.000000000000000000e+00
0.000000000000000000e+00
0.000000000000000000e+00
0.000000000000000000e+00
0.000000000000000000e+00
0.000000000000000000e+00
0.000000000000000000e+00
0.000000000000000000e+00
0.000000000000000000e+00
0.000000000000000000e+00
0.000000000000000000e+00
0.000000000000000000e+00
0.000000000000000000e+00
0.000000000000000000e+00
0.000000000000000000e+00
0.000000000000000000e+00
0.000000000000000000e+00
0.000000000000000000e+00
0.000000000000000000e+00
0.000000000000000000e+00
0.000000000000000000e+00
0.000000000000000000e+00
0.000000000000000000e+00
0.000000000000000000e+00
0.000000000000000000e+00
0.000000000000000000e+00
0.000000000000000000e+00
0.000000000000000000e+00
0.000000000000000000e+00
0.000000000000000000e+00
0.000000000000000000e+00
0.000000000000000000e+00
0.000000000000000000e+00
0.000000000000000000e+00
0.000000000000000000e+00
0.000000000000000000e+00
0.000000000000000000e+00
0.000000000000000000e+00
0.000000000000000000e+00
0.000000000000000000e+00
0.000000000000000000e+00
0.000000000000000000e+00
0.000000000000000000e+00
0.000000000000000000e+00
0.000000000000000000e+00
0.000000000000000000e+00
0.000000000000000000e+00
0.000000000000000000e+00
0.000000000000000000e+00
0.000000000000000000e+00
0.000000000000000000e+00
0.000000000000000000e+00
0.000000000000000000e+00
0.000000000000000000e+00
0.000000000000000000e+00
0.000000000000000000e+00
0.000000000000000000e+00
0.000000000000000000e+00
0.000000000000000000e+00
0.000000000000000000e+00
0.000000000000000000e+00
0.000000000000000000e+00
0.000000000000000000e+00
0.000000000000000000e+00
0.000000000000000000e+00
0.000000000000000000e+00
0.000000000000000000e+00
0.000000000000000000e+00
0.000000000000000000e+00
0.000000000000000000e+00
0.000000000000000000e+00
0.000000000000000000e+00
0.000000000000000000e+00
0.000000000000000000e+00
0.000000000000000000e+00
0.000000000000000000e+00
0.000000000000000000e+00
0.000000000000000000e+00
0.000000000000000000e+00
0.000000000000000000e+00
0.000000000000000000e+00
0.000000000000000000e+00
0.000000000000000000e+00
0.000000000000000000e+00
0.000000000000000000e+00
0.000000000000000000e+00
0.000000000000000000e+00
0.000000000000000000e+00
0.000000000000000000e+00
0.000000000000000000e+00
0.000000000000000000e+00
0.000000000000000000e+00
0.000000000000000000e+00
0.000000000000000000e+00
0.000000000000000000e+00
0.000000000000000000e+00
0.000000000000000000e+00
0.000000000000000000e+00
0.000000000000000000e+00
0.000000000000000000e+00
0.000000000000000000e+00
0.000000000000000000e+00
0.000000000000000000e+00
0.000000000000000000e+00
0.000000000000000000e+00
0.000000000000000000e+00
0.000000000000000000e+00
0.000000000000000000e+00
0.000000000000000000e+00
0.000000000000000000e+00
0.000000000000000000e+00
0.000000000000000000e+00
0.000000000000000000e+00
0.000000000000000000e+00
0.000000000000000000e+00
0.000000000000000000e+00
0.000000000000000000e+00
0.000000000000000000e+00
0.000000000000000000e+00
0.000000000000000000e+00
0.000000000000000000e+00
0.000000000000000000e+00
0.000000000000000000e+00
0.000000000000000000e+00
0.000000000000000000e+00
0.000000000000000000e+00
0.000000000000000000e+00
0.000000000000000000e+00
0.000000000000000000e+00
0.000000000000000000e+00
0.000000000000000000e+00
0.000000000000000000e+00
0.000000000000000000e+00
0.000000000000000000e+00
0.000000000000000000e+00
0.000000000000000000e+00
0.000000000000000000e+00
0.000000000000000000e+00
0.000000000000000000e+00
0.000000000000000000e+00
0.000000000000000000e+00
0.000000000000000000e+00
0.000000000000000000e+00
0.000000000000000000e+00
0.000000000000000000e+00
0.000000000000000000e+00
0.000000000000000000e+00
0.000000000000000000e+00
0.000000000000000000e+00
0.000000000000000000e+00
0.000000000000000000e+00
0.000000000000000000e+00
0.000000000000000000e+00
0.000000000000000000e+00
0.000000000000000000e+00
0.000000000000000000e+00
0.000000000000000000e+00
0.000000000000000000e+00
0.000000000000000000e+00
0.000000000000000000e+00
0.000000000000000000e+00
0.000000000000000000e+00
0.000000000000000000e+00
0.000000000000000000e+00
0.000000000000000000e+00
0.000000000000000000e+00
0.000000000000000000e+00
0.000000000000000000e+00
0.000000000000000000e+00
0.000000000000000000e+00
0.000000000000000000e+00
0.000000000000000000e+00
0.000000000000000000e+00
0.000000000000000000e+00
0.000000000000000000e+00
0.000000000000000000e+00
0.000000000000000000e+00
0.000000000000000000e+00
0.000000000000000000e+00
0.000000000000000000e+00
0.000000000000000000e+00
0.000000000000000000e+00
0.000000000000000000e+00
0.000000000000000000e+00
0.000000000000000000e+00
0.000000000000000000e+00
0.000000000000000000e+00
0.000000000000000000e+00
0.000000000000000000e+00
0.000000000000000000e+00
0.000000000000000000e+00
0.000000000000000000e+00
0.000000000000000000e+00
0.000000000000000000e+00
0.000000000000000000e+00
0.000000000000000000e+00
0.000000000000000000e+00
0.000000000000000000e+00
0.000000000000000000e+00
