2.345406181408752289e-09
2.854405105426895797e-09
3.422395252682486162e-09
4.051619003651162616e-09
4.744239751673331444e-09
5.502301388817728640e-09
6.327725624386865892e-09
7.222292985883319961e-09
8.187614718014084471e-09
9.225142597938949485e-09
1.033615484563976351e-08
1.152174179949214018e-08
1.278278934525170294e-08
1.412000594800944887e-08
1.553392218793298369e-08
1.702486522959236520e-08
1.859293146982626390e-08
2.023811546382219155e-08
2.196014330869592855e-08
2.375859129451152258e-08
2.563289227583252118e-08
2.758222513544702756e-08
2.960569479936716964e-08
3.170218148525093776e-08
3.387043445954738669e-08
3.610910617207737365e-08
3.841669898011754848e-08
4.079159125984270663e-08
4.323199983071602479e-08
4.573608040614272185e-08
4.830190169903758671e-08
5.092748648026478870e-08
5.361061299862436735e-08
5.634930415394124500e-08
5.914111057926308381e-08
6.198402556146535036e-08
6.487547302830883253e-08
6.781332871314956814e-08
7.079516646908823548e-08
7.381856519648303433e-08
7.688130529288720467e-08
7.998096384876129624e-08
8.311520496483957232e-08
8.628174892250231597e-08
8.947825941247749235e-08
9.270260976500396462e-08
9.595244789668451455e-08
9.922564613453222228e-08
1.025201937685281663e-07
1.058339156209860878e-07
1.091648937135718229e-07
1.125113168465763061e-07
1.158711493449550448e-07
1.192427381985005105e-07
1.226244667319233367e-07
1.260145200269974940e-07
1.294114780495887300e-07
1.328139811529980239e-07
1.362204995583684550e-07
1.396297817299242233e-07
1.430407154664375806e-07
1.464522058723262205e-07
1.498631209237586295e-07
1.532725356687608406e-07
1.566797664827535861e-07
1.600839054143494253e-07
1.634841955794707002e-07
1.668801732111886750e-07
1.702713784327428308e-07
1.736571191134796900e-07
1.770370485935188592e-07
1.804109874777618855e-07
1.837786703444960964e-07
1.871398082326666746e-07
1.904942931941078328e-07
1.938421131607599804e-07
1.971832861986924406e-07
2.005178376126756732e-07
2.038457825773896048e-07
2.071672689476868361e-07
2.104825604510024131e-07
2.137918619286173988e-07
2.170953063328560468e-07
2.203931407561040251e-07
2.236857891190814083e-07
2.269735656618212938e-07
2.302566971240322863e-07
2.335355164744082765e-07
2.368103770529973216e-07
2.400816966393188968e-07
2.433498862215517131e-07
2.466152290188835659e-07
2.498779988181340908e-07
2.531386069739083990e-07
2.563973857425033474e-07
2.596547890595903364e-07
2.629110288788590322e-07
2.661662504590483505e-07
2.694208228783113896e-07
2.726749847282959147e-07
2.759290784652059534e-07
2.791831701062811949e-07
2.824372769291514665e-07
2.856916091238567832e-07
2.889462641962984067e-07
2.922014076484979580e-07
2.954569731270284769e-07
2.987127951707799279e-07
3.019688230585935724e-07
3.052250237925221808e-07
3.084812230571874389e-07
3.117373261108954052e-07
3.149929562218937466e-07
3.182479194741018662e-07
3.215017830911972014e-07
3.247543134091674391e-07
3.280049701228691187e-07
3.312535064658760793e-07
3.344993102134043090e-07
3.377419821411650769e-07
3.409807855750116138e-07
3.442152733519361543e-07
3.474446357521903751e-07
3.506684743181351188e-07
3.538858982572799551e-07
3.570964479245490785e-07
3.602989712782871590e-07
3.634931114346931695e-07
3.666775522553178713e-07
3.698520701141881257e-07
3.730152490354316118e-07
3.761669823471494359e-07
3.793055837512474354e-07
3.824309136183464861e-07
3.855412846217790890e-07
3.886364901926347118e-07
3.917151236771256093e-07
3.947765561580530055e-07
3.978201210621190805e-07
4.008443661870382057e-07
4.038492731567905793e-07
4.068326861404730027e-07
4.097948964840250045e-07
4.127341170064579606e-07
4.156500556574396376e-07
4.185420534443418080e-07
4.214087511771644403e-07
4.242504248234980905e-07
4.270647619967375234e-07
4.298521886405081006e-07
4.326112951905109909e-07
4.353415907544768397e-07
4.380433004418721839e-07
4.407144344552227938e-07
4.433559736985768419e-07
4.459660447780052268e-07
4.485442797004040027e-07
4.510911195111489479e-07
4.536048317730965399e-07
4.560862404139141067e-07
4.585344629657509709e-07
4.609490734431806948e-07
4.633308781298142204e-07
4.656780883820698521e-07
4.679913251273598600e-07
4.702707604500413028e-07
4.725153506644074743e-07
4.747262394585688994e-07
4.769026735642409366e-07
4.790445790553313890e-07
4.811531264855912313e-07
4.832272327197706783e-07
4.852672582619106967e-07
4.872743746276317003e-07
4.892476020708641529e-07
4.911879064223663292e-07
4.930958826341839231e-07
4.949709750570657554e-07
4.968142720963100267e-07
4.986262025864867236e-07
5.004067303892316128e-07
5.021568922597219472e-07
5.038772132883989272e-07
5.055676011393539396e-07
5.072294065729998281e-07
5.088630085974687426e-07
5.104683663179676381e-07
5.120468178100615774e-07
5.135990895079679058e-07
5.151251588724575339e-07
5.166262990962658861e-07
5.181034264038358756e-07
5.195566144121985527e-07
5.209869681083384999e-07
5.223953743069735482e-07
5.237820347214191413e-07
5.251477533317801212e-07
5.264938240007569294e-07
5.278205608440911926e-07
5.291283689102066066e-07
5.304189316295990547e-07
5.316924676921571227e-07
5.329494900079776415e-07
5.341911888200077415e-07
5.354180822568082566e-07
5.366304489214388547e-07
5.378292174583758608e-07
5.390154957084166756e-07
5.401894133867480008e-07
5.413515479214262764e-07
5.425031472488879008e-07
5.436445258126127239e-07
5.447759511641672290e-07
5.458984161624849630e-07
5.470123448012155640e-07
5.481179290446852419e-07
5.492156461815813900e-07
5.503065281381676048e-07
5.513907327357402009e-07
5.524683697741636915e-07
5.535403201926589293e-07
5.546068902354691862e-07
5.556681963392691666e-07
5.567245846334213266e-07
5.577765079042898242e-07
5.588239887586969776e-07
5.598671317088935387e-07
5.609064158608019741e-07
5.619420195224703893e-07
5.629740070840093578e-07
5.640025253307864519e-07
5.650277108733871357e-07
5.660495411214427059e-07
5.670681095675064409e-07
5.680835362707164987e-07
5.690955227411515417e-07
5.701040352191064350e-07
5.711091411130407199e-07
5.721108411142285728e-07
5.731087419494759843e-07
5.741029156527094263e-07
5.750934513882920475e-07
5.760799651773211988e-07
5.770619433076974908e-07
5.780394774769737439e-07
5.790126820391082880e-07
5.799808653141432356e-07
5.809434954080675837e-07
5.819006896720656401e-07
5.828525350950660467e-07
5.837981193330107707e-07
5.847370589722010727e-07
5.856694705215741551e-07
5.865954432551098181e-07
5.875138192129652929e-07
5.884241395909779082e-07
5.893265500696772238e-07
5.902212116018827122e-07
5.911069850884860104e-07
5.919832635353962535e-07
5.928502118227329377e-07
5.937080188664565748e-07
5.945557333599042244e-07
5.953925207508202969e-07
5.962185972497114743e-07
5.970341741714669378e-07
5.978386733269393807e-07
5.986308339060727436e-07
5.994107622241226977e-07
6.001787244879062194e-07
6.009347372606549603e-07
6.016773133052229944e-07
6.024064849373995670e-07
6.031225102014521913e-07
6.038256604962027605e-07
6.045147057213782290e-07
6.051892170955493399e-07
6.058496545586228917e-07
6.064962786945041073e-07
6.071286026440603168e-07
6.077457407670060465e-07
6.083477585253826523e-07
6.089349622381417124e-07
6.095078603580068156e-07
6.100652810131590182e-07
6.106073637587138305e-07
6.111340751602585334e-07
6.116459855381102326e-07
6.121429516146341969e-07
6.126244778687588430e-07
6.130906006636403603e-07
6.135416517130510031e-07
6.139782680400407428e-07
6.143997926195224213e-07
6.148059521369397282e-07
6.151972451986394054e-07
6.155738723361671167e-07
6.159365288128112810e-07
6.162844618221002077e-07
6.166180588093130034e-07
6.169376234007893860e-07
6.172433650986303866e-07
6.175358397933327557e-07
6.178149242991267928e-07
6.180806084561275812e-07
6.183333283218197466e-07
6.185736499270184948e-07
6.188016883198468317e-07
6.190174783354982132e-07
6.192212840587179727e-07
6.194130297990972238e-07
6.195937611534078204e-07
6.197637843016349978e-07
6.199229815521823887e-07
6.200716566839191689e-07
6.202100097285568599e-07
6.203387469366188166e-07
6.204583922621350735e-07
6.205688619188511256e-07
6.206704358405681286e-07
6.207632664068827550e-07
6.208480575334614528e-07
6.209253042195293942e-07
6.209949442148353405e-07
6.210571687559665569e-07
6.211120856341124495e-07
6.211603923480296161e-07
6.212027301171068915e-07
6.212391798419904634e-07
6.212698718482072120e-07
6.212947727880594157e-07
6.213144511252738392e-07
6.213296052862352123e-07
6.213403537774385371e-07
6.213466977853228627e-07
6.213487725168024166e-07
6.213468092681253749e-07
6.213415218502511850e-07
6.213329977672843038e-07
6.213213013670895363e-07
6.213064495555339493e-07
6.212885512237533464e-07
6.212682187403896975e-07
6.212457582153892011e-07
6.212211760303086696e-07
6.211945431756040993e-07
6.211658604810713169e-07
6.211353877659671402e-07
6.211034830983081310e-07
6.210701780101133609e-07
6.210354855508782943e-07
6.209994551196914700e-07
6.209621021260303744e-07
6.209237706132058971e-07
6.208844257842681196e-07
6.208440888345860087e-07
6.208027759100474950e-07
6.207604890693555689e-07
6.207173345032520585e-07
6.206733654634172203e-07
6.206285856305691992e-07
6.205830012203945808e-07
6.205366222500320543e-07
6.204894716420354690e-07
6.204414948613425983e-07
6.203925116394793439e-07
6.203425011701824994e-07
6.202914900480525591e-07
6.202395082188911700e-07
6.201865354816613421e-07
6.201324312253257051e-07
6.200768807727186067e-07
6.200199296547726377e-07
6.199615915722351320e-07
6.199018486142344309e-07
6.198407392259760597e-07
6.197778827306200228e-07
6.197130127908321548e-07
6.196462451291113303e-07
6.195775900409736167e-07
6.195070063316810144e-07
6.194345598924029462e-07
6.193596126232670430e-07
6.192819863736462723e-07
6.192017298660298426e-07
6.191188800034303922e-07
6.190334239086707218e-07
6.189454547525692327e-07
6.188543391850119831e-07
6.187598296469087923e-07
6.186620354416252233e-07
6.185610208151915451e-07
6.184566608546531745e-07
6.183491452768614508e-07
6.182379816471316803e-07
6.181227769432986556e-07
6.180037259205774444e-07
6.178808203841783921e-07
6.177541028313432370e-07
6.176236096514650139e-07
6.174890884616538471e-07
6.173501188942810906e-07
6.172065820862085202e-07
6.170587193321459243e-07
6.169065006053576581e-07
6.167500292347682704e-07
6.165892356507136547e-07
6.164237206229017873e-07
6.162534457112411041e-07
6.160785170893527798e-07
6.158988200364073393e-07
6.157146023172763242e-07
6.155259373011860020e-07
6.153325452047523865e-07
6.151342392390893971e-07
6.149312268004576909e-07
6.147234661358080891e-07
6.145111018420661960e-07
6.142940585315474065e-07
6.140725994312967858e-07
6.138463833689369157e-07
6.136154361059372717e-07
6.133798138393975414e-07
6.131394983233704203e-07
6.128946740470157734e-07
6.126454946012720912e-07
6.123920073313053644e-07
6.121340971825445487e-07
6.118717808783105229e-07
6.116052295794456173e-07
6.113343814998461784e-07
6.110593635447994545e-07
6.107804308755216219e-07
6.104975952393379257e-07
6.102109255680013717e-07
6.099204265282241007e-07
6.096261867840904273e-07
6.093282120372226411e-07
6.090265338693341780e-07
6.087216040505561234e-07
6.084133772743031506e-07
6.081018437585676228e-07
6.077870756059809715e-07
6.074691247085767545e-07
6.071479213309318114e-07
6.068236880135253307e-07
6.064967951134455102e-07
6.061673093174162930e-07
6.058352331799725808e-07
6.055006394861261356e-07
6.051635222324197708e-07
6.048238648896407953e-07
6.044818369525918475e-07
6.041377758454501445e-07
6.037917968281233989e-07
6.034439098853989350e-07
6.030941592739435658e-07
6.027425635196383970e-07
6.023890953433903156e-07
6.020338632525656725e-07
6.016772119962020331e-07
6.013192203895610570e-07
6.009598768129441885e-07
6.005992158984316767e-07
6.002372513423239326e-07
5.998740136052651102e-07
5.995094735796985431e-07
5.991439530066158531e-07
5.987776186610815882e-07
5.984104679314178862e-07
5.980425209343925468e-07
5.976737923974362452e-07
5.973042824619611320e-07
5.969340045034221256e-07
5.965630538002567704e-07
5.961916174058318910e-07
5.958197335835850362e-07
5.954473988823704597e-07
5.950746222170458186e-07
5.947014035951708821e-07
5.943277499042511239e-07
5.939536932999865624e-07
5.935793705563870808e-07
5.932047674764287414e-07
5.928298792323096183e-07
5.924547108593917672e-07
5.920792670564051745e-07
5.917035476072293836e-07
5.913275592029270460e-07
5.909513496603715068e-07
5.905749562115365311e-07
5.901983717902615147e-07
5.898215991834330848e-07
5.894446406742126689e-07
5.890674961267467702e-07
5.886901669373692023e-07
5.883126552508309149e-07
5.879349453242463720e-07
5.875569689445964931e-07
5.871787253135474317e-07
5.868002185320515534e-07
5.864214475617523441e-07
5.860424136342251211e-07
5.856631230921161210e-07
5.852835826939700513e-07
5.849037321741973962e-07
5.845234356351656174e-07
5.841426909146695923e-07
5.837615022277252610e-07
5.833798728084685287e-07
5.829978061531814100e-07
5.826153060491970279e-07
5.822323724039082116e-07
5.818489108879619520e-07
5.814648374386164143e-07
5.810801577600506572e-07
5.806948777294293609e-07
5.803090010487047275e-07
5.799225317463442783e-07
5.795354738418105156e-07
5.791478309251043555e-07
5.787594744333480116e-07
5.783702971286604688e-07
5.779803053108863299e-07
5.775895038058264053e-07
5.771979003606875525e-07
5.768055037701493356e-07
5.764123220101016258e-07
5.760183654100794512e-07
5.756235903975750986e-07
5.752278428062182447e-07
5.748311218230001968e-07
5.744334340391501859e-07
5.740347892221121760e-07
5.736351955796830717e-07
5.732346522280369320e-07
5.728331732495782551e-07
5.724307742470033305e-07
5.720273493061689390e-07
5.716228974002805662e-07
5.712174306545407366e-07
5.708109569890304383e-07
5.704034859565184290e-07
5.699950266733079767e-07
5.695855875277410585e-07
5.691751922397048130e-07
5.687637944708166105e-07
5.683513518416781714e-07
5.679378705693101583e-07
5.675233637839196875e-07
5.671078430924204113e-07
5.666913175858793096e-07
5.662737976385229862e-07
5.658552946817228090e-07
5.654358956997379391e-07
5.650155516802509632e-07
5.645942569824512630e-07
5.641720300818585419e-07
5.637488790160637274e-07
5.633248112945856442e-07
5.628998348229416077e-07
5.624739514643923437e-07
5.620471942472353309e-07
5.616196556873683897e-07
5.611913508181704962e-07
5.607622843749475781e-07
5.603324606726601693e-07
5.599018845376649457e-07
5.594705672495820283e-07
5.590385145459426102e-07
5.586057344949102145e-07
5.581722859680751781e-07
5.577382426720740491e-07
5.573036060560478513e-07
5.568683844905508701e-07
5.564325837980505272e-07
5.559962092616024878e-07
5.555592636750972826e-07
5.551217527611689127e-07
5.546836729695052496e-07
5.542451210213479961e-07
5.538061906917412127e-07
5.533668874549582522e-07
5.529272150479708351e-07
5.524871773050271219e-07
5.520467775189624011e-07
5.516060146076179671e-07
5.511648947397653682e-07
5.507234185649888777e-07
5.502816359384089854e-07
5.498396603921926555e-07
5.493975283086178463e-07
5.489552391249264554e-07
5.485127929229418656e-07
5.480701922839916897e-07
5.476274424585578819e-07
5.471845403688138797e-07
5.467414883105948408e-07
5.462983159034094390e-07
5.458550969665125468e-07
5.454118467251678664e-07
5.449685713300257348e-07
5.445252729774214086e-07
5.440819454882442434e-07
5.436385877922310529e-07
5.431952070407010161e-07
5.427518002146381266e-07
5.423083696703556948e-07
5.418649933019352864e-07
5.414217087490223302e-07
5.409785076949814820e-07
5.405353878062899116e-07
5.400923538705048918e-07
5.396494032819519066e-07
5.392065333432386536e-07
5.387637478073457759e-07
5.383210475910064444e-07
5.378784313489152866e-07
5.374359409889855741e-07
5.369935999321600483e-07
5.365514037564185049e-07
5.361093588289764297e-07
5.356674624952431540e-07
5.352257054302435495e-07
5.347840979202664239e-07
5.343426325584054887e-07
5.339013049579936828e-07
5.334601342249020409e-07
5.330190976996122075e-07
5.325781982776269034e-07
5.321374335050228590e-07
5.316967985195344956e-07
5.312562994570261313e-07
5.308159382911533548e-07
5.303757051620873771e-07
5.299356011887851911e-07
5.294956259866991329e-07
5.290557822702309853e-07
5.286160721929143709e-07
5.281764895882012030e-07
5.277370335024488501e-07
5.272977048571709253e-07
5.268585040884993990e-07
5.264194235358312388e-07
5.259804738972402139e-07
5.255416430043886470e-07
5.251029226047880578e-07
5.246642884644870120e-07
5.242257461783816483e-07
5.237873013274714710e-07
5.233489565324393612e-07
5.229107053093381048e-07
5.224725450709479163e-07
5.220344833675881384e-07
5.215965115916834915e-07
5.211586293499036385e-07
5.207208410411447844e-07
5.202831251180640093e-07
5.198454653246008659e-07
5.194078558447359707e-07
5.189703007822010164e-07
5.185327969803477304e-07
5.180953483330130413e-07
5.176579528759910716e-07
5.172206080617508232e-07
5.167833117993491142e-07
5.163460675152512684e-07
5.159088673729784496e-07
5.154717241100744756e-07
5.150346397431077419e-07
5.145976150615182490e-07
5.141606411216545136e-07
5.137237289677832585e-07
5.132868715936661666e-07
5.128500686668957457e-07
5.124133187226555683e-07
5.119766281442812163e-07
5.115399751944349856e-07
5.111033670852477271e-07
5.106668229404893404e-07
5.102303465778431978e-07
5.097939344364357287e-07
5.093575891064883919e-07
5.089213008246706268e-07
5.084850848620494422e-07
5.080489262500597646e-07
5.076128325651466094e-07
5.071767979557152094e-07
5.067408432865058081e-07
5.063049709390680038e-07
5.058691806132344957e-07
5.054334692553032784e-07
5.049978512054892092e-07
5.045623144435371457e-07
5.041268567291984671e-07
5.036914765678623623e-07
5.032561831817800389e-07
5.028209725052409958e-07
5.023858418883238332e-07
5.019508118690311293e-07
5.015159364151089124e-07
5.010812059204253491e-07
5.006466199379535074e-07
5.002121684811272938e-07
4.997778735269735604e-07
4.993437137446033629e-07
4.989096957066800287e-07
4.984758113403707655e-07
4.980420794465988651e-07
4.976084714106378994e-07
4.971750203118137885e-07
4.967417640324627822e-07
4.963087114587598847e-07
4.958758500208102740e-07
4.954431629679444952e-07
4.950106925384821966e-07
4.945783961903788908e-07
4.941462956048298793e-07
4.937143743261078731e-07
4.932826506649740794e-07
4.928511089755970558e-07
4.924197777591955213e-07
4.919886943367928738e-07
4.915578377754997752e-07
4.911272104194004975e-07
4.906968023675322144e-07
4.902666459022210759e-07
4.898367018062757283e-07
4.894069761422974342e-07
4.889774816518322420e-07
4.885482150967420159e-07
4.881191606570983849e-07
4.876903303631618564e-07
4.872618054042951983e-07
4.868335593340916240e-07
4.864055837400845994e-07
4.859779097417299170e-07
4.855505072007853382e-07
4.851233815429415826e-07
4.846965321958796633e-07
4.842699676061962487e-07
4.838436700256658878e-07
4.834176376528400841e-07
4.829918704494753001e-07
4.825663922291775759e-07
4.821412073432610406e-07
4.817163488517074992e-07
4.812917851438985168e-07
4.808675118071524272e-07
4.804435520270585735e-07
4.800198788251358358e-07
4.795965105143688825e-07
4.791734222664750242e-07
4.787506399535409453e-07
4.783281364595644328e-07
4.779059218788382893e-07
4.774840395653039641e-07
4.770624633355901648e-07
4.766411855585547234e-07
4.762202470475008215e-07
4.757996019864481059e-07
4.753792480738915918e-07
4.749592295822846685e-07
4.745394993646829369e-07
4.741200632759051834e-07
4.737009311668863510e-07
4.732820889985794407e-07
4.728635337534136960e-07
4.724453130578229855e-07
4.720274229391486713e-07
4.716098581306775301e-07
4.711926206759930143e-07
4.707757042605756751e-07
4.703591057480107396e-07
4.699428285077317446e-07
4.695268684431220741e-07
4.691112236441171381e-07
4.686958845393822756e-07
4.682808431689253647e-07
4.678660909757548744e-07
4.674516635114635515e-07
4.670375594532029846e-07
4.666237610399628191e-07
4.662102916416573557e-07
4.657971278421242948e-07
4.653842726378115088e-07
4.649717342498566711e-07
4.645594984158660763e-07
4.641475670316741609e-07
4.637359420373622450e-07
4.633246127545341933e-07
4.629135729267029020e-07
4.625028717122672038e-07
4.620924829866663626e-07
4.616823985425481664e-07
4.612726576725904860e-07
4.608632139415789441e-07
4.604540640357777144e-07
4.600452612110916301e-07
4.596367466551856030e-07
4.592285224797921801e-07
4.588206319723713119e-07
4.584130154753390263e-07
4.580056676456061978e-07
4.575986703197851273e-07
4.571919913308361426e-07
4.567856368453073306e-07
4.563796094169553817e-07
4.559738968721063108e-07
4.555685202125767622e-07
4.551634522047434103e-07
4.547586829988942158e-07
4.543542668551603925e-07
4.539501383717563907e-07
4.535463198445534926e-07
4.531427954153795781e-07
4.527395703792970572e-07
4.523366720068387162e-07
4.519341044235261704e-07
4.515318406837855296e-07
4.511299224168191680e-07
4.507283090881459745e-07
4.503269875901269665e-07
4.499260246690748548e-07
4.495253514134701331e-07
4.491249743716292254e-07
4.487249291797475881e-07
4.483251742258546735e-07
4.479257160541535020e-07
4.475265985617771640e-07
4.471277948716343831e-07
4.467293520130484458e-07
4.463312272503113693e-07
4.459334167770794347e-07
4.455359576062042778e-07
4.451388062844668940e-07
4.447419889696687687e-07
4.443454902014151474e-07
4.439492913947920219e-07
4.435534425372158403e-07
4.431578779556387514e-07
4.427625990370560306e-07
4.423676939636167150e-07
4.419731186939962367e-07
4.415789033593217576e-07
4.411850303347699392e-07
4.407914792236391809e-07
4.403983001206279475e-07
4.400054482906916876e-07
4.396129379259627234e-07
4.392207592338719761e-07
4.388288978309582622e-07
4.384374035242041303e-07
4.380462058586742831e-07
4.376553159750224992e-07
4.372647905833010310e-07
4.368745869943834140e-07
4.364847626813027099e-07
4.360952718646545069e-07
4.357061163983609926e-07
4.353173131249205813e-07
4.349288260961861702e-07
4.345407182502368088e-07
4.341529233072420063e-07
4.337654474149615999e-07
4.333783305750241557e-07
4.329915186275765728e-07
4.326050385141905106e-07
4.322189030542331699e-07
4.318331195910196291e-07
4.314477020872209852e-07
4.310626249720295854e-07
4.306779309618092975e-07
4.302935668393435711e-07
4.299095511245100601e-07
4.295258926858073027e-07
4.291425515907563851e-07
4.287596005498831095e-07
4.283769627046830976e-07
4.279946574680874153e-07
4.276126871767317387e-07
4.272310178765803992e-07
4.268497456097187888e-07
4.264688232108589511e-07
4.260882733329600302e-07
4.257080845763349846e-07
4.253282362732422585e-07
4.249487738578938679e-07
4.245696464505982700e-07
4.241909033429396408e-07
4.238124938963608359e-07
4.234344198909651213e-07
4.230567182407712697e-07
4.226793429312438171e-07
4.223023091462900820e-07
4.219256056558731344e-07
4.215492702243745925e-07
4.211732988302196654e-07
4.207976639937590141e-07
4.204224099150723566e-07
4.200474739614730784e-07
4.196729402477321192e-07
4.192987269980488501e-07
4.189248627081945095e-07
4.185513477617162038e-07
4.181781567135430273e-07
4.178053417061814739e-07
4.174328368547989858e-07
4.170606639422030545e-07
4.166888427190685457e-07
4.163173822003088834e-07
4.159462915565909690e-07
4.155755355885183552e-07
4.152051763271089780e-07
4.148351381563287378e-07
4.144654940119400854e-07
4.140961772264520197e-07
4.137272161448850904e-07
4.133586061314332712e-07
4.129903213185679738e-07
4.126224184478034309e-07
4.122548238070556138e-07
4.118875594348300847e-07
4.115206286877754768e-07
4.111540604196403280e-07
4.107878676321156807e-07
4.104220165221389011e-07
4.100565386865429632e-07
4.096913881166845757e-07
4.093266307231884496e-07
4.089621965659617951e-07
4.085981461490603723e-07
4.082344223091793045e-07
4.078710440305662831e-07
4.075080134733141422e-07
4.071453202897666427e-07
4.067829618563504564e-07
4.064209084928563052e-07
4.060592418256682591e-07
4.056979046174401737e-07
4.053369465112854862e-07
4.049763205354685624e-07
4.046160581059437842e-07
4.042561338216647833e-07
4.038965471066438615e-07
4.035373205322391263e-07
4.031784059596200096e-07
4.028198723135356135e-07
4.024616416429837581e-07
4.021037858790558215e-07
4.017462299059965385e-07
4.013889918162231981e-07
4.010321075147477504e-07
4.006755771132991351e-07
4.003194135714337996e-07
3.999635864272846860e-07
3.996081320067650037e-07
3.992530012172903798e-07
3.988982593252375596e-07
3.985438247526939864e-07
3.981897823906410048e-07
3.978360514511619245e-07
3.974826861485846524e-07
3.971296435369729224e-07
3.967769401422042329e-07
3.964245609344571466e-07
3.960724778982281061e-07
3.957207750177708618e-07
3.953693959744735557e-07
3.950183977778887028e-07
3.946677171308482235e-07
3.943174308153694209e-07
3.939674474096086990e-07
3.936178527935430718e-07
3.932685730952216295e-07
3.929196665097465518e-07
3.925710766332362326e-07
3.922228374225056675e-07
3.918749268138130063e-07
3.915273515688158026e-07
3.911801009427475958e-07
3.908331580558669916e-07
3.904865827150634012e-07
3.901403331704004917e-07
3.897944523926061252e-07
3.894488879892567365e-07
3.891037046329536810e-07
3.887588218329458957e-07
3.884143254298551264e-07
3.880701220549748993e-07
3.877263057334886920e-07
3.873827843938574621e-07
3.870396310766798694e-07
3.866967818637750412e-07
3.863542766395951229e-07
3.860120802448771472e-07
3.856701895151907263e-07
3.853286515194367612e-07
3.849874579734424453e-07
3.846466251591715523e-07
3.843061307972064678e-07
3.839659890426588805e-07
3.836261831757655030e-07
3.832867353277501357e-07
3.829476073009897427e-07
3.826088452736665534e-07
3.822703865181521479e-07
3.819323069339719656e-07
3.815945211210831542e-07
3.812571099483364026e-07
3.809199988945300468e-07
3.805832066959958225e-07
3.802467039763605695e-07
3.799105873876051656e-07
3.795747813449351448e-07
3.792393587768867081e-07
3.789042401161123482e-07
3.785695022275644816e-07
3.782350623566747331e-07
3.779010056314454417e-07
3.775672493554517501e-07
3.772338643548358506e-07
3.769007786408075395e-07
3.765680566108148131e-07
3.762356356423989798e-07
3.759035662353731874e-07
3.755717952913648488e-07
3.752403387912810523e-07
3.749092070822221719e-07
3.745784277451162172e-07
3.742479698364943723e-07
3.739178676136724528e-07
3.735880833082666098e-07
3.732586560652056983e-07
3.729295372499384119e-07
3.726007716616561659e-07
3.722723122446876552e-07
3.719442036681517984e-07
3.716164029936720980e-07
3.712889372852217683e-07
3.709617855964595292e-07
3.706349605970024502e-07
3.703084398907011888e-07
3.699822130905442377e-07
3.696563233110062439e-07
3.693307727787727130e-07
3.690055563987816488e-07
3.686806852844494263e-07
3.683561410270713600e-07
3.680319463085115933e-07
3.677080648380987813e-07
3.673845358538136424e-07
3.670613101636830753e-07
3.667384425531310699e-07
3.664158743380050927e-07
3.660936554190065939e-07
3.657717351153326607e-07
3.654501598599742089e-07
3.651288730225900801e-07
3.648078908443435297e-07
3.644872090455158883e-07
3.641668879738535737e-07
3.638468710066863697e-07
3.635272203217806705e-07
3.632078608247264411e-07
3.628888723063290684e-07
3.625701638705935979e-07
3.622518302973463358e-07
3.619337709056941906e-07
3.616160880941542520e-07
3.612986774710985539e-07
3.609816297269630361e-07
3.606648605704339171e-07
3.603484445034799715e-07
3.600323177793491014e-07
3.597164988053007951e-07
3.594009577558226721e-07
3.590857758480706631e-07
3.587708948349135895e-07
3.584563571969172287e-07
3.581421293458053265e-07
3.578282304100170517e-07
3.575146496766926159e-07
3.572013838734525764e-07
3.568884454596857190e-07
3.565758121221778148e-07
3.562635062701966291e-07
3.559514985543840587e-07
3.556398180636196936e-07
3.553284290762159832e-07
3.550173705269846723e-07
3.547065884860897509e-07
3.543961061494596583e-07
3.540859059766514192e-07
3.537760669646946699e-07
3.534665146195139768e-07
3.531573251549210603e-07
3.528484237894580896e-07
3.525398800996819015e-07
3.522316223872975358e-07
3.519237086133878504e-07
3.516160874382271212e-07
3.513087982200853329e-07
3.510018077146557233e-07
3.506951376871804381e-07
3.503887719897704313e-07
3.500827139322704716e-07
3.497769716215323122e-07
3.494715104909566448e-07
3.491663385503411285e-07
3.488614484514790695e-07
3.485569119392469464e-07
3.482526548633164713e-07
3.479487544893078210e-07
3.476451314651045597e-07
3.473418609806143934e-07
3.470388694842872125e-07
3.467362112275827312e-07
3.464338436880229229e-07
3.461317926471995896e-07
3.458300434404948430e-07
3.455285945958660058e-07
3.452274581025509327e-07
3.449266053632773685e-07
3.446260777616663659e-07
3.443258131437425687e-07
3.440258613277170059e-07
3.437261693713040868e-07
3.434268297889563818e-07
3.431277684292338725e-07
3.428290479496147689e-07
3.425306154223771529e-07
3.422324986405672603e-07
3.419346882008329452e-07
3.416371702885856456e-07
3.413399764555220670e-07
3.410430525770309734e-07
3.407464698718066823e-07
3.404501395459147289e-07
3.401541676123311952e-07
3.398584415393911995e-07
3.395630523552744814e-07
3.392679314882064499e-07
3.389730978428348751e-07
3.386785150416066545e-07
3.383842622046200175e-07
3.380903069914052962e-07
3.377966521896829159e-07
3.375033217425199618e-07
3.372102655346510031e-07
3.369175557255723933e-07
3.366251074584885609e-07
3.363330079554578732e-07
3.360411724295013965e-07
3.357496565450886194e-07
3.354584246131057023e-07
3.351674878223999512e-07
3.348768541773771311e-07
3.345864907978778848e-07
3.342964513618200357e-07
3.340066734828209157e-07
3.337171853126822712e-07
3.334279385786099794e-07
3.331390343205305753e-07
3.328504035774525345e-07
3.325620794931821599e-07
3.322740545880505974e-07
3.319863100437359691e-07
3.316988933227474456e-07
3.314117283461818321e-07
3.311249129297241620e-07
3.308383408863569052e-07
3.305521028061823021e-07
3.302661216525411227e-07
3.299804426242363981e-07
3.296950449185068738e-07
3.294099196296666710e-07
3.291251018152553943e-07
3.288405368264807621e-07
3.285562668621403948e-07
3.282722346226312264e-07
3.279885391048522051e-07
3.277051140554876181e-07
3.274219867097172143e-07
3.271391632386471763e-07
3.268566054884010202e-07
3.265743800096824322e-07
3.262923975073887284e-07
3.260107607632505855e-07
3.257293711481851720e-07
3.254482902007692914e-07
3.251674815398923027e-07
3.248869474632793061e-07
3.246067147994389445e-07
3.243267262295352102e-07
3.240470728463393990e-07
3.237676608804216909e-07
3.234885205367837558e-07
3.232096192578349114e-07
3.229310324471019260e-07
3.226527270103616876e-07
3.223746936881200087e-07
3.220969833864720371e-07
3.218195248524821481e-07
3.215423988907985799e-07
3.212655319753298570e-07
3.209889521289169598e-07
3.207126617431706497e-07
3.204366236782240536e-07
3.201609059263065260e-07
3.198854346203031861e-07
3.196102894139430201e-07
3.193353789041706815e-07
3.190607758228572027e-07
3.187864357056644682e-07
3.185123470091586513e-07
3.182385234862272579e-07
3.179649424320489046e-07
3.176916869930214673e-07
3.174186841184295363e-07
3.171459749303595072e-07
3.168735425417881493e-07
3.166013728375704941e-07
3.163295212828982945e-07
3.160579021906798207e-07
3.157866142463070663e-07
3.155155655613430424e-07
3.152447965939485447e-07
3.149743047217175093e-07
3.147040499798196580e-07
3.144341188572381057e-07
3.141644166518565254e-07
3.138950216420818537e-07
3.136258699559255243e-07
3.133569792037028423e-07
3.130883311430796280e-07
3.128199329463867715e-07
3.125518571604477230e-07
3.122840254251989759e-07
3.120164960487501397e-07
3.117492263632643934e-07
3.114822161321098483e-07
3.112155147753311678e-07
3.109490432456484860e-07
3.106829028344062456e-07
3.104169947235829750e-07
3.101513634308798656e-07
3.098860033953641530e-07
3.096208723985605826e-07
3.093560683174661381e-07
3.090914837180349148e-07
3.088272025343260200e-07
3.085631610506603358e-07
3.082993732255955555e-07
3.080358215048476562e-07
3.077725082118783049e-07
3.075095132493885877e-07
3.072467584854977329e-07
3.069842868743132279e-07
3.067220893669582743e-07
3.064601357980644035e-07
3.061984966105602206e-07
3.059370957493335688e-07
3.056759814354275048e-07
3.054151237658976018e-07
3.051545053528859294e-07
3.048941863297972180e-07
3.046341020212507855e-07
3.043743242423844935e-07
3.041147745644298752e-07
3.038554890318655024e-07
3.035964688269614340e-07
3.033376810907923701e-07
3.030791551623217313e-07
3.028208443794864822e-07
3.025628232206866530e-07
3.023050624691936180e-07
3.020475390996740209e-07
3.017903255486120355e-07
3.015333500820817310e-07
3.012766441732916226e-07
3.010201944651859357e-07
3.007639702462028873e-07
3.005080719890084006e-07
3.002523864792793308e-07
2.999969887054777729e-07
2.997418280063116889e-07
2.994868949640320197e-07
2.992322604466376201e-07
2.989778433995075945e-07
2.987237163358355379e-07
2.984698191084868454e-07
2.982161572901230405e-07
2.979627362551284690e-07
2.977095346164717841e-07
2.974566372537390903e-07
2.972039707567368422e-07
2.969515661835532954e-07
2.966994382024194631e-07
2.964475382603850751e-07
2.961959387856519115e-07
2.959445738688737516e-07
2.956934408626861765e-07
2.954425966866470974e-07
2.951919718747612999e-07
2.949416518583668564e-07
2.946915494090129480e-07
2.944416823513009277e-07
2.941920906448359394e-07
2.939427171466021923e-07
2.936936345226562589e-07
2.934447758175688757e-07
2.931961483431375547e-07
2.929477508971366701e-07
2.926995631869226188e-07
2.924516778618564971e-07
2.922040193015684553e-07
2.919566105303357058e-07
2.917094790900645093e-07
2.914625783743895406e-07
2.912159554833957481e-07
2.909695658044957214e-07
2.907233954577311839e-07
2.904775358449344723e-07
2.902318864714830341e-07
2.899865050928451266e-07
2.897413578160746854e-07
2.894964162916486513e-07
2.892517914456147802e-07
2.890073620969874212e-07
2.887632061601372258e-07
2.885192798240346500e-07
2.882755662492385388e-07
2.880321037507707475e-07
2.877888400249794109e-07
2.875458438764911243e-07
2.873030908063178444e-07
2.870605658477288533e-07
2.868183332045086520e-07
2.865763144423301198e-07
2.863345222250293266e-07
2.860930169104138532e-07
2.858517204993435788e-07
2.856106948513519723e-07
2.853698976843171941e-07
2.851292999842903063e-07
2.848890122978853622e-07
2.846489205300661222e-07
2.844090898551580259e-07
2.841694827376292286e-07
2.839300805631048574e-07
2.836909648568570181e-07
2.834520582099634414e-07
2.832133787639799153e-07
2.829749117697414282e-07
2.827366530326322994e-07
2.824986804129374800e-07
2.822609262299901561e-07
2.820234009421749490e-07
2.817861499507966445e-07
2.815491272842881721e-07
2.813123458392820189e-07
2.810758007473425006e-07
2.808394657775718354e-07
2.806034338987313621e-07
2.803676003249178064e-07
2.801319840671159839e-07
2.798966331156848222e-07
2.796614877502275618e-07
2.794266256685497058e-07
2.791919637370382820e-07
2.789575002037168121e-07
2.787233247129937796e-07
2.784893486792730609e-07
2.782556005306214921e-07
2.780220512751579905e-07
2.777887073528052328e-07
2.775556443479685790e-07
2.773227911166064307e-07
2.770901632712538946e-07
2.768578055173834843e-07
2.766256676668557661e-07
2.763937609627149197e-07
2.761620912547213567e-07
2.759306290087473243e-07
2.756994555214930877e-07
2.754684783866774777e-07
2.752377026700127992e-07
2.750072112329047517e-07
2.747769157002078414e-07
2.745468690297718891e-07
2.743170360176423518e-07
2.740874005841904508e-07
2.738580424028783932e-07
2.736288875850237215e-07
2.733999344548035134e-07
2.731712096536777141e-07
2.729426665691664793e-07
2.727143823568842285e-07
2.724863202866368675e-07
2.722584674824701009e-07
2.720308914035383917e-07
2.718035098056689491e-07
2.715763365248511517e-07
2.713494435965123079e-07
2.711227473798678805e-07
2.708962703583936616e-07
2.706700293899855366e-07
2.704439889799157861e-07
2.702182212731727832e-07
2.699926438041269728e-07
2.697672473161746671e-07
2.695421496383221533e-07
2.693172274790741373e-07
2.690925307158413100e-07
2.688680600918712599e-07
2.686437858963822193e-07
2.684197342955136540e-07
2.681958682156022568e-07
2.679722050460067945e-07
2.677488134026375689e-07
2.675256137686196483e-07
2.673026343565109171e-07
2.670799093275735488e-07
2.668573966698363273e-07
2.666350953185391331e-07
2.664130334026932327e-07
2.661911688357858106e-07
2.659695577772288824e-07
2.657481532286052763e-07
2.655269258977554360e-07
2.653059979655556429e-07
2.650852453421767564e-07
2.648646842300382152e-07
2.646443829586684816e-07
2.644242654617825049e-07
2.642043936829050117e-07
2.639847207295667700e-07
2.637652464982656477e-07
2.635459837292692030e-07
2.633269036541542327e-07
2.631080227096374299e-07
2.628894085304155422e-07
2.626709769780377651e-07
2.624527644428976911e-07
2.622347992765750814e-07
2.620170387758244906e-07
2.617994806913922791e-07
2.615821642854393089e-07
2.613650410281393093e-07
2.611481539994476879e-07
2.609314709520022265e-07
2.607149726749289218e-07
2.604987556118703102e-07
2.602827107730800712e-07
2.600668365399338294e-07
2.598512522240975774e-07
2.596358378946157119e-07
2.594206280140851301e-07
2.592056459827703818e-07
2.589908498795841862e-07
2.587762650891748832e-07
2.585618638841995242e-07
2.583476454099595137e-07
2.581336761490094436e-07
2.579199090393967301e-07
2.577063276550217086e-07
2.574930123057012635e-07
2.572798711016643290e-07
2.570669255860848346e-07
2.568542421906001042e-07
2.566417429328015645e-07
2.564294185381310763e-07
2.562173616273226691e-07
2.560054826402926361e-07
2.557937985583389751e-07
2.555823417146495175e-07
2.553710694809094704e-07
2.551600372949064237e-07
2.549491843772089123e-07
2.547385105861824393e-07
2.545280901005044264e-07
2.543178525307205174e-07
2.541077896162265974e-07
2.538979350957716767e-07
2.536882529788517110e-07
2.534787642963551036e-07
2.532695300147620172e-07
2.530604671352012459e-07
2.528516131558504812e-07
2.526429939106640431e-07
2.524345701245294063e-07
2.522263307453977327e-07
2.520183327899922006e-07
2.518105208833935934e-07
2.516029132026774962e-07
2.513955157082215296e-07
2.511883087413465467e-07
2.509813286578713140e-07
2.507745331773415881e-07
2.505679170393254244e-07
2.503615591395737885e-07
2.501553665519602154e-07
2.499493417928316562e-07
2.497435732007020769e-07
2.495379836597570186e-07
2.493325605412911031e-07
2.491273447899029127e-07
2.489222949000145321e-07
2.487174341015177746e-07
2.485128211626120178e-07
2.483083745255070317e-07
2.481041300496338058e-07
2.479001211293827526e-07
2.476962952509848964e-07
2.474926469411674420e-07
2.472892423549135177e-07
2.470860182664281575e-07
2.468829781426436843e-07
2.466801633359971037e-07
2.464775336329639701e-07
2.462750964451752161e-07
2.460728631457475185e-07
2.458708163592743312e-07
2.456689915374038070e-07
2.454673382566431137e-07
2.452658658141741113e-07
2.450646273591754817e-07
2.448635615540157533e-07
2.446626717093179065e-07
2.444619786312895612e-07
2.442614518697368324e-07
2.440610989079973386e-07
2.438609786655213193e-07
2.436610437033683485e-07
2.434612794034464697e-07
2.432617619075828374e-07
2.430624092806102208e-07
2.428632259350435263e-07
2.426642998824922951e-07
2.424655320783087437e-07
2.422669270604665931e-07
2.420685851742274232e-07
2.418703973451310310e-07
2.416723592530473346e-07
2.414745987629095600e-07
2.412769828000474586e-07
2.410795147893143448e-07
2.408823161742866713e-07
2.406852699219573630e-07
2.404883766754070686e-07
2.402917273782128181e-07
2.400952424828159115e-07
2.398989171192242413e-07
2.397027927747833387e-07
2.395068165352232278e-07
2.393110244960509215e-07
2.391154688152815576e-07
2.389200695270121573e-07
2.387248557157865606e-07
2.385298790621871376e-07
2.383350626003163203e-07
2.381404157258553122e-07
2.379460115085857053e-07
2.377517733124048563e-07
2.375576838274427464e-07
2.373638584475150560e-07
2.371701814562374295e-07
2.369766542518892092e-07
2.367833915556333895e-07
2.365902777602575736e-07
2.363973058803683959e-07
2.362045975805543807e-07
2.360120386175299938e-07
2.358196300889625845e-07
2.356274591066824169e-07
2.354354522609962244e-07
2.352435982024671949e-07
2.350519402559094322e-07
2.348604293498058611e-07
2.346690921496853973e-07
2.344779881671617666e-07
2.342870379764107852e-07
2.340962594740183717e-07
2.339057220355960311e-07
2.337153290907083358e-07
2.335251086713680446e-07
2.333351275231652432e-07
2.331452971596701902e-07
2.329556192874451629e-07
2.327661968898332086e-07
2.325769166050956859e-07
2.323877826795993418e-07
2.321989107650258027e-07
2.320101729872700641e-07
2.318215868920558221e-07
2.316332498122434482e-07
2.314450538904955570e-07
2.312570069190441012e-07
2.310691960054947679e-07
2.308815405451440931e-07
2.306940416906900981e-07
2.305067270658068397e-07
2.303195646478684695e-07
2.301325603540062820e-07
2.299457737511426074e-07
2.297591529823189932e-07
2.295727105905263773e-07
2.293864545644395347e-07
2.292003885184618713e-07
2.290144920945800164e-07
2.288287688963024146e-07
2.286432470361867172e-07
2.284578900696980445e-07
2.282726979018390045e-07
2.280877161055656098e-07
2.279028950118610973e-07
2.277182241859095374e-07
2.275337786183409004e-07
2.273494867991874136e-07
2.271653352225881425e-07
2.269814211594244696e-07
2.267976506519949734e-07
2.266140220632205744e-07
2.264306232279455725e-07
2.262473755101193304e-07
2.260642731260182428e-07
2.258813533398562664e-07
2.256985738880218785e-07
2.255159580009071713e-07
2.253335572964484876e-07
2.251513135490822253e-07
2.249692282466932249e-07
2.247873608708784818e-07
2.246056491390909794e-07
2.244241030034887449e-07
2.242427510233784287e-07
2.240615704845445226e-07
2.238805562811968287e-07
2.236997136542564169e-07
2.235190615710170846e-07
2.233385741985250697e-07
2.231582346654325450e-07
2.229781109817009704e-07
2.227981404405468776e-07
2.226183010046320215e-07
2.224387010583097463e-07
2.222592409278038409e-07
2.220799143709685280e-07
2.219008133058684209e-07
2.217218644459900194e-07
2.215430546651284376e-07
2.213644200342214390e-07
2.211859294252529044e-07
2.210075843788037112e-07
2.208294513315695581e-07
2.206514736059607301e-07
2.204736625279009338e-07
2.202960273344273959e-07
2.201185724230466580e-07
2.199412838926775061e-07
2.197641407072064027e-07
2.195872124222896466e-07
2.194104332264689092e-07
2.192337793575556972e-07
2.190573764667493941e-07
2.188810972280838382e-07
2.187049439984282053e-07
2.185290462007507714e-07
2.183532635219580051e-07
2.181776209953913317e-07
2.180022083222130891e-07
2.178269198094033031e-07
2.176517811901934881e-07
2.174768475803584245e-07
2.173020586299282330e-07
2.171274179128949072e-07
2.169529455294058718e-07
2.167786268349655650e-07
2.166044395133024983e-07
2.164304192045031855e-07
2.162566094577845811e-07
2.160829350912434404e-07
2.159094074637107003e-07
2.157361049355833866e-07
2.155629344116407886e-07
2.153899140116487717e-07
2.152170958750009838e-07
2.150444281288412491e-07
2.148719189089818536e-07
2.146995695545580905e-07
2.145274078894111371e-07
2.143553972202563598e-07
2.141835132472166913e-07
2.140118600476894034e-07
2.138403362294404886e-07
2.136689296713808261e-07
2.134977673567855758e-07
2.133267232166669411e-07
2.131558082019618488e-07
2.129851114126086513e-07
2.128145460235480298e-07
2.126441262954505070e-07
2.124738726713212690e-07
2.123037601434998710e-07
2.121337723401946953e-07
2.119639604047998167e-07
2.117943440483569001e-07
2.116248592898722857e-07
2.114555195238670741e-07
2.112863999284090386e-07
2.111174059738112906e-07
2.109485616999726628e-07
2.107799077902350129e-07
2.106114057043954237e-07
2.104430588031047589e-07
2.102748556491550645e-07
2.101068526980122529e-07
2.099389877413929210e-07
2.097712385898740581e-07
2.096037321541903930e-07
2.094363357724017157e-07
2.092690676200827751e-07
2.091020225372045102e-07
2.089350909022796059e-07
2.087683047399906124e-07
2.086017099751007362e-07
2.084352559966793419e-07
2.082689479963978273e-07
2.081027802592931336e-07
2.079367748216473617e-07
2.077708937366994650e-07
2.076051554151552442e-07
2.074396100143591918e-07
2.072742064673487212e-07
2.071089546033244395e-07
2.069438664702235846e-07
2.067789425035666752e-07
2.066141748426391448e-07
2.064495290498580379e-07
2.062850970069899591e-07
2.061207913780797266e-07
2.059566081618416356e-07
2.057926424985250993e-07
2.056287944436474706e-07
2.054651008485259083e-07
2.053015654332338255e-07
2.051381930804926466e-07
2.049749674038914946e-07
2.048118545546200158e-07
2.046489620079137390e-07
2.044861914921112665e-07
2.043235328681726332e-07
2.041610860617922365e-07
2.039987620519090206e-07
2.038365731061382181e-07
2.036745408950025155e-07
2.035126452391436987e-07
2.033508702314735479e-07
2.031892497703300479e-07
2.030278250506179581e-07
2.028665242067268411e-07
2.027053592298400803e-07
2.025443868591372740e-07
2.023835543632281535e-07
2.022228714865994432e-07
2.020623203281071283e-07
2.019019643949252260e-07
2.017417403777122049e-07
2.015816263698693554e-07
2.014217359987277934e-07
2.012619552621919696e-07
2.011023163152948637e-07
2.009428463937720898e-07
2.007835265204354468e-07
2.006243510411335476e-07
2.004652849128348738e-07
2.003064372755917423e-07
2.001477054933102036e-07
1.999890817098893739e-07
1.998306678484146905e-07
1.996723706240597643e-07
1.995142058551410625e-07
1.993561933741568335e-07
1.991983148284892079e-07
1.990405532348390725e-07
1.988829337172650811e-07
1.987255034093152773e-07
1.985681990123207450e-07
1.984110390231464176e-07
1.982540372090211275e-07
1.980971879637646690e-07
1.979404889648603465e-07
1.977839039330320551e-07
1.976275241762265762e-07
1.974712551822111936e-07
1.973151251513702872e-07
1.971591680414082374e-07
1.970033477271904067e-07
1.968476756215778460e-07
1.966921091074286563e-07
1.965367599145163343e-07
1.963815155066734886e-07
1.962263830240464044e-07
1.960714605444106377e-07
1.959166390742955700e-07
1.957619593853144801e-07
1.956074324035015264e-07
1.954530555123984045e-07
1.952988209815298046e-07
1.951447002219614518e-07
1.949907306652783665e-07
1.948368787358780250e-07
1.946831495770159513e-07
1.945295843581938571e-07
1.943761783334331996e-07
1.942228949692050529e-07
1.940697390005929987e-07
1.939167785823614264e-07
1.937639327006899585e-07
1.936112291887027239e-07
1.934586548041857336e-07
1.933062636732510605e-07
1.931539940928413375e-07
1.930018265133382040e-07
1.928498717675152064e-07
1.926980183193179300e-07
1.925463115084056911e-07
1.923947338700999648e-07
1.922433280293803519e-07
1.920920467560894072e-07
1.919408593312723384e-07
1.917898919431500908e-07
1.916390145247843025e-07
1.914882631166513409e-07
1.913376820946511412e-07
1.911872288643766978e-07
1.910369150201235189e-07
1.908867149477820392e-07
1.907366625949954755e-07
1.905867226943850456e-07
1.904369040277342367e-07
1.902872444829935392e-07
1.901377411231370889e-07
1.899883569870643163e-07
1.898390958382061333e-07
1.896900232613945567e-07
1.895410666845142618e-07
1.893922505664753987e-07
1.892435512965072014e-07
1.890950379016935868e-07
1.889466391746798908e-07
1.887983499066184755e-07
1.886502507590778323e-07
1.885022655931768929e-07
1.883544233244764245e-07
1.882066784465019127e-07
1.880591436326639093e-07
1.879117020827517570e-07
1.877643685219726696e-07
1.876172296245796906e-07
1.874701932888502879e-07
1.873232965354737989e-07
1.871765074877390353e-07
1.870299056827544283e-07
1.868834171027655813e-07
1.867370371799488029e-07
1.865908020784604794e-07
1.864446856393873947e-07
1.862986758070657821e-07
1.861527986876016476e-07
1.860070949146980711e-07
1.858615063522301890e-07
1.857160557263646149e-07
1.855707347493710038e-07
1.854255774882924544e-07
1.852805298843321906e-07
1.851356020433450150e-07
1.849908569904584942e-07
1.848462233340485934e-07
1.847017259694353658e-07
1.845573227952088043e-07
1.844131312075784175e-07
1.842690260166574940e-07
1.841250435486371761e-07
1.839812145932895043e-07
1.838375253212954843e-07
1.836939630662620657e-07
1.835504842070989017e-07
1.834072201637206159e-07
1.832640356222088967e-07
1.831209748432883741e-07
1.829780655061640557e-07
1.828352887700015160e-07
1.826926432562546333e-07
1.825501000217361316e-07
1.824076954869675065e-07
1.822654039531808967e-07
1.821232162339784108e-07
1.819811651150778795e-07
1.818392831593507058e-07
1.816975063334407118e-07
1.815558595406724123e-07
1.814143460474774906e-07
1.812729847586148898e-07
1.811317332577212831e-07
1.809905943496377492e-07
1.808496369678960632e-07
1.807087849612749454e-07
1.805680650578937525e-07
1.804274338443334406e-07
1.802870099778397006e-07
1.801466670464002413e-07
1.800064516150239514e-07
1.798663684844421396e-07
1.797264368999368756e-07
1.795866192263096537e-07
1.794468871018083764e-07
1.793073541554873425e-07
1.791679035182641751e-07
1.790285852210239944e-07
1.788893758968541729e-07
1.787503375201855521e-07
1.786114058904576502e-07
1.784725757161100619e-07
1.783338816446760936e-07
1.775150812222207756e-07
1.773771418373619446e-07
1.745281501984523561e-07
1.743926397264789625e-07
1.729065168810061871e-07
1.727723104715292853e-07
1.699464891866936375e-07
1.698147008874701273e-07
1.683420079756133015e-07
1.682115003159424262e-07
1.654088508836270015e-07
1.652807311946332024e-07
1.638214605479515389e-07
1.636945990546121967e-07
1.609151425125981289e-07
1.607906494679995976e-07
1.593447808489913647e-07
1.592215275864509896e-07
1.564652548069286239e-07
1.550315925247213570e-07
1.549118558815862612e-07
1.521764849419852424e-07
1.520590771570804204e-07
1.506387918291272657e-07
1.505225881715748267e-07
1.478104147192817881e-07
1.476965141741655510e-07
1.462895777966917104e-07
1.461769153710403030e-07
1.434878588889561897e-07
1.433774382243240513e-07
1.419837501878651338e-07
1.418745201789101642e-07
1.392085227586481024e-07
1.391014978677891709e-07
1.377210492127959434e-07
1.350759870587523398e-07
1.349722557634389723e-07
1.336039093416682066e-07
1.335013413361683102e-07
1.308793253233009132e-07
1.307789309503483287e-07
1.294237749856637151e-07
1.293245212230506794e-07
1.267255538676508533e-07
1.266284553336052996e-07
1.252864618994417666e-07
1.251904936418093972e-07
1.226145496457214539e-07
1.225207114639152597e-07
1.211918518919609840e-07
1.186368495096293506e-07
1.185461937598552776e-07
1.172293941736319838e-07
1.171398287445570089e-07
1.146078468717822575e-07
1.145203732411992745e-07
1.132166740625945925e-07
1.131303215364794023e-07
1.106212746580433760e-07
1.105369604352153019e-07
1.092462571824398757e-07
1.091630275282716205e-07
1.066768389152421721e-07
