8.748549635202110286e-10
1.063128765230687032e-09
1.272851898344694538e-09
1.504825471588911538e-09
1.759837680715087506e-09
2.038624274910118819e-09
2.341926092419552666e-09
2.670411817940236653e-09
3.024730109006716589e-09
3.405439751284944536e-09
3.813115311681119851e-09
4.248220241392419049e-09
4.711174037339971800e-09
5.202340938090656729e-09
5.722029586780342953e-09
6.270511431147078292e-09
6.847904125210729195e-09
7.454418612320063983e-09
8.090022087969000851e-09
8.754802266379107839e-09
9.448663540929925102e-09
1.017147457753244244e-08
1.092308336924213237e-08
1.170325997100836423e-08
1.251168093233115230e-08
1.334806165102960373e-08
1.421200089903154729e-08
1.510305240093510102e-08
1.602084077240563911e-08
1.696469464413891861e-08
1.793414158037458985e-08
1.892865456159626008e-08
1.994744526931710950e-08
2.099004865144769294e-08
2.205558435464925279e-08
2.314355232421223815e-08
2.425297140972894400e-08
2.538337895022040781e-08
2.653372002216087136e-08
2.770343407089842721e-08
2.889160371667957358e-08
3.009744715753841543e-08
3.132013855585430349e-08
3.255889892678705609e-08
3.381297033589574279e-08
3.508139368461900304e-08
3.636344099387843769e-08
3.765832123656645396e-08
3.896521537707578552e-08
4.028336905807034809e-08
4.161199077973463684e-08
4.295029210796181813e-08
4.429752529665621161e-08
4.565300471434219852e-08
4.701599534557518585e-08
4.838576932111577190e-08
4.976173332449643952e-08
5.114321879731294054e-08
5.252951764312420721e-08
5.392013598043914332e-08
5.531451709363445402e-08
5.671195310150011700e-08
5.811202714102749485e-08
5.951432720346904775e-08
6.091821688834402058e-08
6.232327348805288594e-08
6.372917514765164733e-08
6.513551017012205870e-08
6.654184423116772328e-08
6.794786672700441908e-08
6.935333644363403579e-08
7.075794375337194401e-08
7.216136115234786805e-08
7.356338541262438629e-08
7.496387793695322308e-08
7.636268038730560090e-08
7.775948888275546171e-08
7.915419247568745986e-08
8.054678047125187157e-08
8.193719281108577830e-08
8.332520795393358391e-08
8.471080402093424761e-08
8.609401557357314267e-08
8.747486492562035021e-08
8.885325812115321800e-08
9.022925312136576398e-08
9.160285467601644219e-08
9.297413753788041694e-08
9.434321722600983697e-08
9.571010417555415090e-08
9.707482778067419761e-08
9.843754420974504925e-08
9.979835262692553089e-08
1.011573501659094513e-07
1.025146826906619298e-07
1.038703794654936941e-07
1.052245828261811765e-07
1.065774437613235438e-07
1.079290791498419765e-07
1.092796429215305222e-07
1.106292280557675349e-07
1.119779309827436093e-07
1.133258691661503100e-07
1.146731894442735797e-07
1.160200262547099981e-07
1.173665004990672671e-07
1.187126651544281499e-07
1.200585546328613813e-07
1.214043161902189843e-07
1.227500403525118955e-07
1.240958662541767653e-07
1.254418159479492829e-07
1.267878340936518175e-07
1.281339590580017040e-07
1.294802963953860930e-07
1.308268878735290092e-07
1.321738073238031902e-07
1.335209490755344495e-07
1.348681948327895615e-07
1.362155510202605445e-07
1.375630393195873656e-07
1.389106281909688383e-07
1.402582921030637511e-07
1.416058549308184858e-07
1.429531667495601970e-07
1.443001355400011874e-07
1.456466790603032740e-07
1.469926952057798553e-07
1.483380306869937920e-07
1.496825509027017656e-07
1.510259268015043057e-07
1.523681209036228646e-07
1.537087697166842375e-07
1.550478972300590950e-07
1.563850463925618020e-07
1.577202815158147148e-07
1.590530247159518418e-07
1.603832965208589848e-07
1.617106475967629823e-07
1.630348591872937499e-07
1.643558003138937693e-07
1.656728808283057821e-07
1.669862791217353536e-07
1.682951297996255759e-07
1.695997335353369401e-07
1.708992721557429500e-07
1.721936843053132427e-07
1.734828293051948722e-07
1.747658234595194349e-07
1.760431269392113778e-07
1.773136329029192387e-07
1.785776841792768968e-07
1.798347059463471208e-07
1.810841903515185505e-07
1.823265654507050127e-07
1.835603858291817321e-07
1.847862621246259116e-07
1.860035132220792632e-07
1.872116373127434661e-07
1.884112226785022065e-07
1.896009491648900031e-07
1.907812242287840339e-07
1.919519754958458470e-07
1.931117467084184613e-07
1.942616915477376804e-07
1.954005196546113272e-07
1.965282565090186529e-07
1.976456452433727666e-07
1.987510920520198074e-07
1.998453528836272391e-07
2.009284335136362728e-07
2.019987022085870104e-07
2.030574423858025219e-07
2.041038378819430695e-07
2.051374434501801028e-07
2.061595213853972355e-07
2.071685435076287283e-07
2.081648699487080950e-07
2.091494365655761368e-07
2.101204286338926130e-07
2.110783977257473749e-07
2.120242331023329270e-07
2.129564129341118817e-07
2.138757601121737165e-07
2.147829873266309434e-07
2.156766189614814155e-07
2.165576248252558479e-07
2.174265948300798624e-07
2.182819069230001810e-07
2.191245630555737537e-07
2.199552628328422443e-07
2.207727278371580817e-07
2.215778599863235900e-07
2.223714765598561469e-07
2.231523376702499352e-07
2.239211384900761454e-07
2.246789482512798872e-07
2.254243250722167140e-07
2.261579216415568466e-07
2.268808467179425609e-07
2.275921665842924432e-07
2.282923228536319630e-07
2.289822557733489726e-07
2.296616943848669530e-07
2.303302226638669261e-07
2.309890016443495120e-07
2.316382677534226132e-07
2.322772252853709635e-07
2.329067271504599163e-07
2.335275727753675353e-07
2.341390956861847293e-07
2.347418293086651193e-07
2.353366570138293859e-07
2.359232997336922763e-07
2.365015779075074832e-07
2.370724270093357398e-07
2.376360975643648500e-07
2.381922010340396941e-07
2.387412888203553197e-07
2.392840440540601983e-07
2.398202864593428087e-07
2.403502797583019161e-07
2.408746128989702680e-07
2.413935339051414961e-07
2.419067756279179923e-07
2.424147162909946942e-07
2.429179189199562624e-07
2.434163612586202552e-07
2.439100382410520215e-07
2.443995025870921791e-07
2.448850442943733699e-07
2.453666736001569174e-07
2.458446821687820879e-07
2.463193808999758142e-07
2.467909407968258338e-07
2.472592161421154725e-07
2.477244560008853761e-07
2.481870002710248385e-07
2.486468993059320685e-07
2.491042101031528891e-07
2.495591885317424409e-07
2.500120794125980843e-07
2.504628966252334566e-07
2.509117879864799139e-07
2.513589491135885423e-07
2.518045218567317988e-07
2.522482638848444958e-07
2.526903121740491655e-07
2.531308080655679307e-07
2.535698635142441772e-07
2.540074030148833603e-07
2.544435472892151611e-07
2.548784063914680868e-07
2.553120633078951995e-07
2.557443996153813030e-07
2.561754976220237061e-07
2.566054615852644743e-07
2.570343270569187006e-07
2.574616570467596657e-07
2.578875268405262657e-07
2.583120335788050400e-07
2.587352615354555975e-07
2.591568952092974593e-07
2.595769383083973465e-07
2.599955285415083511e-07
2.604127575072392575e-07
2.608282393249608068e-07
2.612418661018714031e-07
2.616537624649884824e-07
2.620640487869582724e-07
2.624722934674470435e-07
2.628781054473837348e-07
2.632816308586605879e-07
2.636830097840205242e-07
2.640821501110128098e-07
2.644784543641852039e-07
2.648720547392180426e-07
2.652631198429746197e-07
2.656517341898930772e-07
2.660371335970498552e-07
2.664192230974031904e-07
2.667982261360475770e-07
2.671743448078444497e-07
2.675470721617960546e-07
2.679157219934408671e-07
2.682805487065728553e-07
2.686417947123018203e-07
2.689995730445170072e-07
2.693528656296757465e-07
2.697017541559742843e-07
2.700465169008461421e-07
2.703874156584266299e-07
2.707240063583206170e-07
2.710555321263447960e-07
2.713822511292794078e-07
2.717044675702300799e-07
2.720223887916497014e-07
2.723350318503535709e-07
2.726421525310040639e-07
2.729440749285714780e-07
2.732411243239092946e-07
2.735334231126801750e-07
2.738197729952242925e-07
2.741004511723751165e-07
2.743757994962222416e-07
2.746461554384137875e-07
2.749112543264323769e-07
2.751701891754293038e-07
2.754232565325764319e-07
2.756707999508002201e-07
2.759131333660754337e-07
2.761497695728541033e-07
2.763801047793857700e-07
2.766044830751181490e-07
2.768232546267750639e-07
2.770367674581081573e-07
2.772445084997095827e-07
2.774460377218807689e-07
2.776417671715016137e-07
2.778320389978273391e-07
2.780171997684646604e-07
2.781966895297633066e-07
2.783700661709759281e-07
2.785377413991263345e-07
2.787000493767960883e-07
2.788572987702450588e-07
2.790090946546920448e-07
2.791551363993558160e-07
2.792957209597469384e-07
2.794311391976462549e-07
2.795616862214237014e-07
2.796873741864097056e-07
2.798078040792109117e-07
2.799231672804948893e-07
2.800337788894402805e-07
2.801399982896858091e-07
2.802419806583873900e-07
2.803389551910419835e-07
2.804312775285355927e-07
2.805192018215211487e-07
2.806029850742420539e-07
2.806828564329704001e-07
2.807585635019202347e-07
2.808301180546536481e-07
2.808977066097949773e-07
2.809616506348500814e-07
2.810221387502814404e-07
2.810792060223001587e-07
2.811327932072196196e-07
2.811830480352673544e-07
2.812301890219013951e-07
2.812744248960140410e-07
2.813158638908188417e-07
2.813543268365651923e-07
2.813899320087304466e-07
2.814228041482844417e-07
2.814531490035693541e-07
2.814811001817188716e-07
2.815067496266453474e-07
2.815301190693496201e-07
2.815512985456805681e-07
2.815704101696994555e-07
2.815876310626818193e-07
2.816030694127049410e-07
2.816168168531747772e-07
2.816289098825451486e-07
2.816394856896126787e-07
2.816486315177809649e-07
2.816564764942423190e-07
2.816630470641806235e-07
2.816683018180714992e-07
2.816723325559693408e-07
2.816751905407792785e-07
2.816769683157477088e-07
2.816777404795639283e-07
2.816776032324014408e-07
2.816765823177196836e-07
2.816747633285579656e-07
2.816722007818573024e-07
2.816689396513508362e-07
2.816650597267322229e-07
2.816605951264621083e-07
2.816555868740719575e-07
2.816500601820586048e-07
2.816440596358276438e-07
2.816376350149018737e-07
2.816308127869221378e-07
2.816236000719679816e-07
2.816158712488011653e-07
2.816076822923975740e-07
2.815990535903426165e-07
2.815900267351515521e-07
2.815806094021022595e-07
2.815708453408011594e-07
2.815606560597225845e-07
2.815500977462941651e-07
2.815391525418955876e-07
2.815278705613476432e-07
2.815162717200836938e-07
2.815043655392993440e-07
2.814919866037990910e-07
2.814791338186393257e-07
2.814658511435435793e-07
2.814521064378201985e-07
2.814379810128998808e-07
2.814234510774112010e-07
2.814083138804604125e-07
2.813924634957864312e-07
2.813758577303170500e-07
2.813586042599551969e-07
2.813407020775839915e-07
2.813221987760630341e-07
2.813029980946294956e-07
2.812828583972722489e-07
2.812618680447954617e-07
2.812400052082548166e-07
2.812173452976807067e-07
2.811939084932095838e-07
2.811696965769458295e-07
2.811444040249365201e-07
2.811179217640555295e-07
2.810903053037970807e-07
2.810616184957493752e-07
2.810318709112470739e-07
2.810011438504923939e-07
2.809693436142613116e-07
2.809359074510107944e-07
2.809010780723514635e-07
2.808648339869716281e-07
2.808271908061279048e-07
2.807882915629854342e-07
2.807481291351300365e-07
2.807064508442849774e-07
2.806631561211749321e-07
2.806181850525178572e-07
2.805716863246297232e-07
2.805237253888792710e-07
2.804743487938774136e-07
2.804235487314944489e-07
2.803710054811982077e-07
2.803166470238482371e-07
2.802604308270721073e-07
2.802025237055119807e-07
2.801430203390495696e-07
2.800818691783979046e-07
2.800192131780115899e-07
2.799546108756158185e-07
2.798879900087122779e-07
2.798194837043893209e-07
2.797491627117461994e-07
2.796770981240740033e-07
2.796033163605421156e-07
2.795279522938785025e-07
2.794506531306731134e-07
2.793714064367734502e-07
2.792903500299933909e-07
2.792075166213424601e-07
2.791230090113395844e-07
2.790368814174255169e-07
2.789491704540075950e-07
2.788595992704475333e-07
2.787681983809749077e-07
2.786749159484756594e-07
2.785799043915682103e-07
2.784832523716687206e-07
2.783850468729251785e-07
2.782852285077930093e-07
2.781837556446240312e-07
2.780805686592973672e-07
2.779756154667830027e-07
2.778690477218291659e-07
2.777609589353326923e-07
2.776513513694432984e-07
2.775403391661122612e-07
2.774279288946677158e-07
2.773139391518919942e-07
2.771985294343484682e-07
2.770817807004933243e-07
2.769636738161063940e-07
2.768443051410057156e-07
2.767237332107054223e-07
2.766020139945115726e-07
2.764789670966568980e-07
2.763547086516476868e-07
2.762291840780625404e-07
2.761025067165172160e-07
2.759747372849644689e-07
2.758459049873480211e-07
2.757160676402257341e-07
2.755852368510671252e-07
2.754533345182304989e-07
2.753204659917668953e-07
2.751867000829177077e-07
2.750519863883680167e-07
2.749164308073638495e-07
2.747800984421904938e-07
2.746429456587503530e-07
2.745050799224957253e-07
2.743665380985292309e-07
2.742272925669011107e-07
2.740874111364051467e-07
2.739469573278896442e-07
2.738058952513510182e-07
2.736643089278413067e-07
2.735222142824587148e-07
2.733795514180412950e-07
2.732364100464795870e-07
2.730927396253811557e-07
2.729486111856689963e-07
2.728040502783619544e-07
2.726590369959199565e-07
2.725136501422650087e-07
2.723678920738215942e-07
2.722217779205780907e-07
2.720753432435769563e-07
2.719285940001385517e-07
2.717815477958532736e-07
2.716342437431874395e-07
2.714866605671721615e-07
2.713388496024192025e-07
2.711908251403384404e-07
2.710425967003467104e-07
2.708942144299496879e-07
2.707456730432012077e-07
2.705969755750150260e-07
2.704481565991055277e-07
2.702991908658440716e-07
2.701501195923144453e-07
2.700009304087333608e-07
2.698515812385379928e-07
2.697020814951972369e-07
2.695524135424369281e-07
2.694026124594754202e-07
2.692526556474948563e-07
2.691025891596077573e-07
2.689523853952084791e-07
2.688020760977672806e-07
2.686516402790306326e-07
2.685010655608772664e-07
2.683503697454515741e-07
2.681995468185125806e-07
2.680486132947093043e-07
2.678975603461214319e-07
2.677464147603459150e-07
2.675951689298092774e-07
2.674438162769566293e-07
2.672923130894244241e-07
2.671406744141548058e-07
2.669888912105533699e-07
2.668369783838165377e-07
2.666849318508908084e-07
2.665327672148059907e-07
2.663804827769486820e-07
2.662280817740117682e-07
2.660754700488493326e-07
2.659225811379729656e-07
2.657694460505547700e-07
2.656160571938072885e-07
2.654624317921084458e-07
2.653085712524646707e-07
2.651544910747371589e-07
2.650001987486559277e-07
2.648456710104769628e-07
2.646908476592023044e-07
2.645357194228863807e-07
2.643802993145598877e-07
2.642245861558994106e-07
2.640686010994722825e-07
2.639123404593352241e-07
2.637558311023515887e-07
2.635990709896071932e-07
2.634420341532953363e-07
2.632846111110618052e-07
2.631268478054019117e-07
2.629687253823628076e-07
2.628102810046574329e-07
2.626515033275182448e-07
2.624924185488802084e-07
2.623330229496704682e-07
2.621733368221991083e-07
2.620133015684727275e-07
2.618527742760601438e-07
2.616918429010955341e-07
2.615304539571011089e-07
2.613686768274149018e-07
2.612064767914628968e-07
2.610439071496191569e-07
2.608809461685482088e-07
2.607176356611103454e-07
2.605539327080508381e-07
2.603897848797031420e-07
2.602252182998497816e-07
2.600602414284281941e-07
2.598948633983064354e-07
2.597291135897487233e-07
2.595629770093983886e-07
2.593965035137099981e-07
2.592296579474228148e-07
2.590624835358510410e-07
2.588948602522078832e-07
2.587268689813529527e-07
2.585584499874364328e-07
2.583896836167955629e-07
2.582205180801207060e-07
2.580510160487867064e-07
2.578811575966875871e-07
2.577109707083096178e-07
2.575404537160566834e-07
2.573695570726465372e-07
2.571982669204666374e-07
2.570265969811648558e-07
2.568545636995735199e-07
2.566821713049387234e-07
2.565094410131964515e-07
2.563363736360213200e-07
2.561629932127007099e-07
2.559892946029251834e-07
2.558153049772829330e-07
2.556410108355828510e-07
2.554664533760093022e-07
2.552916093908495016e-07
2.551165199161974718e-07
2.549411650338405240e-07
2.547655791990937190e-07
2.545897506839759269e-07
2.544137061713590631e-07
2.542374395961960577e-07
2.540609609195943703e-07
2.538842639305366845e-07
2.537073649197694467e-07
2.535302640681712490e-07
2.533529742649259826e-07
2.531754995913083792e-07
2.529978485878563547e-07
2.528200298495826316e-07
2.526420451384692648e-07
2.524639047221278799e-07
2.522856022227815489e-07
2.521071515196103902e-07
2.519285500668621746e-07
2.517498115602814477e-07
2.515709337337162626e-07
2.513919278949135280e-07
2.512127955890678043e-07
2.510335503646193134e-07
2.508541867804242786e-07
2.506747316847801499e-07
2.504952115275400788e-07
2.503156539462191701e-07
2.501360395859187026e-07
2.499564022951710975e-07
2.497767056959229733e-07
2.495970004022733984e-07
2.494172429597804642e-07
2.492374742612361006e-07
2.490576637563906555e-07
2.488778397878188709e-07
2.486979924640076317e-07
2.485181397460788261e-07
2.483382739954416902e-07
2.481584000831444757e-07
2.479785226183116710e-07
2.477986317425597372e-07
2.476187483416406289e-07
2.474388540437591211e-07
2.472589683522299893e-07
2.470790738417855635e-07
2.468991902490929019e-07
2.467193122787561283e-07
2.465394451526857169e-07
2.463595879125697669e-07
2.461797387027073217e-07
2.459999010672959908e-07
2.458200705440709170e-07
2.456402580233241151e-07
2.454604542574569165e-07
2.452806709903482007e-07
2.451009119219490545e-07
2.449212184168699351e-07
2.447415669467749110e-07
2.445619702994580299e-07
2.443824245272745954e-07
2.442029216606716543e-07
2.440234784628811132e-07
2.438440774204751069e-07
2.436647317242500774e-07
2.434854295620668776e-07
2.433061727865136180e-07
2.431269544270385383e-07
2.429477605110761378e-07
2.427686038218623680e-07
2.425894719040106737e-07
2.424103744045645795e-07
2.422313061902185515e-07
2.420522597108755929e-07
2.418732510199276366e-07
2.416942570312852407e-07
2.415153021006343560e-07
2.413363571629976032e-07
2.411574474934622577e-07
2.409785462118241971e-07
2.407996687203346580e-07
2.406208034571050833e-07
2.404419523077419867e-07
2.402631196019919210e-07
2.400842959635177974e-07
2.399054981054125718e-07
2.397267065367016801e-07
2.395479431471411112e-07
2.393691916456508994e-07
2.391904764619582625e-07
2.390117889810393250e-07
2.388331265280699184e-07
2.386545011804481453e-07
2.384758971548214706e-07
2.382973266358700135e-07
2.381187770521425290e-07
2.379402560086555127e-07
2.377617620879522670e-07
2.375832877752888326e-07
2.374048387144775009e-07
2.372263886867939417e-07
2.370479441715161000e-07
2.368695068370183022e-07
2.366910611463075456e-07
2.365126275018664309e-07
2.363341925380232700e-07
2.361557606828016134e-07
2.359773357713390063e-07
2.357989030111685247e-07
2.356204794671347317e-07
2.354420514136986980e-07
2.352636377280484441e-07
2.350852312240676186e-07
2.349068292265985341e-07
2.347284375508823624e-07
2.345500458272505957e-07
2.343716645183124319e-07
2.341932901764796632e-07
2.340149227426082139e-07
2.338365653305447229e-07
2.336582073350449378e-07
2.334798605034341036e-07
2.333015298108184695e-07
2.331232502340259879e-07
2.329450005127626169e-07
2.327667774757052382e-07
2.325885935335488312e-07
2.324104342991635011e-07
2.322323174217194896e-07
2.320542273603327366e-07
2.318761608770874523e-07
2.316981309765651791e-07
2.315201198541757175e-07
2.313421462943887441e-07
2.311641988051323927e-07
2.309862787351584011e-07
2.308083928991538793e-07
2.306305332830965914e-07
2.304527054862184260e-07
2.302749016826019887e-07
2.300971223585183067e-07
2.299193739228727689e-07
2.297416476545823865e-07
2.295639502897349061e-07
2.293862722616649358e-07
2.292086313267135608e-07
2.290310581296275465e-07
2.288535366966148811e-07
2.286760645925405446e-07
2.284986669927695645e-07
2.283213114153089494e-07
2.281440077545623143e-07
2.279667587048091155e-07
2.277895603435297716e-07
2.276124173496654618e-07
2.274353176878415055e-07
2.272582595467150028e-07
2.270812799719336462e-07
2.269043987819878770e-07
2.267276015628439427e-07
2.265508751906315391e-07
2.263742597669238525e-07
2.261977254976704825e-07
2.260212676298889823e-07
2.258448925030015693e-07
2.256685934234997844e-07
2.254923757014543497e-07
2.253162325445239432e-07
2.251401494341720960e-07
2.249641633771359249e-07
2.247882632775644005e-07
2.246124450735269062e-07
2.244367105516859193e-07
2.242610629136036344e-07
2.240854961720541336e-07
2.239100096266470487e-07
2.237345940058814999e-07
2.235592645714859579e-07
2.233840035054182810e-07
2.232088088040061506e-07
2.230336970773962557e-07
2.228586549064426598e-07
2.226837280592101210e-07
2.225089153922835699e-07
2.223342034642824549e-07
2.221596114066476178e-07
2.219851132074366468e-07
2.218107168916779121e-07
2.216364320958534964e-07
2.214622309824479344e-07
2.212881249622655750e-07
2.211141273841909719e-07
2.209402163725871167e-07
2.207663903600248343e-07
2.205926652895011949e-07
2.204191034560701862e-07
2.202456470078209089e-07
2.200722964106797177e-07
2.198990876335830803e-07
2.197259908504627508e-07
2.195530036619814392e-07
2.193801272576910407e-07
2.192073630574940606e-07
2.190347002709319048e-07
2.188621370329650783e-07
2.186896838964753156e-07
2.185173282936800830e-07
2.183450821773524669e-07
2.181729517976427061e-07
2.180009346158024750e-07
2.178290311435614350e-07
2.176572207487534138e-07
2.174855199038928346e-07
2.173139236624449283e-07
2.171424134667330896e-07
2.169710144269749246e-07
2.167997025571349550e-07
2.166284758981212648e-07
2.164573518823166010e-07
2.162863167038039012e-07
2.161154116212456828e-07
2.159446386433726394e-07
2.157739793703739312e-07
2.156034531112337998e-07
2.154330370727482678e-07
2.152627354456419584e-07
2.150925548153075425e-07
2.149224738240633119e-07
2.147525109837270052e-07
2.145826538002794236e-07
2.144128866251097979e-07
2.142432313086744353e-07
2.140736879206232668e-07
2.139042570890285759e-07
2.137349640610176094e-07
2.135658056043444045e-07
2.133967635421001355e-07
2.132278373572744204e-07
2.130590334769494456e-07
2.128903509404230892e-07
2.127217721496091372e-07
2.125533096522789697e-07
2.123849495620262187e-07
2.122166890252048257e-07
2.120485441635781643e-07
2.118804953967885187e-07
2.117125469874894913e-07
2.115447471863517629e-07
2.113770445283019682e-07
2.112094550987498853e-07
2.110419852551833561e-07
2.108746127179624202e-07
2.107073544656613349e-07
2.105401975714085366e-07
2.103731384410341190e-07
2.102061815852743998e-07
2.100393171390754554e-07
2.098725570658829874e-07
2.097058753296856132e-07
2.095393085125948921e-07
2.093728870400131137e-07
2.092065870306854221e-07
2.090404135698349967e-07
2.088743799868911032e-07
2.087084587083743277e-07
2.085426589991151654e-07
2.083769840222655136e-07
2.082114183713495590e-07
2.080459724288762995e-07
2.078806302357841559e-07
2.077153929187566499e-07
2.075502735472448129e-07
2.073852543436735023e-07
2.072203403580240329e-07
2.070556041967086228e-07
2.068909759042370111e-07
2.067264665239865363e-07
2.065621123812033692e-07
2.063978635619008774e-07
2.062337336181879945e-07
2.060697340272393946e-07
2.059058415832322351e-07
2.057420670252631499e-07
2.055784019411991237e-07
2.054148340444143282e-07
2.052513880003228989e-07
2.050880431089986749e-07
2.049248035122501269e-07
2.047617329668348237e-07
2.045987650434500762e-07
2.044359171287309110e-07
2.042732107439501621e-07
2.041106044719680949e-07
2.039481207648541079e-07
2.037857563974217286e-07
2.036234899272198325e-07
2.034613478533512698e-07
2.032993066048451820e-07
2.031373544695626287e-07
2.029755290564096837e-07
2.028137998337025984e-07
2.026521740562070976e-07
2.024907541829184234e-07
2.023294422395631521e-07
2.021682611259046528e-07
2.020072485597986120e-07
2.018463470293013920e-07
2.016855806617494485e-07
2.015249516159571254e-07
2.013644394791583128e-07
2.012040593528810812e-07
2.010437887636552148e-07
2.008836418218452401e-07
2.007236176929304746e-07
2.005636877915897684e-07
2.004039013341987127e-07
2.002442670209953448e-07
2.000847546776061769e-07
1.999253984206574989e-07
1.997661751383788889e-07
1.996070725313040285e-07
1.994481183219398374e-07
1.992892816261283351e-07
1.991305722502796482e-07
1.989719864508628450e-07
1.988135186216977198e-07
1.986551699460548893e-07
1.984969303199139066e-07
1.983388082968199374e-07
1.981808017806602519e-07
1.980229085143990950e-07
1.978652012890515747e-07
1.977076006278762391e-07
1.975501269492534384e-07
1.973928113472915043e-07
1.972356005410716616e-07
1.970785223825618753e-07
1.969215726958791276e-07
1.967647342895527238e-07
1.966080230614434657e-07
1.964514162856070858e-07
1.962949276930855810e-07
1.961385584362990395e-07
1.959822758489850993e-07
1.958261379224101082e-07
1.956701340457711599e-07
1.955143092214840499e-07
1.953586147066593106e-07
1.952030479285296559e-07
1.950476636169325386e-07
1.948923912749648259e-07
1.947372542782662317e-07
1.945822674753349093e-07
1.944273964756141136e-07
1.942726662828732318e-07
1.941180472871644747e-07
1.939635615218794432e-07
1.938092006461470627e-07
1.936549299072642986e-07
1.935008212168672410e-07
1.933468402099133654e-07
1.931930147944574528e-07
1.930393289188307530e-07
1.928857646879481839e-07
1.927323647972174889e-07
1.925790772021312390e-07
1.924259212816015395e-07
1.922729053455933501e-07
1.921199995363540989e-07
1.919672286318606590e-07
1.918145669587482431e-07
1.916620224519393918e-07
1.915096065879417673e-07
1.913572882942702011e-07
1.912050986944383028e-07
1.910530251882010014e-07
1.909011444252796417e-07
1.907493680774993534e-07
1.905977204517411075e-07
1.904462357102677409e-07
1.902948599278013396e-07
1.901436143000999760e-07
1.899925030058259949e-07
1.898415132194976766e-07
1.896906361537172934e-07
1.895398879900037465e-07
1.893892581195552451e-07
1.892387170765043041e-07
1.890883212650660488e-07
1.889380231687011945e-07
1.887878444641025331e-07
1.886378527744048125e-07
1.884879837244502379e-07
1.883382723719451732e-07
1.881886884629162095e-07
1.880392728504109026e-07
1.878899767632462374e-07
1.877408109882120966e-07
1.875917942675879754e-07
1.874428916161523540e-07
1.872941269895348751e-07
1.871454705012447268e-07
1.869969506697324549e-07
1.868485478136951919e-07
1.867002529823663776e-07
1.865520968121547967e-07
1.864040423364568122e-07
1.862561890434451878e-07
1.861084384460051077e-07
1.859608293498207907e-07
1.858133692116038513e-07
1.856660207535216310e-07
1.855188177388923895e-07
1.853717371261515014e-07
1.852247873725682500e-07
1.850779470659305872e-07
1.849312423061188266e-07
1.847846414418251881e-07
1.846381542523891548e-07
1.844917957144358482e-07
1.843455273231709750e-07
1.841993932542717635e-07
1.840533679295375512e-07
1.839075445572520655e-07
1.837618200162732336e-07
1.836162304529141633e-07
1.834707957863881011e-07
1.833254774478650630e-07
1.831802882528767785e-07
1.830352323094906903e-07
1.828903078697325506e-07
1.827454858787417302e-07
1.826008056273617443e-07
1.824562224534219916e-07
1.823117643549718568e-07
1.821674204874114585e-07
1.820231819680121580e-07
1.818790725585733427e-07
1.817350607201276240e-07
1.815912708243834728e-07
1.814475783551074217e-07
1.813040426070701150e-07
1.811606381044612916e-07
1.810173914809587817e-07
1.808742669146525082e-07
1.807312690454619013e-07
1.805884184121677506e-07
1.804456833449519590e-07
1.803030751596214835e-07
1.801605831895645612e-07
1.800182331888576051e-07
1.798759712884207168e-07
1.797338549900251978e-07
1.795918339864096651e-07
1.794499445826423769e-07
1.793082063149453384e-07
1.791666032933510360e-07
1.790251394700066756e-07
1.788837895787744145e-07
1.787426082656116208e-07
1.786015248639094639e-07
1.784605799042024108e-07
1.783197558245910832e-07
1.781790654375499512e-07
1.780384779842130886e-07
1.778980253545768663e-07
1.777576729404076597e-07
1.776174324251061959e-07
1.774773155936298057e-07
1.773372988896825293e-07
1.771974027678871391e-07
1.770576067039153453e-07
1.769180132423656571e-07
1.767785184547571360e-07
1.766391678044291434e-07
1.764999439085821238e-07
1.763608845028038690e-07
1.762219206013668456e-07
1.760830900864405442e-07
1.759443909487939923e-07
1.758058178447821994e-07
1.756673459385071204e-07
1.755290156372122829e-07
1.753907879108106175e-07
1.752526697200150676e-07
1.751146759302220935e-07
1.749767721301967585e-07
1.748390099492150590e-07
1.747013372451040201e-07
1.745638851244925420e-07
1.744265233146609552e-07
1.742893200511964738e-07
1.741522315077832560e-07
1.740153205555185741e-07
1.738785061292200901e-07
1.737418267840990866e-07
1.736052820585093722e-07
1.734688675755114244e-07
1.733325621370125361e-07
1.731963906622905581e-07
1.730603253395110052e-07
1.729243793220049935e-07
1.727885525506284472e-07
1.726528306526483849e-07
1.725172329850758159e-07
1.723817371686597051e-07
1.722464219806961074e-07
1.721112066492216683e-07
1.719761437204123148e-07
1.718411883225917869e-07
1.717063939631939987e-07
1.715716926181940963e-07
1.714371262115698603e-07
1.713026797821492266e-07
1.711683585846943129e-07
1.710341373117664793e-07
1.709000475606433920e-07
1.707660524359277681e-07
1.706321825565186332e-07
1.704983964954930219e-07
1.703647524834729109e-07
1.702311829031601388e-07
1.700977418086266262e-07
1.699644271501188150e-07
1.698312982048975904e-07
1.696982602834647693e-07
1.695653554092424471e-07
1.694325898591179871e-07
1.692999624302543114e-07
1.691674426896337751e-07
1.690350474127174285e-07
1.689027807632148381e-07
1.687706347356640946e-07
1.686385882020671144e-07
1.685066801188588315e-07
1.683748677104756632e-07
1.682431699979080282e-07
1.681115805043237893e-07
1.679801023311182010e-07
1.678487331632787501e-07
1.677174735801283268e-07
1.675863760418504851e-07
1.674554168102145293e-07
1.673245862691942223e-07
1.671938662245933255e-07
1.670633155137052824e-07
1.669328684933322123e-07
1.668025554544125714e-07
1.666723569071391127e-07
1.665422951499400466e-07
1.664123383088279247e-07
1.662825043384210108e-07
1.661527916294334672e-07
1.660231836627137663e-07
1.658936832940202548e-07
1.657643016693986052e-07
1.656350208155534776e-07
1.655058547382911218e-07
1.653767917941219443e-07
1.652478881632473257e-07
1.651191066437658172e-07
1.649904479775353438e-07
1.648618994680349521e-07
1.647335039602001704e-07
1.646052094730589818e-07
1.644770363344968538e-07
1.643489783363313834e-07
1.642210440253261786e-07
1.640932123748174133e-07
1.639654868546279101e-07
1.638378906393964645e-07
1.637103821359407785e-07
1.635829780410669525e-07
1.634556815577268446e-07
1.633284992183947155e-07
1.632014021673764988e-07
1.630744200932749338e-07
1.629475649966119423e-07
1.628208906508030187e-07
1.626942994113140775e-07
1.625678425398829315e-07
1.624415038949018133e-07
1.623153273986289280e-07
1.621892320063377836e-07
1.620632653964356608e-07
1.619374131219259644e-07
1.618116979444951052e-07
1.616860707144157501e-07
1.615605686689979718e-07
1.614351606183578353e-07
1.613098853084796184e-07
1.611846833513184675e-07
1.610596174823960909e-07
1.609346186671799754e-07
1.608097654373292681e-07
1.606849908200717059e-07
1.605604066432354372e-07
1.604359186046492698e-07
1.603115728854971061e-07
1.601873226848051543e-07
1.600632378031995826e-07
1.599392496969214146e-07
1.598153880102709197e-07
1.596916348885188416e-07
1.595680092845620647e-07
1.594444946062083515e-07
1.593210829790688474e-07
1.591977966521553310e-07
1.590745962172255204e-07
1.589515225231023947e-07
1.588285275656415650e-07
1.587056723158257038e-07
1.585828728604962417e-07
1.584602229848695753e-07
1.583376496768629383e-07
1.582152700178436930e-07
1.580929595402721784e-07
1.579707953609634111e-07
1.578487243031122002e-07
1.577268082082419765e-07
1.576049758452070381e-07
1.574832659960117389e-07
1.573616658670254450e-07
1.572401826644868342e-07
1.571188019153292254e-07
1.569975171557277574e-07
1.568763586878493139e-07
1.567552785482944645e-07
1.566343179371375163e-07
1.565134290540699125e-07
1.563926793653611931e-07
1.562719809256609692e-07
1.561514259909444137e-07
1.560309435663641939e-07
1.559106556523071052e-07
1.557904556002205995e-07
1.556703844641531509e-07
1.555504109232589426e-07
1.554305908531807180e-07
1.553108777880759178e-07
1.551912702457851152e-07
1.550717728950215664e-07
1.549523918496373211e-07
1.548331379640154912e-07
1.547139664824333332e-07
1.545949166874519684e-07
1.544759584784612439e-07
1.543571215972602151e-07
1.542383614093047898e-07
1.541197203108359683e-07
1.540011630208562667e-07
1.538827163201254924e-07
1.537643676882764281e-07
1.536461479572712963e-07
1.535280868980364979e-07
1.534101053351096124e-07
1.532922607919406908e-07
1.531745157934204545e-07
1.530569266217515795e-07
1.529394106987417730e-07
1.528220235184877872e-07
1.527047411678836805e-07
1.525875803136632368e-07
1.524705098488776344e-07
1.523535474860657673e-07
1.522367025704362636e-07
1.521199365970280703e-07
1.520032887098250717e-07
1.518867140537157957e-07
1.517702752133045022e-07
1.516538868628675393e-07
1.515376391553746193e-07
1.514214628224406673e-07
1.513054543362796998e-07
1.511895449511312644e-07
1.510737436331038055e-07
1.509580488595153108e-07
1.508424720464508500e-07
1.507270290037221503e-07
1.506116611733025308e-07
1.504964102605479216e-07
1.503812674191944524e-07
1.502662357021103307e-07
1.501512883728938058e-07
1.500364429082856811e-07
1.499217147713488649e-07
1.498070615111452040e-07
1.496925168125603544e-07
1.495780432501794014e-07
1.494637039270622369e-07
1.493494097115861826e-07
1.492352540345478741e-07
1.491211663272263727e-07
1.490072494905298910e-07
1.488934406145617537e-07
1.487797313471668194e-07
1.486661346329487569e-07
1.485526452499970920e-07
1.484393117587662774e-07
1.483260446175717500e-07
1.482128949432928065e-07
1.480998523054492676e-07
1.479869240521922404e-07
1.478740909939929519e-07
1.477613507850439473e-07
1.476487307147218489e-07
1.475361790218438076e-07
1.474237590175857107e-07
1.473113985118229167e-07
1.471991645638203405e-07
1.470869950871958551e-07
1.469749408641422170e-07
1.468629735756533758e-07
1.467511244330696700e-07
1.466394346607011371e-07
1.465278111289189998e-07
1.464163211148873986e-07
1.463049188176343453e-07
1.461936678950289592e-07
1.460824879845027323e-07
1.459714269982599208e-07
1.458604591648254725e-07
1.457496004415933707e-07
1.456388535489131576e-07
1.455281885623840031e-07
1.454176248972716077e-07
1.453071665297921743e-07
1.451967926383405591e-07
1.450865061663906911e-07
1.449763134575337779e-07
1.448662346156971289e-07
1.447562030019612232e-07
1.446463100734115216e-07
1.445364793619834824e-07
1.444268155857092184e-07
1.443172420710763467e-07
1.442077654115375595e-07
1.440983943093875960e-07
1.439891272122612327e-07
1.438799968201062735e-07
1.437709303101121110e-07
1.436619777407903745e-07
1.435531270475278649e-07
1.434443775374939830e-07
1.433357246956722477e-07
1.432271488190810422e-07
1.431186866713219694e-07
1.430103084229915915e-07
1.429020247165771405e-07
1.427938165323111280e-07
1.426857022054684239e-07
1.425776914213916770e-07
1.424697350735442935e-07
1.423619085714563878e-07
1.422541439044994612e-07
1.421465567063451022e-07
1.420390565326945573e-07
1.419316529697796795e-07
1.418243565287923004e-07
1.417171589529637761e-07
1.416101082371555438e-07
1.415031177378539150e-07
1.413962471759559279e-07
1.412894697051652479e-07
1.411827954666341285e-07
1.410762282495300485e-07
1.409697378420141942e-07
1.408633485256200756e-07
1.407570591441477195e-07
1.406508526979555712e-07
1.405447366551504849e-07
1.404386992103748710e-07
1.403327844745476418e-07
1.402269078525745899e-07
1.401211705430262273e-07
1.400154938234148249e-07
1.399099508418434054e-07
1.398045343393772537e-07
1.396991857643821409e-07
1.395939621377502355e-07
1.394888196859729057e-07
1.393838201920409590e-07
1.392788904108528652e-07
1.391740631389658297e-07
1.390693289473467264e-07
1.389646961053267566e-07
1.388601686980161230e-07
1.387557119309663013e-07
1.386513533294075913e-07
1.385471022642851876e-07
1.384429113248965722e-07
1.383388361569229843e-07
1.382348179664284794e-07
1.381309074748497288e-07
1.380270728677880525e-07
1.379233114361223887e-07
1.378196550132620132e-07
1.377160720065429427e-07
1.376126639941361513e-07
1.375093185180289189e-07
1.374060731945203287e-07
1.373029219968068482e-07
1.371998696885991260e-07
1.370969477861296568e-07
1.369940844656446658e-07
1.368913327277956077e-07
1.367886674010529262e-07
1.366860957870973833e-07
1.365836311792269956e-07
1.364812362342949236e-07
1.363789286754015034e-07
1.362767264341521720e-07
1.361745873574414426e-07
1.360725547703057651e-07
1.359705759364632555e-07
1.358687120064411013e-07
1.357669091497364345e-07
1.356651890892344593e-07
1.355635625337371469e-07
1.354620142657629103e-07
1.353606463494202316e-07
1.352593351364038346e-07
1.351581285232981586e-07
1.350570141477685116e-07
1.349559940497296342e-07
1.348551125687278662e-07
1.347542873053372182e-07
1.346535745231944630e-07
1.345529428284686604e-07
1.344524063798290377e-07
1.343519843848699924e-07
1.342516284439489239e-07
1.341513593257525396e-07
1.340511971747307345e-07
1.339510910266448429e-07
1.338511044536495437e-07
1.337511691556216530e-07
1.336513338920710394e-07
1.335515791881431818e-07
1.334518851403558501e-07
1.333523121021252889e-07
1.332527944518767805e-07
1.331534316792839248e-07
1.330541544871122343e-07
1.329549502280904273e-07
1.328558588648253207e-07
1.327568463092621046e-07
1.326579665732269314e-07
1.325591533875619253e-07
1.324604273421319037e-07
1.323617977539631201e-07
1.322632563988050551e-07
1.321648125176415794e-07
1.320664452346151421e-07
1.319681557512843303e-07
1.318699654825293461e-07
1.317718534951829186e-07
1.316738191610060048e-07
1.315758612886123536e-07
1.314779757759378686e-07
1.313802059427382785e-07
1.312824740858161863e-07
1.311848439426406325e-07
1.310872822644023453e-07
1.309898096244013541e-07
1.308925030200527936e-07
1.307952418676483544e-07
1.306980853194903861e-07
1.306010099673654642e-07
1.305040284086281598e-07
1.304071717847465343e-07
1.303103713929285284e-07
1.302136693065685347e-07
1.301170465645984479e-07
1.300205200569875852e-07
1.299240885943508107e-07
1.298277228684640590e-07
1.297314395259943740e-07
1.296352566082750171e-07
1.295391342550339863e-07
1.294431053125784379e-07
1.293471396944171992e-07
1.292512477994572968e-07
1.291554691505048653e-07
1.290597224213987751e-07
1.289640868413536279e-07
1.288685136217878227e-07
1.287730251839202301e-07
1.286777092554243593e-07
1.285824333500134578e-07
1.284872656970490477e-07
1.283921781924782181e-07
1.282971784285325609e-07
1.282023099401988767e-07
1.281074952041022163e-07
1.280127783399441647e-07
1.279181417203999893e-07
1.278235968492703159e-07
1.277291481311211760e-07
1.276347714120457492e-07
1.275404703951079681e-07
1.274462652632236115e-07
1.273521338966195998e-07
1.272580790157010617e-07
1.271641065308733208e-07
1.270701928644951872e-07
1.269763941293415718e-07
1.268826377914295145e-07
1.267889645979142177e-07
1.266953781733158371e-07
1.266018555167035059e-07
1.265084934425375500e-07
1.264151927977764386e-07
1.263219633518096646e-07
1.262288390625083679e-07
1.261357859857312833e-07
1.260428548260167749e-07
1.259499963323032525e-07
1.258572041657799505e-07
1.257645052271068370e-07
1.256718922049310923e-07
1.255793636534468848e-07
1.254869184874938359e-07
1.253945399686315289e-07
1.253022399787046286e-07
1.252100365147995128e-07
1.251178801457542107e-07
1.250258294444370086e-07
1.249338229579855433e-07
1.248418999631799361e-07
1.247500703115109954e-07
1.246582741234932926e-07
1.245665915594159269e-07
1.244749591818103990e-07
1.243834138572245788e-07
1.242920275639984009e-07
1.242006797154218829e-07
1.241094276606812820e-07
1.240182543697292072e-07
1.239271640369589935e-07
1.238361940965126415e-07
1.237452812717890906e-07
1.236544465875066380e-07
1.235636993943213925e-07
1.234730333013935898e-07
1.233824547047325421e-07
1.232919550321160073e-07
1.232015186403251102e-07
1.231111611299438519e-07
1.230208964804304638e-07
1.229306794490129638e-07
1.228405674287909732e-07
1.227504968617287935e-07
1.226605078390604885e-07
1.225706094646935284e-07
1.224807425303499208e-07
1.223909937064472378e-07
1.223012927340483125e-07
1.222116713446722981e-07
1.221222147493122338e-07
1.220327951104390830e-07
1.219434670620590555e-07
1.218542235991567644e-07
1.217650523009760671e-07
1.216760064780077764e-07
1.215870222527603647e-07
1.214981080865609324e-07
1.214092833525961715e-07
1.213205383755845962e-07
1.212318754503052205e-07
1.211432997617590576e-07
1.210547857864981846e-07
1.209663453205972392e-07
1.208780016968387153e-07
1.207897035794435326e-07
1.207015030429914367e-07
1.206133542916244008e-07
1.205252744096978626e-07
1.204373013887200310e-07
1.203493598042080135e-07
1.202615010287947642e-07
1.201737200968237453e-07
1.200859990007027235e-07
1.199984206222932441e-07
1.199109108547356915e-07
1.198234555112340507e-07
1.197361093536992065e-07
1.196488198509080106e-07
1.195616263958720334e-07
1.194745367688165357e-07
1.193874853679000203e-07
1.193005351885668433e-07
1.192136482569297279e-07
1.191268467013220805e-07
1.190401250536406537e-07
1.189534693208085147e-07
1.188668775233890750e-07
1.187803655791987035e-07
1.186939354561675752e-07
1.186075558447339405e-07
1.185212670735419635e-07
1.184350191854142722e-07
1.183488505729715279e-07
1.182627682164375483e-07
1.181767162283296577e-07
1.180907667376828929e-07
1.180048653073229194e-07
1.179190386586987093e-07
1.178333649082379770e-07
1.177477388013317668e-07
1.176621757695810069e-07
1.175767099441200733e-07
1.174913051388914840e-07
1.174060056879385117e-07
1.173207953723325156e-07
1.172356252835361475e-07
1.171505535508927136e-07
1.170655439125802816e-07
1.169806199665847141e-07
1.168957757032787186e-07
1.168109975572681792e-07
1.167262775128632639e-07
1.166416386347525976e-07
1.165570798915835697e-07
1.164725677722340396e-07
1.163881525555050834e-07
1.163037740997095764e-07
1.162194688010221112e-07
1.161352561606451747e-07
1.160510701258192804e-07
1.159669804781600007e-07
1.158829473126481715e-07
1.157989761509724617e-07
1.157151565732833181e-07
1.156313960391692573e-07
1.155476860581202469e-07
1.154640853779909919e-07
1.153805363687720497e-07
1.152970735457007680e-07
1.152137264820934082e-07
1.151304163376187826e-07
1.150471924590029118e-07
1.149640395704539314e-07
1.148809594621918574e-07
1.147979629618070906e-07
1.147150373469865245e-07
1.146321718075939305e-07
1.145493744032880917e-07
1.144666671677941282e-07
1.143840026458291192e-07
1.143014233925559749e-07
1.142189002173161558e-07
1.141364326653562013e-07
1.140540647529311509e-07
1.139717365152858280e-07
1.138894581291478699e-07
1.138072871412025001e-07
1.137251540239202075e-07
1.136431046573170362e-07
1.135611893381485137e-07
1.134793043742320709e-07
1.133975029722784557e-07
1.133157740376039692e-07
1.132341115756452443e-07
1.131525531009224278e-07
1.130710629043105265e-07
1.129896150809267993e-07
1.129082623598824668e-07
1.128269665358279114e-07
1.127457530703432407e-07
1.126646112898683479e-07
1.125835302459121139e-07
1.125025078672089908e-07
1.124215561514459869e-07
1.123406863999219729e-07
1.122598523388458755e-07
1.121791122008963735e-07
1.120984068759612989e-07
1.120177662306870698e-07
1.119372231452330434e-07
1.118567093773972074e-07
1.117762504829788497e-07
1.116958860855624970e-07
1.116155626344123227e-07
1.115353295729749225e-07
1.114552234613495867e-07
1.113751487821322478e-07
1.112951550537001532e-07
1.112152315785909855e-07
1.111353742948741279e-07
1.110556185684277067e-07
1.109759366939210417e-07
1.108962930800170121e-07
1.108167419096927182e-07
1.107372482484215622e-07
1.106578324109150024e-07
1.105784898071703191e-07
1.104992128198863921e-07
1.104199900225278824e-07
1.103408316249520035e-07
1.102617606559384774e-07
1.101827260075018532e-07
1.101037745441513347e-07
1.100248771723936492e-07
1.099460270410213318e-07
1.098672685756286816e-07
1.097885549892497143e-07
1.097098769931517236e-07
1.096313151834222603e-07
1.095527826515110268e-07
1.094743145545687021e-07
1.093959955424422328e-07
1.093177148173220041e-07
1.092394873488292337e-07
1.091613595767919815e-07
1.090832784579795053e-07
1.090052770332518414e-07
1.089273835945999827e-07
1.088495241442806863e-07
1.087717365034850111e-07
1.086940225638784034e-07
1.086163746840907724e-07
1.085387916711238575e-07
1.084612964490323445e-07
1.083838417519722315e-07
1.083064549261851682e-07
1.082291378643927451e-07
1.081518905805471831e-07
1.080746857813808021e-07
1.079975690039407118e-07
1.079204846491271915e-07
1.078434625871997838e-07
1.077665360733602124e-07
1.076896336888026256e-07
1.076127885782782976e-07
1.075360341815362685e-07
1.074593176108769005e-07
1.073826800049513907e-07
1.073061691684596322e-07
1.072296857296270705e-07
1.071532706440584223e-07
1.070769342043236685e-07
1.070006506103206903e-07
1.069244542581648866e-07
1.068483444618072155e-07
1.067722684738484858e-07
1.066962676685712120e-07
1.066203303929249164e-07
1.065444604335200969e-07
1.064686550188675972e-07
1.063929240005693988e-07
1.063172338084148721e-07
1.062416108743027172e-07
1.061660556440369621e-07
1.060905661424055953e-07
1.060151165215576626e-07
1.059397498772351482e-07
1.058644130031719963e-07
1.057891356615119350e-07
1.057139534575998927e-07
1.056387945825792863e-07
1.055636837055885496e-07
1.054886674807418431e-07
1.054136836630686491e-07
1.053387688462425265e-07
1.052639941194967482e-07
1.051892492448893016e-07
1.051145572733789371e-07
1.050399549021969322e-07
1.049653999172037824e-07
1.048909192725892910e-07
1.048165404473913451e-07
1.047421974286504188e-07
1.046679152338657742e-07
1.045937008942896702e-07
1.045195543719565018e-07
1.044454698867557886e-07
1.043714617931881283e-07
1.042975049822588185e-07
1.042235991738672985e-07
1.041497568078914798e-07
1.040759925367202126e-07
1.040022606307546223e-07
1.039286055544995842e-07
1.038550043333166635e-07
1.037814436604559017e-07
1.037079580735004348e-07
1.036345330908232546e-07
1.035611334731723668e-07
1.034878245142175062e-07
1.034145607856944164e-07
1.033413475639883780e-07
1.032682450011256115e-07
1.031952217352374356e-07
1.031222297725741442e-07
1.030493240595383388e-07
1.029764766611157679e-07
1.029036826135954223e-07
1.028309806826392143e-07
1.027583551766679813e-07
1.026857599882611557e-07
1.026132422376260124e-07
1.025407841296220628e-07
1.024683876698115680e-07
1.023960518529120033e-07
1.023237965119218960e-07
1.022515788323115535e-07
1.021794190633114934e-07
1.021073256117740097e-07
1.020353015169486084e-07
1.019633068229544437e-07
1.018913967664114277e-07
1.018195249046565871e-07
1.017477022649471776e-07
1.016759576451672409e-07
1.016042594811687001e-07
1.015325908235602300e-07
1.014610142275963986e-07
1.013894730978999794e-07
1.013179877747522380e-07
1.012466095574118993e-07
1.011753020339733811e-07
1.011040278223792678e-07
1.010328328085377763e-07
1.009616930233673220e-07
1.008906105752652598e-07
1.008196090922897684e-07
1.007486857348581836e-07
1.006777937584170487e-07
1.006069662951550804e-07
1.005362008301705779e-07
1.004654991804206815e-07
1.003948530407764600e-07
1.003242804196639449e-07
1.002537508648325492e-07
1.001832719448895865e-07
1.001128516883097925e-07
1.000425064469292179e-07
9.997219339826929553e-08
9.990194276901044444e-08
9.983175150622887058e-08
9.976159398625412418e-08
9.969149955299682776e-08
9.962147890814387565e-08
9.955147879884769402e-08
9.948153743390426567e-08
9.941167072829504592e-08
9.934183870851825662e-08
9.927207152115411691e-08
9.920243663525149366e-08
9.913282629247262424e-08
9.906326126772990815e-08
9.899378397783136457e-08
9.892434822269366843e-08
9.885497668607090545e-08
9.878569917918971606e-08
9.871646774220818168e-08
9.864727319234153596e-08
9.857815955963027964e-08
9.850909396613851695e-08
9.844009089160331365e-08
9.837115014675251069e-08
9.830227331835939793e-08
9.823343531382730169e-08
9.816465529033363042e-08
9.809593693815741331e-08
9.802728253806985674e-08
9.795865333980651938e-08
9.789011042279940769e-08
9.782160188612111821e-08
9.775313629704669126e-08
9.768474191393726508e-08
9.761640094248614939e-08
9.754808290720758468e-08
9.747984291375960149e-08
9.741165493241209610e-08
9.734350877170699879e-08
9.727543752670121947e-08
9.720747925171575416e-08
9.713954328077273919e-08
9.707165916456471531e-08
9.700385888936393563e-08
9.693609726248188810e-08
9.686839891309028608e-08
9.680079306297612993e-08
9.673322776924418061e-08
9.666569946179350225e-08
9.659825302947659476e-08
9.653085093070268091e-08
9.646350805810562447e-08
9.639622805454913847e-08
9.632900962136495516e-08
9.626182804377809394e-08
9.619470284555917585e-08
9.612763693405085415e-08
9.606063615312136739e-08
9.599366226729319492e-08
9.592675969904780308e-08
9.585990299341985593e-08
9.579308339580769613e-08
9.572632446139555251e-08
9.565963366118077946e-08
9.559296204154534699e-08
9.552634510794517603e-08
9.545980401100207079e-08
9.539329150277089414e-08
9.532683614483734454e-08
9.526050612164902216e-08
9.519420478344851073e-08
9.512793507687814530e-08
9.506175832606186892e-08
9.499561842962001082e-08
9.492953201437522122e-08
9.486352896609568687e-08
9.479758775561528550e-08
9.473167567437030010e-08
9.466582588473293709e-08
9.460003141843048416e-08
9.453429666557647344e-08
9.446861488569182192e-08
9.440299568123965154e-08
9.433742276164027539e-08
9.427189292283010481e-08
9.420641336243190444e-08
9.414100347881306746e-08
9.407563604363098929e-08
9.401030520062163359e-08
9.394504860493907303e-08
9.387981319228526783e-08
9.381462947077527485e-08
9.374952240437852078e-08
9.368444848912549261e-08
9.361940158109182419e-08
9.355443202261400346e-08
9.348950407015897083e-08
9.342461896102745701e-08
9.335980222316989477e-08
9.329509990719741071e-08
9.323041786791519357e-08
9.316577765761336508e-08
9.310122069387635236e-08
9.303670019674207466e-08
9.297223484434316315e-08
9.290785662917756309e-08
9.284353058431172560e-08
9.277923250581094661e-08
9.271500347651752645e-08
9.265082437988781533e-08
9.258670180109211141e-08
9.252263074156664680e-08
9.245862620756416724e-08
9.239466529565259216e-08
9.233074660549587734e-08
9.226687671614980184e-08
9.220307433882098643e-08
9.213931442610461214e-08
9.207558868476726686e-08
9.201193947386255763e-08
9.194831243770601330e-08
9.188473392765144163e-08
9.182122401961053729e-08
9.175775779730712249e-08
9.169431327743306631e-08
9.163093589269954825e-08
9.156761544809096023e-08
9.150432749064491170e-08
9.144109385397498897e-08
9.137798249601365328e-08
9.131489523214802422e-08
