1.884493173077682947e-05
1.987489968648364818e-05
2.083708798153370049e-05
2.173476348927920647e-05
2.257096621545592006e-05
2.334867292608731724e-05
2.407054259121759027e-05
2.473922506035688471e-05
2.535713627496567171e-05
2.592663472384369388e-05
2.644985224515413469e-05
2.692888965177659501e-05
2.736571495715364367e-05
2.776218263242620710e-05
2.812005820503352412e-05
2.844099836087536374e-05
2.872669577494243415e-05
2.897861459136449091e-05
2.919836701451458842e-05
2.938731254128495830e-05
2.954691467721212643e-05
2.967852949991998373e-05
2.978340889966185073e-05
2.986283007003066154e-05
2.991806850602665423e-05
2.995021118313924671e-05
2.996041835095650198e-05
2.994984742456868271e-05
2.991943756906484674e-05
2.987038578045767901e-05
2.980362422712865868e-05
2.972006413670231714e-05
2.962081451028844407e-05
2.950662317973075483e-05
2.937858798275909235e-05
2.923737693462946934e-05
2.908408326654406196e-05
2.891930915535184023e-05
2.874411099341611951e-05
2.855906722933656462e-05
2.836510393453988926e-05
2.816289312796647340e-05
2.795319501122224291e-05
2.773670459795287603e-05
2.751401547081360640e-05
2.728592441333897779e-05
2.705293237192984355e-05
2.681572475965496684e-05
2.657482176474973326e-05
2.633077611829715307e-05
2.608419479386592954e-05
2.583550176397622660e-05
2.558525732692061900e-05
2.533390629431306082e-05
2.508185048566329901e-05
2.482960449323215514e-05
2.457751388645871104e-05
2.432593179440531821e-05
2.407532438315554548e-05
2.382593879752149197e-05
2.357805048878447237e-05
2.333211444503233842e-05
2.308830498623609833e-05
2.284681812201418000e-05
2.260803756343918001e-05
2.237215046940610875e-05
2.213929992763448209e-05
2.190969999263874291e-05
2.168357571484530585e-05
2.146100255835857465e-05
2.124211732781112653e-05
2.102712063210601646e-05
2.081611040891221564e-05
2.060910519920911769e-05
2.040619881982716285e-05
2.020751144177029046e-05
2.001309901638383690e-05
1.982298028815808287e-05
1.963715281142708145e-05
1.945567950988188753e-05
1.927859281907004862e-05
1.910584513463336860e-05
1.893742268646580340e-05
1.877334385772458974e-05
1.861360418290261789e-05
1.845805023022965225e-05
1.830675469202616164e-05
1.815969507084162895e-05
1.801668325387946747e-05
1.787768765556356973e-05
1.774276720310538055e-05
1.761172980557078828e-05
1.748452997873644449e-05
1.736109746833054129e-05
1.724123568381953332e-05
1.712501879150992275e-05
1.701230843368967978e-05
1.690292078919714301e-05
1.679684732126705411e-05
1.669388429160268198e-05
1.659402684616695955e-05
1.649716721651595474e-05
1.640309677717116183e-05
1.631180440844781800e-05
1.622306984497368727e-05
1.613689658809770307e-05
1.605311324517075524e-05
1.597158848564113464e-05
1.589225713362184554e-05
1.581492455722168040e-05
1.573957934428947062e-05
1.566601655344489286e-05
1.559419810230718224e-05
1.552393391587907285e-05
1.545517647575092706e-05
1.538777425428141258e-05
1.532165874423203244e-05
1.525668340226452469e-05
1.519276127450963893e-05
1.512977783907818214e-05
1.506765467816702292e-05
1.500628256464423766e-05
1.494557877404845619e-05
1.488542876782031804e-05
1.482574659782293712e-05
1.476644314183192896e-05
1.470745323995116855e-05
1.464868940867082441e-05
1.459007298342723856e-05
1.453153111308765458e-05
1.447296894860769762e-05
1.441434756988761628e-05
1.435558953846305448e-05
1.429667207149080378e-05
1.423749184744106045e-05
1.417804268967898816e-05
1.411821931242604439e-05
1.405801667847208837e-05
1.399738328472541844e-05
1.393629743894786809e-05
1.387474343952516301e-05
1.381264513678115744e-05
1.375003229899834916e-05
1.368681326845213034e-05
1.362303336686034234e-05
1.355864771518904638e-05
1.349367300851973052e-05
1.342811842058133028e-05
1.336192637996772583e-05
1.329515584701887086e-05
1.322775395059752821e-05
1.315976639397879754e-05
1.309120126829850972e-05
1.302206713171333864e-05
1.295241516893870630e-05
1.288221361008508119e-05
1.281151452542552408e-05
1.274033291460088897e-05
1.266868621569550977e-05
1.259662578505006861e-05
1.252417531278891770e-05
1.245137565333420405e-05
1.237826511328084363e-05
1.230486451795567472e-05
1.223121322674458877e-05
1.215736009342514090e-05
1.208334084174215356e-05
1.200919128129877665e-05
1.193498053455199526e-05
1.186073330014012116e-05
1.178648816861747177e-05
1.171231143440930522e-05
1.163820825323297471e-05
1.156425296978370574e-05
1.149050168845650641e-05
1.141694603837139371e-05
1.134369381434203119e-05
1.127076922267241297e-05
1.119816459242579593e-05
1.112600085529507081e-05
1.105427752747200285e-05
1.098299118258757078e-05
1.091228186505172859e-05
1.084213275199324336e-05
1.077253800560532648e-05
1.070363971723903129e-05
1.063540205311927621e-05
1.056781485827393571e-05
1.050102636259654883e-05
1.043498898711925208e-05
1.036968788056872257e-05
1.030528316666798242e-05
1.024172811789383401e-05
1.017898610026256862e-05
1.011720750489156358e-05
1.005635207004619883e-05
9.996352579818711288e-06
9.937371753756906370e-06
9.879371777239844389e-06
9.822271773010710685e-06
9.766223014281267910e-06
9.711219781094644022e-06
9.657178235952507586e-06
9.604165707895640460e-06
9.552253671418431077e-06
9.501332625745844763e-06
9.451397604030305184e-06
9.402572010132159467e-06
9.354770933782851678e-06
9.307924191932351657e-06
9.262183200519447256e-06
9.217502591997716747e-06
9.173783824424941953e-06
9.131090085467288646e-06
9.089467215713822767e-06
9.048801519746204456e-06
9.009075012969404062e-06
8.970379523548934164e-06
8.932646417571807337e-06
8.895793265098520146e-06
8.859899970732353338e-06
8.824964832509113081e-06
8.790899882038336895e-06
8.757677220414531970e-06
8.725364659029304957e-06
8.693903458871906433e-06
8.663211404284868814e-06
8.633318142202090151e-06
8.604244023666768090e-06
8.575900195699869751e-06
8.548247634863278567e-06
8.521336241770404113e-06
8.495122495517910840e-06
8.469551062273010487e-06
8.444590052081556909e-06
8.420268648970044437e-06
8.396538590746737899e-06
8.373338467148745589e-06
8.350667443482647103e-06
8.328525522361041026e-06
8.306861598711665930e-06
8.285630288111932537e-06
8.264837928920862448e-06
8.244462182261379799e-06
8.224460695421828365e-06
8.204800651428030016e-06
8.185477421484109784e-06
8.166455907947095392e-06
8.147711562711573057e-06
8.129218679072313449e-06
8.110953674169298400e-06
8.092894613989597797e-06
8.075020582221390796e-06
8.057312261113551787e-06
8.039735195310662204e-06
8.022274328148886672e-06
8.004915559851428637e-06
7.987642769447051292e-06
7.970412086803414949e-06
7.953211912713371517e-06
7.936037168756894302e-06
7.918875181290430839e-06
7.901685618158934096e-06
7.884454642478301784e-06
7.867183362715942139e-06
7.849867808957636091e-06
7.832469158693535443e-06
7.814971238743772633e-06
7.797378042789069479e-06
7.779691320009528367e-06
7.761881758091871168e-06
7.743924233333918821e-06
7.725825806646775316e-06
7.707591934848685800e-06
7.689216406941901921e-06
7.670664275322910342e-06
7.651943144106067342e-06
7.633062435401187016e-06
7.614027151757201916e-06
7.594807626700332805e-06
7.575401538110774756e-06
7.555822400172615662e-06
7.536080579467343338e-06
7.516165859322003873e-06
7.496062593798576991e-06
7.475783842722570036e-06
7.455340675639679984e-06
7.434741492539399369e-06
7.413972820166673803e-06
7.393043590080554664e-06
7.371965010055641402e-06
7.350747305784247219e-06
7.329394174538785708e-06
7.307906870117713530e-06
7.286293866234413404e-06
7.264564643870740172e-06
7.242728203648461370e-06
7.220793395606500407e-06
7.198768808137175229e-06
7.176660925479921949e-06
7.154476645250773154e-06
7.132224589531427015e-06
7.109932456070531052e-06
7.087605535652782860e-06
7.065247352853699476e-06
7.042862501591560368e-06
7.020465003433863143e-06
6.998082213083187663e-06
6.975716905581604791e-06
6.953369683009850597e-06
6.931042318243785176e-06
6.908758043194974472e-06
6.886544315354974539e-06
6.864399483222733886e-06
6.842321246713350715e-06
6.820307943387548345e-06
6.798394018184588915e-06
6.776610000070824988e-06
6.754948625379302203e-06
6.733404579263136261e-06
6.711973282509381609e-06
6.690689491392360325e-06
6.669582538974108674e-06
6.648641567083427534e-06
6.627858750972831922e-06
6.607227906416125515e-06
6.586780881798120795e-06
6.566546553159935421e-06
6.546516208606766389e-06
6.526681614794340007e-06
6.507035359715895054e-06
6.487590187401328893e-06
6.468390586260426343e-06
6.449433925637507236e-06
6.430705455264110902e-06
6.412190081113028192e-06
6.393884903199451558e-06
6.375855307226157792e-06
6.358083650570622313e-06
6.340557292395992552e-06
6.323265710242530525e-06
6.306199378498810862e-06
6.289394384721361462e-06
6.272861979014693422e-06
6.256590998545305528e-06
6.240561245616002105e-06
6.224765291407412344e-06
6.209215024587248854e-06
6.193935749055157177e-06
6.178923675037198140e-06
6.164159826565580793e-06
6.149629330585447834e-06
6.135328207248871709e-06
6.121286024404890503e-06
6.107497651764479871e-06
6.093955242476240536e-06
6.080640114750734932e-06
6.067543972056272406e-06
6.054668758344575743e-06
6.042030589968682786e-06
6.029625622704920117e-06
6.017437898406112720e-06
6.005455076476420056e-06
5.993667166989913435e-06
5.982081482129448900e-06
5.970709704018981067e-06
5.959531493874420135e-06
5.948542567016112924e-06
5.937725630879816440e-06
5.927078362964047624e-06
5.916611104297211017e-06
5.906313233525060194e-06
5.896180624339979961e-06
5.886199477033368203e-06
5.876362977615566826e-06
5.866660442464865611e-06
5.857105247890104869e-06
5.847685176575240772e-06
5.838392306800534774e-06
5.829218795278402490e-06
5.820157989624899142e-06
5.811202561110115788e-06
5.802352310378850450e-06
5.793603114449618606e-06
5.784946455495509974e-06
5.776376438706035581e-06
5.767887626549517792e-06
5.759472761823127407e-06
5.751124437273535214e-06
5.742840941930794829e-06
5.734615105568144980e-06
5.726444406394063727e-06
5.718322402950544297e-06
5.710244709646899662e-06
5.702201345592650658e-06
5.694189660539552173e-06
5.686205918745431719e-06
5.678248327450435796e-06
5.670311772133547112e-06
5.662395923375928384e-06
5.654487977835663792e-06
5.646583700546186350e-06
5.638683617904565201e-06
5.630783351496965883e-06
5.622885571299200255e-06
5.614986266231020159e-06
5.607076607689451381e-06
5.599151350228027649e-06
5.591208883032483788e-06
5.583252232997327000e-06
5.575278400006125959e-06
5.567288459919763220e-06
5.559278998654664690e-06
5.551241949105698614e-06
5.543178875718910166e-06
5.535089844002722957e-06
5.526976350193773773e-06
5.518837922395758910e-06
5.510674432737414206e-06
5.502482638221362065e-06
5.494260111274149729e-06
5.486010103236348858e-06
5.477732113152192343e-06
5.469426681208774356e-06
5.461095522677095864e-06
5.452739578143991054e-06
5.444356665709923460e-06
5.435948658959822184e-06
5.427516653670817351e-06
5.419062686017274267e-06
5.410585798275283023e-06
5.402087268081057133e-06
5.393571541609084783e-06
5.385042250316295503e-06
5.376498543706034583e-06
5.367942293893957609e-06
5.359373580769540626e-06
5.350794622965155771e-06
5.342203705865255656e-06
5.333609926140105036e-06
5.325016039257792040e-06
5.316424904950588824e-06
5.307832203778154194e-06
5.299240394872294656e-06
5.290651659104045391e-06
5.282063941367537932e-06
5.273489355359061525e-06
5.264931513090152733e-06
5.256390817620072394e-06
5.247863461180510865e-06
5.239351553904200144e-06
5.230856381555419227e-06
5.222375942913963313e-06
5.213925913785749736e-06
5.205509951836536262e-06
5.197128015140123235e-06
5.188775684369159484e-06
5.180453435630434297e-06
5.172163414580012438e-06
5.163901971190237956e-06
5.155684095536952865e-06
5.147512597437905987e-06
5.139389929590567119e-06
5.131310207851870112e-06
5.123272576428764032e-06
5.115276428905484582e-06
5.107322115459468012e-06
5.099419295036486839e-06
5.091573692819040576e-06
5.083786369333202784e-06
5.076053387219017295e-06
5.068373730896353809e-06
5.060744286377999909e-06
5.053164200016018143e-06
5.045637040900303827e-06
5.038182925415766225e-06
5.030791192236703775e-06
5.023461191385016911e-06
5.016193003946929116e-06
5.008983181243472529e-06
5.001831273381919064e-06
4.994733366122951835e-06
4.987704800041949475e-06
4.980743378097970407e-06
4.973851740686274344e-06
4.967023474553100940e-06
4.960256413122773124e-06
4.953548089626908929e-06
4.946897803625778403e-06
4.940307408941086353e-06
4.933790266205249783e-06
4.927337863923235471e-06
4.920947902968085908e-06
4.914621684456256645e-06
4.908354397516424074e-06
4.902143871082543832e-06
4.895990994489120395e-06
4.889898454681272069e-06
4.883868171332436503e-06
4.877901857082258530e-06
4.871994324841348782e-06
4.866143112903907387e-06
4.860347925473127159e-06
4.854604750328170785e-06
4.848911005610171479e-06
4.843275684754670949e-06
4.837692874210043478e-06
4.832166305013698363e-06
4.826690144702020612e-06
4.821261334882035349e-06
4.815882266115341075e-06
4.810546699574929578e-06
4.805253687806510679e-06
4.800009442921105919e-06
4.794808890766646221e-06
4.789653152752058065e-06
4.784538982901451267e-06
4.779462947500245053e-06
4.774427853422581037e-06
4.769427684337171281e-06
4.764461756026715895e-06
4.759533941661838622e-06
4.754639204474865823e-06
4.749779652445362426e-06
4.744951907295662379e-06
4.740153275050028274e-06
4.735385949214903452e-06
4.730645413783698132e-06
4.725930986044156989e-06
4.721243563051583834e-06
4.716579392547147362e-06
4.711940897573333901e-06
4.707324783178289027e-06
4.702730221996319254e-06
4.698156645881320348e-06
4.693601396889327661e-06
4.689066675117865537e-06
4.684548502792464301e-06
4.680046971016410740e-06
4.675562237135010158e-06
4.671091620075260294e-06
4.666636978905609954e-06
4.662195702984698556e-06
4.657766884562051515e-06
4.653350683479901899e-06
4.648945399283767592e-06
4.644552023019120599e-06
4.640168301797925527e-06
4.635794745167725695e-06
4.631430678304964828e-06
4.627075064015747501e-06
4.622727988165180851e-06
4.618388413159813847e-06
4.614056326025185438e-06
4.609731062299253683e-06
4.605412734081826574e-06
4.601101073030214362e-06
4.596795353969649601e-06
4.592495772030962427e-06
4.588201780394501005e-06
4.583912694192050270e-06
4.579628109345684691e-06
4.575348370680888250e-06
4.571074764075675292e-06
4.566806625520897147e-06
4.562544210889791180e-06
4.558287001389402019e-06
4.554035208648485634e-06
4.549787771755689596e-06
4.545544867874787839e-06
4.541305814367797119e-06
4.537072036526711274e-06
4.532845405840753358e-06
4.528625331742287818e-06
4.524412157885640063e-06
4.520205068240671393e-06
4.516004619187007477e-06
4.511809261440942666e-06
4.507619996644658940e-06
4.503435350089953693e-06
4.499257950819599659e-06
4.495090584206891291e-06
4.490931944627423037e-06
4.486782917929235529e-06
4.482642106068385344e-06
4.478510437952851122e-06
4.474386162760319094e-06
4.470270351109310365e-06
4.466161390056331533e-06
4.462062244022115039e-06
4.457976774308331167e-06
4.453903663959687574e-06
4.449843474585508233e-06
4.445795169981662493e-06
4.441758870466619083e-06
4.437733799187706085e-06
4.433719780792130570e-06
4.429716372234110389e-06
4.425724813708083912e-06
4.421749861998467064e-06
4.417790507514640121e-06
4.413847372238587466e-06
4.409919166663268491e-06
4.406006117759806230e-06
4.402107430584717661e-06
4.398222450358801885e-06
4.394351367208187246e-06
4.390493553602555045e-06
4.386653416622467009e-06
4.382832291122586126e-06
4.379029263052016165e-06
4.375244181485549905e-06
4.371476161328622330e-06
4.367725103288567846e-06
4.363990067208104694e-06
4.360271021361964507e-06
4.356567140566203993e-06
4.352880200622311330e-06
4.349215235266080263e-06
4.345568965403328633e-06
4.341943476946124411e-06
4.338335982948735252e-06
4.334747598382776150e-06
4.331176606705117003e-06
4.327623126037602446e-06
4.324086447035355465e-06
4.320566223585616298e-06
4.317064904519344157e-06
4.313584797640028571e-06
4.310123714353382017e-06
4.306682976652685331e-06
4.303260454312590588e-06
4.299856128142094224e-06
4.296469650077279990e-06
4.293099502084808031e-06
4.289746965628793840e-06
4.286409996041854861e-06
4.283092906966213037e-06
4.279794162071967182e-06
4.276514496666951745e-06
4.273252430600988345e-06
4.270007994465307995e-06
4.266780586527795596e-06
4.263569926973631866e-06
4.260374513119956050e-06
4.257195372746356542e-06
4.254030678831771062e-06
4.250884783253642955e-06
4.247755194442610400e-06
4.244643191537103233e-06
4.241546961553850658e-06
4.238466837060316405e-06
4.235402158341463255e-06
4.232352639097363216e-06
4.229316910147841167e-06
4.226295860090775147e-06
4.223287944921376361e-06
4.220295763661698798e-06
4.217317912511823910e-06
4.214354780595443532e-06
4.211405628938064967e-06
4.208470268612314781e-06
4.205547961420924160e-06
4.202638676790321033e-06
4.199741439738410154e-06
4.196856249998884362e-06
4.193982548987605480e-06
4.191120835203829872e-06
4.188272258618052989e-06
4.185435282933097067e-06
4.182610744108649335e-06
4.179797031700291387e-06
4.176995012366870403e-06
4.174202817039278761e-06
4.171421761132502260e-06
4.168649650517965408e-06
4.165887991963502897e-06
4.163135569368707263e-06
4.160394893397555775e-06
4.157663258829897829e-06
4.154942484899653359e-06
4.152230576217695709e-06
4.149528552439395015e-06
4.146835293667159425e-06
4.144150987114864697e-06
4.141474683354938814e-06
4.138806852447480680e-06
4.136146713461744371e-06
4.133495028699066104e-06
4.130852428416736327e-06
4.128217986440899651e-06
4.125592331870595039e-06
4.122974119018441587e-06
4.120364223900980367e-06
4.117761207350799733e-06
4.115165714300616161e-06
4.112576794201489353e-06
4.109994940093536470e-06
4.107419488344855295e-06
4.104852294850561081e-06
4.102292419913147484e-06
4.099739903582264333e-06
4.097195008004365632e-06
4.094656956118824404e-06
4.092125994677325049e-06
4.089601268199517479e-06
4.087083035159835738e-06
4.084570573362806777e-06
4.082064362658035710e-06
4.079564436453815724e-06
4.077072408973024194e-06
4.074587397158653341e-06
4.072109506372430978e-06
4.069638907937345046e-06
4.067174997058900591e-06
4.064718022569075448e-06
4.062267167343142429e-06
4.059822440420970031e-06
4.057383512205048691e-06
4.054950551245829307e-06
4.052523911011153492e-06
4.050105003716880432e-06
4.047693222671616227e-06
4.045288366328261250e-06
4.042891140942672621e-06
4.040500660195574787e-06
4.038116962494518000e-06
4.035739492647936016e-06
4.033368185530098946e-06
4.031003062911919397e-06
4.028643955465522692e-06
4.026290783349867824e-06
4.023945263680430142e-06
4.021607386540230908e-06
4.019276861692681969e-06
4.016954372662275485e-06
4.014638569171462450e-06
4.012329814243070130e-06
4.010027689283237339e-06
4.007732303832513688e-06
4.005443156913719923e-06
4.003160464738423633e-06
4.000883468444931005e-06
3.998613170636545526e-06
3.996352649401751163e-06
3.994099190326247694e-06
3.991853748082470719e-06
3.989615498807664538e-06
3.987384610850201706e-06
3.985161224848404643e-06
3.982944630628590690e-06
3.980734624290661986e-06
3.978530972355292433e-06
3.976334214543098221e-06
3.974143838388837021e-06
3.971961838782778824e-06
3.969787588093686039e-06
3.967621054409292527e-06
3.965463153389646210e-06
3.963312045000771003e-06
3.961168528764355385e-06
3.959032032418298606e-06
3.956902673821605049e-06
3.954779995057428181e-06
3.952663617955531856e-06
3.950553504681602992e-06
3.948450800290888703e-06
3.946356731287200797e-06
3.944269939294870788e-06
3.942190533651833774e-06
3.940119457482492349e-06
3.938055365074426471e-06
3.935998826619621399e-06
3.933948712083817541e-06
3.931905912897447344e-06
3.929869485122932865e-06
3.927839544718717818e-06
3.925815549435026101e-06
3.923798555292020084e-06
3.921790349661220934e-06
3.919788811621194804e-06
3.917794438281288991e-06
3.915807896084221022e-06
3.913828064921091433e-06
3.911855526543165390e-06
3.909889041692864469e-06
3.907929599564904698e-06
3.905976227125868049e-06
3.904028835723108541e-06
3.902087330915357880e-06
3.900152498079874998e-06
3.898225400396168350e-06
3.896304675473676481e-06
3.894390562712040248e-06
3.892483870077561683e-06
3.890583138675549535e-06
3.888689182518676039e-06
3.886801133652913725e-06
3.884919319483994785e-06
3.883043230012803153e-06
3.881172313516749434e-06
3.879307859659335624e-06
3.877448617536482711e-06
3.875596103395982557e-06
3.873749893641095843e-06
3.871909818540599272e-06
3.870076698589773347e-06
3.868248862411140562e-06
3.866427054796232187e-06
3.864611160201752296e-06
3.862800370406486835e-06
3.860995404517547951e-06
3.859195566229669222e-06
3.857401167099385985e-06
3.855611425119818132e-06
3.853826683051263041e-06
3.852049496254871054e-06
3.850277127874699523e-06
3.848510330051067267e-06
3.846749643402257357e-06
3.844994014676242435e-06
3.843243987804123429e-06
3.841498847676489779e-06
3.839758879675452531e-06
3.838023626093284033e-06
3.836292723481745734e-06
3.834567212766680605e-06
3.832845997125503023e-06
3.831129828193405402e-06
3.829419633417598771e-06
3.827714465865553387e-06
3.826014744945704235e-06
3.824319702059457967e-06
3.822629637320205008e-06
3.820944705163805990e-06
3.819263982164210050e-06
3.817588226106526196e-06
3.815916720426420790e-06
3.814249129387821303e-06
3.812586152696739537e-06
3.810927464097235046e-06
3.809273867787474952e-06
3.807625308241299447e-06
3.805981700023959773e-06
3.804343235224860109e-06
3.802709052840812593e-06
3.801079593942498960e-06
3.799454899734884708e-06
3.797834193335271447e-06
3.796218105737221581e-06
3.794606036971124475e-06
3.792997615910304476e-06
3.791393555041135992e-06
3.789793535598270874e-06
3.788198099285258660e-06
3.786607717434360852e-06
3.785022015086898061e-06
3.783440998431452242e-06
3.781864230749463860e-06
3.780291924267485774e-06
3.778724138640898612e-06
3.777160265456406535e-06
3.775600669580233343e-06
3.774044813554319563e-06
3.772492556283525626e-06
3.770944634871160778e-06
3.769400272780996986e-06
3.767859626981348058e-06
3.766324990301995265e-06
3.764794085724708657e-06
3.763267407617379940e-06
3.761745704359030273e-06
3.760227788563193495e-06
3.758714037749210911e-06
3.757204611926058684e-06
3.755698828923289501e-06
3.754196873129031466e-06
3.752698773938570715e-06
3.751204444964738128e-06
3.749713138358699692e-06
3.748226150753227599e-06
3.746743962592667336e-06
3.745265795614007055e-06
3.743792076145082452e-06
3.742323027937721308e-06
3.740857673054408451e-06
3.739396545929388055e-06
3.737939619266272926e-06
3.736486274856183556e-06
3.735037022433718631e-06
3.733591226300014269e-06
3.732148843072362511e-06
3.730710480579883018e-06
3.729275406633801254e-06
3.727843745391577707e-06
3.726417804681283224e-06
3.724995296273441081e-06
3.723576717698070289e-06
3.722163035978509372e-06
3.720752701086631426e-06
3.719346334349644883e-06
3.717944049344359579e-06
3.716545130109621661e-06
3.715150161003841685e-06
3.713758606560271534e-06
3.712370052290018171e-06
3.710985560051463445e-06
3.709604227732798913e-06
3.708226166096785977e-06
3.706853610667246071e-06
3.705484277956763910e-06
3.704118699872366852e-06
3.702757731943177988e-06
3.701399957697857310e-06
3.700045997617924120e-06
3.698695885866590145e-06
3.697348959022478547e-06
3.696005848358774668e-06
3.694665961960393533e-06
3.693328926320514693e-06
3.691995813917215058e-06
3.690665660220370900e-06
3.689338549073588480e-06
3.688016848273378415e-06
3.686698190627052347e-06
3.685383128945270665e-06
3.684072605065897529e-06
3.682765100399522308e-06
3.681461280272825047e-06
3.680161219897644405e-06
3.678864239380882791e-06
3.677570898386096514e-06
3.676280547993061547e-06
3.674993378470039208e-06
3.673709669232030173e-06
3.672428534652703412e-06
3.671150933767767065e-06
3.669877510857275009e-06
3.668607274179751652e-06
3.667340810484307647e-06
3.666078086132440227e-06
3.664818464985895638e-06
3.663562450243556605e-06
3.662309744236981449e-06
3.661060294483824527e-06
3.659813835950608548e-06
3.658570647008969591e-06
3.657330502538764638e-06
3.656093014690670128e-06
3.654858722655478479e-06
3.653627337765092259e-06
3.652398748586359484e-06
3.651174843670427202e-06
3.649953600293838720e-06
3.648735497989678184e-06
3.647521407096347519e-06
3.646309924069170544e-06
3.645101685550400865e-06
3.643896753988776221e-06
3.642694564240282126e-06
3.641495473585374497e-06
3.640299045292506241e-06
3.639105511808741766e-06
3.637914900514477419e-06
3.636726486187761363e-06
3.635541395879589598e-06
3.634359413300613616e-06
3.633181090205216617e-06
3.632005711893114698e-06
3.630833288360236843e-06
3.629664599510499735e-06
3.628498447056638603e-06
3.627335303621948589e-06
3.626175371051930981e-06
3.625017952243555774e-06
3.623863612154004433e-06
3.622711711971307376e-06
3.621562561302218190e-06
3.620416229339077872e-06
3.619271922111116978e-06
3.618130830045887964e-06
3.616992677833304516e-06
3.615857885384599529e-06
3.614725914025974342e-06
3.613596691903684601e-06
3.612470974851572290e-06
3.611347622943406031e-06
3.610227118465392171e-06
3.609109601788355042e-06
3.607994496535740670e-06
3.606882176140713210e-06
3.605772218688650147e-06
3.604664853117840773e-06
3.603560052287167078e-06
3.602457407758565858e-06
3.601357519798822482e-06
3.600259976034775935e-06
3.599166404549698852e-06
3.598075021209299122e-06
3.596986286496843320e-06
3.595900956555808865e-06
3.594817826035418630e-06
3.593737419144917913e-06
3.592659810941167990e-06
3.591584642854183634e-06
3.590511858995590031e-06
3.589441689530362717e-06
3.588373913974491868e-06
3.587308009876170970e-06
3.586245004610104125e-06
3.585184004353785749e-06
3.584125322783455367e-06
3.583070131621045207e-06
3.582017222944436837e-06
3.580967254924252397e-06
3.579919824849723694e-06
3.578875353967022794e-06
3.577833180684761285e-06
3.576793538325487086e-06
3.575756596338613940e-06
3.574721798647350364e-06
3.573689592931297184e-06
3.572659436600290486e-06
3.571631705408354536e-06
3.570606231270131097e-06
3.569582797804432961e-06
3.568561835629559951e-06
3.567542830713635717e-06
3.566527585676412218e-06
3.565514257286141222e-06
3.564503524709952100e-06
3.563495629838696852e-06
3.562489867897688026e-06
3.561486694237804423e-06
3.560485887539013854e-06
3.559487526842594744e-06
3.558491188391231083e-06
3.557497376140805718e-06
3.556505470136026609e-06
3.555515740252721189e-06
3.554528307060168032e-06
3.553542578578018694e-06
3.552559351691196372e-06
3.551578034331218845e-06
3.550600278451626843e-06
3.549624307654916608e-06
3.548650751718600492e-06
3.547679969936646923e-06
3.546711184848684853e-06
3.545744814491774972e-06
3.544780751993047960e-06
3.543818993090183629e-06
3.542859132344208332e-06
3.541901714584038107e-06
3.540946055675500454e-06
3.539992547090300652e-06
3.539041098035271005e-06
3.538091507587797515e-06
3.537144095020896679e-06
3.536198388984014900e-06
3.535256203857361141e-06
3.534315676627238794e-06
3.533377636834926834e-06
3.532441892150463306e-06
3.531508571214669754e-06
3.530577268527392613e-06
3.529648115289347086e-06
3.528721312197147345e-06
3.527796376317160801e-06
3.526873500382520151e-06
3.525952616692388294e-06
3.525033896192251337e-06
3.524116623382108540e-06
3.523201788599857004e-06
3.522288483077241755e-06
3.521377230334558593e-06
3.520468495946193577e-06
3.519561999233428778e-06
3.518657672086723530e-06
3.517755248476158184e-06
3.516855567197082564e-06
3.515957498630198517e-06
3.515061610248922120e-06
3.514167740669562216e-06
3.513276057584695582e-06
3.512386009642272893e-06
3.511498156585903964e-06
3.510611907259617289e-06
3.509727532125288418e-06
3.508845057342428785e-06
3.507964249442868988e-06
3.507085374195140662e-06
3.506208049040832353e-06
3.505333796349733460e-06
3.504461042630261966e-06
3.503590567201849209e-06
3.502722012501612654e-06
3.501855924329702151e-06
3.500991353049893942e-06
3.500128793304753459e-06
3.499268316675438841e-06
3.498409655344187408e-06
3.497552632881377903e-06
3.496697735896035769e-06
3.495844391292188080e-06
3.494992702447926261e-06
3.494142928557679723e-06
3.493294540867258579e-06
3.492448190669981794e-06
3.491603220750331416e-06
3.490761317333856201e-06
3.489920756003293841e-06
3.489082372148309309e-06
3.488245785625933500e-06
3.487411590195209928e-06
3.486578818560644150e-06
3.485747960428475269e-06
3.484919089930531316e-06
3.484091987466747838e-06
3.483266431766209969e-06
3.482442867855754069e-06
3.481620759489873741e-06
3.480800323566231567e-06
3.479981595446990694e-06
3.479164396690162544e-06
3.478348913691634684e-06
3.477534869533439664e-06
3.476723434850071449e-06
3.475913474453456974e-06
3.475105606091617826e-06
3.474299309675401477e-06
3.473495335834871235e-06
3.472692703474469437e-06
3.471891956188499768e-06
3.471092945782136490e-06
3.470295741034378263e-06
3.469499975064078467e-06
3.468706043577596778e-06
3.467913468187260789e-06
3.467122730621504380e-06
3.466333125415313328e-06
3.465545546252098971e-06
3.464759029426906917e-06
3.463974320182416819e-06
3.463191304104302733e-06
3.462410712485631922e-06
3.461631403083333340e-06
3.460853893721768326e-06
3.460078274574742226e-06
3.459304438119192642e-06
3.458532127074285398e-06
3.457761455794451893e-06
3.456992561505596627e-06
3.456225193520720128e-06
3.455459248264712803e-06
3.454695123239394727e-06
3.453932280386090612e-06
3.453170934306159685e-06
3.452411084995699244e-06
3.451652713066034492e-06
3.450895760865602599e-06
3.450140210087461416e-06
3.449386776191180687e-06
3.448635051972637018e-06
3.447884943849852050e-06
3.447136297576641664e-06
3.446389793694415691e-06
3.445644592328021625e-06
3.444901052743538909e-06
3.444159054009171998e-06
3.443418747634540611e-06
3.442679785288648845e-06
3.441942325288595281e-06
3.441206492669694339e-06
3.440471929398533719e-06
3.439738719397787240e-06
3.439007017878056760e-06
3.438276621668903162e-06
3.437547650284576355e-06
3.436819969908873744e-06
3.436094328137177180e-06
3.435370277382292898e-06
3.434647745682503137e-06
3.433926619024866303e-06
3.433207464005904225e-06
3.432489611432812520e-06
3.431773277694531713e-06
3.431058399988670444e-06
3.430345117174945845e-06
3.429633167242783241e-06
3.428922526196241103e-06
3.428213524624234472e-06
3.427505631450894271e-06
3.426799115753090878e-06
3.426093889671973969e-06
3.425390133581457998e-06
3.424687450730247867e-06
3.423986198388560558e-06
3.423286471685718971e-06
3.422588832757596640e-06
3.421892242637713561e-06
3.421197263371111267e-06
3.420503733318953220e-06
3.419812055367961765e-06
3.419121404310253495e-06
3.418432281583568704e-06
3.417744581847930959e-06
3.417058414231910836e-06
3.416373366639218674e-06
3.415689787153276624e-06
3.415007380605463813e-06
3.414326462785326735e-06
3.413646459390991141e-06
3.412968076973328528e-06
3.412290517650637070e-06
3.411614592710712810e-06
3.410939625695734955e-06
3.410266831020129152e-06
3.409595142260158856e-06
3.408925027231223827e-06
3.408256072094189157e-06
3.407588993715019880e-06
3.406923016726983390e-06
3.406258448942015348e-06
3.405595176850601417e-06
3.404933355422796685e-06
3.404272789111140922e-06
3.403613367927702466e-06
3.402955428389596998e-06
3.402298455446548173e-06
3.401642913812270176e-06
3.400988241557577372e-06
3.400335202875746814e-06
3.399682804728594150e-06
3.399032069188138463e-06
3.398382209694695435e-06
3.397734564094798350e-06
3.397087719837895233e-06
3.396442507668870929e-06
3.395798355918904350e-06
3.395155988038528697e-06
3.394514572439484515e-06
3.393874541968110481e-06
3.393235744703682397e-06
3.392598299833164691e-06
3.391962021852299870e-06
3.391326825503136133e-06
3.390693043747428924e-06
3.390060158570557635e-06
3.389428643977819848e-06
3.388797920431291531e-06
3.388168762939625077e-06
3.387540194951996926e-06
3.386913222334022810e-06
3.386287045129864548e-06
3.385662922139192086e-06
3.385039729441913822e-06
3.384417950671480970e-06
3.383797221196192401e-06
3.383178149770962929e-06
3.382560173264344869e-06
3.381943375723894343e-06
3.381327741223121470e-06
3.380713405198451679e-06
3.380100337284681312e-06
3.379488212446231794e-06
3.378877365824977806e-06
3.378267544370705577e-06
3.377658950810109333e-06
3.377051192203838278e-06
3.376444722017815433e-06
3.375839153924543215e-06
3.375234732689070291e-06
3.374631317329389775e-06
3.374029299680106354e-06
3.373428878282910810e-06
3.372829305360912296e-06
3.372231105772157511e-06
3.371634018791052950e-06
3.371038490181868208e-06
3.370443750362950701e-06
3.369850296035189803e-06
3.369258001307196493e-06
3.368666921054447916e-06
3.368076803523261609e-06
3.367487752232486389e-06
3.366899973835009858e-06
3.366312988537330556e-06
3.365727227397551105e-06
3.365142196961737243e-06
3.364558594619803953e-06
3.363975522286265200e-06
3.363393874093245484e-06
3.362812961408806603e-06
3.362233767512210522e-06
3.361655600601260641e-06
3.361078528119204143e-06
3.360502551463558995e-06
3.359927790707812092e-06
3.359354401176462425e-06
3.358781784364974556e-06
3.358210360102414947e-06
3.357640044852790907e-06
3.357070870087750929e-06
3.356502571376596859e-06
3.355935297574517837e-06
3.355369221491624846e-06
3.354803910376211423e-06
3.354239718653367632e-06
3.353676239090750329e-06
3.353114122189011071e-06
3.352552475534847061e-06
3.351992210959644453e-06
3.351432625692735606e-06
3.350874686414397151e-06
3.350317769076568291e-06
3.349761847146909265e-06
3.349207014635048850e-06
3.348653262911063013e-06
3.348100955338906717e-06
3.347549318453792921e-06
3.346998828736319260e-06
3.346449394351874510e-06
3.345901058087401349e-06
3.345353618277249842e-06
3.344807104628858094e-06
3.344261754414671617e-06
3.343717086871120656e-06
3.343173632937454229e-06
3.342630781423550503e-06
3.342089158774583256e-06
3.341548171842494165e-06
3.341008265260131108e-06
3.340469173926940254e-06
3.339931248172956344e-06
3.339394793351683225e-06
3.338858991914265255e-06
3.338324403806427440e-06
3.337790710297711342e-06
3.337258416332387307e-06
3.336726810933078171e-06
3.336196301362444503e-06
3.335666696515897265e-06
3.335138138507705739e-06
3.334610612885507059e-06
3.334083874649051839e-06
3.333558073849450801e-06
3.333033299220114942e-06
3.332509299276998646e-06
3.331986140371576990e-06
3.331463832793831104e-06
3.330942625775599787e-06
3.330421866599805450e-06
3.329902393096691542e-06
3.329383501718352568e-06
3.328866160482094383e-06
3.328349664027881910e-06
3.327834065331712439e-06
3.327319453375787907e-06
3.326805810277046442e-06
3.326293439980490026e-06
3.325781659769276648e-06
3.325270951786078265e-06
3.324761173744164178e-06
3.324252358154393628e-06
3.323744422477469120e-06
3.323237223288712698e-06
3.322731052656315809e-06
3.322225682432545763e-06
3.321721171729427221e-06
3.321217373406820485e-06
3.320714431540109468e-06
3.320212451284099457e-06
3.319710982828715417e-06
3.319210672649760757e-06
3.318710938566447947e-06
3.318212753116214448e-06
3.317715323718185062e-06
3.317218768628690384e-06
3.316723154784474769e-06
3.316228452422343319e-06
3.315734998365939810e-06
3.315242087020399444e-06
3.314750247317175777e-06
3.314259239275936889e-06
3.313769160979771351e-06
3.313279975952224270e-06
3.312791502170932257e-06
3.312303906619428009e-06
3.311817225079199180e-06
3.311331243260800070e-06
3.310846050113678699e-06
3.310361562078914889e-06
3.309878163376955016e-06
3.309395115392222619e-06
3.308913239692057309e-06
3.308431908505151893e-06
3.307951756150677250e-06
3.307472688495486024e-06
3.306994222020668726e-06
3.306516804660505696e-06
3.306040137349549742e-06
3.305564691637223823e-06
3.305089861077248435e-06
3.304615905800159920e-06
3.304142758754230050e-06
3.303670515348502075e-06
3.303199165454640514e-06
3.302728452414892862e-06
3.302258549867726818e-06
3.301789611692736148e-06
3.301321185191844209e-06
3.300853764105851606e-06
3.300386827377912173e-06
3.299920819221240537e-06
3.299455480190309451e-06
3.298990769767222075e-06
3.298526957749400234e-06
3.298063764915043845e-06
3.297602055757758141e-06
3.297140879972516122e-06
3.296680556949108367e-06
3.296221037408850377e-06
3.295762360649472786e-06
3.295304788121130401e-06
3.294847705498702856e-06
3.294391588372853042e-06
3.293936187980415655e-06
3.293481609329084570e-06
3.293027907603332435e-06
3.292574821620363615e-06
3.292122463971426150e-06
3.291671002893902055e-06
3.291220077567089214e-06
3.290770043829510135e-06
3.290320472268346612e-06
3.289871864775286341e-06
3.289423780206633771e-06
3.288976390730698784e-06
3.288529759486953735e-06
3.288083800084494938e-06
3.287639266594631113e-06
3.287195201382490760e-06
3.286751989691915627e-06
3.286309526137164941e-06
3.285867861743198511e-06
3.285427279526281775e-06
3.284987163912168102e-06
3.284547965911825346e-06
3.284109431964690527e-06
3.283671698670917473e-06
3.283234839460266722e-06
3.282798541148040014e-06
3.282362938672417246e-06
3.281928223926225307e-06
3.281493965530289074e-06
3.281060640811219725e-06
3.280627741015726993e-06
3.280195659739502095e-06
3.279764235293877120e-06
3.279333306378151505e-06
3.278903314509122299e-06
3.278473792586659935e-06
3.278045509116315427e-06
3.277617912083414891e-06
3.277190898080152565e-06
3.276764767993523380e-06
3.276339298461024273e-06
3.275914879816935458e-06
3.275491000472735637e-06
3.275067812857730882e-06
3.274645388680586589e-06
3.274223692657006504e-06
3.273802763215213566e-06
3.273382458649578102e-06
3.272962759726286657e-06
3.272543856237133080e-06
3.272125590395179254e-06
3.271707933548412572e-06
3.271290902951261359e-06
3.270874422572500741e-06
3.270458878742859307e-06
3.270043639819699237e-06
3.269629207694153842e-06
3.269215314820440602e-06
3.268802115214839839e-06
3.268390199652513141e-06
3.267978643143031696e-06
3.267567907901395529e-06
3.267157808001335854e-06
3.266748445396108893e-06
3.266340049523472585e-06
3.265932084617819756e-06
3.265524905539975814e-06
3.265118330724038768e-06
3.264712526689194889e-06
3.264307444486028066e-06
3.263902877657984886e-06
3.263498962385453791e-06
3.263095814887331386e-06
3.262693155978190452e-06
3.262291202952563661e-06
3.261889749443996920e-06
3.261488871390801942e-06
3.261088868291374103e-06
3.260689121261215430e-06
3.260290217355581387e-06
3.259891781740674890e-06
3.259494015837542240e-06
3.259097497442397665e-06
3.258701299316353231e-06
3.258305906118334139e-06
3.257911115724929286e-06
3.257517013142001612e-06
3.257123860163082918e-06
3.256731117134345562e-06
3.256339110415743095e-06
3.255947703365498490e-06
3.255557008446834565e-06
3.255167006315051936e-06
3.254777547026320412e-06
3.254388655224354627e-06
3.254000482600394684e-06
3.253612879660639844e-06
3.253225825974134917e-06
3.252839388612313083e-06
3.252453391199727196e-06
3.252068258751928522e-06
3.251683449827351424e-06
3.251299253562244212e-06
3.250915685659368682e-06
3.250532608858669236e-06
3.250150715546754973e-06
3.249769284774416984e-06
3.249388377629016246e-06
3.249008237564040363e-06
3.248628642107446173e-06
3.248249947090584780e-06
3.247871792864880799e-06
3.247494130320560808e-06
3.247117147267231115e-06
3.246740814546102691e-06
3.246365107384890193e-06
3.245990013176591982e-06
3.245615424269318300e-06
3.245241396278009868e-06
3.244868097118813997e-06
3.244495140472121522e-06
3.244122968549940252e-06
3.243751123391193712e-06
3.243379884668394995e-06
3.243009343647473069e-06
3.242639050434345868e-06
3.242269588394140176e-06
3.241900491536106230e-06
3.241532026055280474e-06
3.241164686737566643e-06
3.240797631255489216e-06
3.240431272063038172e-06
3.240065482562761541e-06
3.239700293024878400e-06
3.239335966857094295e-06
3.238972041684240776e-06
3.238608697271202478e-06
3.238245974394041722e-06
3.237883839173604785e-06
3.237522341110536917e-06
3.237161388525414765e-06
3.236800913072147622e-06
3.236440993131068175e-06
3.236081748647852400e-06
3.235722849801916985e-06
3.235364684420264058e-06
3.235006825765343851e-06
3.234649554866996554e-06
3.234292933130918032e-06
3.233936546698493309e-06
3.233580977761884720e-06
3.233225746293037217e-06
3.232871098067851550e-06
3.232517556494860489e-06
3.232164288308576428e-06
3.231811653328188361e-06
3.231459600527440095e-06
3.231108078767238786e-06
3.230757409477477585e-06
3.230407164250585978e-06
3.230057413189270987e-06
3.229708271245898543e-06
3.229359708643002093e-06
3.229011715956056419e-06
3.228664304030172799e-06
3.228317337250770212e-06
3.227970867207186099e-06
3.227625089090964645e-06
3.227279629153235151e-06
3.226934825022180812e-06
3.226590385089930662e-06
3.226246418692386070e-06
3.225903204506939561e-06
3.225560211165908618e-06
3.225217783654992237e-06
3.224875882213473690e-06
3.224534403692727016e-06
3.224193906488727954e-06
3.223853885985841812e-06
3.223514242392328641e-06
3.223175334633584882e-06
3.222836826710177251e-06
3.222498988293184141e-06
3.222161861439108944e-06
3.221825003534116924e-06
3.221488831270744153e-06
3.221153096427942931e-06
3.220817960155622051e-06
3.220483368205919782e-06
3.220149235312880283e-06
3.219815538707597668e-06
3.219482383041701962e-06
3.219149804322203340e-06
3.218817562136428596e-06
3.218485951796120913e-06
3.218154619193583637e-06
3.217823823654732376e-06
3.217493626630357332e-06
3.217163637975343194e-06
3.216834348101632449e-06
3.216505383104301706e-06
3.216176920016404423e-06
3.215849466529737643e-06
3.215522331224590967e-06
3.215195627502158887e-06
3.214869571152477967e-06
3.214543922001187722e-06
3.214218987884953788e-06
3.213894630633130501e-06
3.213570544866796672e-06
3.213247131118185209e-06
3.212924121276148749e-06
3.212601700101081293e-06
3.212279796444633551e-06
3.211958326844715186e-06
3.211637262765569711e-06
3.211316725556188585e-06
3.210996736770192089e-06
3.210677057916415659e-06
3.210358006188295135e-06
3.210039206970860583e-06
3.209720899896697510e-06
3.209403207678896079e-06
3.209085698992459938e-06
3.208768816333958462e-06
3.208452293117001422e-06
3.208136201404132723e-06
3.207821070958352139e-06
3.207506318698905987e-06
3.207191906749577618e-06
3.206878181426692105e-06
3.206564811031991451e-06
3.206252011881210088e-06
3.205939932567596028e-06
3.205628106109343011e-06
3.205316834084754449e-06
3.205006017998329054e-06
3.204695693244080951e-06
3.204385899363604102e-06
3.204076553699853691e-06
3.203767607298372070e-06
3.203459088006965305e-06
3.203151170155269816e-06
3.202843528870764261e-06
3.202536422880766484e-06
3.202229684267655337e-06
3.201923299736288601e-06
3.201617563736474659e-06
3.201312089004746638e-06
3.201006936797338051e-06
3.200702460047936285e-06
3.200398233176765758e-06
3.200094548187764537e-06
3.199791721052299821e-06
3.199489096418090666e-06
3.199186998114491178e-06
3.198885368199405802e-06
3.198584167506465160e-06
3.198283636488584145e-06
3.197983546070606071e-06
3.197683729820118109e-06
3.197384516794639544e-06
3.197085669556830839e-06
3.196787360679447829e-06
3.196489507811132266e-06
3.196192047492416723e-06
3.195894964275263387e-06
3.195598325213278356e-06
3.195302220504759359e-06
3.195006340397205968e-06
3.194711064102825981e-06
3.194416017927172260e-06
3.194121371409030689e-06
3.193827353899752528e-06
3.193533526903202523e-06
3.193240052312908160e-06
3.192947170203237686e-06
3.192654548357721732e-06
3.192362492925202673e-06
3.192071206809813316e-06
3.191780124897590634e-06
3.191489553917136325e-06
3.191199420430315238e-06
3.190909699013477509e-06
3.190620615355829144e-06
3.190331976407497521e-06
3.190043578643803755e-06
3.189755769335926386e-06
3.189468309135758886e-06
3.189181345016039293e-06
3.188894829216185106e-06
3.188608708250690082e-06
3.188322940748509280e-06
3.188037568394589581e-06
3.187752741113162527e-06
3.187468148113373294e-06
3.187184052411374591e-06
3.186900295154717603e-06
3.186616839684477059e-06
3.186333948892219401e-06
3.186051338483717813e-06
3.185768958660023217e-06
3.185487267974681988e-06
3.185205761325465264e-06
3.184924668445763695e-06
3.184644454494381021e-06
3.184364478402823517e-06
3.184084831609116072e-06
3.183805770321277778e-06
3.183527010591524221e-06
3.183248744140603733e-06
3.182971110241394943e-06
3.182693691874163540e-06
3.182416707193580014e-06
3.182140158963280784e-06
3.181864031774833602e-06
3.181588299062450648e-06
3.181313077160219500e-06
3.181038115631334313e-06
3.180763553078285253e-06
3.180489417360229477e-06
3.180215716729260536e-06
3.179942263716808760e-06
3.179669338161434922e-06
3.179396609382416618e-06
3.179124253755184901e-06
3.178852484813242445e-06
3.178580862610356882e-06
3.178309584685191377e-06
3.178038842410602586e-06
3.177768332503173348e-06
3.177498299052755265e-06
3.177229020813847541e-06
3.176959912715608254e-06
3.176691210653978569e-06
3.176422978900461999e-06
3.176155063358341012e-06
3.175887679630852606e-06
3.175620811169516208e-06
3.175354146198614423e-06
3.175087931787743444e-06
3.174822095193294479e-06
3.174556665232841620e-06
3.174291626974232467e-06
3.174027027258238233e-06
3.173762683425777896e-06
3.173498731869275117e-06
3.173235182299719959e-06
3.172972038319301296e-06
3.172709125765783524e-06
3.172446710734204492e-06
3.172184476981689909e-06
3.171922592266429418e-06
3.171661276953428527e-06
3.171400104453874759e-06
3.171139220047047157e-06
3.170878888418118827e-06
3.170618750471672219e-06
3.170359020623118266e-06
3.170100087772075550e-06
3.169841333357311140e-06
3.169582894208372752e-06
3.169324972182859422e-06
3.169067329984917881e-06
3.168810129966876518e-06
3.168553507641915498e-06
3.168297092370882959e-06
3.168041040235071758e-06
3.167785380648575975e-06
3.167530116001051736e-06
3.167275225411955704e-06
3.167020761124951495e-06
3.166766594103529932e-06
3.166512734896447911e-06
3.166259236888994125e-06
3.166006199131945275e-06
3.165753354537066136e-06
3.165500940156123457e-06
3.165248841262195901e-06
3.164996981900585056e-06
3.164745557926409612e-06
3.164494486308323437e-06
3.164243568226698829e-06
3.163993161310226429e-06
3.163743007256873046e-06
3.163493157686822943e-06
3.163243935049184955e-06
3.162995150950700909e-06
3.162746558885390758e-06
3.162498445569875693e-06
3.162250662754103854e-06
3.162003200307088121e-06
3.161756258539592058e-06
3.161509740344926535e-06
3.161263403814803802e-06
3.161017502521687655e-06
3.160771936569700525e-06
3.160526735630154985e-06
3.160281880227435933e-06
3.160037466865355526e-06
3.159793279323077937e-06
3.159549413390873075e-06
3.159305923289713186e-06
3.159062839433414842e-06
3.158819918515668767e-06
3.158577469955636582e-06
3.158335243961185406e-06
3.158093290975947446e-06
3.157851784183619680e-06
3.157610544415164918e-06
3.157369474823034446e-06
3.157128917750044701e-06
3.156888560639955638e-06
3.156648518919569048e-06
3.156409078748516738e-06
3.156170033545516732e-06
3.155931179248546842e-06
3.155692764539041316e-06
3.155454663702386907e-06
3.155216882412205538e-06
3.154979562876641458e-06
3.154742677093404614e-06
3.154505967798793762e-06
3.154269623461616489e-06
3.154033623713285486e-06
3.153797982230236124e-06
3.153562661179888775e-06
3.153327744125006607e-06
3.153093071527172868e-06
3.152858685947717925e-06
3.152624622650256454e-06
3.152390983454667479e-06
3.152157526998789437e-06
3.151924414574271921e-06
3.151691640562975783e-06
3.151459051689862201e-06
3.151226813797506681e-06
3.150994991423239203e-06
3.150763285048942923e-06
3.150531906963592794e-06
3.150300935633830350e-06
3.150070159294419319e-06
3.149839743377438901e-06
3.149610031401444017e-06
3.149380459166895374e-06
3.149151140226193860e-06
3.148922295080839259e-06
3.148693681126843897e-06
3.148465425479420916e-06
3.148237674940421148e-06
3.148010171523806360e-06
3.147782873379080470e-06
3.147556020603972890e-06
3.147329426922610457e-06
3.147103181543973779e-06
3.146877278051758635e-06
3.146651707517918005e-06
3.146426358465784862e-06
3.146201326785813629e-06
3.145976625702702183e-06
3.145752283813288251e-06
3.145528080283919938e-06
3.145304330737618755e-06
3.145080773739943625e-06
3.144857453353897866e-06
3.144634520283171797e-06
3.144411879410199757e-06
3.144189367668200548e-06
3.143967271874534262e-06
3.143745448489434882e-06
3.143523860863016671e-06
3.143302678943969319e-06
3.143082086661804684e-06
3.142861622364526480e-06
3.142641436718118083e-06
3.142421688392157282e-06
3.142202157129560732e-06
3.141982973571067614e-06
3.141764274387119398e-06
3.141545792892267047e-06
3.141327512838244722e-06
3.141109664831703973e-06
3.140892057456322649e-06
3.140674775618256900e-06
3.140457826458809743e-06
3.140241198776545160e-06
3.140024778507851623e-06
3.139808650948150287e-06
3.139592840573336111e-06
3.139377387994164888e-06
3.139162075929069904e-06
3.138947138888042287e-06
3.138732451908664539e-06
3.138517957941863708e-06
3.138303789009604259e-06
3.138089987468168520e-06
3.137876289538554476e-06
3.137662882199991968e-06
3.137449870584768338e-06
3.137237014025094642e-06
3.137024461611913434e-06
3.136812563179977688e-06
3.136600819359540785e-06
3.136389244793931710e-06
3.136178154091128770e-06
3.135967262543764828e-06
3.135756654222444618e-06
3.135546487096818041e-06
3.135336642157656136e-06
3.135126951756941564e-06
3.134917592747965790e-06
3.134708521942814716e-06
3.134499765860558486e-06
3.134291297426925235e-06
3.134083151517676638e-06
3.133875247639009562e-06
3.133667578440036664e-06
3.133460168210985401e-06
3.133253122939270730e-06
3.133046308602709008e-06
3.132839682595859777e-06
3.132633444289331274e-06
3.132427321605090025e-06
3.132221467196829175e-06
3.132016014768544443e-06
3.131810739496935084e-06
3.131605607789656968e-06
3.131400876924198916e-06
3.131196358331638708e-06
3.130992066548385208e-06
3.130788129907572702e-06
3.130584764268640670e-06
3.130381509412656106e-06
3.130178473969852150e-06
3.129975859961091744e-06
3.129773437592164731e-06
3.129571305728907063e-06
3.129369616365247336e-06
3.129168188632340429e-06
3.128966908026787258e-06
3.128765986053261513e-06
3.128565314988013704e-06
3.128364939704537824e-06
3.128164836700356375e-06
3.127965061156663562e-06
3.127765509499501334e-06
3.127566181642770062e-06
3.127367099844520743e-06
3.127168365535383494e-06
3.126969855795084315e-06
3.126771517893755056e-06
3.126573563426704049e-06
3.126375726259938822e-06
3.126178139239594100e-06
3.125980903215052438e-06
3.125783892671719797e-06
3.125586996499348826e-06
3.125390438442307486e-06
3.125194161761634292e-06
3.124998056865773425e-06
3.124802232885830205e-06
3.124607013743968562e-06
3.124411920485816316e-06
