1.237656314625620814e-11
1.568878331843884298e-11
1.944174733325844775e-11
2.363524882701929168e-11
2.826542855350105065e-11
3.332525236994489869e-11
3.880490259274491907e-11
4.469181846444715935e-11
5.097130974441662244e-11
5.762667641047458135e-11
6.463948644335363127e-11
7.198982233446116425e-11
7.965649924980284634e-11
8.761744319842983120e-11
9.584977120940117354e-11
1.043299981772295487e-10
1.130344149985647306e-10
1.219386854850958613e-10
1.310188509710966738e-10
1.402507774444329081e-10
1.496104761061811987e-10
1.590746668487093242e-10
1.686207269890070747e-10
1.782263708149464817e-10
1.878701464177509861e-10
1.975322275142763991e-10
2.071930760402207033e-10
2.168345595454001579e-10
2.264402916215847570e-10
2.359941440361868175e-10
2.454823370560500816e-10
2.548917819680845731e-10
2.642108212907712917e-10
2.734298332909887560e-10
2.825391978396841287e-10
2.915328023077116813e-10
3.004032070617588694e-10
3.091471973365051551e-10
3.177604764249766930e-10
3.262417062056992344e-10
3.345897130721727110e-10
3.428051714108539032e-10
3.508896267339402388e-10
3.588453407305739612e-10
3.666767380414676867e-10
3.743878932444987993e-10
3.819841220908041623e-10
3.894719737438407395e-10
3.968581838254869648e-10
4.041502370206202647e-10
4.113564743114881805e-10
4.184851666836530748e-10
4.255449152696503704e-10
4.325457454985042101e-10
4.394968656400847405e-10
4.464071822299504731e-10
4.532875398891586196e-10
4.601474544452424751e-10
4.669958338631286491e-10
4.738429819492193996e-10
4.806984487723549142e-10
4.875706046909441361e-10
4.944688496213554845e-10
5.014021295550009449e-10
5.083781134011300157e-10
5.154044482578938033e-10
5.224884912787716132e-10
5.296373173858647259e-10
5.368571202640779659e-10
5.441522230848708247e-10
5.515285458620968248e-10
5.589905340628911735e-10
5.665414425595844609e-10
5.741837989567248092e-10
5.819199083380111406e-10
5.897518577502738424e-10
5.976795243366778712e-10
6.057029633290653440e-10
6.138212638123229157e-10
6.220335749365611135e-10
6.303368358767566290e-10
6.387280772556807218e-10
6.472033298663546464e-10
6.557581206283691154e-10
6.643874445219769876e-10
6.730859715155953045e-10
6.818463726037083891e-10
6.906608505965738593e-10
6.995227977795822724e-10
7.084242508015967747e-10
7.173552066773193479e-10
7.263071222800895882e-10
7.352699357372907975e-10
7.442334581531279247e-10
7.531885876397750423e-10
7.621241402494823122e-10
7.710275913163402691e-10
7.798899805102573171e-10
7.886998568616409523e-10
7.974457937875066178e-10
8.061173157534629339e-10
8.147011499623376846e-10
8.231889132734653569e-10
8.315693587066099474e-10
8.398308393125777590e-10
8.479650640470074471e-10
8.559601448104252314e-10
8.638079739940424069e-10
8.714977363953148109e-10
8.790246038390928213e-10
8.863767211993071077e-10
8.935481661962910133e-10
9.005341039977453462e-10
9.073236312276431126e-10
9.139159014327252314e-10
9.203031200702272807e-10
9.264833332389572478e-10
9.324512137184227679e-10
9.382063986847078625e-10
9.437449199313914552e-10
9.490665587704484325e-10
9.541702438163735922e-10
9.590575874202048344e-10
9.637289901941154969e-10
9.681875960305912342e-10
9.724339960183393979e-10
9.764730574680787511e-10
9.803065777863703456e-10
9.839425652726837768e-10
9.873831770393560374e-10
9.906396405742774324e-10
9.937103391880131847e-10
9.966095536601776329e-10
9.993386466073790690e-10
1.001911242329580952e-09
1.004331740601784940e-09
1.006611867033428772e-09
1.008759344278002451e-09
1.010783621046266113e-09
1.012694278278763895e-09
1.014499408136521126e-09
1.016214270656589444e-09
1.017843007695085047e-09
1.019401926632063961e-09
1.020895782707845094e-09
1.022339051956372016e-09
1.023740318532463515e-09
1.025108103486983805e-09
1.026457100586342527e-09
1.027790974108304392e-09
1.029127065252519420e-09
1.030468291912495025e-09
1.031827133705222769e-09
1.033213155120278766e-09
1.034631819334884351e-09
1.036097663229065462e-09
1.037611292884012619e-09
1.039183905207079752e-09
1.040823107567925764e-09
1.042532349919833420e-09
1.044323927959824676e-09
1.046200156115430654e-09
1.048165974315886964e-09
1.050226651094214127e-09
1.052385217852951937e-09
1.054646750230572533e-09
1.057013720300673411e-09
1.059489441947311805e-09
1.062077995263343679e-09
1.064779578189780896e-09
1.067595023663089581e-09
1.070524126952759406e-09
1.073567110547875835e-09
1.076724433847345724e-09
1.079993836289639439e-09
1.083375877350606554e-09
1.086866954747353163e-09
1.090465331171629310e-09
1.094169562162268176e-09
1.097973783682382649e-09
1.101874703153441097e-09
1.105870947852673376e-09
1.109953131973427083e-09
1.114120228648395840e-09
1.118368114249877170e-09
1.122685548638749610e-09
1.127072163656113102e-09
1.131521782475665449e-09
1.136022738854390603e-09
1.140574160437026654e-09
1.145169633389511829e-09
1.149796365223383164e-09
1.154453134364929485e-09
1.159134119622572436e-09
1.163824796910454045e-09
1.168523204668351572e-09
1.173224169240199011e-09
1.177915354153602420e-09
1.182591856425844557e-09
1.187251143845312157e-09
1.191880264936781548e-09
1.196473619614713851e-09
1.201030177693815813e-09
1.205536900446529259e-09
1.209987917095437702e-09
1.214381900955335171e-09
1.218711240664920000e-09
1.222967973694941992e-09
1.227148859068381357e-09
1.231250040491721687e-09
1.235263562931954368e-09
1.239187779587623348e-09
1.243020396030439482e-09
1.246754010656222581e-09
1.250385761586812823e-09
1.253915792903838024e-09
1.257340422635809298e-09
1.260652962279702879e-09
1.263854678144480958e-09
1.266945842449327424e-09
1.269923693040977106e-09
1.272786672689061146e-09
1.275536173486934399e-09
1.278171813136864036e-09
1.280690705069679820e-09
1.283095427104425269e-09
1.285386880811058038e-09
1.287565825067571395e-09
1.289636186407688903e-09
1.291597561668873958e-09
1.293449403561963516e-09
1.295198234292267504e-09
1.296846598469843951e-09
1.298394087602466131e-09
1.299845018577667857e-09
1.301206137586710559e-09
1.302477915610353156e-09
1.303662359437730794e-09
1.304766533291859839e-09
1.305794768117050563e-09
1.306747734668105983e-09
1.307628671399475892e-09
1.308447438633610679e-09
1.309209300330876438e-09
1.309913190258110566e-09
1.310562963710918782e-09
1.311168837496155237e-09
1.311736801342455481e-09
1.312264394686605678e-09
1.312758506111399646e-09
1.313226280677237165e-09
1.313673675486103447e-09
1.314098082111948823e-09
1.314507210492181173e-09
1.314908778972333870e-09
1.315308291933810663e-09
1.315702470901178492e-09
1.316099036661807895e-09
1.316503903250029184e-09
1.316922682551608982e-09
1.317352008206151996e-09
1.317799242217724642e-09
1.318267666784734483e-09
1.318761899159215874e-09
1.319281718718202813e-09
1.319830029436069111e-09
1.320410950660353882e-09
1.321026081250448362e-09
1.321683015022160809e-09
1.322375967039569986e-09
1.323107815393575721e-09
1.323884631903541040e-09
1.324707105773705347e-09
1.325574761631311539e-09
1.326484703866436160e-09
1.327444971810394921e-09
1.328453037760039771e-09
1.329507365441126363e-09
1.330612233270672583e-09
1.331762581270389646e-09
1.332959867627348586e-09
1.334208583216929772e-09
1.335503117042089430e-09
1.336842246924281922e-09
1.338226601905246337e-09
1.339656078073230637e-09
1.341129872177626519e-09
1.342645883405332969e-09
1.344200231149679269e-09
1.345792308212450200e-09
1.347424001145792303e-09
1.349091390540984940e-09
1.350793039236564762e-09
1.352521786630400894e-09
1.354281004455592146e-09
1.356068880413017718e-09
1.357883511518091895e-09
1.359718252336769302e-09
1.361574721670773128e-09
1.363447196147595533e-09
1.365340341852043771e-09
1.367247447550832587e-09
1.369164643172925290e-09
1.371091098890069623e-09
1.373024035992815015e-09
1.374964146029961597e-09
1.376912047622757972e-09
1.378854593994005631e-09
1.380794279021121272e-09
1.382732016783018646e-09
1.384664488542406429e-09
1.386594256284767723e-09
1.388506864440607312e-09
1.390409250321598028e-09
1.392300257987832454e-09
1.394176036002998736e-09
1.396040234540439526e-09
1.397879895844314194e-09
1.399701167679753911e-09
1.401503296561983002e-09
1.403282994810040806e-09
1.405043997613569842e-09
1.406774019070028354e-09
1.408478643398307580e-09
1.410156575379152050e-09
1.411806167983465609e-09
1.413431118834317822e-09
1.415022164382350821e-09
1.416583940100733494e-09
1.418113384281013640e-09
1.419613051449490469e-09
1.421083670871753063e-09
1.422520312220478364e-09
1.423926193680220687e-09
1.425297201084238534e-09
1.426636370260818844e-09
1.427945559562528459e-09
1.429221548116806941e-09
1.430465174428038558e-09
1.431675660172206456e-09
1.432853308554680271e-09
1.433998325446817835e-09
1.435113706957678308e-09
1.436198289097232550e-09
1.437250561599118162e-09
1.438272536758846192e-09
1.439265140924073236e-09
1.440227866203256211e-09
1.441164112715685569e-09
1.442073124843121400e-09
1.442955783032637239e-09
1.443809508541394262e-09
1.444638456721125796e-09
1.445444521261554450e-09
1.446227297001675262e-09
1.446987852398774064e-09
1.447726379900721708e-09
1.448444407944722545e-09
1.449139593804404079e-09
1.449819398631686184e-09
1.450481587505652982e-09
1.451129946936217431e-09
1.451758876762401780e-09
1.452374138608854115e-09
1.452973487238061961e-09
1.453565039794552125e-09
1.454145654500112597e-09
1.454715872209103000e-09
1.455275629894331127e-09
1.455825775865249351e-09
1.456368845713000045e-09
1.456907567008081332e-09
1.457441974716410323e-09
1.457972813571853554e-09
1.458499213444595836e-09
1.459019568166278039e-09
1.459540600083522383e-09
1.460060540688149696e-09
1.460582282919944418e-09
1.461104518594753030e-09
1.461627046597837096e-09
1.462148153343824885e-09
1.462674204818681071e-09
1.463203447916329490e-09
1.463738200273100295e-09
1.464277602038717204e-09
1.464820897097308450e-09
1.465366792755497281e-09
1.465919985910237896e-09
1.466479769712535811e-09
1.467046859807293271e-09
1.467621578573264767e-09
1.468202413727090696e-09
1.468788920179427054e-09
1.469382788168638219e-09
1.469985082118015615e-09
1.470595813784111851e-09
1.471215031011053557e-09
1.471841867851912465e-09
1.472475670066381049e-09
1.473116692698726706e-09
1.473766147882213713e-09
1.474424247143468314e-09
1.475090224936098013e-09
1.475765774585505233e-09
1.476447372879983441e-09
1.477137603520822921e-09
1.477833036133113392e-09
1.478537354870777068e-09
1.479246997970858656e-09
1.479965834865149671e-09
1.480689892942657711e-09
1.481421866329976117e-09
1.482158098809388065e-09
1.482901358213249941e-09
1.483649113924090962e-09
1.484402389734752604e-09
1.485161637348715048e-09
1.485925358896737173e-09
1.486695091930891934e-09
1.487465858189070646e-09
1.488241835151742383e-09
1.489018913936857141e-09
1.489800986351111134e-09
1.490585247595777272e-09
1.491374386766867282e-09
1.492163659722840845e-09
1.492954397605753071e-09
1.493746074012089639e-09
1.494537984931409056e-09
1.495332141373783696e-09
1.496125006204072081e-09
1.496921037728245142e-09
1.497713655449906056e-09
1.498506366671100329e-09
1.499296655927644253e-09
1.500085467655980062e-09
1.500873558821990320e-09
1.501660299649068682e-09
1.502445861270295974e-09
1.503226518519473465e-09
1.504004104175721305e-09
1.504777278711689078e-09
1.505546564197457311e-09
1.506312437870579079e-09
1.507074957503002724e-09
1.507833228662677529e-09
1.508585563944498153e-09
1.509332014102612618e-09
1.510072977371877184e-09
1.510807613267637196e-09
1.511537093193445316e-09
1.512261159564927922e-09
1.512978980308202829e-09
1.513690158118495662e-09
1.514393794638618262e-09
1.515090792867565513e-09
1.515780282081275672e-09
1.516462819041784159e-09
1.517138824498480015e-09
1.517806745449872547e-09
1.518467861245922610e-09
1.519120262061922566e-09
1.519765098444231368e-09
1.520401844859197824e-09
1.521029888000043330e-09
1.521650937000584434e-09
1.522262812580705470e-09
1.522868002650211325e-09
1.523464450339143846e-09
1.524053039785125590e-09
1.524633903915088376e-09
1.525206068962088941e-09
1.525771127068811946e-09
1.526326978710903774e-09
1.526875750206752444e-09
1.527417029443065383e-09
1.527950476174979484e-09
1.528477612362874902e-09
1.528996896701263934e-09
1.529508627673969278e-09
1.530012497745165356e-09
1.530508609303268389e-09
1.530999546507826724e-09
1.531483587706803296e-09
1.531961473793299623e-09
1.532433294854563602e-09
1.532898103690046265e-09
1.533357136107582767e-09
1.533808455635338346e-09
1.534255164544386337e-09
1.534696933775661623e-09
1.535134010779913577e-09
1.535566220385765623e-09
1.535994261674655420e-09
1.536416738846135478e-09
1.536834377996369647e-09
1.537247141538270892e-09
1.537656931313923067e-09
1.538063264053310326e-09
1.538467039517180891e-09
1.538867239042205698e-09
1.539264980710220761e-09
1.539658948704180741e-09
1.540049600082071359e-09
1.540437927649886604e-09
1.540824268003961335e-09
1.541209364247623667e-09
1.541593129732711819e-09
1.541975112849713328e-09
1.542356377864424428e-09
1.542735164281068233e-09
1.543112681694788029e-09
1.543489626044066021e-09
1.543865569256648641e-09
1.544241929932397165e-09
1.544618144453272384e-09
1.544994024637670178e-09
1.545370683668862971e-09
1.545746162425156470e-09
1.546122126080019004e-09
1.546498948619010864e-09
1.546875410262741062e-09
1.547253594881004688e-09
1.547632703755150578e-09
1.548012594339459878e-09
1.548394096536300226e-09
1.548775860738629134e-09
1.549158968741523504e-09
1.549543525550599016e-09
1.549928068331022212e-09
1.550314478026985948e-09
1.550702733096390970e-09
1.551091155067351675e-09
1.551481446989605769e-09
1.551872897689989398e-09
1.552265190054918107e-09
1.552659177750335044e-09
1.553053826074871686e-09
1.553449926464350212e-09
1.553847115593583191e-09
1.554244895189152828e-09
1.554643946303929898e-09
1.555044387345841235e-09
1.555445287762174882e-09
1.555848131795529422e-09
1.556251703948662461e-09
1.556655492716244254e-09
1.557060118000329865e-09
1.557465064462103719e-09
1.557870798606615876e-09
1.558277186878608123e-09
1.558684028967361579e-09
1.559091600587725405e-09
1.559499547927420086e-09
1.559906848993549157e-09
1.560313980433058735e-09
1.560720453030158731e-09
1.561126490513712913e-09
1.561532172895909314e-09
1.561937309321696074e-09
1.562341800990304723e-09
1.562745868329817511e-09
1.563148926461006509e-09
1.563550603787539906e-09
1.563951204231456622e-09
1.564349814827558881e-09
1.564747527878102600e-09
1.565143525306094175e-09
1.565538225327764741e-09
1.565931742398110422e-09
1.566323585933184398e-09
1.566713279834626735e-09
1.567101249353674241e-09
1.567487221172316300e-09
1.567870613540714675e-09
1.568252184088481656e-09
1.568631353497028262e-09
1.569008443346383386e-09
1.569383699103717291e-09
1.569755974786061030e-09
1.570125588123744924e-09
1.570492755766951929e-09
1.570857187221762317e-09
1.571218707066660095e-09
1.571577430877305682e-09
1.571933329247097431e-09
1.572286392434494703e-09
1.572636957839521041e-09
1.572984002982897779e-09
1.573327991015623032e-09
1.573669243085606539e-09
1.574007716088135708e-09
1.574342681376683425e-09
1.574674656365626860e-09
1.575003951564009587e-09
1.575329932138173867e-09
1.575652924303999618e-09
1.575972631545361380e-09
1.576289365751701733e-09
1.576603564125362974e-09
1.576914655216559857e-09
1.577222928566630913e-09
1.577528193320193411e-09
1.577830971761402220e-09
1.578130840984573879e-09
1.578427490395299775e-09
1.578721240122403132e-09
1.579012233812414766e-09
1.579300629164671482e-09
1.579586547623514710e-09
1.579870110850999814e-09
1.580151356895780613e-09
1.580429924230298584e-09
1.580706187765563687e-09
1.580979915998207016e-09
1.581251018520034596e-09
1.581519662321937617e-09
1.581786300680032040e-09
1.582050715538589613e-09
1.582313422006800574e-09
1.582574397144961303e-09
1.582832938104322758e-09
1.583090011620131254e-09
1.583345287224136780e-09
1.583598185554406092e-09
1.583849398537264553e-09
1.584098745302392037e-09
1.584346777688114086e-09
1.584593387478361626e-09
1.584838894947210800e-09
1.585083265321643015e-09
1.585325813757984189e-09
1.585567546306382532e-09
1.585808021798991890e-09
1.586046790853731754e-09
1.586284443584890713e-09
1.586521009890084828e-09
1.586756478042209119e-09
1.586991301617811544e-09
1.587225244946849016e-09
1.587458531993435465e-09
1.587690666964702319e-09
1.587922223781057880e-09
1.588153094796856824e-09
1.588382695404186462e-09
1.588611664464743245e-09
1.588840029891571506e-09
1.589067474150548165e-09
1.589294607565969411e-09
1.589521230563968853e-09
1.589747147611291957e-09
1.589972481627639492e-09
1.590197488213144226e-09
1.590421834228424516e-09
1.590645435301719624e-09
1.590868746720517891e-09
1.591091368461929446e-09
1.591313327506931509e-09
1.591534966740416830e-09
1.591755990771225583e-09
1.591976482043787675e-09
1.592196370649429945e-09
1.592415867566357890e-09
1.592634807864518098e-09
1.592852989844190003e-09
1.593070830876226153e-09
1.593287938551437910e-09
1.593504389678673669e-09
1.593720313471651480e-09
1.593935557251855421e-09
1.594150288561244405e-09
1.594364180471239699e-09
1.594577604886380612e-09
1.594790465277502070e-09
1.595002479329515372e-09
1.595213896281865248e-09
1.595424696515481928e-09
1.595634680304628661e-09
1.595843685259689133e-09
1.596052197743011190e-09
1.596259770673069043e-09
1.596466462901778042e-09
1.596672455083067861e-09
1.596877671735880425e-09
1.597082073075144376e-09
1.597285449892158985e-09
1.597488229148274257e-09
1.597689974143577398e-09
1.597890457539388450e-09
1.598089881255127148e-09
1.598288306428374310e-09
1.598485463663444348e-09
1.598681402405223814e-09
1.598876389811874738e-09
1.599070093750859719e-09
1.599262717189140020e-09
1.599454079396023603e-09
1.599644179646238508e-09
1.599833178705976379e-09
1.600020739593932499e-09
1.600207039680294948e-09
1.600392155412103321e-09
1.600576018775424369e-09
1.600758331622270719e-09
1.600939677531046069e-09
1.601119668195046746e-09
1.601298196258140642e-09
1.601475523578081858e-09
1.601651389817805130e-09
1.601826107647280665e-09
1.601999325743546285e-09
1.602171242729045240e-09
1.602342073202221694e-09
1.602511499218505548e-09
1.602679369150396565e-09
1.602846336284463025e-09
1.603011783070986087e-09
1.603175861689526331e-09
1.603338659801541787e-09
1.603499962961947578e-09
1.603660072045283809e-09
1.603818601823613047e-09
1.603975779268677932e-09
1.604131728149528288e-09
1.604286294862033084e-09
1.604439150120479716e-09
1.604590977991323363e-09
1.604741330276013536e-09
1.604890279457905772e-09
1.605037647745942495e-09
1.605183655289280652e-09
1.605328364995667573e-09
1.605471696778634402e-09
1.605613760275842814e-09
1.605754726740149387e-09
1.605894484012480503e-09
1.606032822960401486e-09
1.606169999781765815e-09
1.606305975882476776e-09
1.606440896222131689e-09
1.606574151237440529e-09
1.606706281367187381e-09
1.606837295139769795e-09
1.606967203783999152e-09
1.607095807955799834e-09
1.607223561540754478e-09
1.607350329788163448e-09
1.607476071373737704e-09
1.607600439232179116e-09
1.607724095484344905e-09
1.607846711389965361e-09
1.607968081826446545e-09
1.608088353071249926e-09
1.608207574864565537e-09
1.608325800635312629e-09
1.608442919120088754e-09
1.608558996072804292e-09
1.608674165261964618e-09
1.608788482034059083e-09
1.608901587221475452e-09
1.609013650180676030e-09
1.609124944032637013e-09
1.609235237009622568e-09
1.609344234455670999e-09
1.609452341678363671e-09
1.609559354834424181e-09
1.609665505183037719e-09
1.609770574129981453e-09
1.609874836633068847e-09
1.609978292778326683e-09
1.610080874572666663e-09
1.610182396071181041e-09
1.610283133893985439e-09
1.610383025809304524e-09
1.610482145319414911e-09
1.610580047226446501e-09
1.610677176295488496e-09
1.610773495413759226e-09
1.610868971272515219e-09
1.610963467949769094e-09
1.611057262744090011e-09
1.611150390095969954e-09
1.611242726086639409e-09
1.611334022173636032e-09
1.611424706444764385e-09
1.611514630716904304e-09
1.611603824487316431e-09
1.611691918625163490e-09
1.611779401701365563e-09
1.611865854129053240e-09
1.611951658264358305e-09
1.612036358903999405e-09
1.612120292665983532e-09
1.612203435513765575e-09
1.612285774235782225e-09
1.612367133775965884e-09
1.612447577443908224e-09
1.612527361632677347e-09
1.612606263155047351e-09
1.612684106603068007e-09
1.612761102646075569e-09
1.612837187349626132e-09
1.612912449300792833e-09
1.612986680338251034e-09
1.613060019402701045e-09
1.613132641957348762e-09
1.613204312248440419e-09
1.613275208976601392e-09
1.613344898990523716e-09
1.613414069820729540e-09
1.613482220450208413e-09
1.613549601463069869e-09
1.613615833972046743e-09
1.613681339302742090e-09
1.613746027182288685e-09
1.613809784658843012e-09
1.613872581030273147e-09
1.613934552641586636e-09
1.613995844686307478e-09
1.614056236030106615e-09
1.614115624768468483e-09
1.614174184682940793e-09
1.614232015598176176e-09
1.614289036334338445e-09
1.614344990069383629e-09
1.614400075515917668e-09
1.614454261358867801e-09
1.614507581502216670e-09
1.614559987311549285e-09
1.614611307788449826e-09
1.614661876046988210e-09
1.614711490205795009e-09
1.614760362869974548e-09
1.614807978851919867e-09
1.614854931098847717e-09
1.614900950217223181e-09
1.614946169512495926e-09
1.614990166462959732e-09
1.615033343221825416e-09
1.615075496418136703e-09
1.615116837263860332e-09
1.615157131610634668e-09
1.615196432108009391e-09
1.615234948606081079e-09
1.615272573819027974e-09
1.615309295367430465e-09
1.615344870660721587e-09
1.615379743465418106e-09
1.615413756179955965e-09
1.615446855595776826e-09
1.615478820167111995e-09
1.615509954050754251e-09
1.615540207257863070e-09
1.615569647594914805e-09
1.615598093390216755e-09
1.615625608580694367e-09
1.615652333354601751e-09
1.615678336683747307e-09
1.615703456965990663e-09
1.615727505410591894e-09
1.615750810390883390e-09
1.615773362946679321e-09
1.615795120472884183e-09
1.615815786500687249e-09
1.615835563439033740e-09
1.615854510292536548e-09
1.615872461352434431e-09
1.615889745700622694e-09
1.615905897505872601e-09
1.615921347336207066e-09
1.615935978523260080e-09
1.615949849397326899e-09
1.615962842895807234e-09
1.615974722901484156e-09
1.615986090906184710e-09
1.615996514723258959e-09
1.616006239925094542e-09
1.616014709209507100e-09
1.616022526845665299e-09
1.616029379791698531e-09
1.616035493985869978e-09
1.616040657526675145e-09
1.616044923622837806e-09
1.616048558450325734e-09
1.616051365329577499e-09
1.616053339557244140e-09
1.616054304984552469e-09
1.616054582952476181e-09
1.616054214983165920e-09
1.616052951667770368e-09
1.616050715143282156e-09
1.616047618040598723e-09
1.616043818537663576e-09
1.616039164833103115e-09
1.616033727661778496e-09
1.616027377715673079e-09
1.616020300263391741e-09
1.616012562179343721e-09
1.616004062937427227e-09
1.615994817824767161e-09
1.615984490001506690e-09
1.615973678767278798e-09
1.615962053764675677e-09
1.615949740302130271e-09
1.615936402588650762e-09
1.615922297339574821e-09
1.615907455494269772e-09
1.615891685287619643e-09
1.615875328784781194e-09
1.615857952317789451e-09
1.615839906726863984e-09
1.615821165422284004e-09
1.615801648813558151e-09
1.615781560038708639e-09
1.615760237511898667e-09
1.615738528927158236e-09
1.615715929947835659e-09
1.615692805969220568e-09
1.615668569123481480e-09
1.615643618309700685e-09
1.615617849964203746e-09
1.615591415085999071e-09
1.615564172115697966e-09
1.615536030862985831e-09
1.615507134766605711e-09
1.615477740311442757e-09
1.615447543185855980e-09
1.615416584467800036e-09
1.615384662591226748e-09
1.615352171112127954e-09
1.615319097394823492e-09
1.615285166880200952e-09
1.615250444483078703e-09
1.615214786376765992e-09
1.615178602659212549e-09
1.615141540444581148e-09
1.615103835826431351e-09
1.615065248140368966e-09
1.615025892549622161e-09
1.614985862628666856e-09
1.614945175897022991e-09
1.614903693090893508e-09
1.614861409613470307e-09
1.614818237417663754e-09
1.614774607928125005e-09
1.614730109983646371e-09
1.614685005618998603e-09
1.614638816134669614e-09
1.614592023965388266e-09
1.614544449975763052e-09
1.614496028937639587e-09
1.614447013833620311e-09
1.614397039658183096e-09
1.614346398732158772e-09
1.614295116230127537e-09
1.614243055842650609e-09
1.614190464793995310e-09
1.614136761440698831e-09
1.614082507383306867e-09
1.614027547892722755e-09
1.613971944525907884e-09
1.613915621654400594e-09
1.613858200665723118e-09
1.613800221358421746e-09
1.613741421417146061e-09
1.613682104374829222e-09
1.613621875979489622e-09
1.613560819321419791e-09
1.613499104857232251e-09
1.613436929274594798e-09
1.613373933386539171e-09
1.613310281217686884e-09
1.613245624285613982e-09
1.613180522423760218e-09
1.613114835997834338e-09
1.613048317549476908e-09
1.612981098208818021e-09
1.612912942654305780e-09
1.612844324285871525e-09
1.612774831221502381e-09
1.612704718231089934e-09
1.612633859959548255e-09
1.612562100469187090e-09
1.612489734955703486e-09
1.612416723219360443e-09
1.612343022364143038e-09
1.612268659573439588e-09
1.612193281437972973e-09
1.612117348978006767e-09
1.612040839863552181e-09
1.611963517458088298e-09
1.611885585970091762e-09
1.611806552661306565e-09
1.611727043867764013e-09
1.611646713796617913e-09
1.611565655497415372e-09
1.611483975349719067e-09
1.611401421917423433e-09
1.611318244578360517e-09
1.611234479739065182e-09
1.611149964881708120e-09
1.611064926127111273e-09
1.610979025703764286e-09
1.610892298985632464e-09
1.610805163324046892e-09
1.610717205679603583e-09
1.610628837547277602e-09
1.610539362198711980e-09
1.610449313134796129e-09
1.610358491387821612e-09
1.610267090491251115e-09
1.610175056860655429e-09
1.610082235882081433e-09
1.609988661132113680e-09
1.609894561859557600e-09
1.609799986161160781e-09
1.609704647163242165e-09
1.609608721954748424e-09
1.609511839329280688e-09
1.609414593460020095e-09
1.609316794717217423e-09
1.609218220337163246e-09
1.609119079894668432e-09
1.609019005863129784e-09
1.608918485144299627e-09
1.608817277158321626e-09
1.608715313792083577e-09
1.608612797417555728e-09
1.608509441417896601e-09
1.608405463691008387e-09
1.608300874166036288e-09
1.608195647639779655e-09
1.608089755240160952e-09
1.607983216702882414e-09
1.607875686974762753e-09
1.607767793579581915e-09
1.607659278947193785e-09
1.607550049868157245e-09
1.607440146878789086e-09
1.607329270665852606e-09
1.607217963894405790e-09
1.607105878410580823e-09
1.606993122851978020e-09
1.606879773856798413e-09
1.606765605259635027e-09
1.606650891952126873e-09
1.606535583905480606e-09
1.606419655879437887e-09
1.606303081681241901e-09
1.606186001104498889e-09
1.606067844592426433e-09
1.605949414879803007e-09
1.605830288671756670e-09
1.605710609576685212e-09
1.605590317294859056e-09
1.605469021441614111e-09
1.605347282646468753e-09
1.605224845237904525e-09
1.605101894754766212e-09
1.604978290085087113e-09
1.604853971450344157e-09
1.604728977080591868e-09
1.604603525074489173e-09
1.604477593295193955e-09
1.604350980192953494e-09
1.604223827867719014e-09
1.604095794577265063e-09
1.603967371306638342e-09
1.603838492526259852e-09
1.603708869623549450e-09
1.603578760642710460e-09
1.603447842693873490e-09
1.603316354493753262e-09
1.603184362276438500e-09
1.603051561461371801e-09
1.602918335415086065e-09
1.602784425386965725e-09
1.602649710923962598e-09
1.602514460710965972e-09
1.602378696521685674e-09
1.602242296027606918e-09
1.602105333728420702e-09
1.601967664317692876e-09
1.601829116049815371e-09
1.601690275630679063e-09
1.601550797537677665e-09
1.601410682050977252e-09
1.601269962400987289e-09
1.601128292401040894e-09
1.600986204280237289e-09
1.600843471044830831e-09
1.600700026763480898e-09
1.600556073105881397e-09
1.600411393665619500e-09
1.600266125520253904e-09
1.600120249729912842e-09
1.599973909531920880e-09
1.599826922560001756e-09
1.599679435158122261e-09
1.599531217237888645e-09
1.599382269162515914e-09
1.599233027461683093e-09
1.599083048394764167e-09
1.598932666231896678e-09
1.598781512490422076e-09
1.598629573356010543e-09
1.598477214046521467e-09
1.598324213497687990e-09
1.598170704627425662e-09
1.598016614886783526e-09
1.597861857426760347e-09
1.597706487160154680e-09
1.597550613293832535e-09
1.597394329705596966e-09
1.597237465760660750e-09
1.597080070239353532e-09
1.596921947913319553e-09
1.596763227132203995e-09
1.596604200038497547e-09
1.596444539081333501e-09
1.596284368139693984e-09
1.596123614539889201e-09
1.595962031603673752e-09
1.595800104112405179e-09
1.595637589617791582e-09
1.595474376297256417e-09
1.595310766531222095e-09
1.595146488092315638e-09
1.594981512678965978e-09
1.594816031868436370e-09
1.594650097549187612e-09
1.594483571682394417e-09
1.594316543500827108e-09
1.594148904103345629e-09
1.593980376155646616e-09
1.593811593490664704e-09
1.593642287794749262e-09
1.593472328218928889e-09
1.593301939794628659e-09
1.593130674428019151e-09
1.592958901074161760e-09
1.592786629620925375e-09
1.592613622962033209e-09
1.592440208476215685e-09
1.592266168990015390e-09
1.592091466097105613e-09
1.591916291501804548e-09
1.591740579563525561e-09
1.591564411737307828e-09
1.591387613072549280e-09
1.591210389858168520e-09
1.591032435565349645e-09
1.590853876215472568e-09
1.590675034512208326e-09
1.590495533092452750e-09
1.590315583470010781e-09
1.590135030913056063e-09
1.589953684279422342e-09
1.589771966502007323e-09
1.589589688798012016e-09
1.589406868048621078e-09
1.589223615114813592e-09
1.589039732127376974e-09
1.588855233547248129e-09
1.588670250212479675e-09
1.588484901683012890e-09
1.588299057936726108e-09
1.588112655986958972e-09
1.587925816740716384e-09
1.587738205554223321e-09
1.587550189604599170e-09
1.587361835917296349e-09
1.587172865880513758e-09
1.586983505626488434e-09
1.586793527139327648e-09
1.586602796694035726e-09
1.586411762941300079e-09
1.586220196353307258e-09
1.586027945358722587e-09
1.585835380997019891e-09
1.585642228067360042e-09
1.585448383330654276e-09
1.585254108474588361e-09
1.585059417088333555e-09
1.584864176001270628e-09
1.584668421511408349e-09
1.584472292875099148e-09
1.584275367748646072e-09
1.584077932225037116e-09
1.583880234346786665e-09
1.583681908561027180e-09
1.583483121544486656e-09
1.583283879947035473e-09
1.583083758151988428e-09
1.582883313510085382e-09
1.582682350269282530e-09
1.582480742916667881e-09
1.582278781073981925e-09
1.582076228716734681e-09
1.581873085958498046e-09
1.581669497981463643e-09
1.581465384294919452e-09
1.581260911822258724e-09
1.581055887960596964e-09
1.580850400814843729e-09
1.580644406248626768e-09
1.580437623652090210e-09
1.580230635864965465e-09
1.580023212327531270e-09
1.579815168579586360e-09
1.579606766802229738e-09
1.579397684209651332e-09
1.579188019413691562e-09
1.578978005559507412e-09
1.578767469974138631e-09
1.578556461970288306e-09
1.578345009457113025e-09
1.578133013969017902e-09
1.577920454500826616e-09
1.577707462133948323e-09
1.577494124257864070e-09
1.577280347013630521e-09
1.577066052785732748e-09
1.576851371349048128e-09
1.576636036547874816e-09
1.576420206979454170e-09
1.576204134656436644e-09
1.575987517812664147e-09
1.575770448708470763e-09
1.575553015705605631e-09
1.575334833274127675e-09
1.575116237091787687e-09
1.574897269396992001e-09
1.574677680225768391e-09
1.574457655412099682e-09
1.574237291804690816e-09
1.574016335403838074e-09
1.573794826220267684e-09
1.573572907037264776e-09
1.573350653190386354e-09
1.573127862654499002e-09
1.572904626942000092e-09
1.572681074745649327e-09
1.572456786545496207e-09
1.572232020651351752e-09
1.572007048856649992e-09
1.571781503891296436e-09
1.571555510731114705e-09
1.571329188208292570e-09
1.571102110264843973e-09
1.570874612287600281e-09
1.570646717259692097e-09
1.570418282867507445e-09
1.570189439638658061e-09
1.569960151098945706e-09
1.569730372610478523e-09
1.569500051068509340e-09
1.569269291733839056e-09
1.569038207065476978e-09
1.568806725200866619e-09
1.568574710762636314e-09
1.568342318461436595e-09
1.568109425396095538e-09
1.567875877614073642e-09
1.567642141877922291e-09
1.567408024811343118e-09
1.567173332977239977e-09
1.566938324115992754e-09
1.566702727672787668e-09
1.566466545454104459e-09
1.566230086670147703e-09
1.565993178315016949e-09
1.565755771082791989e-09
1.565518050544908523e-09
1.565279783885096575e-09
1.565041060213041992e-09
1.564801947182523588e-09
1.564562364568106164e-09
1.564322480028711973e-09
1.564082217378442339e-09
1.563841453484183894e-09
1.563600333650881864e-09
1.563358567022063257e-09
1.563116460690763872e-09
1.562874107830028880e-09
1.562631245758149572e-09
1.562387966452977851e-09
1.562144365980705800e-09
1.561900087774625184e-09
1.561655413850468042e-09
1.561410433213281876e-09
1.561164923502194217e-09
1.560918933741718427e-09
1.560672684997775728e-09
1.560425966234340700e-09
1.560178681182313854e-09
1.559931088845428027e-09
1.559683076606682414e-09
1.559434691436204609e-09
1.559185876261841068e-09
1.558936775024019879e-09
1.558687232317506946e-09
1.558436965914232967e-09
1.558186492736650802e-09
1.557935729553516342e-09
1.557684429777904929e-09
1.557432823593170648e-09
1.557180872726245584e-09
1.556928191869617527e-09
1.556675208981802713e-09
1.556421840638244925e-09
1.556168000869649510e-09
1.555913815415327792e-09
1.555659266484858182e-09
1.555404230543696562e-09
1.555148737796012126e-09
1.554892888583445389e-09
1.554636637759802007e-09
1.554380142477817835e-09
1.554123228362939383e-09
1.553865877734346493e-09
1.553608189116033000e-09
1.553349879229327507e-09
1.553091263666298452e-09
1.552832442323645896e-09
1.552573177592084522e-09
1.552313459443869202e-09
1.552053441079053234e-09
1.551792894713354462e-09
1.551531875327069381e-09
1.551270611215098736e-09
1.551008945674279335e-09
1.550746806681002625e-09
1.550484406435716176e-09
1.550221537184399083e-09
1.549958269970285437e-09
1.549694610514900816e-09
1.549430546972357103e-09
1.549166233917068187e-09
1.548901546144164137e-09
1.548636421135913282e-09
1.548371017625380039e-09
1.548105132137300660e-09
1.547838709197469106e-09
1.547572128285992889e-09
1.547305227835886814e-09
1.547037837257527718e-09
1.546770171988617215e-09
1.546502120175311334e-09
1.546233430262969529e-09
1.545964511476535111e-09
1.545695257301284091e-09
1.545425522231266356e-09
1.545155384720013512e-09
1.544885015266903319e-09
1.544614233013278897e-09
1.544342965249385378e-09
1.544071436729459616e-09
1.543799489815707041e-09
1.543527252624259751e-09
1.543254645269819215e-09
1.542981693246919094e-09
1.542708494405442383e-09
1.542434710767455804e-09
1.542160498979005729e-09
1.541886157445746292e-09
1.541611395419234288e-09
1.541336241300881488e-09
1.541060921237896895e-09
1.540785072561750410e-09
1.540508662665354517e-09
1.540232096226682059e-09
1.539955063682156903e-09
1.539677655623607120e-09
1.539400018760034305e-09
1.539122011708942340e-09
1.538843582718934253e-09
1.538564769072735972e-09
1.538285638625007121e-09
1.538006151573843216e-09
1.537726483009929363e-09
1.537446485699417869e-09
1.537166020159143377e-09
1.536885309894920402e-09
1.536604159035094819e-09
1.536322567054572377e-09
1.536040839250455686e-09
1.535758848358898195e-09
1.535476387671766166e-09
1.535193661960763522e-09
1.534910571387671870e-09
1.534626984608659006e-09
1.534343129398535866e-09
1.534059016053260893e-09
1.533774522290393263e-09
1.533489628688559372e-09
1.533204519278198799e-09
1.532918997990168048e-09
1.532633129527692687e-09
1.532346918931611368e-09
1.532060357258612745e-09
1.531773571270320660e-09
1.531486434810111171e-09
1.531198958424661164e-09
1.530911222366413285e-09
1.530623096726445537e-09
1.530334454403783229e-09
1.530045624633432798e-09
1.529756576951779849e-09
1.529467134903539418e-09
1.529177332624387434e-09
1.528887304502635705e-09
1.528596824013301841e-09
1.528305888893757354e-09
1.528014777999945701e-09
1.527723341983125156e-09
1.527431430819078305e-09
1.527139273017317905e-09
1.526846860046716708e-09
1.526554088430123371e-09
1.526260914559237744e-09
1.525967526404195226e-09
1.525673741971736652e-09
1.525379733986479706e-09
1.525085411422202417e-09
1.524790743708749530e-09
1.524495908333810131e-09
1.524200664570951482e-09
1.523904881176885180e-09
1.523609024343325273e-09
1.523312880609242296e-09
1.523016319297015309e-09
1.522719572474150398e-09
1.522422576484260420e-09
1.522125032743930128e-09
1.521827171549506481e-09
1.521529100147851028e-09
1.521230647111323927e-09
1.520931899134243639e-09
1.520632977070799584e-09
1.520333683012488100e-09
1.520034060512519106e-09
1.519734099630787259e-09
1.519433867429099565e-09
1.519133355301138059e-09
1.518832689989915020e-09
1.518531739920608057e-09
1.518230392992542503e-09
1.517928842062712740e-09
1.517626952125357990e-09
1.517324626223123139e-09
1.517022192280264222e-09
1.516719557845037562e-09
1.516416562487707229e-09
1.516113236675692649e-09
1.515809708489970740e-09
1.515505817459115670e-09
1.515201537015947320e-09
1.514897111677577662e-09
1.514592399820883736e-09
1.514287316017547009e-09
1.513981961036198629e-09
1.513676404595673807e-09
1.513370496743182173e-09
1.513064286689683601e-09
1.512757807667159202e-09
1.512450996814845504e-09
1.512143996706254632e-09
1.511836692179771422e-09
1.511529119835532361e-09
1.511221317596170298e-09
1.510913198237598951e-09
1.510604648890527427e-09
1.510295842549151573e-09
1.509986879107441753e-09
1.509677662377941210e-09
1.509368084366099836e-09
1.509058296741066413e-09
1.508748224327384743e-09
1.508437671353861786e-09
1.508126894334499453e-09
1.507815917529843365e-09
1.507504645259457118e-09
1.507192971696045171e-09
1.506881142192171915e-09
1.506569053288718541e-09
1.506256647464331076e-09
1.505943935988476826e-09
1.505631047927511615e-09
1.505317798305321630e-09
1.505004384360642394e-09
1.504690710021739713e-09
1.504376709478330849e-09
1.504062580888934805e-09
1.503748189910569270e-09
1.503433261279860262e-09
1.503118218921701837e-09
1.502803046408948773e-09
1.502487479296591448e-09
1.502171680652741076e-09
1.501855792740468895e-09
1.501539505614827152e-09
1.501222784404155967e-09
1.500905947630976534e-09
1.500588811862859500e-09
1.500271386556092269e-09
1.499953754377657693e-09
1.499635964587443380e-09
1.499317842939563781e-09
1.498999472651325012e-09
1.498680822266785455e-09
1.498361946134854643e-09
1.498042833311643557e-09
1.497723600076867396e-09
1.497404134489042402e-09
1.497084353626414095e-09
1.496764406759596991e-09
1.496444190075976649e-09
1.496123593897814495e-09
1.495802865028963303e-09
1.495481997427819956e-09
1.495160887582532885e-09
1.494839474438073894e-09
1.494517866727706737e-09
1.489859671662607430e-09
1.489538872770063613e-09
1.489217849476116832e-09
1.488896689641120698e-09
1.471188612099295861e-09
1.470872402701913763e-09
1.470556018982752297e-09
1.470239457300231534e-09
1.469922593423941663e-09
1.460894419818112652e-09
1.460579855616629037e-09
1.460265007364342281e-09
1.459949990568670403e-09
1.442171707819443298e-09
1.441861763287677533e-09
1.441551581468441068e-09
1.441241203674773289e-09
1.432178669345377929e-09
1.431870372002354178e-09
1.431562006152976559e-09
1.431253445043768956e-09
1.413400332946965475e-09
1.413096762782406505e-09
1.412793046651902283e-09
1.412489005452776295e-09
1.412184619667577910e-09
1.403090572843592812e-09
1.402788585071161599e-09
1.402486361647919247e-09
1.402183865927738026e-09
1.384261894993279363e-09
1.383964554495981865e-09
1.383666968381587616e-09
1.383369159083358907e-09
1.374241512167837217e-09
1.373945998725611389e-09
1.373650370440979395e-09
1.373354575080504763e-09
1.373058503866752295e-09
1.355068473594727140e-09
1.354777602381709212e-09
1.354486390156866315e-09
1.354194916658961931e-09
1.345036617913858330e-09
1.344747636148284521e-09
1.344458359597626120e-09
1.344168970300595867e-09
1.326106276530426549e-09
1.325821913572896545e-09
1.325537267939585731e-09
1.325252562612124269e-09
1.316061271574356496e-09
1.315778815099228146e-09
1.315496201011410160e-09
1.315213474596559533e-09
1.314930505989057173e-09
1.296800926121256342e-09
1.296523050004914411e-09
1.296244998888463649e-09
1.295966724898577951e-09
1.286745621904348293e-09
1.286469852653794712e-09
1.286193845533559357e-09
1.285917696383310900e-09
1.267716861332766549e-09
1.267445787298377521e-09
1.267174461694045105e-09
1.266903080579979246e-09
1.257649913660882506e-09
1.257380886620411424e-09
1.257111672454108196e-09
1.256842336123650968e-09
1.238570822266960151e-09
1.238306502703620971e-09
1.238042038297647809e-09
1.237777450164645600e-09
1.237512676779706204e-09
1.228230164884164747e-09
1.227967751371438941e-09
1.227705222612932343e-09
1.227442462378974183e-09
1.209106177173057852e-09
1.208848555853704047e-09
1.208590752508789676e-09
1.208332749593648508e-09
1.199018848031980062e-09
1.198763333382041931e-09
1.198507554521806677e-09
1.198251707589404658e-09
1.179846057262081017e-09
1.179595194192338099e-09
1.179344175059132113e-09
1.179093075746978480e-09
1.178841817206155167e-09
1.169499315321754743e-09
1.169250419671733870e-09
1.169001400959158135e-09
1.168752129208807016e-09
1.150282844639868350e-09
1.150038743097646289e-09
1.149794426198993109e-09
1.149549936831238337e-09
1.140176575186383882e-09
1.139934529709149161e-09
1.139692322948858989e-09
1.139449912098833949e-09
1.120912582678577423e-09
1.120675400164234729e-09
1.120437993780283487e-09
1.120200456579290013e-09
1.110796787702299778e-09
1.110561751741705789e-09
1.110326467427536147e-09
1.110091133238056522e-09
1.091486460892759357e-09
1.091256159059526321e-09
1.091025742459160555e-09
1.090795267811271226e-09
1.090564623681725806e-09
1.081133418995457701e-09
1.080905202310220597e-09
1.080676887094992598e-09
1.080448320693550297e-09
1.061782009972481032e-09
1.061558669140463672e-09
1.061335116653565717e-09
1.061111398306098198e-09
1.051650447215384481e-09
1.051429242102766202e-09
1.051207893759833712e-09
1.050986339538925948e-09
1.032253948219172419e-09
1.032037633916295373e-09
1.031821157438207227e-09
1.031604547335832645e-09
1.022114307450802097e-09
1.021900242111844827e-09
1.021685956973131702e-09
1.021471608864322508e-09
1.002673744661832277e-09
1.002464535688898253e-09
1.002255151797828997e-09
1.002045726694284839e-09
9.925264879478012570e-10
9.923194845146379442e-10
9.921123493053371586e-10
9.919051116548253486e-10
9.916977383779398275e-10
9.728402465359737694e-10
9.726380266049957631e-10
9.724357316080595916e-10
9.722332705644588994e-10
9.626878073635376526e-10
9.624877671046762035e-10
9.622876592935516833e-10
9.620873955179155770e-10
9.431656716740846293e-10
9.429706212704956261e-10
9.427754718580608706e-10
9.425801144678735347e-10
9.330062901091428455e-10
9.328134471973053632e-10
9.326205224265991278e-10
9.324273939063153720e-10
9.134420952908127433e-10
9.132542284209725421e-10
9.130661590783701346e-10
9.128779716506688039e-10
9.032760974134428324e-10
9.030904371056651822e-10
9.029046177084737074e-10
9.027186980549033601e-10
8.836703794439519733e-10
8.834896008790854650e-10
8.833086740945580869e-10
8.831276881620880974e-10
8.734980126961765529e-10
8.733194618180558355e-10
8.731407776554131188e-10
8.729620092879347138e-10
8.538512277583122117e-10
8.536776181065703835e-10
8.535039129962006332e-10
8.533301656668219314e-10
8.436730841222557334e-10
8.435017521596659805e-10
8.433303577095573291e-10
8.431588939580294834e-10
8.429873440098770729e-10
8.238200216920680887e-10
8.236536479265014673e-10
8.234872071072548890e-10
8.233205881404979294e-10
8.136389283996165334e-10
8.134748532651610299e-10
8.133106851515928496e-10
8.131463537690119659e-10
7.939179218225753543e-10
7.937588380582701911e-10
7.935996355543180859e-10
7.934402601633313845e-10
7.837318463622543759e-10
7.835750615904555402e-10
7.834181086177450351e-10
7.832610396922831488e-10
7.639720185916680374e-10
7.638201926575643971e-10
7.636682689255867420e-10
7.635162180012516194e-10
7.541512838004840550e-10
7.540012006193813157e-10
7.538510061696235294e-10
7.537006950928794447e-10
7.350509801279760927e-10
7.349047544349419650e-10
7.347583804970799974e-10
7.346119527663186270e-10
7.251789744050324112e-10
7.250344979110315824e-10
7.248898486821767106e-10
7.247451685642264169e-10
7.059538247394525895e-10
7.058131850301408978e-10
7.056724190554930513e-10
7.055315904156272312e-10
6.960306013775558928e-10
6.958916959648743024e-10
6.957526843958860819e-10
6.956136315917582100e-10
6.766806100940485870e-10
6.765455773646400633e-10
6.764104206030762434e-10
6.762752146050960658e-10
6.667062069219880846e-10
6.665729576552536291e-10
6.664396123650923292e-10
6.663062509687318862e-10
6.472316228455391785e-10
6.471022817685781088e-10
6.469728416689987297e-10
6.468433836978720238e-10
6.372064739236529705e-10
6.370789456266527909e-10
6.369513837289971029e-10
6.368237621243487866e-10
6.176075532755044743e-10
6.174839271619538167e-10
6.173602785967567804e-10
6.172366050697097196e-10
6.075317599667943363e-10
6.074100095953803821e-10
6.072882121975078335e-10
6.071663735023330103e-10
5.878085279437569276e-10
5.876907125696131256e-10
5.875728634654014084e-10
5.874549496690690242e-10
5.776821868153141614e-10
5.775662149265305368e-10
5.774501984988892532e-10
5.773341357633094745e-10
5.578347525998003244e-10
5.577227874348341662e-10
5.576108137557289822e-10
5.574987805675754904e-10
5.476582381893799797e-10
5.475481709011799339e-10
5.474380948789348965e-10
5.473279944159532807e-10
5.276871570828206277e-10
5.275811707867252692e-10
5.274751488956833046e-10
5.273690934849461341e-10
5.174607765720081870e-10
5.173567027231552383e-10
5.172526018505391522e-10
5.171484538638660447e-10
4.973662006947894646e-10
4.972662080615557446e-10
4.971661678699035781e-10
4.970660576755795131e-10
4.870900385423547246e-10
4.869919654218920526e-10
4.868938719110447101e-10
4.867956681562019648e-10
4.668720184352637576e-10
4.667779998429888138e-10
4.666839551466204775e-10
4.665898670759820666e-10
4.565461931015871455e-10
4.564541665367475722e-10
4.563621122984875481e-10
4.562700095362411485e-10
4.362050519194806352e-10
4.361171485260707108e-10
4.360292227276984136e-10
4.359412663322357906e-10
4.258300254663184945e-10
4.257441510083880704e-10
4.256582142244561021e-10
4.255722458234063754e-10
4.053660279529733601e-10
4.052842849627839361e-10
4.052025107044228950e-10
4.051206884323218393e-10
3.949419186951119905e-10
3.948621882847149111e-10
3.947824134076006619e-10
3.947025693571871555e-10
3.743551548310491499e-10
3.742795809999938053e-10
3.742039841301489435e-10
3.639555486882109526e-10
3.638820238180573526e-10
3.638084344377214614e-10
3.637348226898944791e-10
3.432419500740235109e-10
3.431726223233851658e-10
3.431032646959343529e-10
3.430338896850037938e-10
3.327180489514193924e-10
3.326507737292300558e-10
3.325834582538781923e-10
3.325161296694403593e-10
3.118822067230748727e-10
3.118191723020305016e-10
3.117561276975449298e-10
3.116930477875122289e-10
3.013098503968049716e-10
3.012488541883601837e-10
3.011878578855495975e-10
3.011268392597915963e-10
2.803518978344981847e-10
2.802951851966029536e-10
2.802384667994782171e-10
2.801817056805427939e-10
2.697311441799963075e-10
2.696764904719147298e-10
2.696218289950355571e-10
2.695671510113743500e-10
2.486512150691071136e-10
2.486008397015809132e-10
2.485504387629344683e-10
2.485000109069106525e-10
2.379821605579252014e-10
2.379338955527676890e-10
2.378856126175605008e-10
2.378373232668335395e-10
2.167805544055762670e-10
2.167366348092072976e-10
2.166926688072925207e-10
2.061054830235899338e-10
2.060637027460758007e-10
2.060219182801067866e-10
2.059801135873125585e-10
1.847782133247395052e-10
1.847407912021382016e-10
1.847033497126900080e-10
1.846658786899109261e-10
1.740115768354765431e-10
1.739763002879658823e-10
1.739410084331057550e-10
1.739057074008680169e-10
1.525631038370360840e-10
1.525321981407533417e-10
1.525012529461439857e-10
1.524703012647325672e-10
1.417489260086055368e-10
1.417201715908521951e-10
1.416913839467839313e-10
1.416625963027208375e-10
1.201793424465715873e-10
1.201549576207283051e-10
1.201305626493803930e-10
1.201061676780428207e-10
1.093177789926321805e-10
1.092955912123892409e-10
1.092734034321411314e-10
8.764521219261330092e-11
8.762744513024613111e-11
8.760967806787637635e-11
8.759191100550920654e-11
7.673439113556607273e-11
7.671883758490079586e-11
7.670328403423551899e-11
7.668773048357024212e-11
5.491909531586801958e-11
5.490797509953965304e-11
5.489685488320999404e-11
5.488573466688162750e-11
4.396133616226100738e-11
4.395243575348582921e-11
4.394353534470677364e-11
4.393463493592901054e-11
2.338935496816541649e-11
2.338462361326119906e-11
2.337989225835698163e-11
2.337516090345276421e-11
6.900356488085102132e-12
6.898962206850611663e-12
6.897567925616121193e-12
0.000000000000000000e+00
0.000000000000000000e+00
0.000000000000000000e+00
0.000000000000000000e+00
0.000000000000000000e+00
0.000000000000000000e+00
0.000000000000000000e+00
0.000000000000000000e+00
0.000000000000000000e+00
0.000000000000000000e+00
0.000000000000000000e+00
0.000000000000000000e+00
0.000000000000000000e+00
0.000000000000000000e+00
0.000000000000000000e+00
0.000000000000000000e+00
0.000000000000000000e+00
0.000000000000000000e+00
0.000000000000000000e+00
0.000000000000000000e+00
0.000000000000000000e+00
0.000000000000000000e+00
0.000000000000000000e+00
0.000000000000000000e+00
0.000000000000000000e+00
0.000000000000000000e+00
0.000000000000000000e+00
0.000000000000000000e+00
0.000000000000000000e+00
0.000000000000000000e+00
0.000000000000000000e+00
0.000000000000000000e+00
0.000000000000000000e+00
0.000000000000000000e+00
0.000000000000000000e+00
0.000000000000000000e+00
0.000000000000000000e+00
0.000000000000000000e+00
0.000000000000000000e+00
0.000000000000000000e+00
0.000000000000000000e+00
0.000000000000000000e+00
0.000000000000000000e+00
0.000000000000000000e+00
0.000000000000000000e+00
0.000000000000000000e+00
0.000000000000000000e+00
0.000000000000000000e+00
0.000000000000000000e+00
0.000000000000000000e+00
0.000000000000000000e+00
0.000000000000000000e+00
0.000000000000000000e+00
0.000000000000000000e+00
0.000000000000000000e+00
0.000000000000000000e+00
0.000000000000000000e+00
0.000000000000000000e+00
0.000000000000000000e+00
0.000000000000000000e+00
0.000000000000000000e+00
0.000000000000000000e+00
0.000000000000000000e+00
0.000000000000000000e+00
