8.347851998690392082e-07
8.898693815682943541e-07
9.423943523736659585e-07
9.924499468778720791e-07
1.040127544021390515e-06
1.085512865820139652e-06
1.128690980858684930e-06
1.169741380510370141e-06
1.208742368661168213e-06
1.245764372181226865e-06
1.280879898371923293e-06
1.314155644499758846e-06
1.345655439799384716e-06
1.375440644518987933e-06
1.403571083232129616e-06
1.430104891529778168e-06
1.455091676741927309e-06
1.478589558388058978e-06
1.500643259343512080e-06
1.521305845002036344e-06
1.540622717961878806e-06
1.558638981939428620e-06
1.575397267846527187e-06
1.590939853259483382e-06
1.605307770441902307e-06
1.618540052587797101e-06
1.630675500650661457e-06
1.641751184553742549e-06
1.651804492210624904e-06
1.660865461733416627e-06
1.668972296216561667e-06
1.676159405772848698e-06
1.682453249522509758e-06
1.687891877548950871e-06
1.692499902511816016e-06
1.696313738100070201e-06
1.699356086270594979e-06
1.701659602905935980e-06
1.703251579166727496e-06
1.704158329846686572e-06
1.704407975824701096e-06
1.704024281954044972e-06
1.703033493740225999e-06
1.701460511279831884e-06
1.699330011671404581e-06
1.696666403115728404e-06
1.693486667279917693e-06
1.689820892439903047e-06
1.685687965074749048e-06
1.681107764293677426e-06
1.676104791110933836e-06
1.670696292790171037e-06
1.664903529357041251e-06
1.658746993590750422e-06
1.652242771547540808e-06
1.645411553585510079e-06
1.638271187230239049e-06
1.630837694472502358e-06
1.623129804456725545e-06
1.615164011460192375e-06
1.606955662007577475e-06
1.598521526971533423e-06
1.589876973138275188e-06
1.581036555401738328e-06
1.572014035236570722e-06
1.562824356235540950e-06
1.553480839441660433e-06
1.543997026507531098e-06
1.534384913826672486e-06
1.524657670709930038e-06
1.514827501102121264e-06
1.504905145977033140e-06
1.494902997873609497e-06
1.484829721366828882e-06
1.474697227752423009e-06
1.464517475779395130e-06
1.454296415646783570e-06
1.444044818393282916e-06
1.433771662024892022e-06
1.423487390587914351e-06
1.413196774188466339e-06
1.402908959889744944e-06
1.392632415693277590e-06
1.382374734668366518e-06
1.372140372066397936e-06
1.361937637286631168e-06
1.351772789329499409e-06
1.341649778729082274e-06
1.331578111538056709e-06
1.321560006313843659e-06
1.311598741787569809e-06
1.301705173323607443e-06
1.291879775290456573e-06
1.282124853075619737e-06
1.272448933236526151e-06
1.262853014470748338e-06
1.253340463853410110e-06
1.243916331981851280e-06
1.234579929258049158e-06
1.225339609062534904e-06
1.216194023511584523e-06
1.207144928598201538e-06
1.198197244779206550e-06
1.189348518826774477e-06
1.180607167064722875e-06
1.171969306190247414e-06
1.163438069926531308e-06
1.155014953569356368e-06
1.146697852777198265e-06
1.138492042169079338e-06
1.130394357968562245e-06
1.122411159700832704e-06
1.114534876153745130e-06
1.106773580053067269e-06
1.099119585072652545e-06
1.091580004685156003e-06
1.084150227658588769e-06
1.076832607808109688e-06
1.069624198140003111e-06
1.062525573975829502e-06
1.055536099327180318e-06
1.048655636007369206e-06
1.041883458871924129e-06
1.035218601391931974e-06
1.028659131569988030e-06
1.022204698799396691e-06
1.015853372923566964e-06
1.009606310866444038e-06
1.003458865569021884e-06
9.974152177022597777e-07
9.914661921950637738e-07
9.856188791127579961e-07
9.798644187819302327e-07
9.742075071343658381e-07
9.686424441605099328e-07
9.631701728320105566e-07
9.577867178262670392e-07
9.524925637572878023e-07
9.472845500302472130e-07
9.421605222313328522e-07
9.371223984434385098e-07
9.321628010575217956e-07
9.272868907020106183e-07
9.224884511823758184e-07
9.177663773756903780e-07
9.131190198431145215e-07
9.085439673598180065e-07
9.040420328105319153e-07
8.996080196620226417e-07
8.952439849675207510e-07
8.909452931862573495e-07
8.867113168659055689e-07
8.825403031052568676e-07
8.784280986077947325e-07
8.743788301253942441e-07
8.703866306516775613e-07
8.664498577698791418e-07
8.625675360307409260e-07
8.587361205516839730e-07
8.549583824643927825e-07
8.512297340007213223e-07
8.475489002118264983e-07
8.439146511813403056e-07
8.403257179987938643e-07
8.367796928251686980e-07
8.332757578449749435e-07
8.298099331436687644e-07
8.263854298259707507e-07
8.229982783192062700e-07
8.196469052095149298e-07
8.163305642334117202e-07
8.130485916764512737e-07
8.097971689121578786e-07
8.065771381196503995e-07
8.033854531438847117e-07
8.002228269167542234e-07
7.970878264996550488e-07
7.939769852556111326e-07
7.908927995344512659e-07
7.878320528291714709e-07
7.847922163449881748e-07
7.817748004422775519e-07
7.787775417087315415e-07
7.757988009823995456e-07
7.728389089856500345e-07
7.698966085239591321e-07
7.669702891203574867e-07
7.640598145752555846e-07
7.611640732079563551e-07
7.582815524040439302e-07
7.554121044522821046e-07
7.525547931464005606e-07
7.497082196200795276e-07
7.468731081895635003e-07
7.440478165645373089e-07
7.412308631164543590e-07
7.384237711930203179e-07
7.356241602002206634e-07
7.328310100441897511e-07
7.300453917170180608e-07
7.272660056386905168e-07
7.244914458707727381e-07
7.217226784470355147e-07
7.189589366250556074e-07
7.161991499890225667e-07
7.134429465900514699e-07
7.106909512177269887e-07
7.079412856400237870e-07
7.051938784491977340e-07
7.024501168474176499e-07
6.997074483365313422e-07
6.969660555142201066e-07
6.942274769930146217e-07
6.914902649684337440e-07
6.887535259844499067e-07
6.860177897462076753e-07
6.832840080895398480e-07
6.805492871337189179e-07
6.778147194650439825e-07
6.750819352465497035e-07
6.723487969215861224e-07
6.696155370157120841e-07
6.668828437351495726e-07
6.641518711402318487e-07
6.614191221913858710e-07
6.586862655028431023e-07
6.559551792035751447e-07
6.532239702462199546e-07
6.504921460048253872e-07
6.477603890492014504e-07
6.450314645975947307e-07
6.423007932575764647e-07
6.395709345700064830e-07
6.368430652208695895e-07
6.341172053630495863e-07
6.313904939915902696e-07
6.286648350843873864e-07
6.259424775484608652e-07
6.232214026810971233e-07
6.205011463443368451e-07
6.177825340253563523e-07
6.150687998767689378e-07
6.123561189206386401e-07
6.096457222159199239e-07
6.069381932294423958e-07
6.042372553253748007e-07
6.015373095096524230e-07
5.988413262366261448e-07
5.961490624625012577e-07
5.934643953438047736e-07
5.907815643189342246e-07
5.881041219258194509e-07
5.854316158813797665e-07
5.827680906346318420e-07
5.801077653924235519e-07
5.774540394951108876e-07
5.748065182075147260e-07
5.721695603613545384e-07
5.695371640606413510e-07
5.669123237966202410e-07
5.642947613497046377e-07
5.616890741618652682e-07
5.590895876955847232e-07
5.564983517000742536e-07
5.539164622398101715e-07
5.513472689901213360e-07
5.487859899219861925e-07
5.462345805206934195e-07
5.436937925748293916e-07
5.411661739592028823e-07
5.386484953936991826e-07
5.361422698282889094e-07
5.336477417867703931e-07
5.311660114779921734e-07
5.286975231301200671e-07
5.262408813160637786e-07
5.237972735802203477e-07
5.213660318235497179e-07
5.189525304437550461e-07
5.165504918476091787e-07
5.141623732446433100e-07
5.117890516723470173e-07
5.094322949302447092e-07
5.070891199948084364e-07
5.047616515426229992e-07
5.024495686620821093e-07
5.001520456355620617e-07
4.978739632480482252e-07
4.956099707181853916e-07
4.933620623701452792e-07
4.911312099777881224e-07
4.889185054395700672e-07
4.867214180325491622e-07
4.845424708291914519e-07
4.823804047197875207e-07
4.802346714236465556e-07
4.781101464121594406e-07
4.760005450170854411e-07
4.739104048556768883e-07
4.718376874911676674e-07
4.697826219561756773e-07
4.677475228569504859e-07
4.657298069697050892e-07
4.637304135139673104e-07
4.617500005536296965e-07
4.597889096637222353e-07
4.578454194229364074e-07
4.559219726733299706e-07
4.540157398251547083e-07
4.521288116231199341e-07
4.502625524709918789e-07
4.484128928686855829e-07
4.465839352956450444e-07
4.447725043625607625e-07
4.429793837453833277e-07
4.412076006225029830e-07
4.394523107647568746e-07
4.377177355956132073e-07
4.360004974335333689e-07
4.343011838856286068e-07
4.326231598181392140e-07
4.309613312132112687e-07
4.293200477970274513e-07
4.276954568579394815e-07
4.260886401304479599e-07
4.245024405847342990e-07
4.229320543676471620e-07
4.213813598932489029e-07
4.198469752995968002e-07
4.183305697764022187e-07
4.168331878596357663e-07
4.153515728300024053e-07
4.138879668325162212e-07
4.124416265261782712e-07
4.110117932824298665e-07
4.095995166188366659e-07
4.082037982490859486e-07
4.068232969302180192e-07
4.054616086446378015e-07
4.041141743127973401e-07
4.027820279819366076e-07
4.014673721615357512e-07
4.001662657758820935e-07
3.988830763833869346e-07
3.976131372520744861e-07
3.963569443338381463e-07
3.951185253918152102e-07
3.938927067208375957e-07
3.926812815207978183e-07
3.914850338218619887e-07
3.903007999902891754e-07
3.891314871523007974e-07
3.879759705923828180e-07
3.868319491818365923e-07
3.857035530898967619e-07
3.845856570176681544e-07
3.834787908729031812e-07
3.823875415704869059e-07
3.813066634901663028e-07
3.802364851942514720e-07
3.791802724523417645e-07
3.781327859175627366e-07
3.770964765677422924e-07
3.760728971959785744e-07
3.750585149211399467e-07
3.740552071876027959e-07
3.730614498396257454e-07
3.720760193001538462e-07
3.711024013228786450e-07
3.701385106095946824e-07
3.691819602776932308e-07
3.682364139094321492e-07
3.672976118171821591e-07
3.663658947827744859e-07
3.654452660953006428e-07
3.645323719722482071e-07
3.636251763023822440e-07
3.627277844596395448e-07
3.618356339430230127e-07
3.609490728736921791e-07
3.600730448216212161e-07
3.592030963425693412e-07
3.583375260934345535e-07
3.574804103048293705e-07
3.566272503465052056e-07
3.557785840420107419e-07
3.549391271027530211e-07
3.541046963820221452e-07
3.532733984548413708e-07
3.524489371819569887e-07
3.516275060921426645e-07
3.508092980549002260e-07
3.499986804125145878e-07
3.491923741685040240e-07
3.483882091414629457e-07
3.475891163519473516e-07
3.467926202368125964e-07
3.459982087558565862e-07
3.452095518534440516e-07
3.444249707114109410e-07
3.436421576871516285e-07
3.428620985516943446e-07
3.420850356503027725e-07
3.413084201284885085e-07
3.405359930659947992e-07
3.397676448612534206e-07
3.390007907392466400e-07
3.382344503314884360e-07
3.374713697758966388e-07
3.367082464944628338e-07
3.359468563512877153e-07
3.351893161052970805e-07
3.344332287607672681e-07
3.336770966559574103e-07
3.329225905354239961e-07
3.321688820075100689e-07
3.314151302828145091e-07
3.306636814335255275e-07
3.299145092209349046e-07
3.291654692648348602e-07
3.284160012475929958e-07
3.276678762477359545e-07
3.269191923894156674e-07
3.261713966960400567e-07
3.254253526003885968e-07
3.246799941633163673e-07
3.239341234910955583e-07
3.231881844643223927e-07
3.224427607670947692e-07
3.216966953097673644e-07
3.209511852173324904e-07
3.202073045063397200e-07
3.194631377266430169e-07
3.187183911553875832e-07
3.179732510406657029e-07
3.172284184720343300e-07
3.164833497312147024e-07
3.157383415252969163e-07
3.149946285168790356e-07
3.142504396798096407e-07
3.135057421764380933e-07
3.127604884373459006e-07
3.120155709657546549e-07
3.112708014778852963e-07
3.105257567087366859e-07
3.097816331279005519e-07
3.090371505994869377e-07
3.082924015410227513e-07
3.075471502827015963e-07
3.068024836099282835e-07
3.060581898513152521e-07
3.053133631432155852e-07
3.045694466507819603e-07
3.038254741359272761e-07
3.030817454263651664e-07
3.023373507521827422e-07
3.015940998916937477e-07
3.008515170014062280e-07
3.001082866946361904e-07
2.993663702463984706e-07
2.986245358778994594e-07
2.978837663931369163e-07
2.971421459718595819e-07
2.964021552811875316e-07
2.956633027028009733e-07
2.949238886349294569e-07
2.941861465161500729e-07
2.934486816370522656e-07
2.927127982409784023e-07
2.919765926072399020e-07
2.912420920860400429e-07
2.905095612554264060e-07
2.897771132904401341e-07
2.890458688689781984e-07
2.883155531828099252e-07
2.875870629772950534e-07
2.868597225237091024e-07
2.861333883391287416e-07
2.854096019414087705e-07
2.846874906109271098e-07
2.839659257924372888e-07
2.832462646894165258e-07
2.825279583406093456e-07
2.818127302391319167e-07
2.810979807963726748e-07
2.803858430467759054e-07
2.796766393530501196e-07
2.789682952073427848e-07
2.782624489836717935e-07
2.775581436318843474e-07
2.768565026661320369e-07
2.761575276438116198e-07
2.754602171568062325e-07
2.747664058265719667e-07
2.740750443745106925e-07
2.733853646873839717e-07
2.726986641073648913e-07
2.720139790693427158e-07
2.713328931160299024e-07
2.706542360282096037e-07
2.699782343736148368e-07
2.693063883816950631e-07
2.686365314117133521e-07
2.679699952376536934e-07
2.673060764524813303e-07
2.666446987092719383e-07
2.659876311323337018e-07
2.653333176512536920e-07
2.646819869369304758e-07
2.640350479192047138e-07
2.633902320138431910e-07
2.627498046856900824e-07
2.621119779956239476e-07
2.614770841079961115e-07
2.608466585226571901e-07
2.602197113528552322e-07
2.595957422597362288e-07
2.589763226574878905e-07
2.583593455430094745e-07
2.577474878274852051e-07
2.571383985551378734e-07
2.565324306781386624e-07
2.559309242686242763e-07
2.553336223521631135e-07
2.547392039452999236e-07
2.541494716888635431e-07
2.535622670025188842e-07
2.529807417359546024e-07
2.524024184968121339e-07
2.518271769009375670e-07
2.512561108715329637e-07
2.506898048806782678e-07
2.501265187854744561e-07
2.495676168957011957e-07
2.490113710071714322e-07
2.484605635414367677e-07
2.479138866171882962e-07
2.473703617774834526e-07
2.468301539083937277e-07
2.462952670322419504e-07
2.457637468582653268e-07
2.452357750926171409e-07
2.447110987115545121e-07
2.441908472896822705e-07
2.436761342813863840e-07
2.431642909697286997e-07
2.426555518455263783e-07
2.421508809458668662e-07
2.416514060044114152e-07
2.411542914297970245e-07
2.406612339888860959e-07
2.401708423968747956e-07
2.396868380271496977e-07
2.392062989222087099e-07
2.387287553767885291e-07
2.382540833057720586e-07
2.377846184880099580e-07
2.373184244394483005e-07
2.368550245989232262e-07
2.363945443960669222e-07
2.359382610088795774e-07
2.354876284864364877e-07
2.350394584998266098e-07
2.345942672969295224e-07
2.341517816633807899e-07
2.337146715430802527e-07
2.332797425420437781e-07
2.328478528677261085e-07
2.324182368481480855e-07
2.319935081037799537e-07
2.315731900258621454e-07
2.311553696119835505e-07
2.307400211018736686e-07
2.303272297163567857e-07
2.299195844539083167e-07
2.295135295515794230e-07
2.291101844602244436e-07
2.287089328687899727e-07
2.283125915039379238e-07
2.279197690634555803e-07
2.275293186440483712e-07
2.271409346014339254e-07
2.267548002258267497e-07
2.263732471891636404e-07
2.259930535526861769e-07
2.256150266975478190e-07
2.252389030464371668e-07
2.248670864409314896e-07
2.244983672921875728e-07
2.241316575558932027e-07
2.237668981217332410e-07
2.234036299620550558e-07
2.230446022477611161e-07
2.226867661865772565e-07
2.223305999818554813e-07
2.219760334641362985e-07
2.216248311706424866e-07
2.212767033068185588e-07
2.209301287052493147e-07
2.205855104143286113e-07
2.202417833081865336e-07
2.199014252317361554e-07
2.195625144390868477e-07
2.192247362672546191e-07
2.188881444830615537e-07
2.185540133013726090e-07
2.182228395063651960e-07
2.178931172451217581e-07
2.175648707371534060e-07
2.172373909057845159e-07
2.169120543240649731e-07
2.165885647647457227e-07
2.162659201323670431e-07
2.159441055007477747e-07
2.156237955090010469e-07
2.153058616434767500e-07
2.149894227781490144e-07
2.146740565353171714e-07
2.143598648312323464e-07
2.140461798552651254e-07
2.137346026968044410e-07
2.134237922845372721e-07
2.131136671882768107e-07
2.128042643628734234e-07
2.124963371327707244e-07
2.121899365077879956e-07
2.118846074912916278e-07
2.115800991111222072e-07
2.112761383003230651e-07
2.109731088254014337e-07
2.106712015151859878e-07
2.103698611615068648e-07
2.100689657582573352e-07
2.097689246851412534e-07
2.094697855473914124e-07
2.091717163087267711e-07
2.088743007163934919e-07
2.085775017023907620e-07
2.082810538240337969e-07
2.079854772690116843e-07
2.076903589386106858e-07
2.073957751249416122e-07
2.071015098476309157e-07
2.068080024873239043e-07
2.065149058641637580e-07
2.062225669462339723e-07
2.059306838006037439e-07
2.056392180757272098e-07
2.053481077341391102e-07
2.050575636127880357e-07
2.047671128325848738e-07
2.044771648582439291e-07
2.041875499134053441e-07
2.038985315795906166e-07
2.036095339301463163e-07
2.033211161134454472e-07
2.030330967745878007e-07
2.027452326305516029e-07
2.024578198141484588e-07
2.021708528664736339e-07
2.018836083625549471e-07
2.015968884926841974e-07
2.013105410835118877e-07
2.010246636827609758e-07
2.007387655411704382e-07
2.004529450994940656e-07
2.001676873607123677e-07
1.998824624876401213e-07
1.995976201736919769e-07
1.993134291044446686e-07
1.990285676315524697e-07
1.987442561932698617e-07
1.984604201127967371e-07
1.981769488139048121e-07
1.978935884584689435e-07
1.976098823241375153e-07
1.973270050117540866e-07
1.970441416193432211e-07
1.967614217616583948e-07
1.964794563357730537e-07
1.961973070600622809e-07
1.959151656776985482e-07
1.956335078937602097e-07
1.953524886331536717e-07
1.950717415164000700e-07
1.947907317352735845e-07
1.945102432114692868e-07
1.942301085998778728e-07
1.939500024244434654e-07
1.936704194362617231e-07
1.933916185206966492e-07
1.931122127746155912e-07
1.928334275034678646e-07
1.925552614962449855e-07
1.922777080634539339e-07
1.920002417711190746e-07
1.917226607579771338e-07
1.914461228104962589e-07
1.911697528294742298e-07
1.908934741459210522e-07
1.906180452607840251e-07
1.903431060992109176e-07
1.900680381508432906e-07
1.897936603546855402e-07
1.895200713399994603e-07
1.892470478287373124e-07
1.889741240720953765e-07
1.887015963287249452e-07
1.884301237156419608e-07
1.881589006900260389e-07
1.878879043563897649e-07
1.876178883147587372e-07
1.873484399515469617e-07
1.870792264349569007e-07
1.868106801043219227e-07
1.865430930510642264e-07
1.862761131679417580e-07
1.860093948963922915e-07
1.857434478927130416e-07
1.854786606110328395e-07
1.852142098936084010e-07
1.849501106161079435e-07
1.846870341811632568e-07
1.844247427053049618e-07
1.841629744487306504e-07
1.839019489559693761e-07
1.836418260512234986e-07
1.833825560814233970e-07
1.831236446230577142e-07
1.828657041862788532e-07
1.826091608934445713e-07
1.823530155530864351e-07
1.820974671290842404e-07
1.818427071868873560e-07
1.815889784812965071e-07
1.813362024189455082e-07
1.810842034294001537e-07
1.808328753650727473e-07
1.805828443269098378e-07
1.803331761357119967e-07
1.800844996762671578e-07
1.798374921375112815e-07
1.795910287041709465e-07
1.793454126308189279e-07
1.791004453853835353e-07
1.788564997234558502e-07
1.786138168159556605e-07
1.783720809471836643e-07
1.781309850326841102e-07
1.778911316596318972e-07
1.776518869161970172e-07
1.774135486666938668e-07
1.771768970203611856e-07
1.769414651946546187e-07
1.767066076717269842e-07
1.764726485504342113e-07
1.762394794535331090e-07
1.760073504882610729e-07
1.757768551679062854e-07
1.755471042657009315e-07
1.753179910401678135e-07
1.750902260515680151e-07
1.748629808840827002e-07
1.746368968779221186e-07
1.744128142390144882e-07
1.741894167356162972e-07
1.739668944916095031e-07
1.737452388201700267e-07
1.735243397363182218e-07
1.733047209713311337e-07
1.730866886606073217e-07
1.728693399701800729e-07
1.726526692371942868e-07
1.724372223604232480e-07
1.722224126956318737e-07
1.720089393950931770e-07
1.717973458366963334e-07
1.715863419107442028e-07
1.713762936684240492e-07
1.711671304042722111e-07
1.709585977509982671e-07
1.707514522339621103e-07
1.705458754894897197e-07
1.703409110060298666e-07
1.701365900963870075e-07
1.699334073186841666e-07
1.697309143274209616e-07
1.695296703517188151e-07
1.693303079298200915e-07
1.691315412812439341e-07
1.689336084398349637e-07
1.687366105404780377e-07
1.685401813764520347e-07
1.683448753238869359e-07
1.681512927749904212e-07
1.679582175331663649e-07
1.677657436096242655e-07
1.675742700066570857e-07
1.673833770568802494e-07
1.671936201194072994e-07
1.670056036910822132e-07
1.668183249573026239e-07
1.666316547152016079e-07
1.664459677716692427e-07
1.662608647811483608e-07
1.660764307279903900e-07
1.658936798560705671e-07
1.657115925452878070e-07
1.655300525080327368e-07
1.653492967523803726e-07
1.651690436448184543e-07
1.649897828317329121e-07
1.648118854800022290e-07
1.646350385504218585e-07
1.644587199647825874e-07
1.642831967899950049e-07
1.641083714299323763e-07
1.639338914043516045e-07
1.637606151604883775e-07
1.635885236821078636e-07
1.634167878546996890e-07
1.632455746514972390e-07
1.630750808547221487e-07
1.629051255658376679e-07
1.627360547524162101e-07
1.625682482520196218e-07
1.624011556318617294e-07
1.622345248280723698e-07
1.620686013641684505e-07
1.619031842351518274e-07
1.617382008240159913e-07
1.615743703642089011e-07
1.614111827519006524e-07
1.612483968454973522e-07
1.610860901967957699e-07
1.609242878703480861e-07
1.607630726477779670e-07
1.606025427713467469e-07
1.604430616737947636e-07
1.602841661824011348e-07
1.601256372482430899e-07
1.599676758523241561e-07
1.598101265296717580e-07
1.596530356273353663e-07
1.594968300471467083e-07
1.593410584026519040e-07
1.591856292236773248e-07
1.590306516525589150e-07
1.588760575588767005e-07
1.587219657349528219e-07
1.585683951697364271e-07
1.584156081885665157e-07
1.582634331712356527e-07
1.581115429278256095e-07
1.579600530997746578e-07
1.578089136492383753e-07
1.576581892272697050e-07
1.575081083200243781e-07
1.573583573931357542e-07
1.572088836659646605e-07
1.570597932863328390e-07
1.569110572208687541e-07
1.567626780400752816e-07
1.566146969778050261e-07
1.564672115366435655e-07
1.563203732654930170e-07
1.561738078289560936e-07
1.560275020188879540e-07
1.558814675078435448e-07
1.557357592056967218e-07
1.555905788478063259e-07
1.554455952590679793e-07
1.553008605503566834e-07
1.551564051517400265e-07
1.550123597793293298e-07
1.548684578772147669e-07
1.547249261730561107e-07
1.545816523261585156e-07
1.544388729063215309e-07
1.542965542671131290e-07
1.541543665860525632e-07
1.540123254464469036e-07
1.538705875918164138e-07
1.537292867360500499e-07
1.535881472863337596e-07
1.534471637388175464e-07
1.533064041279844213e-07
1.531659678953058538e-07
1.530257924051310112e-07
1.528858219190389757e-07
1.527460402936617133e-07
1.526064688300494739e-07
1.524674941750750431e-07
1.523287049385737553e-07
1.521900464893956222e-07
1.520515064691162792e-07
1.519132886956132920e-07
1.517754686813638620e-07
1.516376144070851995e-07
1.514999838848508950e-07
1.513625535618474061e-07
1.512254504528086964e-07
1.510885609485779859e-07
1.509518494193027979e-07
1.508152753572519041e-07
1.506789141326191821e-07
1.505431033409674516e-07
1.504074050333178473e-07
1.502718125771019602e-07
1.501363488286368544e-07
1.500012428386258793e-07
1.498664351165366621e-07
1.497315880652477368e-07
1.495970016348215112e-07
1.494625952672506008e-07
1.493285142728600542e-07
1.491946663485024017e-07
1.490609544907365375e-07
1.489273804216500062e-07
1.487940352075135662e-07
1.486611926930647428e-07
1.485284482603903180e-07
1.483958579834341153e-07
1.482633743464415996e-07
1.481312315362051900e-07
1.479994070979294442e-07
1.478676241896201542e-07
1.477360514656050576e-07
1.476047000805099266e-07
1.474736139767732087e-07
1.473428819131544200e-07
1.472122409391140101e-07
1.470817913824872326e-07
1.469515729009752219e-07
1.468218496458636787e-07
1.466922300264066903e-07
1.465628533486856751e-07
1.464335662271618090e-07
1.463045715783233561e-07
1.461759129943847011e-07
1.460474668865942898e-07
1.459191617917928462e-07
1.457911827423215003e-07
1.456633600186059863e-07
1.455359739984560694e-07
1.454087387644691828e-07
1.452817186530206856e-07
1.451549267527704900e-07
1.450285751828240030e-07
1.449025358293808249e-07
1.447766389577925475e-07
1.446509621988561884e-07
1.445254849115425406e-07
1.444003334278464659e-07
1.442754814466404840e-07
1.441509490373762339e-07
1.440266517402721746e-07
1.439026062065467756e-07
1.437788022621741967e-07
1.436554414374928447e-07
1.435321692307409023e-07
1.434092094396559728e-07
1.432866334041374153e-07
1.431645535708505673e-07
1.430425885615711247e-07
1.429208990154067260e-07
1.427994735872732233e-07
1.426782835501414106e-07
1.425573728253188838e-07
1.424368571765496490e-07
1.423167617616990858e-07
1.421969088120362423e-07
1.420772697911342573e-07
1.419579368634457582e-07
1.418390392080484042e-07
1.417202675790261279e-07
1.416018184524295739e-07
1.414838988901015274e-07
1.413664722392102983e-07
1.412491524565663677e-07
1.411321250589180497e-07
1.410154210749532715e-07
1.408989584907336762e-07
1.407827479987613829e-07
1.406669776542418899e-07
1.405517477494645015e-07
1.404367398822141778e-07
1.403219715665357946e-07
1.402074761642597648e-07
1.400934347907532412e-07
1.399795187857738953e-07
1.398659867114235733e-07
1.397529830554449622e-07
1.396405325185646571e-07
1.395282553652022809e-07
1.394162120015159348e-07
1.393045307319347534e-07
1.391931153981540983e-07
1.390819181517431413e-07
1.389711148302003089e-07
1.388609664843166020e-07
1.387510594849002880e-07
1.386414313124872946e-07
1.385320098562783571e-07
1.384230507134494367e-07
1.383142495740480524e-07
1.382058166486174459e-07
1.380977509956601409e-07
1.379904125504763553e-07
1.378833765397997560e-07
1.377764704954371544e-07
1.376699188781787010e-07
1.375637100810843799e-07
1.374577348418241714e-07
1.373519939500455994e-07
1.372468258053009692e-07
1.371421662127379013e-07
1.370376971570405953e-07
1.369334459611341340e-07
1.368295171957413036e-07
1.367259477231747299e-07
1.366225540883236611e-07
1.365195282248839282e-07
1.364170687062516295e-07
1.363151483160336250e-07
1.362134790766573228e-07
1.361119983398681990e-07
1.360108584033812039e-07
1.359099822513403957e-07
1.358093180662999529e-07
1.357090042918069026e-07
1.356092608349662188e-07
1.355098546219058044e-07
1.354106373358173300e-07
1.353116335646500626e-07
1.352129959793823908e-07
1.351145817821358153e-07
1.350164151956346663e-07
1.349185645164685973e-07
1.348212941360256508e-07
1.347244677812723624e-07
1.346279064657621453e-07
1.345315240040356061e-07
1.344354494372806398e-07
1.343396041813094042e-07
1.342439313483730396e-07
1.341486376512522656e-07
1.340538450465695645e-07
1.339593375406216839e-07
1.338649922300172351e-07
1.337708522363010492e-07
1.336770487305689894e-07
1.335834467069898822e-07
1.334900552219951070e-07
1.333969517752587842e-07
1.333043323185512777e-07
1.332121438202601726e-07
1.331202491952000597e-07
1.330284960498870818e-07
1.329369993651416537e-07
1.328457107128082459e-07
1.327546105914818511e-07
1.326638021257124998e-07
1.325733970623065420e-07
1.324833022478167664e-07
1.323933472490674188e-07
1.323035738677763913e-07
1.322140411238508134e-07
1.321247770007987375e-07
1.320356204531660975e-07
1.319467830404371318e-07
1.318582164567536540e-07
1.317700927071656368e-07
1.316822998336191484e-07
1.315946526300909909e-07
1.315071940911676152e-07
1.314199237915615075e-07
1.313328349377089977e-07
1.312459228999372663e-07
1.311593642361837424e-07
1.310731089071318604e-07
1.309869880167179585e-07
1.309010138618073289e-07
1.308152019618772592e-07
1.307296976634731711e-07
1.306442914926788431e-07
1.305590842969514987e-07
1.304740758058827251e-07
1.303893829689091032e-07
1.303050224411685359e-07
1.302209349610022468e-07
1.301369467984056711e-07
1.300531244077944897e-07
1.299694332665273340e-07
1.298859192209756492e-07
1.298026259778788421e-07
1.297196046653085059e-07
1.296367719453291103e-07
1.295540640443773966e-07
1.294714910685553952e-07
1.293890801336131944e-07
1.293069342125742272e-07
1.292248529144849204e-07
1.291429810971848986e-07
1.290612612000147476e-07
1.289798025272693580e-07
1.288986292979242772e-07
1.288176856634390635e-07
1.287368347052891601e-07
1.286561186373998254e-07
1.285755053983523990e-07
1.284950621234983302e-07
1.284148350839461390e-07
1.283348253220706904e-07
1.282549410962236877e-07
1.281751752955981609e-07
1.280955400657823621e-07
1.280160437959685835e-07
1.279367904757073304e-07
1.278576058382577941e-07
1.277785920945169369e-07
1.276997163943213531e-07
1.276210341075343194e-07
1.275426089615399698e-07
1.274644026504159916e-07
1.273862731635580761e-07
1.273082699261995455e-07
1.272303457837462346e-07
1.271525843697377167e-07
1.270749957659227660e-07
1.269976110379331812e-07
1.269203371739381686e-07
1.268431529123709663e-07
1.267661181706561115e-07
1.266891829791024060e-07
1.266124569871877921e-07
1.265358519369388816e-07
1.264593237827685192e-07
1.263829765404705410e-07
1.263067601472513544e-07
1.262307419595512959e-07
1.261549673489829937e-07
1.260792536081949793e-07
1.260036796128483169e-07
1.259281830066130408e-07
1.258527992816732569e-07
1.257775640261806598e-07
1.257025227316200864e-07
1.256276227682703416e-07
1.255528041189368093e-07
1.254781270409727219e-07
1.254035547237163843e-07
1.253290998451734835e-07
1.252548610161050784e-07
1.251806825882986592e-07
1.251066380100977646e-07
1.250327032840453917e-07
1.249589540365726255e-07
1.248854250321974721e-07
1.248120486543287248e-07
1.247387277485166943e-07
1.246655486455528077e-07
1.245924524424054738e-07
1.245194795211633006e-07
1.244466494409762048e-07
1.243739923102661006e-07
1.243014898190099701e-07
1.242290679416961567e-07
1.241568040673743192e-07
1.240846248384844541e-07
1.240125699284840706e-07
1.239407243628012472e-07
1.238689298001308167e-07
1.237972819168629459e-07
1.237257339087935504e-07
1.236543976998001857e-07
1.235832879616648916e-07
1.235122941528359869e-07
1.234413602775450713e-07
1.233705652630074991e-07
1.232998727668704749e-07
1.232292989230649211e-07
1.231588542342398918e-07
1.230885733757579610e-07
1.230184770523389665e-07
1.229484844972611528e-07
1.228786378045919691e-07
1.228088769108833479e-07
1.227392251623687982e-07
1.226697931012037773e-07
1.226004229230448583e-07
1.225311739517943720e-07
1.224620423463219624e-07
1.223931249046150173e-07
1.223244409312395485e-07
1.222559028151055705e-07
1.221873924816841585e-07
1.221190375220539985e-07
1.220508060389779117e-07
1.219826769782123083e-07
1.219146708654916323e-07
1.218468066799009359e-07
1.217791427667115992e-07
1.217116623729421908e-07
1.216442769406735472e-07
1.215770121750182038e-07
1.215098296967990239e-07
1.214428503237435325e-07
1.213759980771699496e-07
1.213092030554502837e-07
1.212425821376757442e-07
1.211760946966904451e-07
1.211098859262068211e-07
1.210438863741593793e-07
1.209779427955857950e-07
1.209120976494657140e-07
1.208463890554747591e-07
1.207808032828779303e-07
1.207153348233504883e-07
1.206499604760843166e-07
1.205847847899576717e-07
1.205198508339245119e-07
1.204550350715393938e-07
1.203903404497797333e-07
1.203257352319683170e-07
1.202612386861026798e-07
1.201969642240565755e-07
1.201327593553960529e-07
1.200686614761917081e-07
1.200047004905197363e-07
1.199409519026456194e-07
1.198774789321489808e-07
1.198141791682907865e-07
1.197509270074313357e-07
1.196877961044147645e-07
1.196247995874418331e-07
1.195619116046715063e-07
1.194991443583523461e-07
1.194364702480460506e-07
1.193740050708108549e-07
1.193117967831759318e-07
1.192496898998017988e-07
1.191876954179182479e-07
1.191257874370206528e-07
1.190639905406318977e-07
1.190024135320839407e-07
1.189408941441350624e-07
1.188794845827153208e-07
1.188182056065429705e-07
1.187571364288043014e-07
1.186963461192219030e-07
1.186357272588508533e-07
1.185751736246533874e-07
1.185147211484805411e-07
1.184543965816405349e-07
1.183941884739178208e-07
1.183340929122011829e-07
1.182740776655117143e-07
1.182142762779271512e-07
1.181546997191122662e-07
1.180952569787384462e-07
1.180359081122498214e-07
1.179766460452637313e-07
1.179174792316116966e-07
1.178585223883826421e-07
1.177996527771288179e-07
1.177408471248653846e-07
1.176822117190448055e-07
1.176237053366502242e-07
1.175654711830252336e-07
1.175074342584084910e-07
1.174495211059969278e-07
1.173916569633813593e-07
1.173339205784033679e-07
1.172763113744789047e-07
1.172187880160419810e-07
1.171613563114541673e-07
1.171040834609545334e-07
1.170469956319033978e-07
1.169901165523967862e-07
1.169333030569857094e-07
1.168765814352913007e-07
1.168199499450101583e-07
1.167634450074952863e-07
1.167071211004005122e-07
1.166508295995630654e-07
1.165946722039438756e-07
1.165386186495959063e-07
1.164827670204873712e-07
1.164271402723658455e-07
1.163716777597217681e-07
1.163163036145441429e-07
1.162610062312952832e-07
1.162058141992548811e-07
1.161507211189070403e-07
1.160957260771371942e-07
1.160408081167994427e-07
1.159860860874006031e-07
1.159315174665362351e-07
1.158770979461812577e-07
1.158227435808870409e-07
1.157684785624938494e-07
1.157142938876761462e-07
1.156602490170164631e-07
1.156063426565243248e-07
1.155524634645502569e-07
1.154987311606478033e-07
1.154450857439967392e-07
1.153916261460633260e-07
1.153383542206089078e-07
1.152852399637050221e-07
1.152322052620268877e-07
1.151792453554489628e-07
1.151263784282176680e-07
1.150735970674284904e-07
1.150209105182643872e-07
1.149682995636129572e-07
1.149158634808607505e-07
1.148635572734781757e-07
1.148113839656435742e-07
1.147592658579654796e-07
1.147072335267177975e-07
1.146552798862966264e-07
1.146034334794177692e-07
1.145517377896955975e-07
1.145000697189156787e-07
1.144485058115858748e-07
1.143970450039404301e-07
1.143457162632925807e-07
1.142945604958079803e-07
1.142435555573048653e-07
1.141926601547273030e-07
1.141418028576773063e-07
1.140910446948298880e-07
1.140403620854529689e-07
1.139897494286030849e-07
1.139392290844656447e-07
1.138888155519792230e-07
1.138385452739997216e-07
1.137884024726996687e-07
1.137383094733576575e-07
1.136883037050817323e-07
1.136383661411645315e-07
1.135884982100674310e-07
1.135387788694351924e-07
1.134891236921107544e-07
1.134395044876271693e-07
1.133900345613344806e-07
1.133406215281304662e-07
1.132913613933131889e-07
1.132422418812095917e-07
1.131932575142130351e-07
1.131443156647490500e-07
1.130954547158761823e-07
1.130466638111573447e-07
1.129979344670836555e-07
1.129492899544374038e-07
1.129007167093876334e-07
1.128522764588337826e-07
1.128039425256231159e-07
1.127557079288856617e-07
1.127075221008352678e-07
1.126594229665846849e-07
1.126113858922668710e-07
1.125634183277391572e-07
1.125155882348334401e-07
1.124678023260333788e-07
1.124200616135494467e-07
1.123724500816578405e-07
1.123248946237307309e-07
1.122774834790209266e-07
1.122302032312654469e-07
1.121830386932247987e-07
1.121359011314478574e-07
1.120888472287800318e-07
1.120418584531320734e-07
1.119949265788571554e-07
1.119480765757918237e-07
1.119012934591872492e-07
1.118546273048583163e-07
1.118080610623520017e-07
1.117615923091651141e-07
1.117151673516232570e-07
1.116688259606578439e-07
1.116225383275744923e-07
1.115763139806641107e-07
1.115302198539449417e-07
1.114841797014394534e-07
1.114381724842250027e-07
1.113922850549021716e-07
1.113464441135502913e-07
1.113007368363129450e-07
1.112551586568945945e-07
1.112096974037357535e-07
1.111642685846578162e-07
1.111189013433688022e-07
1.110736031044442000e-07
1.110283686352659273e-07
1.109831944995286123e-07
1.109380971908235975e-07
1.108930746882658886e-07
1.108481684922112443e-07
1.108033714936378964e-07
1.107586198772841470e-07
1.107139428445039544e-07
1.106693215692259495e-07
1.106247530556065387e-07
1.105802837933348791e-07
1.105359155258092552e-07
1.104915680351140707e-07
1.104472982428466806e-07
1.104031047485242524e-07
1.103589996908416455e-07
1.103150346404248260e-07
1.102711922556742120e-07
1.102274180588201442e-07
1.101836629103417190e-07
1.101399939622778612e-07
1.100963871639396101e-07
1.100528321482581080e-07
1.100093502729809990e-07
1.099659223987718504e-07
1.099226018559707524e-07
1.098793770829137839e-07
1.098362603164017676e-07
1.097931834454755361e-07
1.097501867387061152e-07
1.097072337861832409e-07
1.096643326518205942e-07
1.096215504199529359e-07
1.095788364702436735e-07
1.095361465056557955e-07
1.094935481209966737e-07
1.094510017266108245e-07
1.094085671446385005e-07
1.093662710400452082e-07
1.093240898955458845e-07
1.092819629903730175e-07
1.092398547754714255e-07
1.091978340677422966e-07
1.091558788391333152e-07
1.091139713631440093e-07
1.090721354700088934e-07
1.090303475579192733e-07
1.089886673297256871e-07
1.089470802158598368e-07
1.089056089668100930e-07
1.088641746531991821e-07
1.088228120754818595e-07
1.087814926983832024e-07
1.087402205210653244e-07
1.086990655539048050e-07
1.086579892579129619e-07
1.086169320228983088e-07
1.085759545467487535e-07
1.085350373805666496e-07
1.084942145149584190e-07
1.084535347557285030e-07
1.084129711718831749e-07
1.083724767012548899e-07
1.083319991269775874e-07
1.082915949467217346e-07
1.082512505004815281e-07
1.082109652227919336e-07
1.081707402381789211e-07
1.081305711474258027e-07
1.080904775840350738e-07
1.080504888234450399e-07
1.080106227198520409e-07
1.079708047040332170e-07
1.079310426142736888e-07
1.078913346691256447e-07
1.078516710209860779e-07
1.078120830081485723e-07
1.077726118532697303e-07
1.077331640836566154e-07
1.076937531116571822e-07
1.076544457381538816e-07
1.076151810463133885e-07
1.075760529860907035e-07
1.075370468929907316e-07
1.074981370947562075e-07
1.074592690861331055e-07
1.074204306767963745e-07
1.073816640097373456e-07
1.073429655271287358e-07
1.073043082145688226e-07
1.072657165132491898e-07
1.072271656798492643e-07
1.071887283369330177e-07
1.071503771272180565e-07
1.071121388854925684e-07
1.070739344528480287e-07
1.070357932852204877e-07
1.069976933748470335e-07
1.069596387459761032e-07
1.069216815598590033e-07
1.068838133791982434e-07
1.068459612754478420e-07
1.068081594452473755e-07
1.067704484716316704e-07
1.067327908178872974e-07
1.066952670760174145e-07
1.066578532597050106e-07
1.066205299473495716e-07
1.065832431144805166e-07
1.065459907133855180e-07
1.065088055331772617e-07
1.064716862038558706e-07
1.064346045032032614e-07
1.063975860539068886e-07
1.063606068362476193e-07
1.063237394698942663e-07
1.062869507305814363e-07
1.062502703296221983e-07
1.062136216715049324e-07
1.061770287911524838e-07
1.061404773545042717e-07
1.061039714597422686e-07
1.060675460095757751e-07
1.060312183560323545e-07
1.059949083622785336e-07
1.059586359146120040e-07
1.059224620034665573e-07
1.058863237671101673e-07
1.058503038968504213e-07
1.058143934516319919e-07
1.057785743674616467e-07
1.057428148325053491e-07
1.057070676602269111e-07
1.056713931028345808e-07
1.056357684956019281e-07
1.056001853163507539e-07
1.055646612936433806e-07
1.055291835697039778e-07
1.054937772443870609e-07
1.054584606976972185e-07
1.054232448720632494e-07
1.053880744894260867e-07
1.053529429252078863e-07
1.053178651070710563e-07
1.052828300042759109e-07
1.052478410780682436e-07
1.052129533292819593e-07
1.051781078739763191e-07
1.051432803374104664e-07
1.051085325910065333e-07
1.050738336763382140e-07
1.050392086600443413e-07
1.050046964827527983e-07
1.049702740697738966e-07
1.049359310696140863e-07
1.049016129716954885e-07
1.048673345743161473e-07
1.048331107493561105e-07
1.047989418877529531e-07
1.047648066495472121e-07
1.047307296723293673e-07
1.046966880519538586e-07
1.046627413085750844e-07
1.046288631264397540e-07
1.045950779161824730e-07
1.045613205406414782e-07
1.045276127068871541e-07
1.044939474487267836e-07
1.044603215458459083e-07
1.044267487089941171e-07
1.043932709199368353e-07
1.043598212961834684e-07
1.043263906113292636e-07
1.042930434263036389e-07
1.042597312971671353e-07
1.042265005690070980e-07
1.041933685824709513e-07
1.041603197327099626e-07
1.041273442861578063e-07
1.040943898882682057e-07
1.040614747665020244e-07
1.040286126462924055e-07
1.039958004272430375e-07
1.039630182254046540e-07
1.039302922774838431e-07
1.038976017048096206e-07
1.038649934221697691e-07
1.038324521970070503e-07
1.037999968017935810e-07
1.037675709936124174e-07
1.037351842219022252e-07
1.037028444547284487e-07
1.036705427873875559e-07
1.036382806366222352e-07
1.036061056525872484e-07
1.035739738350320980e-07
1.035418565479813035e-07
1.035097999079623736e-07
1.034778030964272054e-07
1.034458498818829070e-07
1.034139926813339132e-07
1.033822168240068942e-07
1.033505166178245228e-07
1.033188568735229703e-07
1.032872099878235419e-07
1.032556264033349490e-07
1.032240792987579640e-07
1.031925671132099840e-07
1.031611019084528304e-07
1.031296812799885856e-07
1.030983046403768982e-07
1.030670109622075927e-07
1.030357792048285570e-07
1.030046068532161836e-07
1.029734579780647439e-07
1.029423622450963808e-07
1.029112959058862247e-07
1.028802651970867797e-07
1.028492899047923219e-07
1.028183937452137744e-07
1.027875143425084173e-07
1.027566529967741380e-07
1.027258741928872914e-07
1.026951182923374459e-07
1.026644348585975391e-07
1.026338384744794540e-07
1.026033152219935581e-07
1.025728556201372571e-07
1.025424133698292179e-07
1.025120014194890987e-07
1.024816385574965730e-07
1.024513186927201780e-07
1.024210255527910647e-07
1.023907813358285456e-07
1.023605726863833236e-07
1.023304118513364031e-07
1.023003272335557342e-07
1.022703103523160237e-07
1.022403384118991549e-07
1.022103922463937243e-07
1.021804947243615043e-07
1.021506240145256475e-07
1.021207853146296134e-07
1.020910057162131049e-07
1.020612993708760387e-07
1.020316080134772115e-07
1.020019334782160458e-07
1.019723344065565997e-07
1.019427566969989840e-07
1.019132494953772904e-07
1.018838244553301422e-07
1.018544707418956090e-07
1.018251784703742675e-07
1.017959047762834248e-07
1.017666528114042092e-07
1.017374534611182334e-07
1.017082931496606540e-07
1.016791601760021222e-07
1.016500702719105755e-07
1.016210170476661465e-07
1.015920019812980367e-07
1.015630638776712650e-07
1.015341798898232935e-07
1.015053597953129964e-07
1.014765592741892546e-07
1.014478022331792692e-07
1.014190751983497422e-07
1.013903780490701453e-07
1.013617226533102409e-07
1.013331442252331590e-07
1.013045943705735552e-07
1.012760584344404442e-07
1.012475711797739683e-07
1.012191358711053205e-07
1.011907323607320125e-07
1.011624118017123682e-07
1.011341640309091953e-07
1.011059854345887865e-07
1.010778446664786003e-07
1.010497113260600180e-07
1.010216239907221459e-07
1.009935694217004176e-07
1.009655562724028144e-07
1.009375685114555086e-07
1.009096257100987269e-07
1.008817105325915498e-07
1.008538529845055510e-07
1.008260537796343233e-07
1.007983255524950422e-07
1.007706326253079497e-07
1.007429647815246559e-07
1.007153397387546587e-07
1.006877386521428659e-07
1.006601662167511745e-07
1.006326453509685992e-07
1.006051956053889653e-07
1.005777598920909459e-07
1.005503389804671118e-07
1.005229785275093216e-07
1.004956483633303183e-07
1.004683644530349170e-07
1.004411642749415265e-07
1.004140310436750917e-07
1.003869571924941272e-07
1.003599160716551158e-07
1.003328811319520309e-07
1.003058936276574960e-07
1.002789363522589669e-07
1.002520201113420141e-07
1.002251278407343539e-07
1.001982771752834568e-07
1.001714507662490281e-07
1.001446822027560623e-07
1.001179686057414906e-07
1.000913262363397657e-07
1.000647181514833317e-07
1.000381327597878005e-07
1.000115880129965660e-07
9.998506557815793134e-08
9.995857192395195047e-08
9.993212325568779465e-08
9.990574723787282189e-08
9.987938776959226340e-08
9.985304189769209923e-08
9.982674423313939544e-08
9.980048793134967735e-08
9.977426405272840519e-08
9.974811800648209710e-08
9.972203918266328412e-08
9.969602486805773689e-08
9.967004651260468577e-08
9.964407451540961482e-08
9.961814052050585290e-08
9.959224033079506553e-08
9.956638104149369432e-08
9.954054171117096060e-08
9.951474151279234491e-08
9.948897038432786771e-08
9.946323520941093726e-08
9.943756834150485245e-08
9.941194838432054052e-08
9.938638952310090205e-08
9.936084729852699459e-08
9.933533863266329892e-08
9.930986009966302378e-08
9.928440881687333518e-08
9.925898236007418549e-08
9.923362125979244493e-08
9.920830714743718783e-08
9.918300089579208996e-08
9.915771308076140000e-08
9.913249256746645586e-08
9.910728553358786598e-08
9.908213854661201090e-08
9.905706211367612099e-08
9.903204660210927212e-08
9.900708322392408276e-08
9.898214966445404624e-08
9.895722228578215529e-08
9.893233932084765073e-08
9.890748282481117186e-08
9.888266276902415515e-08
9.885786377582735105e-08
9.883310305128040568e-08
9.880836806740582838e-08
9.878367627934336191e-08
9.875904413046040355e-08
9.873446305994003628e-08
9.870992817190890214e-08
9.868540963833001247e-08
9.866092685498642324e-08
9.863646906220366895e-08
9.861203736438316970e-08
9.858763231301964684e-08
9.856328880978032544e-08
9.853898572770850924e-08
9.851469012861972246e-08
9.849041327604267055e-08
9.846620024241322007e-08
9.844199952218695652e-08
9.841785579176676557e-08
9.839377827002568903e-08
9.836975683128990195e-08
9.834578491348318154e-08
9.832184416041351009e-08
9.829790769205403340e-08
9.827401159340704705e-08
9.825014205685538781e-08
9.822630797098691247e-08
9.820249217083007413e-08
9.817871382017178521e-08
9.815496075761211075e-08
9.813124044455050279e-08
9.810758191945027679e-08
9.808396397047063991e-08
9.806040004800743299e-08
9.803685155106761339e-08
9.801333080193169684e-08
9.798983984083848044e-08
9.796637350557237516e-08
9.794292642300800424e-08
9.791953172204546574e-08
9.789618902735977561e-08
9.787285625893856696e-08
9.784953483734910716e-08
9.782626225588097988e-08
9.780302300531769575e-08
9.777981016027043093e-08
9.775666129886686120e-08
9.773356940225603114e-08
9.771053224813839815e-08
9.768753235969539055e-08
9.766454359776288157e-08
9.764157293370030391e-08
9.761864283412336495e-08
9.759573779587125207e-08
9.757285888850203659e-08
9.755000147876426411e-08
9.752718023447931481e-08
9.750437699519961467e-08
9.748162461059717140e-08
9.745891674656476704e-08
9.743626047262558104e-08
9.741363691162577837e-08
9.739102818014471467e-08
9.736845250647162528e-08
9.734589884851487528e-08
9.732336922131636093e-08
9.730086082444464379e-08
9.727840653822360400e-08
9.725599388055597872e-08
9.723358744980164609e-08
9.721119296604792316e-08
9.718885559610859622e-08
9.716653802839573809e-08
9.714425361266057597e-08
9.712203002002052770e-08
9.709985692974952260e-08
9.707773662084792554e-08
9.705564859145005886e-08
9.703356894816326989e-08
9.701150992202428238e-08
9.698948631722956036e-08
9.696748748831055381e-08
9.694551250270204020e-08
9.692355816352843188e-08
9.690163832353909716e-08
9.687973518598869822e-08
9.685787723260622896e-08
9.683606378968903966e-08
9.681429585920682966e-08
9.679256299532588847e-08
9.677084398997293317e-08
9.674915467772285779e-08
9.672748874192300084e-08
9.670584378738742037e-08
9.668421629122726176e-08
9.666263792984332534e-08
9.664110386953161275e-08
9.661957793674731713e-08
9.659806221822458136e-08
9.657658794635200975e-08
9.655514757972782227e-08
9.653372415353163104e-08
9.651235654366442309e-08
9.649104424154045891e-08
9.646977605730843371e-08
9.644854771437954434e-08
9.642733371787471391e-08
9.640612682712530754e-08
9.638495889869882600e-08
9.636381039256035837e-08
9.634269142124939850e-08
9.632158762293697864e-08
9.630051605251147779e-08
9.627946604599997152e-08
9.625843954218161234e-08
9.623746698297976304e-08
9.621652386295507297e-08
9.619563360545429554e-08
9.617475901953525176e-08
9.615390266315731831e-08
9.613307632610649590e-08
9.611226606312733340e-08
9.609147653097085114e-08
9.607071374838918921e-08
9.605000054556815403e-08
9.602931735250058708e-08
9.600864004949229462e-08
9.598797461294911626e-08
9.596736115168237301e-08
9.594676173613212658e-08
9.592619444295823272e-08
9.590568136810383583e-08
9.588521458671908610e-08
9.586479570145836031e-08
9.584440652967436997e-08
9.582402636277955261e-08
9.580365801227608056e-08
9.578332751186950079e-08
9.576301420899183361e-08
9.574272817672456212e-08
9.572245653026459644e-08
9.570221466531368934e-08
9.568199382097975947e-08
9.566179812741147186e-08
9.564165281817868914e-08
9.562153603895653272e-08
9.560146838403487881e-08
9.558141511012848152e-08
9.556137930949226282e-08
9.554137238556874360e-08
9.552138087848121681e-08
9.550140901271359793e-08
9.548146113898586224e-08
9.546155981307384773e-08
9.544168923980593164e-08
9.542182405993095845e-08
9.540196912692824741e-08
9.538216180003741703e-08
9.536237349254237334e-08
9.534260824583268114e-08
9.532289409611550059e-08
9.530322820826825893e-08
9.528360372050513488e-08
9.526401336674425520e-08
9.524443588306561511e-08
9.522486456824059283e-08
9.520532733074882259e-08
9.509666180415000735e-08
9.507718089734627032e-08
9.505771257101380558e-08
9.503827202647225561e-08
9.501885211641409517e-08
9.499944832195931410e-08
9.498009310996433252e-08
9.496076648127527705e-08
9.494148653797965455e-08
9.492223050602919070e-08
9.490298674618101078e-08
9.488376929590487238e-08
9.486457103212070864e-08
9.484539062356228148e-08
9.482622439952990032e-08
9.480709629522069513e-08
9.478801234576486301e-08
9.476893781060531884e-08
9.474987136956238732e-08
9.473082572060072345e-08
9.471182478037140615e-08
9.469282828287959420e-08
9.467387513689945128e-08
9.465496962133276280e-08
9.463610348473933107e-08
9.424495861192468656e-08
9.422620346180299284e-08
9.420745404907768147e-08
9.418871793231617136e-08
9.417001534273919349e-08
9.415132838279359698e-08
9.413266664043994976e-08
9.411401769683022294e-08
9.409539617333521132e-08
9.407679256346032149e-08
9.405820742963728331e-08
9.403967005152031020e-08
9.402115650742750343e-08
9.400269067062782602e-08
9.398424230848469513e-08
9.396580628944637175e-08
9.394739648338259970e-08
9.392900222896609579e-08
9.391062608531398517e-08
9.389226363525819899e-08
9.387393967060522341e-08
9.385565712506849431e-08
9.383738286119466757e-08
9.381911649006501851e-08
9.380086954431619180e-08
9.358848860812093921e-08
9.357031236522505947e-08
9.355217490446168720e-08
9.353408285567231470e-08
9.351602922077351393e-08
9.349801665099580042e-08
9.348002675969252362e-08
9.346204461839071753e-08
9.344407071393672992e-08
9.342613056367674986e-08
9.340820438907742149e-08
9.339030256729265488e-08
9.337241163845250599e-08
9.335454610365929522e-08
