2.528720686102030274e-10
2.968079623872888904e-10
3.425821510974581892e-10
3.897577437353127472e-10
4.378964387190484934e-10
4.865579413331799675e-10
5.353096491060441750e-10
5.837221572042039060e-10
6.313773976490402478e-10
6.778674974215673811e-10
7.227937447860713215e-10
7.657737731956977070e-10
8.064392455754540486e-10
8.444400918562690018e-10
8.794411977277319465e-10
9.111224651742941650e-10
9.391944523759258787e-10
9.633630893956527282e-10
9.833826796965547025e-10
9.990053126094341353e-10
1.010003969088489080e-09
1.016178533038984402e-09
1.017346939763718571e-09
1.013344991866633799e-09
1.004026228229255966e-09
9.892635211712835280e-10
9.689507872202066662e-10
9.429833841626540287e-10
9.112894132358073287e-10
8.738280929426093558e-10
8.305462393281964684e-10
7.814006909106286432e-10
7.264186417122940607e-10
6.655550246048206573e-10
5.988759260464822688e-10
5.263591342271467524e-10
4.481039948572431486e-10
3.640987639138073138e-10
2.744618908395818015e-10
1.792553812894931028e-10
7.853301131220483260e-11
-2.757605640051688921e-11
-1.389639894604422812e-10
-2.555667123721337115e-10
-3.772423714024861170e-10
-5.038581667121044801e-10
-6.352914751774400021e-10
-7.714022765659366982e-10
-9.120789562207062217e-10
-1.057168165993850242e-09
-1.206517308220508162e-09
-1.359986182718046958e-09
-1.517409553023838031e-09
-1.678649146991782471e-09
-1.843552663003919390e-09
-2.011950822769634574e-09
-2.183707249838105505e-09
-2.358661677520013095e-09
-2.536651316507916020e-09
-2.717540605516545561e-09
-2.901168779469504429e-09
-3.087378246050731221e-09
-3.276039393937162749e-09
-3.466999598098258416e-09
-3.660110833425479681e-09
-3.855253016827923352e-09
-4.052275571554721845e-09
-4.251032694092981634e-09
-4.451404361058735905e-09
-4.653273638902055134e-09
-4.856502628645199609e-09
-5.060986014713222319e-09
-5.266615609793318009e-09
-5.473270443483149155e-09
-5.680830710494924676e-09
-5.889208114218765707e-09
-6.098331760958640244e-09
-6.308081441575666364e-09
-6.518358759865579093e-09
-6.729095903673748354e-09
-6.940235731802155050e-09
-7.151679761803178074e-09
-7.363345460444963875e-09
-7.575187825281655730e-09
-7.787155855807937561e-09
-7.999181382871444611e-09
-8.211195015815379805e-09
-8.423170028736333868e-09
-8.635066915543781556e-09
-8.846838612658615809e-09
-9.058433171313252179e-09
-9.269841301274015632e-09
-9.481034229601720299e-09
-9.691982615312004288e-09
-9.902664320399144028e-09
-1.011304863683868370e-08
-1.032314284016977326e-08
-1.053293678104224835e-08
-1.074240155134704638e-08
-1.095154292855966393e-08
-1.116035018989455396e-08
-1.136883413940504058e-08
-1.157700188180209334e-08
-1.178483301016655499e-08
-1.199235028362215303e-08
-1.219954886383376791e-08
-1.240645411049397511e-08
-1.261307702667922495e-08
-1.281941676115102349e-08
-1.302549478104130465e-08
-1.323131263168171714e-08
-1.343690781193163386e-08
-1.364228656904405204e-08
-1.384747547426483211e-08
-1.405247400184121264e-08
-1.425730987528002609e-08
-1.446200302011324238e-08
-1.466657623775700530e-08
-1.487105369417976550e-08
-1.507544469661508641e-08
-1.527976609983396010e-08
-1.548403694786176053e-08
-1.568828584115096794e-08
-1.589252751777869418e-08
-1.609678898974409932e-08
-1.630107346049024756e-08
-1.650539723332821740e-08
-1.670977386670846632e-08
-1.691423374731603980e-08
-1.711878047125003795e-08
-1.732344059731737767e-08
-1.752820845252969794e-08
-1.773310107077880411e-08
-1.793812113721837503e-08
-1.814329925372719577e-08
-1.834862812444916923e-08
-1.855412415303620377e-08
-1.875978441923855477e-08
-1.896560687684970412e-08
-1.917159744763691649e-08
-1.937775310893646784e-08
-1.958409560568340172e-08
-1.979060225089987798e-08
-1.999728634762334280e-08
-2.020412443185650225e-08
-2.041111443500273327e-08
-2.061824464620959618e-08
-2.082550894468670342e-08
-2.103291454751015876e-08
-2.124043401146403804e-08
-2.144806124685531579e-08
-2.165576633719108799e-08
-2.186353963731311348e-08
-2.207135371727367011e-08
-2.227919771497102180e-08
-2.248706331165312868e-08
-2.269491976985669473e-08
-2.290275367252060932e-08
-2.311051201854249841e-08
-2.331818770528455190e-08
-2.352574223960103582e-08
-2.373314523895322359e-08
-2.394039668426806736e-08
-2.414743977102833885e-08
-2.435426472595464881e-08
-2.456083211137067131e-08
-2.476706841684090559e-08
-2.497299229000299344e-08
-2.517852259327476026e-08
-2.538364215303357416e-08
-2.558835834930573555e-08
-2.579256650339029953e-08
-2.599628086534308963e-08
-2.619946847983685119e-08
-2.640199618174182355e-08
-2.660391572868047186e-08
-2.680516347139855113e-08
-2.700565556601399726e-08
-2.720544627991381083e-08
-2.740443376467175898e-08
-2.760256697417305225e-08
-2.779989868230199426e-08
-2.799625035121702513e-08
-2.819161477669561053e-08
-2.838604806916183722e-08
-2.857937474743765935e-08
-2.877161936683051628e-08
-2.896283568473065774e-08
-2.915282484966945629e-08
-2.934162002346066554e-08
-2.952927867651972765e-08
-2.971556109171076047e-08
-2.990051092848815536e-08
-3.008420576067624662e-08
-3.026645203745566424e-08
-3.044725550064359448e-08
-3.062670590013337868e-08
-3.080464334074552467e-08
-3.098099722731868897e-08
-3.115589488945872703e-08
-3.132921767372419134e-08
-3.150079856239546670e-08
-3.167082985534865476e-08
-3.183927774974968170e-08
-3.200587692082044472e-08
-3.217083425392976795e-08
-3.233417904528179675e-08
-3.249559873195947101e-08
-3.265525154978695156e-08
-3.281322447808980984e-08
-3.296930140014323037e-08
-3.312345165560538686e-08
-3.327585516013834477e-08
-3.342646942810953455e-08
-3.357501864539284358e-08
-3.372175653288887249e-08
-3.386673181436128347e-08
-3.400963343159078570e-08
-3.415059725683626465e-08
-3.428975116577328269e-08
-3.442700444490487193e-08
-3.456213122039746412e-08
-3.469542408319743242e-08
-3.482692077513821253e-08
-3.495632559097613784e-08
-3.508377959664445342e-08
-3.520942103111872624e-08
-3.533320768387439637e-08
-3.545485423473598606e-08
-3.557467482097640846e-08
-3.569271358986403524e-08
-3.580878395597428188e-08
-3.592286897746353508e-08
-3.603519258955572965e-08
-3.614578560248198126e-08
-3.625435172885599337e-08
-3.636110605690911081e-08
-3.646616153288731873e-08
-3.656950241965886983e-08
-3.667085562577548877e-08
-3.677052588736249831e-08
-3.686856859379977401e-08
-3.696492146266585843e-08
-3.705940638961644646e-08
-3.715232239363023708e-08
-3.724370501173760797e-08
-3.733344363310456549e-08
-3.742146168607113675e-08
-3.750800938727967654e-08
-3.759311486035643254e-08
-3.767665306010787236e-08
-3.775860507788580179e-08
-3.783919428771039858e-08
-3.791844521234054090e-08
-3.799624198590242297e-08
-3.807258266833521233e-08
-3.814767372726646909e-08
-3.822153677101015277e-08
-3.829408018818475172e-08
-3.836527894644928604e-08
-3.843533917011640828e-08
-3.850428523267764781e-08
-3.857206477570948103e-08
-3.863859689610385191e-08
-3.870411443163788868e-08
-3.876863534705113751e-08
-3.883214028921043803e-08
-3.889451874865919299e-08
-3.895598227060247174e-08
-3.901656617501104105e-08
-3.907627489388114839e-08
-3.913498532726299583e-08
-3.919286536443163640e-08
-3.924997922164990809e-08
-3.930633532485208967e-08
-3.936186059357555677e-08
-3.941662170429922329e-08
-3.947072801152360120e-08
-3.952419176263431482e-08
-3.957699457618713699e-08
-3.962908697130125482e-08
-3.968061937131386360e-08
-3.973161043319183596e-08
-3.978206606253179672e-08
-3.983191863148283106e-08
-3.988126884927109050e-08
-3.993017179969302935e-08
-3.997863270917886978e-08
-4.002663995809509906e-08
-4.007417814039323860e-08
-4.012135096598769156e-08
-4.016816946075964910e-08
-4.021463907794276794e-08
-4.026072153315827723e-08
-4.030647482817188855e-08
-4.035194618972022519e-08
-4.039714105921992765e-08
-4.044205637295876156e-08
-4.048666735380141390e-08
-4.053104755530508501e-08
-4.057521137554903302e-08
-4.061916297992145156e-08
-4.066289183118438498e-08
-4.070639774379023032e-08
-4.074973173503688237e-08
-4.079289728990221128e-08
-4.083589808471651283e-08
-4.087871867445595426e-08
-4.092137272703370930e-08
-4.096389373389558140e-08
-4.100628375721140062e-08
-4.104854412898489944e-08
-4.109065549836338165e-08
-4.113263453830192271e-08
-4.117450042073971686e-08
-4.121625498995773140e-08
-4.125789976122683101e-08
-4.129940965618192486e-08
-4.134079563291193543e-08
-4.138207110391703843e-08
-4.142323747811511149e-08
-4.146429629544760164e-08
-4.150522033183132197e-08
-4.154601545243635070e-08
-4.158669416503688097e-08
-4.162725815884170861e-08
-4.166770886930512193e-08
-4.170801250333690383e-08
-4.174816098432980384e-08
-4.178816918615277590e-08
-4.182803934905986708e-08
-4.186777345623361606e-08
-4.190734054195607338e-08
-4.194670853800410491e-08
-4.198589939600656449e-08
-4.202491618859028475e-08
-4.206376155177510106e-08
-4.210241728385955997e-08
-4.214082738118719429e-08
-4.217901594690977664e-08
-4.221698770326561426e-08
-4.225474660563201353e-08
-4.229228818822027476e-08
-4.232953022918679824e-08
-4.236648584332634042e-08
-4.240316944654732943e-08
-4.243958606356174468e-08
-4.247573920132293201e-08
-4.251157216021542136e-08
-4.254703031854958329e-08
-4.258215927957234122e-08
-4.261696387622859320e-08
-4.265144830645510395e-08
-4.268560034401244655e-08
-4.271931347400403533e-08
-4.275262098055990634e-08
-4.278554090616302265e-08
-4.281807967905303462e-08
-4.285024410685743641e-08
-4.288196584233963550e-08
-4.291316779306248161e-08
-4.294391914568406320e-08
-4.297422514529302436e-08
-4.300409302596536388e-08
-4.303352819553258138e-08
-4.306239510328251467e-08
-4.309071414182953266e-08
-4.311853199806001684e-08
-4.314585449319308074e-08
-4.317269164286023092e-08
-4.319902268086411044e-08
-4.322470629456572343e-08
-4.324980949940526771e-08
-4.327436324596661611e-08
-4.329837992509790585e-08
-4.332186207869762410e-08
-4.334477214633361261e-08
-4.336696753685062667e-08
-4.338855599556427675e-08
-4.340955719881299655e-08
-4.342998245359813407e-08
-4.344983924173801533e-08
-4.346907459260569780e-08
-4.348756352651942718e-08
-4.350542126190587947e-08
-4.352267033834140741e-08
-4.353931762087995669e-08
-4.355537400251331420e-08
-4.357078700478213804e-08
-4.358542920250801230e-08
-4.359942539023971756e-08
-4.361279575244661008e-08
-4.362555482528025422e-08
-4.363770487739697572e-08
-4.364921890011466834e-08
-4.365994928565141465e-08
-4.367002135596727363e-08
-4.367947478984680404e-08
-4.368831598920055028e-08
-4.369655463712554450e-08
-4.370417916809769817e-08
-4.371104609017479162e-08
-4.371724337365170525e-08
-4.372283453157623255e-08
-4.372783165563985934e-08
-4.373223461937997101e-08
-4.373605763719409072e-08
-4.373918891779230535e-08
-4.374162328159775549e-08
-4.374347970650104311e-08
-4.374476670737491970e-08
-4.374548791950116078e-08
-4.374565520362151852e-08
-4.374522861517263222e-08
-4.374411306712433436e-08
-4.374243893040463623e-08
-4.374024130419301069e-08
-4.373751852954878870e-08
-4.373428722345178661e-08
-4.373054329929381073e-08
-4.372618727142629552e-08
-4.372126104561964476e-08
-4.371585750783263781e-08
-4.370998114665872180e-08
-4.370363607337665292e-08
-4.369683388274205024e-08
-4.368954703264936867e-08
-4.368169939716752890e-08
-4.367339951583879813e-08
-4.366468475235267586e-08
-4.365556138381562875e-08
-4.364603105009529452e-08
-4.363610031273535707e-08
-4.362573212254432318e-08
-4.361490080553893234e-08
-4.360371333602748843e-08
-4.359217945785054882e-08
-4.358030471898506560e-08
-4.356809477023661273e-08
-4.355554891108523915e-08
-4.354262445438746368e-08
-4.352933191499112374e-08
-4.351575650153792149e-08
-4.350190242398890946e-08
-4.348777350918563322e-08
-4.347337149008050887e-08
-4.345869948801956011e-08
-4.344371866861530819e-08
-4.342846357647760294e-08
-4.341299205477560615e-08
-4.339730969916891100e-08
-4.338141833797516293e-08
-4.336531874468945057e-08
-4.334901449986220453e-08
-4.333248423151941218e-08
-4.331575475574685315e-08
-4.329887259005391271e-08
-4.328184045898427629e-08
-4.326466057003610854e-08
-4.324733469306402031e-08
-4.322986241841208732e-08
-4.321223522602465613e-08
-4.319446457382896037e-08
-4.317659570164738836e-08
-4.315863209673828761e-08
-4.314057373774812296e-08
-4.312242289374785601e-08
-4.310418008489271695e-08
-4.308584562671728848e-08
-4.306742365910990353e-08
-4.304894821751291299e-08
-4.303042536860729349e-08
-4.301185553904886759e-08
-4.299323922991982757e-08
-4.297457708887458805e-08
-4.295587025988148981e-08
-4.293712575829842363e-08
-4.291835999544796207e-08
-4.289958159939726258e-08
-4.288079071277955310e-08
-4.286198757691039102e-08
-4.284317230145979070e-08
-4.282434490902518828e-08
-4.280551253168322577e-08
-4.278668285981187769e-08
-4.276786708182789266e-08
-4.274906576515448628e-08
-4.273027879182899973e-08
-4.271150602647424002e-08
-4.269274738927363740e-08
-4.267400507134743185e-08
-4.265528909972948379e-08
-4.263660192468472091e-08
-4.261794425326352642e-08
-4.259931576122406375e-08
-4.258071614122071917e-08
-4.256214514488922488e-08
-4.254360244135361687e-08
-4.252509212665496535e-08
-4.250661932408389703e-08
-4.248817946398650728e-08
-4.246977129365733525e-08
-4.245139457779300384e-08
-4.243304888538405365e-08
-4.241473398009052453e-08
-4.239644953228036005e-08
-4.237819796682230273e-08
-4.235997920099737149e-08
-4.234178684937660885e-08
-4.232362000578284644e-08
-4.230547841542502015e-08
-4.228736180215854395e-08
-4.226926994415555410e-08
-4.225120252411928863e-08
-4.223315672804933099e-08
-4.221512887961536553e-08
-4.219711104173367354e-08
-4.217910253275003718e-08
-4.216110329969529079e-08
-4.214311323227744638e-08
-4.212513216630242288e-08
-4.210715975430901369e-08
-4.208918532254185131e-08
-4.207120204119066119e-08
-4.205320376945907057e-08
-4.203519027225102692e-08
-4.201716160035888078e-08
-4.199911756512529329e-08
-4.198105869800421273e-08
-4.196298501661747796e-08
-4.194488182269258979e-08
-4.192673622243340368e-08
-4.190854563766117827e-08
-4.189030934442928772e-08
-4.187202846296841784e-08
-4.185370318359443769e-08
-4.183533412690706634e-08
-4.181692168348919011e-08
-4.179845499186101021e-08
-4.177990974912202165e-08
-4.176128716537429708e-08
-4.174258885073565880e-08
-4.172381526762389865e-08
-4.170496691007245880e-08
-4.168604470975836173e-08
-4.166704936854908865e-08
-4.164797974962869130e-08
-4.162879951375848423e-08
-4.160950355070873805e-08
-4.159010219340770801e-08
-4.157059687264509184e-08
-4.155098716591137926e-08
-4.153127491282293374e-08
-4.151146097011212315e-08
-4.149154714163333509e-08
-4.147151519334385631e-08
-4.145132998346080593e-08
-4.143100652247420539e-08
-4.141055349504840518e-08
-4.138997062327663341e-08
-4.136926007879143643e-08
-4.134842337914414967e-08
-4.132746194341112353e-08
-4.130637475989147434e-08
-4.128513134674222207e-08
-4.126371352828005223e-08
-4.124214553899126057e-08
-4.122043220663786962e-08
-4.119857610017307536e-08
-4.117657851988129764e-08
-4.115443867630413254e-08
-4.113215876273863517e-08
-4.110973970516062790e-08
-4.108713563060539096e-08
-4.106434837174420662e-08
-4.104140437201277401e-08
-4.101830691892070168e-08
-4.099505841484296488e-08
-4.097166130569085449e-08
-4.094811529334432859e-08
-4.092442107780502027e-08
-4.090057736770310130e-08
-4.087654414591468942e-08
-4.085232334047633589e-08
-4.082794725553649249e-08
-4.080341879766206927e-08
-4.077873998258416276e-08
-4.075391391641109083e-08
-4.072893891490965492e-08
-4.070381649832629711e-08
-4.067854960349600791e-08
-4.065310298331952232e-08
-4.062748066417978049e-08
-4.060171443266148141e-08
-4.057580728934921445e-08
-4.054976394342038290e-08
-4.052358349481363448e-08
-4.049726638469690139e-08
-4.047081656191705127e-08
-4.044423251161784208e-08
-4.041749206967177711e-08
-4.039058552665272488e-08
-4.036354342328132262e-08
-4.033637983391329005e-08
-4.030909286192044139e-08
-4.028168571344094087e-08
-4.025415985202036863e-08
-4.022651347121288608e-08
-4.019875053572502047e-08
-4.017086155049512473e-08
-4.014282924197438287e-08
-4.011467324223931683e-08
-4.008641607200053287e-08
-4.005806094848760200e-08
-4.002960616559549896e-08
-4.000105465072637082e-08
-3.997240690444409851e-08
-3.994366193505377027e-08
-3.991482262051271279e-08
-3.988588026776028871e-08
-3.985683293227836643e-08
-3.982770717080070006e-08
-3.979851040315819609e-08
-3.976924115834192150e-08
-3.973990129244982670e-08
-3.971049158136114664e-08
-3.968101099544215869e-08
-3.965146194453123072e-08
-3.962184292652204443e-08
-3.959214737271851676e-08
-3.956238378856052929e-08
-3.953257452963168648e-08
-3.950272008156915024e-08
-3.947282199685695355e-08
-3.944287895665592353e-08
-3.941289268863191207e-08
-3.938286350168540085e-08
-3.935279052591946242e-08
-3.932267605725245584e-08
-3.929252102922721864e-08
-3.926233577777810614e-08
-3.923213309024462684e-08
-3.920191293926109175e-08
-3.917167573500173651e-08
-3.914142179186089848e-08
-3.911115075170061340e-08
-3.908086337018680647e-08
-3.905055915836526861e-08
-3.902024370878584388e-08
-3.898992456214454201e-08
-3.895960625461375588e-08
-3.892929456584581374e-08
-3.889898905954469193e-08
-3.886869008856182357e-08
-3.883839750155668716e-08
-3.880811118004834559e-08
-3.877783138680950737e-08
-3.874755754602067001e-08
-3.871729450648639115e-08
-3.868705025017426833e-08
-3.865682843289034713e-08
-3.862663204070712053e-08
-3.859646236364688658e-08
-3.856631787451812200e-08
-3.853619950510149829e-08
-3.850610609753851885e-08
-3.847603826797160360e-08
-3.844599521336317302e-08
-3.841597979881698104e-08
-3.838600424507857243e-08
-3.835606978339622382e-08
-3.832617569604278115e-08
-3.829632043177811242e-08
-3.826650550006822652e-08
-3.823672865433593575e-08
-3.820699122503011123e-08
-3.817729146997277825e-08
-3.814763044533407668e-08
-3.811800709815726481e-08
-3.808843251848776187e-08
-3.805891343714256585e-08
-3.802944276983131169e-08
-3.800001771924250091e-08
-3.797063654724083529e-08
-3.794129970028078479e-08
-3.791200664317673791e-08
-3.788275667758555873e-08
-3.785355064012998750e-08
-3.782438695407003816e-08
-3.779526834550425084e-08
-3.776620411461744878e-08
-3.773719362992584396e-08
-3.770822963548162415e-08
-3.767930936538161667e-08
-3.765043383257061278e-08
-3.762160164005139345e-08
-3.759281266519668282e-08
-3.756406727412610280e-08
-3.753536415421995227e-08
-3.750670384263334653e-08
-3.747808894117903948e-08
-3.744952579299355411e-08
-3.742101081265455131e-08
-3.739253416717570955e-08
-3.736409492467270167e-08
-3.733569364717854324e-08
-3.730732888918412887e-08
-3.727900168923772647e-08
-3.725071038052067165e-08
-3.722245591025863982e-08
-3.719423749935903098e-08
-3.716605734018595962e-08
-3.713791792851015961e-08
-3.710981402131615954e-08
-3.708173664027683969e-08
-3.705368538776057684e-08
-3.702566030782197147e-08
-3.699766051532639692e-08
-3.696968672426932422e-08
-3.694173783266385360e-08
-3.691381439580523073e-08
-3.688591591831245680e-08
-3.685804167354380597e-08
-3.683019129289186760e-08
-3.680236132340906438e-08
-3.677454486645627662e-08
-3.674674083829040383e-08
-3.671894946758070885e-08
-3.669117051332264097e-08
-3.666340398194297666e-08
-3.663564982099083516e-08
-3.660790759862749855e-08
-3.658017797733045802e-08
-3.655245915376361748e-08
-3.652474875571641986e-08
-3.649704556012957732e-08
-3.646934304173965349e-08
-3.644164086127441071e-08
-3.641393858088297722e-08
-3.638623617102284891e-08
-3.635853379578445117e-08
-3.633083126132755641e-08
-3.630312887634532178e-08
-3.627542632043124282e-08
-3.624772348318968249e-08
-3.622001537629257122e-08
-3.619229980996723227e-08
-3.616457481668348191e-08
-3.613683874568960680e-08
-3.610909093357518840e-08
-3.608133215321336155e-08
-3.605356231379983187e-08
-3.602578128431104322e-08
-3.599798926884935160e-08
-3.597018639242615930e-08
-3.594237277072365437e-08
-3.591454575466111737e-08
-3.588669912663167940e-08
-3.585883269735607430e-08
-3.583094622157975029e-08
-3.580304059853480117e-08
-3.577511596214721426e-08
-3.574717249143413395e-08
-3.571920952277783037e-08
-3.569122814976892300e-08
-3.566322811098223351e-08
-3.563520950489274693e-08
-3.560717228164103350e-08
-3.557911433894165041e-08
-3.555103266169791195e-08
-3.552292715827624540e-08
-3.549480095914457079e-08
-3.546665407104065802e-08
-3.543848690932161160e-08
-3.541029905562424680e-08
-3.538209103632326558e-08
-3.535386325620267707e-08
-3.532561510222979723e-08
-3.529734717313252505e-08
-3.526905978029913091e-08
-3.524075005613806555e-08
-3.521241659131682872e-08
-3.518405971069920413e-08
-3.515568445060685620e-08
-3.512729087489304602e-08
-3.509887937797599865e-08
-3.507044975378384768e-08
-3.504200203683466802e-08
-3.501353684606965512e-08
-3.498505404777013295e-08
-3.495655348572369797e-08
-3.492803549319041417e-08
-3.489949984958632537e-08
-3.487094444267484058e-08
-3.484237136385731377e-08
-3.481378572346713658e-08
-3.478518868185060095e-08
-3.475658037334831021e-08
-3.472796083631369121e-08
-3.469933001497878955e-08
-3.467068795837379636e-08
-3.464203500203925301e-08
-3.461337118121884386e-08
-3.458469612315883276e-08
-3.455601132395338417e-08
-3.452732115682471754e-08
-3.449862574149767094e-08
-3.446992854719412380e-08
-3.444123082972926622e-08
-3.441253306624031098e-08
-3.438383470744415961e-08
-3.435513603798535391e-08
-3.432643712119884362e-08
-3.429773762973305629e-08
-3.426903801014613739e-08
-3.424033808445749909e-08
-3.421163801779414983e-08
-3.418294120878693141e-08
-3.415425078147698741e-08
-3.412556804952060195e-08
-3.409689529805570095e-08
-3.406823239927211319e-08
-3.403957966072277694e-08
-3.401093679133635410e-08
-3.398230399262377615e-08
-3.395368125193876839e-08
-3.392506832454509043e-08
-3.389646495824311592e-08
-3.386787156756071073e-08
-3.383928815560759750e-08
-3.381072264153470234e-08
-3.378217612349358631e-08
-3.375364890209209324e-08
-3.372514226849275989e-08
-3.369665561132141258e-08
-3.366818902957132787e-08
-3.363974257424218746e-08
-3.361131634090654522e-08
-3.358290964770288520e-08
-3.355452241408903484e-08
-3.352615476974100026e-08
-3.349780668262849528e-08
-3.346947954052319352e-08
-3.344118578071194589e-08
-3.341292551016968657e-08
-3.338469694691382819e-08
-3.335649790998261674e-08
-3.332832755311313733e-08
-3.330018622355927864e-08
-3.327207395293669764e-08
-3.324399068267868423e-08
-3.321593561368666650e-08
-3.318790855305332440e-08
-3.315990970042373466e-08
-3.313193913457788397e-08
-3.310399664322443416e-08
-3.307609337787792588e-08
-3.304822950273244017e-08
-3.302040223923854291e-08
-3.299260933760564820e-08
-3.296485003325325243e-08
-3.293712388905607345e-08
-3.290943114539674787e-08
-3.288177147917365138e-08
-3.285414541209689535e-08
-3.282655180631394849e-08
-3.279899058895332227e-08
-3.277146118637231608e-08
-3.274396478400243344e-08
-3.271650800724060612e-08
-3.268909374482458075e-08
-3.266172182976152722e-08
-3.263438661601412443e-08
-3.260708625131976066e-08
-3.257982148056393459e-08
-3.255259150910536683e-08
-3.252539591433087819e-08
-3.249823493475724393e-08
-3.247110812932020075e-08
-3.244401581158482755e-08
-3.241695728942747338e-08
-3.238993258544554789e-08
-3.236294476024156944e-08
-3.233600179785628840e-08
-3.230910465432630955e-08
-3.228224705627684930e-08
-3.225542311645871128e-08
-3.222863223552205594e-08
-3.220187462866063279e-08
-3.217515022663097410e-08
-3.214845847185736340e-08
-3.212180019702352676e-08
-3.209517428759996523e-08
-3.206858064013610975e-08
-3.204201909209640947e-08
-3.201548905128341079e-08
-3.198899477596274130e-08
-3.196254055808885828e-08
-3.193612441986942973e-08
-3.190973945095202171e-08
-3.188338367789794570e-08
-3.185705730636442562e-08
-3.183075963883761049e-08
-3.180449096390102325e-08
-3.177825101225150342e-08
-3.175203926663623214e-08
-3.172585567875064757e-08
-3.169970017375375076e-08
-3.167357224392926828e-08
-3.164747203781892624e-08
-3.162140390148658626e-08
-3.159536888415729377e-08
-3.156936619253730614e-08
-3.154338901298697538e-08
-3.151743587014371839e-08
-3.149150659960614944e-08
-3.146560073439551529e-08
-3.143971848162026538e-08
-3.141385995696259439e-08
-3.138802442756129808e-08
-3.136221191580647478e-08
-3.133642234395472085e-08
-3.131065553589129659e-08
-3.128491117784381844e-08
-3.125919227547610219e-08
-3.123350307254169231e-08
-3.120784202816622763e-08
-3.118220215725993095e-08
-3.115658057398747358e-08
-3.113097724662954291e-08
-3.110539212978398843e-08
-3.107982510611009189e-08
-3.105427610076686757e-08
-3.102874487668874590e-08
-3.100323172536168762e-08
-3.097773615358149580e-08
-3.095225822292096077e-08
-3.092679773871058323e-08
-3.090135554887180165e-08
-3.087593394921931285e-08
-3.085053310622765539e-08
-3.082515044503514837e-08
-3.079978241909114454e-08
-3.077442903150537319e-08
-3.074909002054170222e-08
-3.072376535997468134e-08
-3.069845488529926253e-08
-3.067315850788795330e-08
-3.064787624287481043e-08
-3.062260795778506551e-08
-3.059735353144265492e-08
-3.057211292041493198e-08
-3.054688616295164804e-08
-3.052167598826108575e-08
-3.049648369486547247e-08
-3.047130900672389105e-08
-3.044614853629687998e-08
-3.042100100672669417e-08
-3.039586634804426305e-08
-3.037074457071903295e-08
-3.034563556694681781e-08
-3.032053922622831170e-08
-3.029545548149686859e-08
-3.027038435244748681e-08
-3.024532567892874860e-08
-3.022027955205592190e-08
-3.019524583272014391e-08
-3.017022471631650352e-08
-3.014522069154210353e-08
-3.012023497720627045e-08
-3.009526715805555542e-08
-3.007031326295664149e-08
-3.004537259180421346e-08
-3.002044503669042959e-08
-2.999553052401819191e-08
-2.997062901864747172e-08
-2.994574046688350053e-08
-2.992086475853795260e-08
-2.989600182695880455e-08
-2.987115162829878045e-08
-2.984631416628956334e-08
-2.982148927995046374e-08
-2.979667725537722580e-08
-2.977188247149325913e-08
-2.974710612741289853e-08
-2.972234797736331065e-08
-2.969760579860861840e-08
-2.967287905751806169e-08
-2.964816769469567525e-08
-2.962347164929428815e-08
-2.959879081060728643e-08
-2.957412510151320699e-08
-2.954947444447595416e-08
-2.952483876175212759e-08
-2.950021797642757216e-08
-2.947561201044791394e-08
-2.945102078669168319e-08
-2.942644445017626076e-08
-2.940188763015881793e-08
-2.937735356387489762e-08
-2.935284214372761846e-08
-2.932835109328631832e-08
-2.930387907868141989e-08
-2.927942600796839012e-08
-2.925499178723318551e-08
-2.923057632442761403e-08
-2.920617952594860908e-08
-2.918180129943700504e-08
-2.915744155097876172e-08
-2.913310018790373330e-08
-2.910877711640154518e-08
-2.908447224390571050e-08
-2.906018547650218908e-08
-2.903591866375850583e-08
-2.901167872048439049e-08
-2.898746609178677624e-08
-2.896327997328053024e-08
-2.893911640824078286e-08
-2.891497499520056886e-08
-2.889085556975849921e-08
-2.886675800503733005e-08
-2.884268219665357155e-08
-2.881862804001643250e-08
-2.879459543053511174e-08
-2.877058426351514918e-08
-2.874659443353648847e-08
-2.872262587249589726e-08
-2.869867853385099297e-08
-2.867475221215185637e-08
-2.865085110606084841e-08
-2.862697995906612938e-08
-2.860313884777086755e-08
-2.857932540991568053e-08
-2.855553694925550258e-08
-2.853177325163315066e-08
-2.850803428398176548e-08
-2.848432018914190283e-08
-2.846063049857995478e-08
-2.843696509671738561e-08
-2.841332386776834502e-08
-2.838970669594698267e-08
-2.836611354393646468e-08
-2.834254428454857361e-08
-2.831899872539428756e-08
-2.829547687103455138e-08
-2.827198360147495373e-08
-2.824852341038817483e-08
-2.822509631467044410e-08
-2.820169905251931176e-08
-2.817832811863996549e-08
-2.815498327689976639e-08
-2.813166482386389836e-08
-2.810837237402871473e-08
-2.808510564627404876e-08
-2.806186464806326987e-08
-2.803864926640929003e-08
-2.801545924092351394e-08
-2.799229445260670635e-08
-2.796915502875073704e-08
-2.794604060137013595e-08
-2.792295104555716635e-08
-2.789988940190836143e-08
-2.787686105244441958e-08
-2.785386615773138784e-08
-2.783090304545672296e-08
-2.780796673092037946e-08
-2.778505617370822804e-08
-2.776217107476729944e-08
-2.773931139491490828e-08
-2.771647694704859029e-08
-2.769366791578302105e-08
-2.767088387705382565e-08
-2.764812471839220428e-08
-2.762539036122548485e-08
-2.760268079840127154e-08
-2.757999590376793324e-08
-2.755733585302556716e-08
-2.753470066027164704e-08
-2.751209612060350832e-08
-2.748952322861849394e-08
-2.746698187257341023e-08
-2.744446734463840720e-08
-2.742197718594495234e-08
-2.739951109433033054e-08
-2.737706904698981422e-08
-2.735465083432716853e-08
-2.733225683883996983e-08
-2.730988638073984511e-08
-2.728753951983739550e-08
-2.726521626245575175e-08
-2.724291627398727999e-08
-2.722063963818754765e-08
-2.719838600261977072e-08
-2.717615526331509520e-08
-2.715394914545158428e-08
-2.713177307883621659e-08
-2.710962868405626077e-08
-2.708751389645409475e-08
-2.706542246535600687e-08
-2.704335332329317558e-08
-2.702130675366623180e-08
-2.699928244487959382e-08
-2.697728024787324069e-08
-2.695529996123990651e-08
-2.693334225378022643e-08
-2.691140654552836910e-08
-2.688949244683437557e-08
-2.686760023031845682e-08
-2.684572962201284855e-08
-2.682388057464955542e-08
-2.680205274823073693e-08
-2.678024795977534028e-08
-2.675847043500042528e-08
-2.673672155006798386e-08
-2.671499991492586498e-08
-2.669329929133931044e-08
-2.667161881511258627e-08
-2.664995867842739976e-08
-2.662831876497961238e-08
-2.660669869144238596e-08
-2.658509898263556116e-08
-2.656351941984101671e-08
-2.654195948228156863e-08
-2.652041955514989329e-08
-2.649889918400985649e-08
-2.647739833030072337e-08
-2.645591671373159559e-08
-2.643445436415593762e-08
-2.641301231701229473e-08
-2.639159571570092781e-08
-2.637020381492168577e-08
-2.634883656678463604e-08
-2.632749015823472660e-08
-2.630616274084467453e-08
-2.628485394683633100e-08
-2.626356377983771680e-08
-2.624229233251897776e-08
-2.622103960622766720e-08
-2.619980495434593701e-08
-2.617858881006006504e-08
-2.615739067322078639e-08
-2.613621056808404757e-08
-2.611504859364311851e-08
-2.609390477591612827e-08
-2.607277857733331909e-08
-2.605167034732540141e-08
-2.603058466425353368e-08
-2.600952377853025560e-08
-2.598848728785934012e-08
-2.596747385308465562e-08
-2.594648025200106365e-08
-2.592550478658886215e-08
-2.590454740543374350e-08
-2.588360830237593527e-08
-2.586268723278285273e-08
-2.584178420733125024e-08
-2.582089996479082689e-08
-2.580003345251583442e-08
-2.577918485035268561e-08
-2.575835410046028976e-08
-2.573754081754231153e-08
-2.571674503559853429e-08
-2.569596721943088294e-08
-2.567520740200256445e-08
-2.565446988438991586e-08
-2.563375602057214206e-08
-2.561306706284007136e-08
-2.559239865289821322e-08
-2.557174868047948706e-08
-2.555111780018339202e-08
-2.553050501554674363e-08
-2.550991016372302077e-08
-2.548933326762060669e-08
-2.546877416035032366e-08
-2.544823331531769805e-08
-2.542771049804861127e-08
-2.540720559140965968e-08
-2.538671836942667054e-08
-2.536624851221143091e-08
-2.534579600908717983e-08
-2.532536136041049351e-08
-2.530494458908976184e-08
-2.528454991576281485e-08
-2.526417927748442135e-08
-2.524383309769700576e-08
-2.522350775241750069e-08
-2.520320197826367771e-08
-2.518291537221371356e-08
-2.516264696662131183e-08
-2.514239710055139224e-08
-2.512216550418249620e-08
-2.510195260904237465e-08
-2.508175839875308307e-08
-2.506158258918837118e-08
-2.504142480438112120e-08
-2.502128502629486171e-08
-2.500116304025412149e-08
-2.498105944923678402e-08
-2.496097345051624006e-08
-2.494090537507208944e-08
-2.492086040890798456e-08
-2.490084049830423959e-08
-2.488084563175482844e-08
-2.486087742559705181e-08
-2.484092882622327087e-08
-2.482099969525021902e-08
-2.480109025647525720e-08
-2.478120023022942432e-08
-2.476133034056300519e-08
-2.474147981263335785e-08
-2.472164849261218863e-08
-2.470183606869660452e-08
-2.468204239182657795e-08
-2.466226860296436948e-08
-2.464251371746379430e-08
-2.462277802224986169e-08
-2.460306087578396322e-08
-2.458336190448310424e-08
-2.456368320659005767e-08
-2.454402930791143896e-08
-2.452439972322472206e-08
-2.450479704459881075e-08
-2.448521609473731642e-08
-2.446565578378130923e-08
-2.444611595728055497e-08
-2.442659529577392035e-08
-2.440709422446602228e-08
-2.438761251945584086e-08
-2.436815117285293032e-08
-2.434870946775940501e-08
-2.432928693439776262e-08
-2.430988343355547145e-08
-2.429049896554350509e-08
-2.427113408503516864e-08
-2.425178824316199951e-08
-2.423246202134103140e-08
-2.421315413359263614e-08
-2.419386567817202381e-08
-2.417460416975707836e-08
-2.415536659480596548e-08
-2.413615465703956413e-08
-2.411696518369754629e-08
-2.409779514558573594e-08
-2.407864601671916287e-08
-2.405951587880512924e-08
-2.404040508749382055e-08
-2.402131352306038216e-08
-2.400224229765018992e-08
-2.398319046725095002e-08
-2.396415769746234986e-08
-2.394514377288330877e-08
-2.392614882557397584e-08
-2.390717324829404263e-08
-2.388821693209908105e-08
-2.386927964956370607e-08
-2.385036029787175613e-08
-2.383146131889186213e-08
-2.381258787364612383e-08
-2.379373978840393461e-08
-2.377491927843780875e-08
-2.375612098359886792e-08
-2.373734419725135486e-08
-2.371858598245661016e-08
-2.369984703859433626e-08
-2.368112716695238052e-08
-2.366242724323249967e-08
-2.364374663056068581e-08
-2.362508494136013613e-08
-2.360644164987809252e-08
-2.358781738003132124e-08
-2.356921260678022322e-08
-2.355062675886623091e-08
-2.353205912063534969e-08
-2.351350983389156226e-08
-2.349497973391004895e-08
-2.347646749946749392e-08
-2.345797835326243299e-08
-2.343951202619901037e-08
-2.342107084446367222e-08
-2.340265353617425419e-08
-2.338425545776878669e-08
-2.336587632087105149e-08
-2.334751540868682520e-08
-2.332917376515459563e-08
-2.331084978036385840e-08
-2.329254362172208611e-08
-2.327425611486427785e-08
-2.325598707455380755e-08
-2.323773593616621198e-08
-2.321950239318514249e-08
-2.320128659456697431e-08
-2.318308884040125976e-08
-2.316490945534447786e-08
-2.314674726972112904e-08
-2.312860238439033140e-08
-2.311047600074689050e-08
-2.309237054759854653e-08
-2.307429016649216926e-08
-2.305623102799476545e-08
-2.303819602167334023e-08
-2.302017827304108130e-08
-2.300217833780786355e-08
-2.298419591246342852e-08
-2.296623176749677800e-08
-2.294828491587760074e-08
-2.293035503865060459e-08
-2.291244230042449652e-08
-2.289454779157650118e-08
-2.287667029619970670e-08
-2.285880974318480713e-08
-2.284096590292960231e-08
-2.282313947927109051e-08
-2.280533050703831029e-08
-2.278753796001827168e-08
-2.276976205578886387e-08
-2.275200366611283596e-08
-2.273426635713217788e-08
-2.271655330088161149e-08
-2.269886178494544446e-08
-2.268119465753119137e-08
-2.266354401213420081e-08
-2.264591063551776011e-08
-2.262829378528415271e-08
-2.261069458912743384e-08
-2.259311133316824184e-08
-2.257554416905805857e-08
-2.255799447057473960e-08
-2.254046131205343284e-08
-2.252294439547773880e-08
-2.250544299306569624e-08
-2.248795882543442347e-08
-2.247049095717522821e-08
-2.245303905989995167e-08
-2.243560282906174903e-08
-2.241818305650315394e-08
-2.240077923212374336e-08
-2.238339436884340444e-08
-2.236602989600062260e-08
-2.234868801228264969e-08
-2.233136639025914849e-08
-2.231406370953606165e-08
-2.229677750823878966e-08
-2.227950814916990394e-08
-2.226225440491646655e-08
-2.224501683844441713e-08
-2.222779630949219714e-08
-2.221059171348145253e-08
-2.219340264210380575e-08
-2.217622958431346590e-08
-2.215907314992973209e-08
-2.214193246387279477e-08
-2.212480702537144516e-08
-2.210769752115912756e-08
-2.209060414289925775e-08
-2.207352658096575120e-08
-2.205646384200516594e-08
-2.203941764155538060e-08
-2.202239075858045525e-08
-2.200538558115058673e-08
-2.198840072491480754e-08
-2.197143741946287405e-08
-2.195449082200237253e-08
-2.193756022983655001e-08
-2.192064694501201224e-08
-2.190374921736914339e-08
-2.188686696470724729e-08
-2.187000138634797335e-08
-2.185315199281882425e-08
-2.183631826354993062e-08
-2.181949942784497274e-08
-2.180269769278748931e-08
-2.178591164075234223e-08
-2.176914063434723538e-08
-2.175238519497129661e-08
-2.173564549832462975e-08
-2.171892183527124173e-08
-2.170221247845625097e-08
-2.168551996563182903e-08
-2.166884682283681011e-08
-2.165219578974891326e-08
-2.163556544376741636e-08
-2.161895677285556132e-08
-2.160236509115896066e-08
-2.158578885676668339e-08
-2.156922997117883706e-08
-2.155268596350258809e-08
-2.153615750720316884e-08
-2.151964566000556726e-08
-2.150314951148263710e-08
-2.148666843896150977e-08
-2.147020295223162479e-08
-2.145375369614864440e-08
-2.143731967466401667e-08
-2.142090031143994098e-08
-2.140449700979677039e-08
-2.138810952095559463e-08
-2.137173631212737574e-08
-2.135537893859491230e-08
-2.133903606120207933e-08
-2.132271256171664804e-08
-2.130640810242124870e-08
-2.129012532265277713e-08
-2.127386234672193029e-08
-2.125761689374075356e-08
-2.124138910582419991e-08
-2.122517589842478801e-08
-2.120897849615669020e-08
-2.119279734682194297e-08
-2.117663193150920387e-08
-2.116048128588923358e-08
-2.114434666349675477e-08
-2.112822791734489601e-08
-2.111212429591403777e-08
-2.109603539846282758e-08
-2.107996289979159739e-08
-2.106390548997574611e-08
-2.104786252923884457e-08
-2.103183507053762458e-08
-2.101582348061365522e-08
-2.099982588471055423e-08
-2.098384465472788523e-08
-2.096788191813994837e-08
-2.095194090617011287e-08
-2.093601918679724699e-08
-2.092011791705058223e-08
-2.090423356115989792e-08
-2.088836425774067608e-08
-2.087251169434316909e-08
-2.085667350103731384e-08
-2.084085108176541054e-08
-2.082504472531830669e-08
-2.080925319941114590e-08
-2.079347631642316906e-08
-2.077771600636041140e-08
-2.076197047811839580e-08
-2.074623906704280604e-08
-2.073052371091401707e-08
-2.071482377607142243e-08
-2.069913784157282358e-08
-2.068346706786816810e-08
-2.066781166610855548e-08
-2.065217055255086868e-08
-2.063654531419722221e-08
-2.062093852383615076e-08
-2.060535359222647930e-08
-2.058978752147871191e-08
-2.057424171366931059e-08
-2.055871249060212479e-08
-2.054319786318613090e-08
-2.052769906971834246e-08
-2.051221442482531889e-08
-2.049674488558024800e-08
-2.048129095493115367e-08
-2.046585107230867972e-08
-2.045042589241599084e-08
-2.043501608395004998e-08
-2.041962056285677315e-08
-2.040423905620496586e-08
-2.038887321142928430e-08
-2.037352150859426660e-08
-2.035818374888409454e-08
-2.034286061146519063e-08
-2.032755254248105785e-08
-2.031225786391797271e-08
-2.029697767568967221e-08
-2.028171605466050982e-08
-2.026647186505111371e-08
-2.025124860199781686e-08
-2.023604363134661880e-08
-2.022085488512285686e-08
-2.020568272809859635e-08
-2.019052376485638698e-08
-2.017537945241136022e-08
-2.016025063360572150e-08
-2.014513525715372627e-08
-2.013003430759789375e-08
-2.011494837547716390e-08
-2.009987633185358050e-08
-2.008481809120939358e-08
-2.006977493154258359e-08
-2.005474546186808866e-08
-2.003972960838148956e-08
-2.002472865022101208e-08
-2.000974145544262309e-08
-1.999476793158349469e-08
-1.997980815006390645e-08
-1.996486300690255398e-08
-1.994993189196917121e-08
-1.993501847682579773e-08
-1.992012550415623616e-08
-1.990524995305894170e-08
-1.989039300150203853e-08
-1.987555192431991390e-08
-1.986072502598065446e-08
-1.984591221298485259e-08
-1.983111309827399039e-08
-1.981632874423766626e-08
-1.980155823723533578e-08
-1.978680067212640698e-08
-1.977205854582185574e-08
-1.975732979231650664e-08
-1.974261365200542686e-08
-1.972791301010200454e-08
-1.971322559566943985e-08
-1.969855102776503100e-08
-1.968389085400089582e-08
-1.966924436286936525e-08
-1.965461092444151258e-08
-1.963999079226450094e-08
-1.962538509745310498e-08
-1.961079284219658690e-08
-1.959621796528699725e-08
-1.958166289356258566e-08
-1.956712488807123258e-08
-1.955260471743610490e-08
-1.953810008097060062e-08
-1.952360950600724328e-08
-1.950913187532141737e-08
-1.949466753492312714e-08
-1.948021793705924129e-08
-1.946578095995665646e-08
-1.945135710283170686e-08
-1.943694749721379307e-08
-1.942255077450795486e-08
-1.940816698415899276e-08
-1.939379718990405518e-08
-1.937944011923903059e-08
-1.936509597927236182e-08
-1.935076580824135313e-08
-1.933644779275508140e-08
-1.932214288698432312e-08
-1.930785193066154120e-08
-1.929357260931363679e-08
-1.927930721284679529e-08
-1.926505832317144771e-08
-1.925082555385102002e-08
-1.923661131347996917e-08
-1.922241438739528427e-08
-1.920823283315198325e-08
-1.919406511485128568e-08
-1.917991041069353114e-08
-1.916576944172292423e-08
-1.915164120857385590e-08
-1.913752569372815287e-08
-1.912342433274376241e-08
-1.910933533710766168e-08
-1.909525906091515503e-08
-1.908119640267273339e-08
-1.906714624650334119e-08
-1.905310881133241431e-08
-1.903908489729511432e-08
-1.902507279818276692e-08
-1.901107380640179660e-08
-1.899708824920012675e-08
-1.898311434075983127e-08
-1.896915298829465826e-08
-1.895520531587063888e-08
-1.894127014634891073e-08
-1.892735134305859148e-08
-1.891345071586623248e-08
-1.889956713490096339e-08
-1.888569988098442777e-08
-1.887184731518191197e-08
-1.885800935943903211e-08
-1.884418310998765036e-08
-1.883036997273956413e-08
-1.881657037507620877e-08
-1.880278255802704572e-08
-1.878900867601742163e-08
-1.877524719335586406e-08
-1.876149771189246819e-08
-1.874776212327985233e-08
-1.873403858251143640e-08
-1.872032735246360774e-08
-1.870662953284279201e-08
-1.869294333980056692e-08
-1.867926991191505998e-08
-1.866560969004323310e-08
-1.865196089323907861e-08
-1.863832450563048980e-08
-1.862470131180395214e-08
-1.861109054728260773e-08
-1.859749567797127888e-08
-1.858391742978607868e-08
-1.857035690015296535e-08
-1.855681210174310116e-08
-1.854328161475452625e-08
-1.852976498983033949e-08
-1.851626028887919567e-08
-1.850276860124172979e-08
-1.848928909495981862e-08
-1.847582171343625919e-08
-1.846236778805283678e-08
-1.844892532723073909e-08
-1.843549539626197915e-08
-1.842207857905138268e-08
-1.840867242605963804e-08
-1.839528022417439667e-08
-1.838189964980066340e-08
-1.836853047706792444e-08
-1.835517462914079277e-08
-1.834183001482522904e-08
-1.832849739953101520e-08
-1.831517781330647664e-08
-1.830186912318346084e-08
-1.828857225689997272e-08
-1.827529104057195833e-08
-1.826202537645003545e-08
-1.824877511122420193e-08
-1.823554059629466540e-08
-1.822232334631034333e-08
-1.820911790793392004e-08
-1.819592476047942672e-08
-1.818274387295315689e-08
-1.816957469669395927e-08
-1.815641881984419036e-08
-1.814327381079734107e-08
-1.813014124245805544e-08
-1.811702128969717219e-08
-1.810391169246197702e-08
-1.809081591489509642e-08
-1.807773115346556017e-08
-1.806465784218890461e-08
-1.805159726165455126e-08
-1.803854742650316618e-08
-1.802550981220098483e-08
-1.801248437075441235e-08
-1.799946993352452228e-08
-1.798646736398144906e-08
-1.797347606142778331e-08
-1.796049706088743772e-08
-1.794753314277568466e-08
-1.793458420955045324e-08
-1.792165092037219406e-08
-1.790873440780688410e-08
-1.789583327641216567e-08
-1.788294369457823373e-08
-1.787006602106499975e-08
-1.785720093628278389e-08
-1.784434679445544694e-08
-1.783150579810558609e-08
-1.781867553190098438e-08
-1.780585718562676565e-08
-1.779305138237043435e-08
-1.778025562573931276e-08
-1.776747342113186886e-08
-1.775470192915149760e-08
-1.774194174313590120e-08
-1.772919390432845754e-08
-1.771645654346665661e-08
-1.770373150628267467e-08
-1.769101777185006944e-08
-1.767831504111586173e-08
-1.766562443462171423e-08
-1.765294422988466711e-08
-1.764027546721518738e-08
-1.762762153425638561e-08
-1.761498235357583171e-08
-1.760235787811284830e-08
-1.758974800286200166e-08
-1.757715440448947521e-08
-1.756457260652979506e-08
-1.755200292068220848e-08
-1.753944378927977395e-08
-1.752689634208970614e-08
-1.751436101996896696e-08
-1.750183580407671408e-08
-1.748932341760906637e-08
-1.747682137163671554e-08
-1.746433067309228578e-08
-1.745185195895343735e-08
-1.743938304162431524e-08
-1.742692676931243073e-08
-1.741448087387975622e-08
-1.740204592575559748e-08
-1.738962290036058071e-08
-1.737720995403568909e-08
-1.736480866196604077e-08
-1.735241780482401441e-08
-1.734003783559453523e-08
-1.732766984071582360e-08
-1.731531252166564552e-08
-1.730296948345767950e-08
-1.729064025921684782e-08
-1.727832730718973250e-08
-1.726602828087293856e-08
-1.725374290992672581e-08
-1.724146842938085227e-08
-1.722920506831922655e-08
-1.721695350487168483e-08
-1.720471194202525846e-08
-1.719248274349053548e-08
-1.718026312740104449e-08
-1.716805537267523632e-08
-1.715585841246622668e-08
-1.714367159922325662e-08
-1.713149658898457722e-08
-1.711933132227547497e-08
-1.710717787432666734e-08
-1.709503476086099613e-08
-1.708290185603779725e-08
-1.707078063459770329e-08
-1.705866901944415196e-08
-1.704656849557990429e-08
-1.703447847899647890e-08
-1.702239877574998263e-08
-1.701033046388234895e-08
-1.699827260767391199e-08
-1.698622905117342693e-08
-1.697419918746401260e-08
-1.696218551573711564e-08
-1.695018556302673310e-08
-1.693819930901592609e-08
-1.692622369890701879e-08
-1.691425895504616647e-08
-1.690230545422975200e-08
-1.689036210981223710e-08
-1.687843060872193691e-08
-1.686650857325443866e-08
-1.685459830534024202e-08
-1.684269812323393380e-08
-1.683080831510441103e-08
-1.681892999641410664e-08
-1.680706080832434110e-08
-1.679520359924994693e-08
-1.678335595064531564e-08
-1.677151919492881225e-08
-1.675969301915729844e-08
-1.674787644687356828e-08
-1.673607148230268891e-08
-1.672427576702061997e-08
-1.671249065707972580e-08
-1.670071579216521707e-08
-1.668895155912830039e-08
-1.667720056506826411e-08
-1.666546286855181502e-08
-1.665373867357765013e-08
-1.664202773126321015e-08
-1.663033125658248285e-08
-1.661864564058278215e-08
-1.660697179037420048e-08
-1.659530713876572775e-08
-1.658365357409292843e-08
-1.657200964110285032e-08
-1.656037644706895080e-08
-1.654875391352221673e-08
-1.653714081864723479e-08
-1.652553904124304717e-08
-1.651394597939325755e-08
-1.650236487613823814e-08
-1.649079299853803313e-08
-1.647923104182603269e-08
-1.646768006403819505e-08
-1.645613794226117816e-08
-1.644460720325942236e-08
-1.643308534504271872e-08
-1.642157396995454983e-08
-1.641007248092553700e-08
-1.639858057496370003e-08
-1.638709962812737518e-08
-1.637562832147372070e-08
-1.636417003466419281e-08
-1.635272444293866014e-08
-1.634129195066650919e-08
-1.632987294853427865e-08
-1.631846778814949076e-08
-1.630707240394651009e-08
-1.629568785686371946e-08
-1.628431246214961885e-08
-1.627294759492962707e-08
-1.626159250803775481e-08
-1.625024726885162168e-08
-1.623891275825587976e-08
-1.622758703940307488e-08
-1.621627235348018811e-08
-1.620496604591262112e-08
-1.619367136139927303e-08
-1.618238546054354869e-08
-1.617110935090001945e-08
-1.615984350556324476e-08
-1.614858645424987787e-08
-1.613734024368472511e-08
-1.612610267963782385e-08
-1.611487545017771467e-08
-1.610365714037436610e-08
-1.609244863805749820e-08
-1.608125017324394697e-08
-1.607006129149757492e-08
-1.605888513240819508e-08
-1.604772176801803421e-08
-1.603657145415472951e-08
-1.602543399594147698e-08
-1.601431009058116063e-08
-1.600319686260424249e-08
-1.599209465480732533e-08
-1.598100103444366798e-08
-1.596991857513106693e-08
-1.595884458394150694e-08
-1.594778130589731109e-08
-1.593672690459551406e-08
-1.592568283238664018e-08
-1.591464832137313533e-08
-1.590362297537458528e-08
-1.589260818351021697e-08
-1.588160169319067894e-08
-1.587060605211929757e-08
-1.585961870803180161e-08
-1.584864214405266347e-08
-1.583767426318300125e-08
-1.582671595739886058e-08
-1.581576743215015736e-08
-1.580482760535230148e-08
-1.579389823877458718e-08
-1.578297735825272638e-08
-1.577206618923015323e-08
-1.576116471812768881e-08
-1.575027601166365763e-08
-1.573939909628326511e-08
-1.572853569415850410e-08
-1.571768424689682693e-08
-1.570684542651226689e-08
-1.569601567805788325e-08
-1.568519616042876228e-08
-1.567438530880556658e-08
-1.566358442160688772e-08
-1.565279249283300903e-08
-1.564201026519263391e-08
-1.563123756350394677e-08
-1.562047357892452226e-08
-1.560971993307820545e-08
-1.559897430537608470e-08
-1.558823915624154722e-08
-1.557751177242963887e-08
-1.556679520863436990e-08
-1.555608675036687858e-08
-1.554538801375715427e-08
-1.553469817897503046e-08
-1.552401702388167642e-08
-1.551334586731627496e-08
-1.550268277875450593e-08
-1.549202979538464677e-08
-1.548138496014595676e-08
-1.547074948282953498e-08
-1.546012341723381880e-08
-1.544950960462124820e-08
-1.543890733877069849e-08
-1.542831742313438505e-08
-1.541773949926336671e-08
-1.540717402646569611e-08
-1.539661733307567467e-08
-1.538607076301769350e-08
-1.537553232025565107e-08
-1.536500388700929245e-08
-1.535448359422342557e-08
-1.534397319413081905e-08
-1.533347125697835825e-08
-1.532297883396058577e-08
-1.531249529328273338e-08
-1.530202029743475591e-08
-1.529155514390230761e-08
-1.528109789573427864e-08
-1.527065060867370938e-08
-1.526021086655911779e-08
-1.524978147779339585e-08
-1.523935968093067333e-08
-1.522894767828622614e-08
-1.521854358598177571e-08
-1.520814881345349118e-08
-1.519776260265131430e-08
-1.518738474066195972e-08
-1.517701637881347867e-08
-1.516665645720407139e-08
-1.515630810246631258e-08
-1.514597145329444574e-08
-1.513564663511450573e-08
-1.512533370048102896e-08
-1.511503267416825676e-08
-1.510474228097696763e-08
-1.509446083460079695e-08
-1.508418827657671013e-08
-1.507392472455638909e-08
-1.506366973716459695e-08
-1.505342406529899614e-08
-1.504318642878479440e-08
-1.503295852605632960e-08
-1.502273817335307555e-08
-1.501252771012968703e-08
-1.500232453488439695e-08
-1.499213141600815678e-08
-1.498194540515993667e-08
-1.497176964700878936e-08
-1.496160114501277223e-08
-1.495144225883982000e-08
-1.494129113436146950e-08
-1.493114884350383810e-08
-1.492101497681830623e-08
-1.491088921503861145e-08
-1.490077261609705469e-08
-1.489066368234461512e-08
-1.488056402628324477e-08
-1.487047251472501949e-08
-1.486039207237697145e-08
-1.485032259889827407e-08
-1.484026430606197401e-08
-1.483021713405747345e-08
-1.482018124635324728e-08
-1.481015528979935408e-08
-1.480013801635494178e-08
-1.479012929074647800e-08
-1.478012926068643865e-08
-1.477013757332340714e-08
-1.476015478633676881e-08
-1.475017976114838952e-08
-1.474021418800362996e-08
-1.473025601271431933e-08
-1.472030729817589054e-08
-1.471036579221362466e-08
-1.470043383158706819e-08
-1.469050890279999276e-08
-1.468059360538466824e-08
-1.467068528580306780e-08
-1.466078662962350282e-08
-1.465089503327104513e-08
-1.464101259737259570e-08
-1.463113756316493559e-08
-1.462127125674330239e-08
-1.461141269211395797e-08
-1.460156245680975378e-08
-1.459172039866092639e-08
-1.458188619218173826e-08
-1.457206210924190502e-08
-1.456224911603650914e-08
-1.455244686811042092e-08
-1.454265565466912040e-08
-1.453287487522252108e-08
-1.452310504681611728e-08
-1.451334317736525558e-08
-1.450359050091697822e-08
-1.449384513970881941e-08
-1.448410902841141820e-08
-1.447438009169039487e-08
-1.446466045598346484e-08
-1.445494785916475106e-08
-1.444524460896959570e-08
-1.443554826788299149e-08
-1.442586142123608057e-08
-1.441618159181289039e-08
-1.440651073594855384e-08
-1.439684722673267488e-08
-1.438719225436500823e-08
-1.437754498108258485e-08
-1.436790580192557862e-08
-1.435827468040641415e-08
-1.434865120427771123e-08
-1.433903615035160900e-08
-1.432942840078154973e-08
-1.431982934209531107e-08
-1.431023726818787603e-08
-1.430065407744962620e-08
-1.429107831680442448e-08
-1.428151305131207180e-08
-1.427195834161242446e-08
-1.426241427280860323e-08
-1.425288102526531406e-08
-1.424335826364932195e-08
-1.423384581267515397e-08
-1.422434111821269404e-08
-1.421484509576831983e-08
-1.420535624976616668e-08
-1.419587617591561120e-08
-1.418640310073401515e-08
-1.417693889109976544e-08
-1.416748150795873815e-08
-1.415803307774864871e-08
-1.414859130890478318e-08
-1.413915864785672560e-08
-1.412973265169925871e-08
-1.412031545257127987e-08
-1.411090507786336728e-08
-1.410150324166219557e-08
-1.409210841086774493e-08
-1.408272185217928768e-08
-1.407334248786586394e-08
-1.406397112086139922e-08
-1.405460714518193478e-08
-1.404525088496565978e-08
-1.403590221996943139e-08
-1.402656098071262253e-08
-1.401722754865622156e-08
-1.400790139172434130e-08
