1.224154121907814487e-05
1.296511659395373381e-05
1.364803281429296694e-05
1.429203518063665606e-05
1.489880321457545681e-05
1.546984588902131433e-05
1.600671834755796024e-05
1.651073068282203729e-05
1.698332016957492731e-05
1.742573744073750667e-05
1.783918967462035321e-05
1.822483674169662844e-05
1.858379401878721459e-05
1.891711227013371637e-05
1.922578844203548561e-05
1.951076968157454929e-05
1.977297034333653798e-05
2.001326349519845190e-05
2.023248602143251350e-05
2.043147858527766470e-05
2.061098051867525335e-05
2.077172126726151789e-05
2.091445001697749909e-05
2.103993381624914266e-05
2.114879245564485477e-05
2.124167012441852649e-05
2.131930821063928889e-05
2.138222550718022692e-05
2.143106484850097431e-05
2.146647022184992946e-05
2.148888496551490602e-05
2.149902809069766753e-05
2.149726835300863197e-05
2.148428916144136624e-05
2.146046130058862394e-05
2.142640485956303752e-05
2.138250195752301833e-05
2.132932181550030267e-05
2.126722783296667679e-05
2.119678086522811488e-05
2.111829702522717805e-05
2.103236013681660649e-05
2.093922239332407016e-05
2.083946023017759492e-05
2.073335222532263845e-05
2.062138205054152038e-05
2.050392838717209428e-05
2.038125541859352939e-05
2.025393029412356956e-05
2.012212787984375326e-05
1.998627195044184253e-05
1.984676663842239137e-05
1.970377708066136502e-05
1.955776651475003120e-05
1.940898824215207664e-05
1.925767631075898145e-05
1.910423997981209649e-05
1.894886969966697433e-05
1.879181445649279799e-05
1.863341250435141260e-05
1.847385416151158197e-05
1.831336536881546616e-05
1.815224405808476849e-05
1.799066246913041056e-05
1.782879478493823384e-05
1.766693264054866223e-05
1.750522610357068681e-05
1.734381048750848351e-05
1.718294704182023888e-05
1.702279261019574251e-05
1.686343211319233249e-05
1.670500996936937857e-05
1.654779509080967113e-05
1.639182486546645787e-05
1.623718315678110714e-05
1.608402496958148041e-05
1.593254935305675048e-05
1.578274497013346271e-05
1.563470430918995546e-05
1.548855127471870946e-05
1.534443081237698087e-05
1.520231946691756983e-05
1.506227968631162256e-05
1.492439059327261995e-05
1.478876394478783407e-05
1.465538686533148169e-05
1.452427422663040035e-05
1.439549694422520276e-05
1.426911402628380194e-05
1.414512150249625179e-05
1.402351874764595833e-05
1.390434989754087888e-05
1.378761501529337057e-05
1.367333506401265229e-05
1.356149331629803658e-05
1.345207513589428599e-05
1.334510869413414960e-05
1.324056344919907539e-05
1.313842575794161816e-05
1.303867082207456984e-05
1.294127517579227854e-05
1.284625430353895783e-05
1.275355342831136868e-05
1.266313742218557851e-05
1.257496700476751693e-05
1.248900979217313368e-05
1.240527739151739005e-05
1.232370563128530277e-05
1.224423911046209057e-05
1.216681571132146007e-05
1.209140012506397333e-05
1.201797962042731895e-05
1.194652574787474723e-05
1.187694383853182546e-05
1.180918008216731263e-05
1.174318026863166091e-05
1.167890720289710168e-05
1.161634119181104769e-05
1.155542260111520291e-05
1.149605659116972307e-05
1.143819038520083594e-05
1.138177273183007990e-05
1.132676015085585838e-05
1.127311484140222509e-05
1.122077679894058022e-05
1.116965711078399128e-05
1.111971203434379696e-05
1.107087708575610730e-05
1.102311686172901123e-05
1.097636870133535509e-05
1.093059734247091464e-05
1.088570725320923468e-05
1.084166547871367293e-05
1.079840118535115041e-05
1.075588592396915358e-05
1.071405092246567764e-05
1.067285863432709320e-05
1.063224768052994086e-05
1.059215176513923129e-05
1.055254108428007794e-05
1.051335246519242624e-05
1.047456724176874224e-05
1.043610908121455528e-05
1.039795742833385672e-05
1.036004743317354130e-05
1.032233331333762932e-05
1.028479151331345069e-05
1.024736750170437151e-05
1.021005147036243207e-05
1.017277489048733237e-05
1.013551601323942164e-05
1.009823874165546032e-05
1.006088851620734429e-05
1.002346086649160518e-05
9.985914316151298952e-06
9.948240290820858076e-06
9.910407913937298099e-06
9.872371860443550189e-06
9.834130814632469943e-06
9.795637768292569060e-06
9.756881907246458884e-06
9.717859160459482165e-06
9.678548460227562799e-06
9.638953486756299198e-06
9.599041734528113081e-06
9.558795130558472307e-06
9.518215686019879150e-06
9.477281162031034380e-06
9.435989508579730955e-06
9.394349046274593924e-06
9.352358109352779057e-06
9.310022054544865347e-06
9.267332928660874795e-06
9.224277880864240577e-06
9.180864482170696795e-06
9.137100997506433650e-06
9.092988895004530851e-06
9.048537641545857167e-06
9.003771778044614913e-06
8.958696311008692407e-06
8.913319522570573407e-06
8.867648910472605622e-06
8.821687452360711917e-06
8.775450526072606377e-06
8.728966986962474303e-06
8.682241556557299440e-06
8.635292458323901691e-06
8.588158245696011462e-06
8.540842825554359615e-06
8.493359942271378797e-06
8.445739399762194728e-06
8.397984125462877047e-06
8.350111349111344474e-06
8.302169589137164716e-06
8.254163055126735631e-06
8.206104351789744180e-06
8.158047228459867185e-06
8.109998372182214454e-06
8.061963241344130871e-06
8.013989527857649309e-06
7.966087666897427803e-06
7.918258671531584923e-06
7.870555604343305812e-06
7.823003062976321292e-06
7.775599114935548419e-06
7.728376513442119242e-06
7.681376891868081693e-06
7.634597188188791040e-06
7.588049987122813195e-06
7.541787256943858854e-06
7.495810166520009737e-06
7.450119709659489120e-06
7.404769124345541205e-06
7.359777258299959476e-06
7.315138591372511935e-06
7.270876414605221469e-06
7.227030088269334763e-06
7.183596229081383676e-06
7.140573443446167184e-06
7.098011188263585626e-06
7.055913689394462891e-06
7.014277684788690863e-06
6.973123502732759003e-06
6.932488661298574416e-06
6.892368416525532335e-06
6.852757243300725355e-06
6.813688387536929944e-06
6.775167593076977953e-06
6.737189957552105758e-06
6.699758277546058375e-06
6.662904707038933454e-06
6.626623420050251123e-06
6.590907005967848403e-06
6.555776025995019494e-06
6.521247212862500699e-06
6.487314143843144935e-06
6.453967775621206396e-06
6.421219550906723794e-06
6.389075158540219236e-06
6.357524315985355879e-06
6.326561758991608023e-06
6.296197311824757726e-06
6.266431412970168526e-06
6.237255902023293299e-06
6.208663643045946339e-06
6.180671030722387933e-06
6.153273225859376534e-06
6.126462433745325585e-06
6.100222462613004531e-06
6.074552294619899573e-06
6.049446958643574289e-06
6.024902070276095262e-06
6.000898805223619465e-06
5.977437629533622032e-06
5.954513630690130271e-06
5.932122608131470718e-06
5.910245417835119083e-06
5.888881100254081199e-06
5.868025636800746629e-06
5.847673907834490338e-06
5.827798967673235853e-06
5.808389415983194746e-06
5.789439003121632372e-06
5.770943023547984563e-06
5.752882726312514318e-06
5.735238864377514225e-06
5.718008358395471391e-06
5.701187008277558329e-06
5.684761430328229750e-06
5.668705393547377267e-06
5.653013998843421283e-06
5.637684567387609753e-06
5.622709930538543328e-06
5.608049902645572404e-06
5.593697334420944225e-06
5.579647580524923391e-06
5.565898691477926436e-06
5.552419811495355410e-06
5.539192171247089594e-06
5.526211523217142934e-06
5.513476726837887834e-06
5.500974595999203895e-06
5.488669076118293779e-06
5.476556286247980158e-06
5.464633786186737420e-06
5.452900021902622761e-06
5.441318696608051869e-06
5.429870550387850873e-06
5.418555082680918348e-06
5.407370792105089711e-06
5.396307121391797847e-06
5.385326436464280461e-06
5.374424697410878601e-06
5.363601257430674318e-06
5.352855183026848171e-06
5.342162598119707276e-06
5.331499629267774154e-06
5.320866040111406651e-06
5.310261395833256423e-06
5.299683341258456727e-06
5.289098837239214614e-06
5.278497017535184245e-06
5.267877703271435207e-06
5.257241261294215941e-06
5.246582185879533547e-06
5.235872658749164907e-06
5.225109062257856529e-06
5.214291931091764847e-06
5.203421474546558799e-06
5.192490626981148258e-06
5.181477048726285044e-06
5.170380256796588782e-06
5.159200237798006251e-06
5.147938340951246837e-06
5.136587030074798772e-06
5.125130235838918319e-06
5.113567290275748379e-06
5.101899461571006795e-06
5.090127760152056482e-06
5.078249097689509854e-06
5.066255708966441663e-06
5.054147123623553862e-06
5.041924782054755878e-06
5.029589412419842269e-06
5.017141411014113450e-06
5.004576511862377307e-06
4.991894642097081257e-06
4.979096289731600874e-06
4.966182840880265858e-06
4.953158008786153723e-06
4.940021477114838197e-06
4.926775317483983749e-06
4.913419340962805942e-06
4.899954382475106286e-06
4.886384246473889683e-06
4.872720954560667565e-06
4.858965378692512924e-06
4.845117915151246492e-06
4.831179668255341417e-06
4.817152471152676289e-06
4.803049941056056015e-06
4.788876616428459644e-06
4.774633677482891019e-06
4.760320860460565531e-06
4.745939193966886345e-06
4.731499797028012585e-06
4.717017369425036594e-06
4.702492461114640771e-06
4.687924992863802151e-06
4.673315613003864583e-06
4.658668027090968932e-06
4.644006575737791692e-06
4.629336758639344299e-06
4.614658408000685196e-06
4.599971727984557680e-06
4.585276879369287356e-06
4.570586530696198368e-06
4.555918895768143168e-06
4.541274152519573696e-06
4.526652289231407115e-06
4.512052923994834243e-06
4.497477110825939188e-06
4.482948079551816889e-06
4.468474488230733751e-06
4.454055709505660465e-06
4.439691271454450353e-06
4.425381297751120269e-06
4.411130098737972921e-06
4.396963309650463910e-06
4.382884254317575365e-06
4.368892259916059974e-06
4.354986539636539543e-06
4.341167122402297448e-06
4.327439337025712672e-06
4.313823323782557754e-06
4.300319112447706058e-06
4.286925700435853547e-06
4.273642292254082502e-06
4.260468063596068938e-06
4.247410965772274720e-06
4.234486636377359195e-06
4.221694414788564828e-06
4.209033673003404570e-06
4.196503251221430940e-06
4.184102883886001407e-06
4.171838131508388285e-06
4.159722398766383868e-06
4.147754950298717786e-06
4.135935116676280827e-06
4.124261684744237003e-06
4.112733870087092634e-06
4.101352014466556781e-06
4.090125717568564969e-06
4.079054228005337180e-06
4.068137106790314551e-06
4.057372911310183458e-06
4.046760802309082169e-06
4.036298421457909288e-06
4.025992484190564121e-06
4.015842924633192715e-06
4.005848784320043541e-06
3.996009474028851429e-06
3.986324020178639832e-06
3.976789190134485694e-06
3.967405223889668679e-06
3.958173620775854316e-06
3.949093638582812900e-06
3.940164876302529727e-06
3.931386075406849992e-06
3.922755126264147235e-06
3.914264640585295957e-06
3.905915831856691336e-06
3.897707535535221363e-06
3.889638679084846668e-06
3.881708725787975086e-06
3.873917074842858110e-06
3.866256873844254135e-06
3.858722068014795134e-06
3.851312727200984805e-06
3.844027752828292174e-06
3.836866197337611816e-06
3.829828157890018726e-06
3.822911450496345310e-06
3.816103757494190946e-06
3.809403106764767356e-06
3.802808155010440397e-06
3.796318536959478562e-06
3.789934596777944334e-06
3.783654504011760214e-06
3.777473395061594108e-06
3.771377662196315213e-06
3.765366872244552053e-06
3.759440836203738385e-06
3.753598477745723389e-06
3.747839680218624582e-06
3.742163854047949580e-06
3.736561472467413892e-06
3.731022152523811354e-06
3.725545512709809458e-06
3.720130936085951988e-06
3.714778477282816839e-06
3.709487634905631586e-06
3.704257678362828520e-06
3.699077294840705914e-06
3.693938960624122875e-06
3.688841724316125292e-06
3.683785724264288766e-06
3.678770268654626844e-06
3.673795674342263633e-06
3.668861139133219536e-06
3.663954972496141627e-06
3.659069543989494987e-06
3.654204569685900648e-06
3.649360006613823314e-06
3.644535516541344351e-06
3.639731195105311436e-06
3.634946667259798671e-06
3.630172932624882518e-06
3.625401452138275400e-06
3.620632449199051028e-06
3.615865884922784682e-06
3.611101386635982176e-06
3.606339192994645768e-06
3.601579613852578909e-06
3.596816735254977515e-06
3.592041846193123984e-06
3.587254965429248295e-06
3.582455459120222672e-06
3.577644114737020302e-06
3.572820765321845583e-06
3.567985171877677403e-06
3.563136164614003731e-06
3.558265869198907108e-06
3.553372886461063586e-06
3.548457598376369052e-06
3.543520014067604247e-06
3.538560407996031486e-06
3.533578734215071910e-06
3.528574991789448680e-06
3.523547090798967376e-06
3.518493114637479189e-06
3.513412958599485765e-06
3.508307116392068172e-06
3.503175234803967598e-06
3.498017967079059794e-06
3.492835183905991183e-06
3.487627362146386155e-06
3.482395112453498428e-06
3.477137379922677107e-06
3.471854923963423977e-06
3.466547840680176008e-06
3.461216235594535517e-06
3.455860090943573619e-06
3.450479606567552909e-06
3.445078473301448440e-06
3.439657500733036144e-06
3.434217284465769545e-06
3.428757896378771373e-06
3.423279108344762665e-06
3.417781414166914026e-06
3.412264841815828434e-06
3.406729886578269945e-06
3.401183613716120508e-06
3.395627746017567677e-06
3.390062064558901117e-06
3.384486770740316143e-06
3.378902087562065661e-06
3.373307594678708631e-06
3.367703870053553046e-06
3.362092163080634588e-06
3.356480211236574470e-06
3.350869173468194344e-06
3.345259293048326203e-06
3.339650229686815137e-06
3.334042338854811489e-06
3.328435288280684985e-06
3.322829378343975239e-06
3.317226014236601613e-06
3.311633739679876368e-06
3.306053652631212764e-06
3.300486020609577529e-06
3.294930386809928988e-06
3.289387185970718182e-06
3.283855751018799172e-06
3.278336731675195333e-06
3.272830245889444046e-06
3.267345863814957153e-06
3.261884557758655485e-06
3.256447250263717723e-06
3.251032904308851309e-06
3.245642047806376694e-06
3.240274213066870366e-06
3.234929399173422545e-06
3.229607774397270732e-06
3.224314454299036838e-06
3.219053242517660186e-06
3.213823140740438215e-06
3.208625313839833059e-06
3.203458381554527083e-06
3.198322925930641436e-06
3.193218437694167691e-06
3.188144784238512039e-06
3.183104142529055566e-06
3.178100700182921537e-06
3.173135944494953645e-06
3.168208270037906991e-06
3.163318507114028598e-06
3.158465782347811300e-06
3.153650066224112954e-06
3.148871601335272836e-06
3.144129262879474045e-06
3.139428228738483424e-06
3.134768167669956765e-06
3.130149875553355696e-06
3.125572859508764937e-06
3.121037059086875642e-06
3.116542590490230752e-06
3.112088927800975096e-06
3.107675544024152007e-06
3.103302285342184508e-06
3.098970124976340086e-06
3.094680301912205569e-06
3.090431434335390723e-06
3.086223848009644628e-06
3.082057927932725208e-06
3.077932899547003092e-06
3.073848295551070393e-06
3.069804544942067283e-06
3.065799059339811849e-06
3.061833809535500359e-06
3.057907947330502205e-06
3.054021473450957558e-06
3.050174786237571406e-06
3.046366726181572487e-06
3.042597614915021656e-06
3.038867256729270432e-06
3.035175398950864026e-06
3.031518344088249139e-06
3.027897977522841696e-06
3.024312325476119467e-06
3.020762048412155561e-06
3.017247563481835482e-06
3.013767800172197914e-06
3.010322796549555297e-06
3.006912575062205617e-06
3.003536753902210302e-06
3.000190289694923105e-06
2.996873889211017606e-06
2.993585964525507212e-06
2.990327288334988268e-06
2.987097873120776278e-06
2.983896715932712844e-06
2.980724551055392054e-06
2.977580923214265479e-06
2.974465709970170022e-06
2.971373897777848261e-06
2.968304469766130748e-06
2.965257556081236805e-06
2.962232422132497414e-06
2.959229397247917854e-06
2.956248518128760221e-06
2.953289183426844888e-06
2.950351643571464519e-06
2.947435855819927979e-06
2.944538746651227814e-06
2.941656689415721704e-06
2.938789865874406623e-06
2.935938587694110493e-06
2.933102034833877142e-06
2.930280793617010374e-06
2.927474418619821104e-06
2.924682796656726653e-06
2.921906413074067315e-06
2.919143736147595040e-06
2.916390451814196788e-06
2.913646007422100726e-06
2.910910017634795892e-06
2.908182722447550358e-06
2.905464030875603083e-06
2.902753739746001379e-06
2.900052126053509362e-06
2.897358849948881571e-06
2.894673981679558394e-06
2.891995489769252086e-06
2.889320653221421480e-06
2.886649504817519809e-06
2.883982111978788765e-06
2.881318317252753472e-06
2.878658101021509571e-06
2.876001648399391407e-06
2.873348746768945497e-06
2.870699301368166473e-06
2.868053556164044651e-06
2.865409193516633259e-06
2.862765383261007947e-06
2.860122135257807480e-06
2.857479412441598959e-06
2.854837218570156385e-06
2.852195607028377545e-06
2.849554516059136842e-06
2.846913915001984156e-06
2.844273875343931182e-06
2.841634268186279736e-06
2.838994081471335156e-06
2.836353028554598987e-06
2.833711109139351777e-06
2.831068360457250711e-06
2.828424739737868138e-06
2.825780300113345521e-06
2.823134995817152288e-06
2.820488859536447422e-06
2.817841877278793395e-06
2.815194085114434780e-06
2.812545747750828004e-06
2.809897074006899674e-06
2.807248063160948074e-06
2.804598716123733099e-06
2.801949034640904525e-06
2.799299001986671102e-06
2.796648634410799611e-06
2.793997932284163004e-06
2.791346944601001530e-06
2.788695585167694368e-06
2.786044918809757335e-06
2.783395672743664725e-06
2.780747841000531214e-06
2.778101518453013048e-06
2.775456641174496083e-06
2.772813164518173095e-06
2.770171120153278257e-06
2.767530477734477611e-06
2.764891245717542674e-06
2.762253446896755166e-06
2.759617848155632311e-06
2.756986197990473148e-06
2.754358615286446803e-06
2.751735153693350455e-06
2.749115719099900784e-06
2.746500277536308581e-06
2.743889015102507254e-06
2.741281762791078830e-06
2.738678487100860158e-06
2.736079191424403691e-06
2.733483999263767162e-06
2.730894986591524399e-06
2.728313125229907463e-06
2.725738589833326384e-06
2.723171266873967098e-06
2.720610983542560151e-06
2.718057711338461537e-06
2.715511624523541651e-06
2.712972565396968781e-06
2.710440425599049569e-06
2.707915391099474677e-06
2.705397677066892213e-06
2.702889681318226611e-06
2.700391458258368922e-06
2.697902895479970853e-06
2.695424043900257248e-06
2.692955016969935913e-06
2.690495637235547647e-06
2.688045778733893244e-06
2.685605616822886371e-06
2.683175043413848639e-06
2.680754009565608954e-06
2.678343033084754094e-06
2.675943619640854134e-06
2.673555761304067088e-06
2.671179627809436799e-06
2.668815137931144093e-06
2.666462190806129374e-06
2.664120721331056611e-06
2.661790716589899014e-06
2.659472235998456907e-06
2.657165189983277331e-06
2.654869450757955699e-06
2.652585233480024507e-06
2.650313499617501637e-06
2.648054246417794285e-06
2.645807618816192518e-06
2.643573528147080588e-06
2.641351898514310386e-06
2.639142774815558272e-06
2.636945895056075960e-06
2.634761405178718265e-06
2.632589280997523252e-06
2.630429371924066542e-06
2.628281219458167376e-06
2.626145339901199831e-06
2.624021668339826683e-06
2.621910087871370005e-06
2.619810614805970546e-06
2.617723179065270091e-06
2.615647849296596453e-06
2.613584631877474145e-06
2.611533441362822726e-06
2.609494065053917596e-06
2.607466448681315895e-06
2.605450487556250712e-06
2.603445416105628321e-06
2.601451320235287557e-06
2.599468216560682193e-06
2.597496189723232893e-06
2.595535128950975241e-06
2.593584980659118873e-06
2.591645660463408684e-06
2.589717139073614339e-06
2.587799318742972289e-06
2.585892174708550129e-06
2.583995991653834598e-06
2.582109341520420983e-06
2.580232028391369047e-06
2.578364056398066320e-06
2.576505433840364188e-06
2.574656133935548845e-06
2.572816101646894332e-06
2.570985362052035437e-06
2.569163864600722647e-06
2.567351680319347756e-06
2.565548606521712335e-06
2.563754574412146420e-06
2.561969417680664361e-06
2.560191717985368236e-06
2.558421328968386308e-06
2.556658273183975299e-06
2.554902488054070362e-06
2.553153930350129040e-06
2.551412646494872399e-06
2.549678597889647695e-06
2.547951700571069316e-06
2.546231928926637166e-06
2.544519264860358841e-06
2.542813724579071374e-06
2.541114933648105958e-06
2.539421667861281441e-06
2.537733869562892998e-06
2.536051520177214178e-06
2.534374601082841003e-06
2.532703142652658450e-06
2.531037116861757297e-06
2.529376465674462633e-06
2.527721170276449413e-06
2.526071211811192561e-06
2.524426580066302552e-06
2.522787269836232529e-06
2.521153002441316108e-06
2.519522841802926175e-06
2.517896749662704628e-06
2.516274712583695604e-06
2.514656717092271794e-06
2.513042749678633773e-06
2.511432796863900511e-06
2.509826904402140182e-06
2.508224999762796922e-06
2.506627069282152712e-06
2.505033099262920771e-06
2.503443057124400606e-06
2.501856874385825811e-06
2.500273768559910104e-06
2.498693675697145312e-06
2.497116601390755954e-06
2.495542530799992109e-06
2.493971445904743669e-06
2.492403335425274046e-06
2.490838189751625569e-06
2.489275999245247701e-06
2.487716754239360839e-06
2.486160445039332394e-06
2.484607061923045252e-06
2.483056635106104347e-06
2.481508836405928420e-06
2.479963673706888609e-06
2.478421170966438113e-06
2.476881320248078115e-06
2.475344125465055516e-06
2.473809594677690948e-06
2.472277692396693480e-06
2.470748408669114273e-06
2.469221735430982406e-06
2.467697664590517593e-06
2.466176188028466038e-06
2.464657287186022888e-06
2.463140951036286231e-06
2.461627248735666773e-06
2.460116417241378246e-06
2.458608465413877829e-06
2.457103364238022266e-06
2.455601100288933115e-06
2.454101668602686019e-06
2.452605058290890976e-06
2.451111261085102887e-06
2.449620268811569432e-06
2.448132102109283444e-06
2.446646741805399205e-06
2.445164158654634186e-06
2.443684298176263323e-06
2.442207579794883837e-06
2.440734123432112580e-06
2.439263906741640264e-06
2.437796921085675192e-06
2.436333196785942395e-06
2.434872702264589851e-06
2.433415411255360493e-06
2.431961314966656263e-06
2.430510404565980964e-06
2.429062671180336671e-06
2.427618151832569587e-06
2.426176810646924490e-06
2.424738585172984398e-06
2.423304061871295321e-06
2.421873366667273711e-06
2.420446459029288935e-06
2.419023340139184465e-06
2.417604053498601002e-06
2.416188522658454956e-06
2.414776737750546944e-06
2.413368688855706958e-06
2.411964367346548673e-06
2.410563849380935168e-06
2.409167035535907698e-06
2.407773944780980028e-06
2.406384545672615842e-06
2.404999153358967534e-06
2.403618053023107380e-06
2.402241285003458646e-06
2.400868759952992139e-06
2.399500467314449295e-06
2.398136396469159117e-06
2.396776616404810127e-06
2.395421147468712587e-06
2.394069881947895501e-06
2.392722790766678595e-06
2.391379863048786553e-06
2.390041134240783426e-06
2.388706554060820724e-06
2.387376069265016401e-06
2.386050021329255873e-06
2.384728427271314505e-06
2.383411489344843611e-06
2.382098979257072625e-06
2.380790868915842990e-06
2.379487147706798922e-06
2.378187914112161078e-06
2.376893105211597656e-06
2.375602649678613513e-06
2.374316536669333617e-06
2.373034851803630432e-06
2.371757498624507737e-06
2.370484450313577663e-06
2.369215672600947224e-06
2.367951342649907968e-06
2.366691470451107630e-06
2.365435963366399299e-06
2.364184822159638983e-06
2.362938150718906053e-06
2.361695952423938202e-06
2.360458074020141441e-06
2.359224505326139510e-06
2.357995325187272632e-06
2.356770503300101098e-06
2.355550022620021043e-06
2.354333843733674214e-06
2.353121740704210966e-06
2.351913781823379763e-06
2.350710005114966487e-06
2.349510340497032940e-06
2.348314869096876081e-06
2.347123461814580386e-06
2.345936107628581947e-06
2.344752985522917912e-06
2.343573979368890520e-06
2.342398992712689241e-06
2.341228046948020040e-06
2.340061195837850473e-06
2.338898449146459141e-06
2.337739722813417986e-06
2.336584749738761223e-06
2.335433456137163366e-06
2.334285854757472734e-06
2.333141924520151694e-06
2.332001662406619190e-06
2.330864980332187701e-06
2.329731955900975276e-06
2.328602680847303164e-06
2.327476959057457329e-06
2.326354844325707851e-06
2.325236379083058068e-06
2.324121531464491881e-06
2.323010220826801828e-06
2.321902503596583972e-06
2.320798223722118340e-06
2.319697059149820671e-06
2.318599078876270791e-06
2.317504198723405975e-06
2.316412429383415444e-06
2.315323899582842595e-06
2.314238534532113752e-06
2.313156231092939719e-06
2.312077129481965350e-06
2.311001094929297137e-06
2.309928097597155969e-06
2.308858255251368792e-06
2.307791554680749176e-06
2.306727861547459449e-06
2.305667220452686488e-06
2.304609251034745421e-06
2.303553994159439592e-06
2.302501558250376922e-06
2.301451770169717100e-06
2.300404688974287886e-06
2.299360302723881293e-06
2.298318536301969773e-06
2.297279487374307916e-06
2.296243146184642333e-06
2.295209385002974478e-06
2.294178336969015187e-06
2.293149973961575967e-06
2.292124202141506975e-06
2.291101052123447825e-06
2.290080506130134025e-06
2.289062244787226570e-06
2.288046344784691246e-06
2.287032764959059123e-06
2.286021665801259217e-06
2.285012932243229368e-06
2.284006531721472745e-06
2.283002516217326859e-06
2.282000780257986962e-06
2.281001421595865467e-06
2.280004446219045701e-06
2.279009723421440315e-06
2.278017340039392801e-06
2.277027325146727163e-06
2.276039609565918278e-06
2.275054086103467754e-06
2.274070718504427434e-06
2.273089560377109365e-06
2.272110533218926051e-06
2.271133737329587758e-06
2.270159217077970719e-06
2.269186822358124754e-06
2.268216652606806776e-06
2.267248581500637147e-06
2.266282728579733315e-06
2.265319070644891578e-06
2.264357494937608348e-06
2.263398134173386386e-06
2.262440898829886092e-06
2.261485822809625744e-06
2.260532847848635571e-06
2.259581896055247628e-06
2.258633049764793451e-06
2.257686275651877273e-06
2.256741820568161333e-06
2.255799402067315632e-06
2.254859134452944931e-06
2.253920924528941813e-06
2.252984839422077390e-06
2.252050909344261839e-06
2.251119022518390202e-06
2.250189294930227664e-06
2.249261591006075251e-06
2.248336010673814822e-06
2.247412537197035875e-06
2.246491092260368490e-06
2.245571570692213682e-06
2.244654229946516716e-06
2.243739079468890540e-06
2.242826034320327254e-06
2.241915129508206440e-06
2.241006233864887841e-06
2.240099605312379079e-06
2.239195036494326184e-06
2.238292627809404211e-06
2.237392228708225140e-06
2.236493984004664065e-06
2.235597860603481858e-06
2.234703739118409360e-06
2.233811759843538186e-06
2.232921862693431719e-06
2.232033970129800346e-06
2.231148163210813819e-06
2.230264496537391601e-06
2.229382913878293070e-06
2.228503691327955354e-06
2.227626523352083045e-06
2.226751548360351541e-06
2.225878594141880777e-06
2.225007934555216187e-06
2.224139324453315879e-06
2.223272914815947432e-06
2.222408537571111588e-06
2.221546356944715170e-06
2.220686290512005374e-06
2.219828254393593882e-06
2.218972390262250570e-06
2.218118514045789352e-06
2.217266771438621388e-06
2.216417155941779664e-06
2.215569567349112091e-06
2.214724220589445494e-06
2.213880983144789100e-06
2.213039886391775058e-06
2.212200813624149417e-06
2.211363933918175718e-06
2.210529116457534169e-06
2.209696447577892168e-06
2.208865804691376434e-06
2.208037303991996470e-06
2.207210893220944137e-06
2.206386474814707226e-06
2.205564215307281532e-06
2.204743904777253375e-06
2.203925658927693660e-06
2.203109446291020921e-06
2.202295175539460502e-06
2.201483181447476377e-06
2.200673151913872390e-06
2.199865192245279401e-06
2.199059184766443695e-06
2.198255325704701581e-06
2.197453471994649632e-06
2.196653671805241025e-06
2.195855829085675881e-06
2.195060114245109213e-06
2.194266288397626490e-06
2.193474574139169349e-06
2.192684830346433950e-06
2.191897093273196577e-06
2.191111186209583690e-06
2.190327173519506709e-06
2.189545309223614890e-06
2.188765353134177333e-06
2.187987370137040384e-06
2.187211273146921380e-06
2.186437245969137241e-06
2.185665156537534216e-06
2.184894955839685836e-06
2.184126752257490850e-06
2.183360436790018502e-06
2.182596132875351820e-06
2.181833700113418848e-06
2.181073254142261652e-06
2.180314687421415543e-06
2.179558012850326640e-06
2.178803136034786103e-06
2.178050097050575999e-06
2.177298863526003331e-06
2.176549311312070317e-06
2.175801754596510034e-06
2.175055937253899265e-06
2.174311919503271209e-06
2.173569653835154752e-06
2.172829235956447197e-06
2.172090628683677791e-06
2.171353713389249114e-06
2.170618691361743797e-06
2.169885340174592066e-06
2.169153850094241317e-06
2.168424072857549641e-06
2.167696114293562668e-06
2.166969854906756692e-06
2.166245167399417278e-06
2.165522233235829568e-06
2.164800959455578994e-06
2.164081275312077119e-06
2.163363295982960406e-06
2.162646990574673149e-06
2.161932354777343576e-06
2.161219277489955723e-06
2.160507938094744975e-06
2.159798241739355077e-06
2.159090117860193556e-06
2.158383714561322336e-06
2.157678849018361069e-06
2.156975697725281375e-06
2.156274113576116674e-06
2.155574208224293679e-06
2.154875853854643407e-06
2.154178967914477200e-06
2.153483726096529834e-06
2.152790014358408803e-06
2.152097743037653658e-06
2.151407181303796371e-06
2.150718124122405686e-06
2.150030581833833242e-06
2.149344590925744836e-06
2.148660149387772142e-06
2.147977288517472124e-06
2.147295888803528571e-06
2.146616063123859775e-06
2.145937768329244950e-06
2.145260965887350220e-06
2.144585744025551313e-06
2.143911950729613287e-06
2.143239722005791975e-06
2.142568923521248470e-06
2.141899529320312783e-06
2.141231473829862808e-06
2.140564951109442492e-06
2.139899826347263651e-06
2.139236108577452748e-06
2.138573797788633706e-06
2.137912941810403575e-06
2.137253509411392124e-06
2.136595435142170316e-06
2.135938792075944404e-06
2.135283595851780154e-06
2.134629716428815167e-06
2.133977325568834332e-06
2.133326250185038273e-06
2.132676618300533242e-06
2.132028376374835477e-06
2.131381492474203167e-06
2.130735833720021262e-06
2.130091624823614444e-06
2.129448748796273344e-06
2.128807101481836897e-06
2.128166968872867708e-06
2.127528143048386420e-06
2.126890576660206312e-06
2.126254446385187815e-06
2.125619641457654038e-06
2.124986112175246461e-06
2.124353989121315664e-06
2.123723133204087980e-06
2.123093640456207985e-06
2.122465495180143463e-06
2.121838606293065590e-06
2.121213074020268129e-06
2.120588847079773522e-06
2.119965960386832965e-06
2.119344198313288058e-06
2.118723844270316831e-06
2.118104815751289733e-06
2.117487002326293312e-06
2.116870606851488662e-06
2.116255497643862562e-06
2.115641632718348262e-06
2.115029144532357586e-06
2.114417956894764472e-06
2.113808000580403279e-06
2.113199421902236904e-06
2.112592087829131852e-06
2.111986036085912032e-06
2.111381343560873876e-06
2.110777830414715400e-06
2.110175676045648721e-06
2.109574796992242072e-06
2.108975173473689718e-06
2.108376663614742793e-06
2.107779507351765004e-06
2.107183565084981877e-06
2.106588778318638581e-06
2.105995375914597473e-06
2.105403181859804713e-06
2.104812147338271784e-06
2.104222434790368528e-06
2.103633966099540173e-06
2.103046679105752115e-06
2.102460636186391002e-06
2.101875864312964119e-06
2.101292281082534844e-06
2.100709903384607685e-06
2.100128793364753737e-06
2.099548881397898962e-06
2.098970190658862257e-06
2.098392687956378486e-06
2.097816367445524749e-06
2.097241224074884540e-06
2.096667180451441173e-06
2.096094487277973921e-06
2.095522958197521886e-06
2.094952525171906504e-06
2.094383418857978309e-06
2.093815483008475958e-06
2.093248681157312666e-06
2.092683102056339336e-06
2.092118731979349789e-06
2.091555536950413400e-06
2.090993480010568042e-06
2.090432651863782488e-06
2.089873025466837948e-06
2.089314484095398435e-06
2.088757194825873809e-06
2.088201070314592313e-06
2.087646070615118470e-06
2.087092148127742514e-06
2.086539434069126312e-06
2.085987819963820986e-06
2.085437385060171058e-06
2.084888120489092745e-06
2.084339945274019871e-06
2.083792995558996388e-06
2.083247182527382689e-06
2.082702430819246146e-06
2.082158917940372266e-06
2.081616540944654312e-06
2.081075247625961545e-06
2.080535100444454368e-06
2.079996128038183319e-06
2.079458270531052162e-06
2.078921490873916862e-06
2.078385894247515891e-06
2.077851425648530692e-06
2.077318041353306452e-06
2.076785666397486786e-06
2.076254427997944458e-06
2.075724208296445040e-06
2.075195103152463996e-06
2.074667091907895617e-06
2.074140060081113379e-06
2.073614221577789717e-06
2.073089433779264169e-06
2.072565647241010806e-06
2.072042969928873417e-06
2.071521382166968240e-06
2.071000843864792201e-06
2.070481337549091518e-06
2.069962897859240454e-06
2.069445570077729212e-06
2.068929228184224945e-06
2.068413958267253283e-06
2.067899776393045485e-06
2.067386587457744697e-06
2.066874410151401410e-06
2.066363240799752292e-06
2.065852998992964822e-06
2.065343898761667851e-06
2.064835758453571767e-06
2.064328629132083631e-06
2.063822542031128749e-06
2.063317393944771333e-06
2.062813342473706015e-06
2.062310284118234967e-06
2.061808183324820655e-06
2.061307099344752665e-06
2.060807041852073060e-06
2.060307997281133297e-06
2.059809898692379415e-06
2.059312812169366585e-06
2.058816756194029302e-06
2.058321638841106453e-06
2.057827528977478910e-06
2.057334431060356437e-06
2.056842146398219136e-06
2.056350924068358289e-06
2.055860610370726975e-06
2.055371263993081640e-06
2.054882906274749160e-06
2.054395408952598708e-06
2.053908989196974374e-06
2.053423505028307559e-06
2.052938914937789341e-06
2.052455325452654704e-06
2.051972634365487566e-06
2.051490944940883290e-06
2.051010207681954911e-06
2.050530366504723993e-06
2.050051468735039305e-06
2.049573539577234400e-06
2.049096575113281301e-06
2.048620456066306000e-06
2.048145351282643675e-06
2.047671160873518282e-06
2.047197730820804664e-06
2.046725310271914455e-06
2.046253751585338569e-06
2.045783069625825907e-06
2.045313332551381397e-06
2.044844419412190135e-06
2.044376492660670161e-06
2.043909449519728302e-06
2.043443244946193349e-06
2.042977983464428201e-06
2.042513554023791215e-06
2.042050070423818693e-06
2.041587482822284951e-06
2.041125746865659031e-06
2.040664866718249667e-06
2.040204915454457853e-06
2.039745859265938856e-06
2.039287624524739560e-06
2.038830290170119625e-06
2.038373853036927839e-06
2.037918140495482672e-06
2.037463374716279745e-06
2.037009387139815070e-06
2.036556309227634094e-06
2.036104100832224612e-06
2.035652665344259997e-06
2.035202163797536495e-06
2.034752448096614979e-06
2.034303641935725897e-06
2.033855673924460814e-06
2.033408521481283462e-06
2.032962230868619850e-06
2.032516753773862978e-06
2.032072155264358870e-06
2.031628405882034227e-06
2.031185482947927900e-06
2.030743345368802694e-06
2.030302103863049885e-06
2.029861697888986179e-06
2.029422078576501891e-06
2.028983285249280743e-06
2.028545248968072219e-06
2.028108029533581540e-06
2.027671666997348691e-06
2.027236009457898297e-06
2.026801300907604136e-06
2.026367333267588474e-06
2.025934200398244742e-06
2.025501884297826926e-06
2.025070323786261637e-06
2.024639617629347270e-06
2.024209667328638250e-06
2.023780570106603368e-06
2.023352278080035588e-06
2.022924770310818743e-06
2.022498034867092779e-06
2.022072102127267020e-06
2.021646999152082827e-06
2.021222654204181562e-06
2.020799141358360103e-06
2.020376364976195713e-06
2.019954351911660541e-06
2.019533115176902675e-06
2.019112582549555375e-06
2.018692896106894608e-06
2.018273896511618889e-06
2.017855766700914720e-06
2.017438364032630025e-06
2.017021713979738670e-06
2.016605858327216199e-06
2.016190714149116179e-06
2.015776377680380911e-06
2.015362767392736084e-06
2.014949958256147985e-06
2.014537910980237376e-06
2.014126607580151895e-06
2.013716038242527803e-06
2.013306221797293343e-06
2.012897184004739342e-06
2.012488890389918846e-06
2.012081363577651082e-06
2.011674546263038392e-06
2.011268460105855463e-06
2.010863073514517324e-06
2.010458412117845128e-06
2.010054530628207542e-06
2.009651290424604613e-06
2.009248883644072994e-06
2.008847142882368886e-06
2.008446183220630946e-06
2.008045949011694779e-06
2.007646408815742545e-06
2.007247638419253184e-06
2.006849543383053958e-06
2.006452198023889508e-06
2.006055556712603185e-06
2.005659657381264142e-06
2.005264493710324732e-06
2.004870052790847831e-06
2.004476289718729371e-06
2.004083262545096682e-06
2.003690928951758508e-06
2.003299348459124590e-06
2.002908464574570102e-06
2.002518159213187823e-06
2.002128645671882949e-06
2.001739749727358116e-06
2.001351618574257478e-06
2.000964156108847949e-06
2.000577376004872605e-06
2.000191319442185807e-06
1.999805885149195497e-06
1.999421224711214377e-06
1.999037172073848141e-06
1.998653868324363613e-06
1.998271238804550066e-06
1.997889294353926667e-06
1.997508053540552951e-06
1.997127478958714083e-06
1.996747571508157259e-06
1.996368345813250634e-06
1.995989787797451387e-06
1.995611948761040613e-06
1.995234783590238438e-06
1.994858260021671707e-06
1.994482417193234668e-06
1.994107135876859773e-06
1.993732586900077443e-06
1.993358659411325456e-06
1.992985391772575645e-06
1.992612807744263464e-06
1.992240821923637248e-06
1.991869548610295718e-06
1.991498859412842696e-06
1.991128893900136802e-06
1.990759516610668150e-06
1.990390840079282549e-06
1.990022799257644358e-06
1.989655399514206891e-06
1.989288664774963273e-06
1.988922559829390009e-06
1.988557086305274358e-06
1.988192259293776285e-06
1.987828052960030485e-06
1.987464527466933047e-06
1.987101640679110379e-06
1.986739371102746535e-06
1.986377737509097903e-06
1.986016619876802300e-06
1.985656224068154727e-06
1.985296383024776115e-06
1.984937220080850736e-06
1.984578655633823947e-06
1.984220713930602549e-06
1.983863415239368260e-06
1.983506689136393227e-06
1.983150636815686797e-06
1.982795149420493386e-06
1.982440330239211251e-06
1.982086073955649072e-06
1.981732470337193928e-06
1.981379471503150235e-06
1.981027091219198449e-06
1.980675332676954481e-06
1.980324195220923250e-06
1.979973637269004190e-06
1.979623714559697680e-06
1.979274350749315168e-06
1.978925630345416042e-06
1.978577517234450321e-06
1.978229935152818113e-06
1.977882972804516348e-06
1.977536545179178834e-06
1.977190767180314218e-06
1.976845498807364221e-06
1.976500901065079907e-06
1.976156802064627371e-06
1.975813384173067521e-06
1.975470476887354706e-06
1.975128210985013764e-06
1.974786497611707463e-06
1.974445380465523774e-06
1.974104840777935450e-06
1.973764874165780771e-06
1.973425502054594660e-06
1.973086697436333489e-06
1.972748462042900537e-06
1.972410809792318524e-06
1.972073706971868080e-06
1.971737206452749885e-06
1.971401265302901226e-06
1.971065916869868203e-06
1.970731137128131747e-06
1.970396820504253663e-06
1.970063130971859635e-06
1.969729913932729334e-06
1.969397342948871757e-06
1.969065226363518783e-06
1.968733779225727211e-06
1.968402797584968529e-06
1.968072444171233049e-06
1.967742587200755097e-06
1.967413313190016079e-06
1.967084581763733243e-06
1.966756399376439101e-06
1.966428770129859361e-06
1.966101680442017648e-06
1.965775153421518175e-06
1.965449164002662117e-06
1.965123713260348261e-06
1.964798816202285614e-06
1.964474437897025589e-06
1.964150629151872717e-06
1.963827326134936972e-06
1.963504606295433133e-06
1.963182421645378306e-06
1.962860698766045830e-06
1.962539546045287401e-06
1.962218872456209287e-06
1.961898789624297123e-06
1.961579172582265093e-06
1.961260156152438466e-06
1.960941591885861291e-06
1.960623641770145664e-06
1.960306145384312666e-06
1.959989247851469214e-06
1.959672812190786238e-06
1.959356955052156116e-06
1.959041582186211795e-06
1.958726762858172990e-06
1.958412455919135922e-06
1.958098679867132950e-06
1.957785418581621061e-06
1.957472693293783471e-06
1.957160472310372197e-06
1.956848793633243015e-06
1.956537594303441959e-06
1.956226954376740088e-06
1.955916791151554324e-06
1.955607156519900438e-06
1.955297933813873048e-06
1.954989289603563835e-06
1.954681075235728170e-06
1.954373437571718411e-06
1.954066238588984981e-06
1.953759588438363460e-06
1.953453398394192355e-06
1.953147732156700587e-06
1.952842549947585331e-06
1.952537874305028320e-06
1.952233690877098114e-06
1.951930000353167300e-06
1.951626808221880626e-06
1.951324099437382111e-06
1.951021901693041269e-06
1.950720190107992030e-06
1.950418964421758210e-06
1.950118240239423884e-06
1.949817983317398983e-06
1.949518243042867419e-06
1.949218951582938384e-06
1.948920185291591456e-06
1.948621875582943017e-06
1.948324047715833190e-06
1.948026630322022509e-06
1.947729744823886405e-06
1.947433288145642476e-06
1.947137345182029718e-06
1.946841842042705806e-06
1.946546838246038707e-06
1.946252285860536695e-06
1.945958217859323428e-06
1.945664615611384496e-06
1.945371488243698956e-06
1.945078826803809571e-06
1.944786634657847297e-06
1.944494909473737729e-06
1.944203649283430307e-06
1.943912857397343243e-06
1.943622535569387849e-06
1.943332674310033789e-06
1.943043288487854743e-06
1.942754344320933409e-06
1.942465890996764837e-06
1.942177861079492627e-06
1.941890333382917731e-06
1.941603228669067545e-06
1.941316599651115623e-06
1.941030331132935621e-06
1.940744602108795576e-06
1.940459240313760322e-06
1.940174425313599919e-06
1.939889970627994130e-06
1.939606068527259818e-06
1.939322530064384665e-06
1.939039529400730562e-06
1.938756902387418592e-06
1.938474793719355107e-06
1.938193075185957935e-06
1.937911855727648338e-06
1.937631042695991344e-06
1.937350709652583509e-06
1.937070799136083579e-06
1.936791349703815866e-06
1.936512338707594044e-06
1.936233770073906680e-06
1.935955655594899555e-06
1.935677964938543057e-06
1.935400743965620076e-06
1.935123930766624210e-06
1.934847593120087085e-06
1.934571687155162430e-06
1.934296181678776913e-06
1.934021081624268106e-06
1.933746419535415609e-06
1.933472169943308348e-06
1.933198363425705277e-06
1.932924962070065586e-06
1.932652008174804852e-06
1.932379452815704924e-06
1.932107348589626063e-06
1.931835636973273432e-06
1.931564379459044340e-06
1.931293510285414109e-06
1.931023099582941899e-06
1.930753079639188796e-06
1.930483502574023280e-06
1.930214326217174847e-06
1.929945580051338774e-06
1.929677245551534774e-06
1.929409331108129869e-06
1.929141837232198751e-06
1.928874747793765852e-06
1.928608090027402749e-06
1.928341824054508602e-06
1.928075995503955031e-06
1.927810574189850596e-06
1.927545522301194256e-06
1.927280862273507349e-06
1.927016614298382449e-06
1.926752755629696316e-06
1.926489322426545162e-06
1.926226263136991863e-06
1.925963641948762023e-06
1.925701380044418376e-06
1.925439568109669786e-06
1.925178104609362268e-06
1.924917102464366309e-06
1.924656449635129722e-06
1.924396241464940166e-06
1.924136393409566385e-06
1.923876972283054503e-06
1.923617926511118007e-06
1.923359290096456304e-06
1.923101044108960026e-06
1.922843190065424622e-06
1.922585741354900738e-06
1.922328667332970469e-06
1.922072013383582472e-06
1.921815717025032485e-06
1.921559849835644051e-06
1.921304343684473676e-06
1.921049239059090189e-06
1.920794440315472387e-06
1.920540109585756095e-06
1.920286084973144699e-06
1.920032537687055118e-06
1.919779299269155943e-06
1.919526515380835484e-06
1.919274055158351961e-06
1.919022032709874226e-06
1.918770348257083989e-06
1.918519085278680212e-06
1.918268174163074043e-06
1.918017668673237698e-06
1.917767528455605079e-06
1.917517778461196066e-06
1.917268406695714114e-06
1.917019412571443718e-06
1.916770811069454274e-06
1.916522583459738631e-06
1.916274734526998714e-06
1.916027266816498648e-06
1.915780169034939577e-06
1.915533465577499728e-06
1.915287114325406083e-06
1.915041163897284670e-06
1.914795577349081987e-06
1.914550343971794364e-06
1.914305426327757306e-06
1.914060918235344210e-06
1.913816711851660660e-06
1.913572942089996066e-06
1.913329456390177342e-06
1.913086426085053588e-06
1.912843676187277041e-06
1.912601355555543558e-06
1.912359333264385527e-06
1.912117720570225320e-06
1.911876423673966314e-06
1.911635517169917801e-06
1.911394943450063335e-06
1.911154741377116065e-06
1.910914888608473317e-06
1.910675390577056932e-06
1.910436261893347957e-06
1.910197482088389916e-06
1.909959057709151182e-06
1.909720991226037649e-06
1.909483271898295887e-06
1.909245925314128007e-06
1.909008902424504703e-06
1.908772262466116525e-06
1.908535952049878801e-06
1.908299989435936380e-06
1.908064304997286530e-06
1.907829032736499423e-06
1.907594033837619462e-06
1.907359465382718251e-06
1.907125170019852289e-06
1.906891275728236064e-06
1.906657674711134433e-06
1.906424452094407801e-06
1.906191543397601061e-06
1.905958990903601134e-06
1.905726772494559187e-06
1.905494888559490138e-06
1.905263368481967561e-06
1.905032169298024399e-06
1.904801338485517320e-06
1.904570826086484598e-06
1.904340662854389042e-06
1.904110831061086870e-06
1.903881332202643885e-06
1.903652179110384638e-06
1.903423342863634191e-06
1.903194866558965572e-06
1.902966700083281702e-06
1.902738898060595125e-06
1.902511409078121409e-06
1.902284263309081439e-06
1.902057391243108923e-06
1.901830878040142307e-06
1.901604679501445477e-06
1.901378806454105063e-06
1.901153283699304417e-06
1.900928042399180748e-06
1.900703195473337803e-06
1.900478615636436297e-06
1.900254436475010502e-06
1.900030519620072247e-06
1.899806980162203547e-06
1.899583723769201974e-06
1.899360818810451644e-06
1.899138220983427592e-06
1.898915949138996924e-06
1.898694012224395980e-06
1.898472392198020130e-06
1.898251111373537401e-06
1.898030150957062075e-06
1.897809509240837239e-06
1.897589196474908751e-06
1.897369185980052865e-06
1.897149519113776609e-06
1.896930138239357804e-06
1.896711118142123315e-06
1.896492391687495352e-06
1.896273994362274147e-06
1.896055850491857083e-06
1.895838049206946221e-06
1.895620538580769698e-06
1.895403335504829750e-06
1.895186461342579715e-06
1.894969844493426282e-06
1.894753612306596197e-06
1.894537624310445549e-06
1.894322008925238245e-06
1.894106643287230841e-06
1.893891620353467141e-06
1.893676874217498728e-06
1.893462442553860954e-06
1.893248314210940282e-06
1.893034487473602778e-06
1.892820990653550104e-06
1.892607782463700305e-06
1.892394887870365171e-06
1.892182287421929006e-06
1.891969984388932557e-06
1.891757990129991296e-06
1.891546277254317263e-06
1.891334895551546408e-06
1.891123795358871777e-06
1.890912999803478734e-06
1.890702504607978796e-06
1.890492314226374226e-06
1.890282401446403659e-06
1.890072741963000678e-06
1.889863425097568342e-06
1.889654342287672146e-06
1.889445634482568659e-06
1.889237156126908989e-06
1.889029011410339322e-06
1.888821126184962776e-06
1.888613544240077314e-06
1.888406262944808978e-06
1.888199243489847082e-06
1.887992576811975452e-06
1.887786152395081905e-06
1.887580054910715852e-06
1.887374210640140032e-06
1.887168678056357972e-06
1.886963419896849144e-06
1.886758453980046384e-06
1.886553787028332235e-06
1.886349406574243356e-06
1.886145320911515768e-06
1.885941527995108487e-06
1.885738001776679977e-06
1.885534782059483477e-06
1.885331816088314810e-06
1.885129173247862815e-06
1.884926791670754840e-06
1.884724703347811705e-06
1.884522856862806845e-06
1.884321294778910385e-06
1.884120027034529938e-06
1.883918992469633759e-06
1.883718315589384065e-06
1.883517858315110900e-06
1.883317733730105860e-06
1.883117842136525774e-06
1.882918248231050179e-06
1.882718925861503372e-06
1.882519865471065024e-06
1.882321133930975676e-06
1.882122638510553670e-06
1.881924455930943439e-06
1.881726512008513478e-06
1.881528866270794742e-06
1.881331482573497370e-06
1.881134377945081199e-06
1.880937556777266161e-06
1.880741019213812168e-06
1.880544752629652697e-06
1.880348763921951938e-06
1.880153028211626189e-06
1.879957584675462484e-06
1.879762397511400435e-06
1.879567496431642919e-06
1.879372854629320654e-06
1.879178498728847579e-06
1.878984390025621315e-06
1.878790505988655251e-06
1.878596937338213804e-06
1.878403578694271979e-06
1.878210545573840787e-06
1.878017725164508923e-06
1.877825187501813485e-06
1.877632911217796189e-06
1.877440868775917365e-06
1.877249149342815504e-06
1.877057638475277872e-06
1.876866438641750483e-06
1.876675458561746621e-06
1.876484754099801570e-06
1.876294300211975298e-06
1.876104107677096426e-06
1.875914204874872774e-06
1.875724540081614134e-06
1.875535140020573448e-06
1.875345988303818038e-06
1.875157086108152801e-06
1.874968454904176083e-06
1.874780081183644458e-06
1.874591963517162934e-06
1.874404127303234875e-06
1.874216514074328588e-06
1.874029182575548462e-06
1.873842085926093569e-06
1.873655255558133253e-06
1.873468624597464051e-06
1.873282272313058916e-06
1.873096167652177759e-06
1.872910277568629741e-06
1.872724707651134587e-06
1.872539335928210819e-06
1.872354259993895594e-06
1.872169393176152026e-06
1.871984785952349429e-06
1.871800440343955437e-06
1.871616318546149385e-06
1.871432498911906915e-06
1.871248876500457800e-06
1.871065537689144942e-06
1.870882421104617915e-06
1.870699550147030306e-06
1.870516954273541467e-06
1.870334597099740822e-06
1.870152490827568693e-06
1.869970619894940632e-06
1.869788985433952595e-06
1.869607606878279908e-06
1.869426474336686861e-06
1.869245586226038169e-06
1.869064969115050481e-06
1.868884561394098614e-06
1.868704423470862917e-06
1.868524510824410769e-06
1.868344849365304479e-06
1.868165383532070588e-06
1.867986169690725576e-06
1.867807207056175993e-06
1.867628439499910009e-06
1.867449987346521882e-06
1.867271715926192509e-06
1.867093709597316232e-06
1.866915926183189969e-06
1.866738362300096242e-06
1.866561091539741934e-06
1.866384007652158133e-06
1.866207208485397223e-06
1.866030607538113221e-06
1.865854244576605647e-06
1.865678136670799142e-06
1.865502256263306439e-06
1.865326630222800574e-06
1.865151213400044875e-06
1.864976033826229736e-06
1.864801090319553403e-06
1.864626385175794916e-06
1.864451926673809834e-06
1.864277705296989658e-06
1.864103694692041511e-06
1.863929932816329068e-06
1.863756389254792525e-06
1.863583080294396324e-06
1.863410011742800270e-06
1.863237177013708888e-06
1.863064568069157072e-06
1.862892125809262590e-06
1.862719973348795993e-06
1.862547996092639565e-06
1.862376261935752575e-06
1.862204760756504019e-06
1.862033443544394640e-06
1.861862428603587410e-06
1.861691579585811322e-06
1.861520971930584103e-06
1.861350582179791605e-06
1.861180397093240756e-06
1.861010491425626744e-06
1.860840757020840794e-06
1.860671276374121556e-06
1.860501994031894441e-06
1.860332934261497744e-06
1.860164128629384544e-06
1.859995523342158686e-06
1.859827140452137876e-06
1.859658965447226906e-06
1.859491017529305667e-06
1.859323293243325921e-06
1.859155810001483711e-06
1.858988524161737545e-06
1.858821469328504735e-06
1.858654614688030667e-06
1.858487988356268749e-06
1.858321578809989219e-06
1.858155392918144140e-06
1.857989422167174655e-06
1.857823607918957483e-06
1.857658072501395191e-06
1.857492702779332356e-06
1.857327563765312396e-06
1.857162651331420404e-06
1.856997921231484517e-06
1.856833466230291540e-06
1.856669174491993512e-06
1.856505105268850293e-06
1.856341261066695990e-06
1.856177610290940148e-06
1.856014214913738057e-06
1.855850994264300952e-06
1.855687993706223713e-06
1.855525209638095043e-06
1.855362639091986881e-06
