7.457018541413926106e-11
8.807278533399655580e-11
1.023445178259599223e-10
1.172908263107400533e-10
1.328160614726990116e-10
1.488239306697095834e-10
1.652186323826841869e-10
1.819043739069275162e-10
1.987864377694548288e-10
2.157722728514376466e-10
2.327706962511911796e-10
2.496924062569751849e-10
2.664507947608390482e-10
2.829618198844461917e-10
2.991438521617218629e-10
3.149190462320949004e-10
3.302128746708785619e-10
3.449529257558234476e-10
3.590719948358767960e-10
3.725051753334405905e-10
3.851901621581001870e-10
3.970695461798341719e-10
4.080907017524032207e-10
4.182029906888052334e-10
4.273575749244030985e-10
4.355139397879355546e-10
4.426313514897984677e-10
4.486706829427081009e-10
4.536046948191855482e-10
4.574012134701302605e-10
4.600344412798580374e-10
4.614816043416722390e-10
4.617255035416207140e-10
4.607447136991702544e-10
4.585321530087911343e-10
4.550712191281317482e-10
4.503590790370288187e-10
4.443884500611259848e-10
4.371552309009441515e-10
4.286664370678515152e-10
4.189141904815012718e-10
4.079100116767357718e-10
3.956620506144522879e-10
3.821753310016587475e-10
3.674603846715071395e-10
3.515317099336703948e-10
3.344051404161772597e-10
3.160966482944053186e-10
2.966228292068021878e-10
2.760002840059632089e-10
2.542512900131050055e-10
2.313967887345031715e-10
2.074606465649103314e-10
1.824664103463226862e-10
1.564365237560927568e-10
1.293988228932999431e-10
1.013785211408112617e-10
7.240009457620231080e-11
4.249396278451205763e-11
1.168677030796074468e-11
-1.999698393294393415e-11
-5.252333162917683865e-11
-8.586735548696338635e-11
-1.200029307649344934e-10
-1.548984684192458925e-10
-1.905230562520625200e-10
-2.268524729341599871e-10
-2.638562781480554979e-10
-3.015016999832916415e-10
-3.397669091629008649e-10
-3.786259595921405654e-10
-4.180473928291477130e-10
-4.580018125032648086e-10
-4.984682728872396858e-10
-5.394168408015109960e-10
-5.808223496663932930e-10
-6.226615993807017576e-10
-6.649112891605453610e-10
-7.075421076755300511e-10
-7.505331926247644755e-10
-7.938646409863577460e-10
-8.375149280143883799e-10
-8.814561701858633202e-10
-9.256725519981240001e-10
-9.701440059353395200e-10
-1.014853716495841130e-09
-1.059779233794957740e-09
-1.104901891432790065e-09
-1.150206547400736752e-09
-1.195682283397996304e-09
-1.241310488518096873e-09
-1.287068034292308953e-09
-1.332948774730439887e-09
-1.378942218967640091e-09
-1.425035510405832933e-09
-1.471211433916184754e-09
-1.517456598574642695e-09
-1.563767041504930340e-09
-1.610136288101413700e-09
-1.656552758735577634e-09
-1.703002593830823313e-09
-1.749478586690372580e-09
-1.795979727011066270e-09
-1.842501401886234662e-09
-1.889035150989055751e-09
-1.935572147264330111e-09
-1.982106863591519749e-09
-2.028640894258308186e-09
-2.075173073902719821e-09
-2.121696978694985699e-09
-2.168209151406995385e-09
-2.214705297195077948e-09
-2.261186986634960361e-09
-2.307656809792359807e-09
-2.354111751772681544e-09
-2.400549986506968996e-09
-2.446970689290886031e-09
-2.493374614189484209e-09
-2.539765606264135022e-09
-2.586145806046549774e-09
-2.632513665307348191e-09
-2.678869629607852366e-09
-2.725216609559706876e-09
-2.771556564192629735e-09
-2.817895015040572984e-09
-2.864233718402232580e-09
-2.910573286691652040e-09
-2.956914345854828811e-09
-3.003262585892338524e-09
-3.049620254598356311e-09
-3.095993456125748107e-09
-3.142384461856499428e-09
-3.188795097611274113e-09
-3.235225564010605750e-09
-3.281680593886557042e-09
-3.328165858990188103e-09
-3.374683688679839048e-09
-3.421240538318455958e-09
-3.467835520756079671e-09
-3.514471980371771254e-09
-3.561148104380235327e-09
-3.607873052921382733e-09
-3.654648376707520699e-09
-3.701478075610543384e-09
-3.748365600527098300e-09
-3.795309565114671452e-09
-3.842313404503319722e-09
-3.889373727883241143e-09
-3.936499985524410628e-09
-3.983692087172417831e-09
-4.030952285338999881e-09
-4.078283256247454773e-09
-4.125681871036819635e-09
-4.173151538518121693e-09
-4.220687697677873984e-09
-4.268294059375220395e-09
-4.315974430186160329e-09
-4.363726313030604980e-09
-4.411553148128615433e-09
-4.459449787378519920e-09
-4.507416093474433080e-09
-4.555450204593243451e-09
-4.603548036940111930e-09
-4.651714889454548341e-09
-4.699947631661685990e-09
-4.748244827312171253e-09
-4.796604675787054083e-09
-4.845020992734912171e-09
-4.893493087157051100e-09
-4.942015547016617289e-09
-4.990585122534083115e-09
-5.039202823516023300e-09
-5.087864517129779351e-09
-5.136568029448266280e-09
-5.185307050608084504e-09
-5.234073809791349600e-09
-5.282867236111474488e-09
-5.331679443170305277e-09
-5.380505812971170527e-09
-5.429345247687721037e-09
-5.478190847761298479e-09
-5.527040392958221471e-09
-5.575888634121673243e-09
-5.624720352830963710e-09
-5.673534196697609251e-09
-5.722325259146702821e-09
-5.771081197918578928e-09
-5.819802560871168353e-09
-5.868483973335675395e-09
-5.917113763566978009e-09
-5.965693330632594283e-09
-6.014213347477818251e-09
-6.062652950932735121e-09
-6.111014217779894545e-09
-6.159292399606863881e-09
-6.207468614123207578e-09
-6.255547586029400494e-09
-6.303526346054638944e-09
-6.351383522587547936e-09
-6.399122724687250212e-09
-6.446742664645522701e-09
-6.494210950191506732e-09
-6.541527224776828528e-09
-6.588696623591935902e-09
-6.635693251007585879e-09
-6.682517180208063685e-09
-6.729174640175410088e-09
-6.775648406842252090e-09
-6.821923082582613819e-09
-6.868006127165647094e-09
-6.913892189696586461e-09
-6.959541748178545270e-09
-7.004965339410529154e-09
-7.050168550475774661e-09
-7.095117446646849073e-09
-7.139819597314149656e-09
-7.184282862743020094e-09
-7.228494227676323255e-09
-7.272422681281933023e-09
-7.316086854267666670e-09
-7.359490525711100237e-09
-7.402584865120524300e-09
-7.445377985523293281e-09
-7.487880744202264438e-09
-7.530081146507612507e-09
-7.571949523815686588e-09
-7.613512981189669504e-09
-7.654774975361086216e-09
-7.695693075459453411e-09
-7.736273956338500802e-09
-7.776529581176955607e-09
-7.816456029680742621e-09
-7.856006533367286110e-09
-7.895204999661715941e-09
-7.934058876725499020e-09
-7.972552044028344900e-09
-8.010658656096143382e-09
-8.048412277886364675e-09
-8.085816764019651660e-09
-8.122834087531775338e-09
-8.159465925329828854e-09
-8.195728827180179494e-09
-8.231629660611718853e-09
-8.267115632194389871e-09
-8.302213276166362947e-09
-8.336933163653115469e-09
-8.371277430344652654e-09
-8.405202818245299738e-09
-8.438740043649922387e-09
-8.471900822127307540e-09
-8.504684924006671847e-09
-8.537050132011363654e-09
-8.569019930723974679e-09
-8.600610013983721664e-09
-8.631819275149859334e-09
-8.662608187942454953e-09
-8.693003460777032554e-09
-8.723020745034753004e-09
-8.752661747479909463e-09
-8.781883950339560012e-09
-8.810725002862601086e-09
-8.839195206280302584e-09
-8.867300395347907179e-09
-8.894993901893106345e-09
-8.922308663127249158e-09
-8.949257736455163841e-09
-8.975846892945005943e-09
-9.002044195694803839e-09
-9.027868203035042316e-09
-9.053336627549058227e-09
-9.078457144958615014e-09
-9.103213075826466123e-09
-9.127596747844873966e-09
-9.151643259054827959e-09
-9.175355575995915408e-09
-9.198730068504128895e-09
-9.221744282970406906e-09
-9.244427568776005364e-09
-9.266792768242170208e-09
-9.288842497070841699e-09
-9.310549175214829988e-09
-9.331940747835799973e-09
-9.353031079352059257e-09
-9.373826113457289799e-09
-9.394317312978069917e-09
-9.414495238693445889e-09
-9.434391760031841605e-09
-9.454013992194157268e-09
-9.473363815253023574e-09
-9.492417364241369842e-09
-9.511203508093998973e-09
-9.529733701858545251e-09
-9.548011552235349802e-09
-9.566034431045758112e-09
-9.583792927312120929e-09
-9.601316362110323039e-09
-9.618611983850321303e-09
-9.635681955782614278e-09
-9.652518175121923441e-09
-9.669123466570607360e-09
-9.685525915886093917e-09
-9.701723757831149054e-09
-9.717722712946354990e-09
-9.733505061075445372e-09
-9.749098043221874406e-09
-9.764511225297962243e-09
-9.779745120648949700e-09
-9.794801439453155789e-09
-9.809671767690354488e-09
-9.824380887024409629e-09
-9.838934375910386512e-09
-9.853335311191919088e-09
-9.867581764441365086e-09
-9.881670512632743273e-09
-9.895624069337813311e-09
-9.909444926484583619e-09
-9.923135661227550735e-09
-9.936694705225622726e-09
-9.950121307207039767e-09
-9.963435768393176899e-09
-9.976639946510312742e-09
-9.989735601767754992e-09
-1.000272141982788407e-08
-1.001559694060425383e-08
-1.002838028083870951e-08
-1.004107276610411754e-08
-1.005367639881934987e-08
-1.006619051144937921e-08
-1.007861437680683993e-08
-1.009096174317111223e-08
-1.010323622686388027e-08
-1.011543829082695810e-08
-1.012756952463046726e-08
-1.013962552604412888e-08
-1.015162025092004923e-08
-1.016355747094909804e-08
-1.017543719395249630e-08
-1.018726020943908111e-08
-1.019902486191701210e-08
-1.021073562611804719e-08
-1.022240124846431951e-08
-1.023402146011686416e-08
-1.024559657311758136e-08
-1.025712563805710674e-08
-1.026860841104989891e-08
-1.028005431176385083e-08
-1.029146345900703963e-08
-1.030283648549144115e-08
-1.031417367302931591e-08
-1.032547074421955615e-08
-1.033673484362368242e-08
-1.034796823703709551e-08
-1.035917162023812389e-08
-1.037034490601394416e-08
-1.038148618846948434e-08
-1.039259404997734315e-08
-1.040367404000440693e-08
-1.041472639778073208e-08
-1.042575154341763209e-08
-1.043674978963981502e-08
-1.044771475451691027e-08
-1.045864873283249595e-08
-1.046955518262163275e-08
-1.048043429401448934e-08
-1.049128625875512994e-08
-1.050210878503949426e-08
-1.051289589093681808e-08
-1.052365056942985956e-08
-1.053437450537108108e-08
-1.054506798249701173e-08
-1.055573175294843240e-08
-1.056636048339728823e-08
-1.057694900563019786e-08
-1.058750107085387590e-08
-1.059801705367999550e-08
-1.060849774870739508e-08
-1.061894339448332651e-08
-1.062934520535540513e-08
-1.063969922769625821e-08
-1.065000821066517584e-08
-1.066027282334901916e-08
-1.067049392471652318e-08
-1.068067256138366008e-08
-1.069079685546025910e-08
-1.070086362485760346e-08
-1.071087527003886545e-08
-1.072083288470253056e-08
-1.073073749435968467e-08
-1.074059033690482197e-08
-1.075037858677645769e-08
-1.076009819109219780e-08
-1.076975253470281942e-08
-1.077934222350467956e-08
-1.078886891137572305e-08
-1.079833316883059092e-08
-1.080772305109525839e-08
-1.081702974647764052e-08
-1.082625827564315575e-08
-1.083540993880777802e-08
-1.084448555381675308e-08
-1.085348654770156954e-08
-1.086240448893736241e-08
-1.087122649075848634e-08
-1.087995709679793922e-08
-1.088859861819557815e-08
-1.089715280476345254e-08
-1.090562001491213562e-08
-1.091399971462601161e-08
-1.092227061295781443e-08
-1.093043552421264107e-08
-1.093850045890595583e-08
-1.094646672172299944e-08
-1.095433474941070166e-08
-1.096210692002381436e-08
-1.096976562653445323e-08
-1.097730368937181984e-08
-1.098472892702600400e-08
-1.099204310842759461e-08
-1.099924696439523715e-08
-1.100634298058754960e-08
-1.101332729785254734e-08
-1.102017893275351953e-08
-1.102690518236580268e-08
-1.103351078759097159e-08
-1.103999823650850077e-08
-1.104636763867756238e-08
-1.105262205207154239e-08
-1.105874750246466789e-08
-1.106473259694456615e-08
-1.107058918928597132e-08
-1.107631961406137262e-08
-1.108192567393813530e-08
-1.108740871084540807e-08
-1.109276877087253166e-08
-1.109798429382979459e-08
-1.110305880652935094e-08
-1.110800167202835139e-08
-1.111281378759468320e-08
-1.111749559407210812e-08
-1.112204990318968748e-08
-1.112647680684676877e-08
-1.113075303113715404e-08
-1.113488750721277075e-08
-1.113888918795116388e-08
-1.114276005745962200e-08
-1.114650080502982409e-08
-1.115011310179605750e-08
-1.115359540322229718e-08
-1.115692867158685287e-08
-1.116012143375899872e-08
-1.116318284891650919e-08
-1.116611501941609036e-08
-1.116891815900675296e-08
-1.117159395642053073e-08
-1.117414200948526050e-08
-1.117654425027965246e-08
-1.117880967156327682e-08
-1.118094791808139488e-08
-1.118296095019830323e-08
-1.118484870593392271e-08
-1.118661353817233260e-08
-1.118825603763299676e-08
-1.118975752640143966e-08
-1.119112840859523737e-08
-1.119238084819986808e-08
-1.119351470573688136e-08
-1.119453079622720075e-08
-1.119542972671553495e-08
-1.119621258304811265e-08
-1.119686990269549954e-08
-1.119740252091447617e-08
-1.119782222838238495e-08
-1.119813271910550115e-08
-1.119833400087400997e-08
-1.119842670438250789e-08
-1.119841280569980182e-08
-1.119828739024354303e-08
-1.119804652322557262e-08
-1.119770280162286878e-08
-1.119726021233403172e-08
-1.119671931094510246e-08
-1.119608064910047735e-08
-1.119534611351461397e-08
-1.119451627938868075e-08
-1.119358116876855655e-08
-1.119254945597836766e-08
-1.119143163331064866e-08
-1.119022793121209651e-08
-1.118893929061908759e-08
-1.118756561898050237e-08
-1.118610879509646835e-08
-1.118456634770934379e-08
-1.118293631977575216e-08
-1.118122837680444050e-08
-1.117944715078958010e-08
-1.117759402313886938e-08
-1.117566954897280050e-08
-1.117367304111017796e-08
-1.117160652819579884e-08
-1.116946863754324756e-08
-1.116725783007894344e-08
-1.116498780678249271e-08
-1.116266048782580530e-08
-1.116027520126664882e-08
-1.115783167932130757e-08
-1.115533090345994188e-08
-1.115277348479306160e-08
-1.115015753440260992e-08
-1.114748638521514250e-08
-1.114476847247991827e-08
-1.114200557394191803e-08
-1.113919785769532648e-08
-1.113634518916547794e-08
-1.113344702949505344e-08
-1.113050523138240689e-08
-1.112751886947153228e-08
-1.112449211210094653e-08
-1.112143134207004626e-08
-1.111833798237555972e-08
-1.111521236780920980e-08
-1.111205419529867225e-08
-1.110886277337969969e-08
-1.110563976223066487e-08
-1.110238590297435753e-08
-1.109910283207719099e-08
-1.109579729891175338e-08
-1.109247064487957298e-08
-1.108912276644257494e-08
-1.108575289780387828e-08
-1.108236156205421340e-08
-1.107894883091914246e-08
-1.107551586591210426e-08
-1.107206291830535311e-08
-1.106859615686994098e-08
-1.106511671220685746e-08
-1.106162394648308955e-08
-1.105811767661378093e-08
-1.105459841234392505e-08
-1.105106618924145776e-08
-1.104752220730518995e-08
-1.104396651169336468e-08
-1.104040308213512823e-08
-1.103683390671044960e-08
-1.103325926595908774e-08
-1.102967894681483640e-08
-1.102609287882463004e-08
-1.102250089454605103e-08
-1.101890303628197614e-08
-1.101530075645182394e-08
-1.101169443121909645e-08
-1.100808694335561428e-08
-1.100447859025400499e-08
-1.100086955201961869e-08
-1.099725953098049224e-08
-1.099364840404550327e-08
-1.099003627825985663e-08
-1.098642327910449874e-08
-1.098280897389829109e-08
-1.097919508011315324e-08
-1.097558230392467357e-08
-1.097197087922461568e-08
-1.096836042367319618e-08
-1.096475116902064777e-08
-1.096114313373374785e-08
-1.095753623503790066e-08
-1.095392955871923794e-08
-1.095032326961310423e-08
-1.094671833481972110e-08
-1.094311534403434397e-08
-1.093951421727567670e-08
-1.093591507114819718e-08
-1.093231766400099411e-08
-1.092872215998660586e-08
-1.092512830299107327e-08
-1.092153343019890364e-08
-1.091793816324201004e-08
-1.091434272564593026e-08
-1.091074663811256793e-08
-1.090715084710281043e-08
-1.090355520292717056e-08
-1.089995921151413432e-08
-1.089636345306176236e-08
-1.089276752235630041e-08
-1.088916684975609109e-08
-1.088556284398103131e-08
-1.088195511111468694e-08
-1.087834270233739065e-08
-1.087472706339569333e-08
-1.087110796849838632e-08
-1.086748481640459594e-08
-1.086385850630648299e-08
-1.086022867870719585e-08
-1.085658974019203506e-08
-1.085294288656987371e-08
-1.084928792187566400e-08
-1.084562394160999146e-08
-1.084195212953953291e-08
-1.083827229441680379e-08
-1.083458453133792343e-08
-1.083088931814227010e-08
-1.082718578183257060e-08
-1.082346979739738662e-08
-1.081974055555757288e-08
-1.081599593375160213e-08
-1.081223793014633690e-08
-1.080846644582815812e-08
-1.080468052033867111e-08
-1.080088148468214916e-08
-1.079706958550638915e-08
-1.079324438007440150e-08
-1.078940294219417128e-08
-1.078554143968451348e-08
-1.078165992540074393e-08
-1.077775893242737743e-08
-1.077383809391189021e-08
-1.076989766047476457e-08
-1.076593887885592414e-08
-1.076196030743668088e-08
-1.075796363097638805e-08
-1.075394813367811258e-08
-1.074990776036473009e-08
-1.074584283893784014e-08
-1.074175227957853356e-08
-1.073763769324114717e-08
-1.073349923225327213e-08
-1.072933641781340002e-08
-1.072515002220505963e-08
-1.072093962038211852e-08
-1.071670669232448861e-08
-1.071244963517838634e-08
-1.070815953523444662e-08
-1.070384109003612982e-08
-1.069949511472849779e-08
-1.069511828420621421e-08
-1.069071406103568480e-08
-1.068628191644648410e-08
-1.068182104178019309e-08
-1.067733335124969104e-08
-1.067281770041166675e-08
-1.066827243073268875e-08
-1.066369200305002319e-08
-1.065907930109762416e-08
-1.065443540231080064e-08
-1.064975904402785808e-08
-1.064505193506150977e-08
-1.064031435585840223e-08
-1.063554565542600869e-08
-1.063074677336613231e-08
-1.062591753584281673e-08
-1.062105652457689366e-08
-1.061615925772922614e-08
-1.061122870658799558e-08
-1.060626638735281841e-08
-1.060127137047774916e-08
-1.059624508954299588e-08
-1.059118794144450388e-08
-1.058609865399234469e-08
-1.058097867367795030e-08
-1.057582788318300086e-08
-1.057064581146513067e-08
-1.056542595524089552e-08
-1.056017269318380053e-08
-1.055488916973517891e-08
-1.054957147260839963e-08
-1.054422411207212230e-08
-1.053884508691789661e-08
-1.053343511241503352e-08
-1.052799307804321971e-08
-1.052252215369379161e-08
-1.051702011565696952e-08
-1.051148360651832311e-08
-1.050591387329710329e-08
-1.050031360699002733e-08
-1.049468454726017453e-08
-1.048902624221476112e-08
-1.048333862549755026e-08
-1.047762192910707276e-08
-1.047187659180763442e-08
-1.046610260416411372e-08
-1.046029987191837659e-08
-1.045446844094250972e-08
-1.044860756160969291e-08
-1.044271834726457161e-08
-1.043680391519145959e-08
-1.043086467839429464e-08
-1.042490047988999234e-08
-1.041891175062163750e-08
-1.041289814273110086e-08
-1.040685871376121798e-08
-1.040079635085996713e-08
-1.039470870213644330e-08
-1.038859559394090835e-08
-1.038245771370285424e-08
-1.037629655744810874e-08
-1.037011540754462167e-08
-1.036391376818283028e-08
-1.035769039460915451e-08
-1.035144675963405230e-08
-1.034518252365513339e-08
-1.033889702106163079e-08
-1.033259131293257120e-08
-1.032626638387281347e-08
-1.031992037739754308e-08
-1.031355463053212567e-08
-1.030717370283133008e-08
-1.030077667601549350e-08
-1.029436408971784852e-08
-1.028793619812809066e-08
-1.028149241285449691e-08
-1.027503385171098445e-08
-1.026855908698325848e-08
-1.026206901286658929e-08
-1.025556565530558674e-08
-1.024904755855991720e-08
-1.024251626620347223e-08
-1.023597589257109793e-08
-1.022942541587609744e-08
-1.022286527730363144e-08
-1.021629598718839376e-08
-1.020971647464379317e-08
-1.020312804171696149e-08
-1.019652920637956833e-08
-1.018992084678096147e-08
-1.018330394898472286e-08
-1.017667886879434599e-08
-1.017004533231190543e-08
-1.016340675874568586e-08
-1.015676323943637686e-08
-1.015011440414846956e-08
-1.014346053646330902e-08
-1.013680191453083508e-08
-1.013013789368998637e-08
-1.012346841705068999e-08
-1.011679453222208742e-08
-1.011011512278690963e-08
-1.010343331344721749e-08
-1.009674800035556202e-08
-1.009006163037482265e-08
-1.008337455958782349e-08
-1.007668783464157586e-08
-1.007000033936710057e-08
-1.006331254058578967e-08
-1.005662408469774061e-08
-1.004993538917616128e-08
-1.004324596932258589e-08
-1.003655617910935341e-08
-1.002986756136547430e-08
-1.002317995271432711e-08
-1.001649463875364727e-08
-1.000981245632307670e-08
-1.000313422460243929e-08
-9.996459045827258179e-09
-9.989787798953835537e-09
-9.983119654560271581e-09
-9.976454825154114609e-09
-9.969793134447522519e-09
-9.963134920242763552e-09
-9.956479497407062346e-09
-9.949829211220527902e-09
-9.943182637817409259e-09
-9.936541709598025857e-09
-9.929905546674981179e-09
-9.923275192901991911e-09
-9.916649806721851238e-09
-9.910029683106333454e-09
-9.903414756568229404e-09
-9.896805123972746283e-09
-9.890200511949574155e-09
-9.883600949486890316e-09
-9.877006387391699602e-09
-9.870418599560440658e-09
-9.863836247415920619e-09
-9.857260955785827115e-09
-9.850691910021681290e-09
-9.844129508974734540e-09
-9.837573794016761038e-09
-9.831024382745907420e-09
-9.824481920506041227e-09
-9.817945829116481181e-09
-9.811416038589708917e-09
-9.804892904263674069e-09
-9.798375756213526941e-09
-9.791865866753340937e-09
-9.785362203699159232e-09
-9.778865678099117394e-09
-9.772375470618209147e-09
-9.765891771324529880e-09
-9.759414671869133944e-09
-9.752943999905825552e-09
-9.746480239760629096e-09
-9.740022696493203020e-09
-9.733571962250696788e-09
-9.727127499044812487e-09
-9.720689048899395631e-09
-9.714256621280606854e-09
-9.707829754146693934e-09
-9.701408710160338772e-09
-9.694992580601148292e-09
-9.688581586946248432e-09
-9.682175591113838563e-09
-9.675774394004178986e-09
-9.669378660265894920e-09
-9.662987638006498629e-09
-9.656602164344962659e-09
-9.650221170225860257e-09
-9.643845518466458684e-09
-9.637473957143730533e-09
-9.631106712421322544e-09
-9.624743505187159745e-09
-9.618383487956047115e-09
-9.612027190460545256e-09
-9.605674199324278303e-09
-9.599325003621871356e-09
-9.592979026817582773e-09
-9.586636716552185231e-09
-9.580297754545423848e-09
-9.573962518450554590e-09
-9.567630869534008136e-09
-9.561301888057405209e-09
-9.554974950526639081e-09
-9.548650560727675869e-09
-9.542327526389818222e-09
-9.536006091491718274e-09
-9.529685584836024760e-09
-9.523366500277000956e-09
-9.517048470744865738e-09
-9.510731867002755048e-09
-9.504416682905420037e-09
-9.498103047658196109e-09
-9.491790440001514001e-09
-9.485479340505971658e-09
-9.479168198397187738e-09
-9.472857177858736435e-09
-9.466546175166326344e-09
-9.460233798639149014e-09
-9.453920580927204596e-09
-9.447605705675001306e-09
-9.441290035141153435e-09
-9.434972853342504733e-09
-9.428655064530181499e-09
-9.422335907531751919e-09
-9.416016022197605032e-09
-9.409694866815055598e-09
-9.403372914630068519e-09
-9.397049058660496267e-09
-9.390723442326435582e-09
-9.384396011437994133e-09
-9.378065879931492395e-09
-9.371733352182793661e-09
-9.365397999700702196e-09
-9.359060237941044859e-09
-9.352719766531679616e-09
-9.346376953721776742e-09
-9.340031598425252995e-09
-9.333683798469447388e-09
-9.327333542960516986e-09
-9.320980822152972191e-09
-9.314625105631444586e-09
-9.308266111459530406e-09
-9.301904173218524266e-09
-9.295538273094414723e-09
-9.289168883402062402e-09
-9.282795504359220787e-09
-9.276418574637088223e-09
-9.270037893490982063e-09
-9.263653491709204946e-09
-9.257265567615582958e-09
-9.250873791694611062e-09
-9.244478657676404306e-09
-9.238079687566402042e-09
-9.231677397441063123e-09
-9.225270503844178055e-09
-9.218860318258000155e-09
-9.212445439908000064e-09
-9.206026994087912044e-09
-9.199603792561792506e-09
-9.193176979059110674e-09
-9.186745537597012950e-09
-9.180310441762367034e-09
-9.173870792083688111e-09
-9.167427393246706452e-09
-9.160979534482420306e-09
-9.154527965510758962e-09
-9.148072341608285104e-09
-9.141613455635795025e-09
-9.135151103775984138e-09
-9.128685380907714436e-09
-9.122216585820264914e-09
-9.115744547858928184e-09
-9.109269565921611907e-09
-9.102791295828020444e-09
-9.096309933977712931e-09
-9.089825320609828224e-09
-9.083337475649860187e-09
-9.076846414181592874e-09
-9.070352064510494995e-09
-9.063854492449663360e-09
-9.057353989556848064e-09
-9.050851235657569139e-09
-9.044345891661537215e-09
-9.037838110377415160e-09
-9.031328368915219684e-09
-9.024816233197170758e-09
-9.018302348411950221e-09
-9.011785969495120384e-09
-9.005267862631521517e-09
-8.998747176751232450e-09
-8.992224616617677189e-09
-8.985699414680404790e-09
-8.979172324585472952e-09
-8.972642767578024554e-09
-8.966111609873834799e-09
-8.959579580817311502e-09
-8.953046220834109417e-09
-8.946511903977242107e-09
-8.939977123883715514e-09
-8.933441560178299233e-09
-8.926905779449510846e-09
-8.920369207427279569e-09
-8.913832297028597593e-09
-8.907294597276257587e-09
-8.900756252164532132e-09
-8.894217383543084466e-09
-8.887677564612208910e-09
-8.881137284151685341e-09
-8.874596662412791084e-09
-8.868057854390289037e-09
-8.861519711187115819e-09
-8.854982786542638344e-09
-8.848447947262328873e-09
-8.841914512682677166e-09
-8.835383741772021318e-09
-8.828854248575806618e-09
-8.822326839052264907e-09
-8.815801089489836971e-09
-8.809276866757057349e-09
-8.802754626734918124e-09
-8.796233595665646218e-09
-8.789714701341622109e-09
-8.783197068918895208e-09
-8.776682170525118945e-09
-8.770170273447427698e-09
-8.763660690644293752e-09
-8.757155227467746646e-09
-8.750652295263244602e-09
-8.744153394743144464e-09
-8.737657266954627698e-09
-8.731164411447165580e-09
-8.724674925473924592e-09
-8.718188436611311249e-09
-8.711705259554854280e-09
-8.705224944025670426e-09
-8.698747872860129372e-09
-8.692273879779686365e-09
-8.685803073365858874e-09
-8.679337434218798826e-09
-8.672875493361062622e-09
-8.666417878290479899e-09
-8.659965060763256659e-09
-8.653516618169629995e-09
-8.647073385393937410e-09
-8.640634395708397070e-09
-8.634200449112216788e-09
-8.627770727667036780e-09
-8.621345613402277300e-09
-8.614925274955259755e-09
-8.608509369371639660e-09
-8.602097634811204102e-09
-8.595690527558417399e-09
-8.589288013969612305e-09
-8.582892893638543114e-09
-8.576502597418155801e-09
-8.570118665173467552e-09
-8.563740489083852754e-09
-8.557367963966298573e-09
-8.551002180555293928e-09
-8.544641738898778453e-09
-8.538287853986239649e-09
-8.531939322435876585e-09
-8.525596917586463924e-09
-8.519260468286711287e-09
-8.512929952360975168e-09
-8.506604731231364788e-09
-8.500285387873714200e-09
-8.493971525159304495e-09
-8.487665139299693772e-09
-8.481364378822471002e-09
-8.475070083438168896e-09
-8.468781647514236542e-09
-8.462498781774114263e-09
-8.456222431483782369e-09
-8.449951330846852719e-09
-8.443686944324940141e-09
-8.437427713865585633e-09
-8.431174811612256570e-09
-8.424927404325558393e-09
-8.418685916275706593e-09
-8.412450001668508329e-09
-8.406220100075220478e-09
-8.399995738156775649e-09
-8.393777926930169402e-09
-8.387566149403364790e-09
-8.381360202457381296e-09
-8.375160826982238364e-09
-8.368966663125151541e-09
-8.362779021825234118e-09
-8.356596414645102424e-09
-8.350419950056656270e-09
-8.344248943408183723e-09
-8.338083736164276987e-09
-8.331924229240611733e-09
-8.325770434400056923e-09
-8.319622349470054110e-09
-8.313479547293977454e-09
-8.307342886731933299e-09
-8.301211362369028295e-09
-8.295087175987686813e-09
-8.288968460395467951e-09
-8.282856272636639656e-09
-8.276749161905685541e-09
-8.270647446358713914e-09
-8.264551526833319717e-09
-8.258460678423327750e-09
-8.252375846906822530e-09
-8.246296036195403544e-09
-8.240222027262848239e-09
-8.234153187024744338e-09
-8.228089819763841064e-09
-8.222031848307654806e-09
-8.215979080927632631e-09
-8.209931820602992995e-09
-8.203889455369721237e-09
-8.197853317101113366e-09
-8.191822178237860180e-09
-8.185796656439190961e-09
-8.179774908302212130e-09
-8.173757642733733430e-09
-8.167744633973578702e-09
-8.161735696593629559e-09
-8.155731533153709127e-09
-8.149731228788182098e-09
-8.143735754756173682e-09
-8.137744205301287386e-09
-8.131757070941348522e-09
-8.125774170314028282e-09
-8.119795539313145209e-09
-8.113821309751111126e-09
-8.107851235600853758e-09
-8.101886263680183947e-09
-8.095925652509386846e-09
-8.089969717528873944e-09
-8.084017034065934927e-09
-8.078068090170991440e-09
-8.072122866120285735e-09
-8.066181226128727167e-09
-8.060243476837849886e-09
-8.054309188996060800e-09
-8.048378775731440967e-09
-8.042451779688765585e-09
-8.036528680631681512e-09
-8.030609159240205887e-09
-8.024693212038239572e-09
-8.018781137396066456e-09
-8.012872598504584281e-09
-8.006969141389573685e-09
-8.001069467402415761e-09
-7.995173979273931625e-09
-7.989281716825060523e-09
-7.983392694255044227e-09
-7.977507318779495155e-09
-7.971625092680094913e-09
-7.965746145503582814e-09
-7.959870896538805017e-09
-7.953998562282502156e-09
-7.948129739925267968e-09
-7.942263908517897978e-09
-7.936401681327940920e-09
-7.930542412468389230e-09
-7.924686409822241155e-09
-7.918833583414414487e-09
-7.912985048467269546e-09
-7.907140069677374493e-09
-7.901298504322958315e-09
-7.895460750851796867e-09
-7.889625424550796228e-09
-7.883792853228446852e-09
-7.877963135720778265e-09
-7.872135860575683207e-09
-7.866311663313946771e-09
-7.860489991282487055e-09
-7.854671029955977826e-09
-7.848854806491440190e-09
-7.843041260895140186e-09
-7.837230365808320592e-09
-7.831422170408463627e-09
-7.825616721576341528e-09
-7.819813958433676401e-09
-7.814015906490570082e-09
-7.808220809712138084e-09
-7.802428912775354959e-09
-7.796640560403654715e-09
-7.790854948221670211e-09
-7.785072582824180102e-09
-7.779292974469276001e-09
-7.773516205124597600e-09
-7.767742538445997748e-09
-7.761971622773365375e-09
-7.756203533153181025e-09
-7.750438443483472674e-09
-7.744676124652114908e-09
-7.738916502698907233e-09
-7.733159988719035091e-09
-7.727406211033786100e-09
-7.721655242455005762e-09
-7.715909700919271035e-09
-7.710167223626314397e-09
-7.704428202413114028e-09
-7.698693395022559637e-09
-7.692961583377023873e-09
-7.687233410570218017e-09
-7.681508560370305676e-09
-7.675786712774497827e-09
-7.670068610845374012e-09
-7.664353590523999453e-09
-7.658641828796546940e-09
-7.652933430256328938e-09
-7.647228298286434713e-09
-7.641526247427706752e-09
-7.635827545246606746e-09
-7.630131805632406950e-09
-7.624439481346920471e-09
-7.618752339225763973e-09
-7.613068729208498979e-09
-7.607388749525940045e-09
-7.601713857361622687e-09
-7.596042012447548667e-09
-7.590373406946778971e-09
-7.584709139896093559e-09
-7.579048059853425916e-09
-7.573390693556307551e-09
-7.567737120846370127e-09
-7.562086674498951129e-09
-7.556440097824921596e-09
-7.550796983856962262e-09
-7.545157367557794011e-09
-7.539520963747687527e-09
-7.533888307575087407e-09
-7.528259250964413582e-09
-7.522634082664601956e-09
-7.517014535557240473e-09
-7.511399016021932626e-09
-7.505787942354353631e-09
-7.500181235830187689e-09
-7.494578645363398689e-09
-7.488981052765655058e-09
-7.483387224441034034e-09
-7.477797387282542241e-09
-7.472212286804651600e-09
-7.466631026592978021e-09
-7.461054103248520722e-09
-7.455481263264391993e-09
-7.449912668077428434e-09
-7.444348212427025187e-09
-7.438787574665456899e-09
-7.433231172390075540e-09
-7.427678929064643320e-09
-7.422131864442962333e-09
-7.416590023450499567e-09
-7.411052905622202340e-09
-7.405521406782756031e-09
-7.399993979307996571e-09
-7.394470986465718291e-09
-7.388953805116758302e-09
-7.383440617711703440e-09
-7.377931887549288757e-09
-7.372428294548145871e-09
-7.366928913445378704e-09
-7.361434379792811475e-09
-7.355944335536794424e-09
-7.350458896800737874e-09
-7.344978167960702749e-09
-7.339501579588326421e-09
-7.334029686198888591e-09
-7.328562352007296959e-09
-7.323100055877137368e-09
-7.317643683530687090e-09
-7.312192199276853515e-09
-7.306746097435446266e-09
-7.301304449376098793e-09
-7.295867439316506166e-09
-7.290436232634161480e-09
-7.285009070780216240e-09
-7.279586263887819987e-09
-7.274169006772674864e-09
-7.268755988542223785e-09
-7.263347757085432520e-09
-7.257944400810037314e-09
-7.252545350116971931e-09
-7.247151526234376204e-09
-7.241761621668199338e-09
-7.236376777075288615e-09
-7.230996625587603164e-09
-7.225620830070156383e-09
-7.220252302143282529e-09
-7.214888166064947150e-09
-7.209528659684078887e-09
-7.204175875922255679e-09
-7.198827428686245668e-09
-7.193483558013055504e-09
-7.188145154528743898e-09
-7.182811300512306800e-09
-7.177482733346627045e-09
-7.172159035930938961e-09
-7.166839973613083254e-09
-7.161526168925034003e-09
-7.156216911951291782e-09
-7.150912796297725005e-09
-7.145613443411015036e-09
-7.140318729253418975e-09
-7.135028941735889132e-09
-7.129743810809032316e-09
-7.124464237449610980e-09
-7.119190686275415468e-09
-7.113922172883322203e-09
-7.108659083709944931e-09
-7.103400551127340744e-09
-7.098146848645479926e-09
-7.092898637576558007e-09
-7.087654679405352045e-09
-7.082415061313648787e-09
-7.077180820808180781e-09
-7.071951341145301806e-09
-7.066726227011931235e-09
-7.061506050769390809e-09
-7.056290601632662236e-09
-7.051079635948976074e-09
-7.045873590046267785e-09
-7.040671969170217216e-09
-7.035475215235344953e-09
-7.030282892937924777e-09
-7.025096106528880394e-09
-7.019914601554707702e-09
-7.014738318332040005e-09
-7.009567205572908269e-09
-7.004400051748405397e-09
-6.999237504064595074e-09
-6.994080109587975732e-09
-6.988926548115010391e-09
-6.983777128894308797e-09
-6.978632589696709762e-09
-6.973492500199859707e-09
-6.968356529972674673e-09
-6.963225097714307899e-09
-6.958097933592621872e-09
-6.952975185403872659e-09
-6.947856922530360346e-09
-6.942742710987414007e-09
-6.937632977124703438e-09
-6.932527591550675028e-09
-6.927427102154295372e-09
-6.922332689427879919e-09
-6.917242865166817755e-09
-6.912157484694032620e-09
-6.907077434290460544e-09
-6.902001502939297810e-09
-6.896929587831832765e-09
-6.891862446850617120e-09
-6.886799305042972390e-09
-6.881740747743515902e-09
-6.876686549502438761e-09
-6.871636213641152208e-09
-6.866590484541289425e-09
-6.861549036349666860e-09
-6.856511612874730841e-09
-6.851478980735835479e-09
-6.846449767572451217e-09
-6.841425073849037840e-09
-6.836404942613350764e-09
-6.831388460380879125e-09
-6.826378384830459715e-09
-6.821372195759743830e-09
-6.816370582119013189e-09
-6.811374748857414683e-09
-6.806381914692786540e-09
-6.801392929779469353e-09
-6.796409075680440653e-09
-6.791428666224186088e-09
-6.786451794008378056e-09
-6.781479432231929107e-09
-6.776511283859131858e-09
-6.771546639967657831e-09
-6.766586170063363273e-09
-6.761629618032285708e-09
-6.756677038591937929e-09
-6.751728522648498973e-09
-6.746783609712047153e-09
-6.741842664028031490e-09
-6.736905870093475194e-09
-6.731972860776527163e-09
-6.727045977632907419e-09
-6.722122682909075402e-09
-6.717203434751692400e-09
-6.712289868665034953e-09
-6.707379147687293367e-09
-6.702471895948825153e-09
-6.697569525754252561e-09
-6.692670462601721038e-09
-6.687774853728824581e-09
-6.682883503340229205e-09
-6.677995954158300476e-09
-6.673111981524663500e-09
-6.668231794455249529e-09
-6.663355360237490630e-09
-6.658482817899802999e-09
-6.653614006051905419e-09
-6.648748538707215891e-09
-6.643886997258702122e-09
-6.639029459142663742e-09
-6.634175374018241780e-09
-6.629327992921945864e-09
-6.624483908703206315e-09
-6.619644018428174260e-09
-6.614809988063543704e-09
-6.609978774005870745e-09
-6.605151483439039029e-09
-6.600329073112566379e-09
-6.595510179480316833e-09
-6.590694875990385848e-09
-6.585883700150001294e-09
-6.581076946993010749e-09
-6.576273553500602681e-09
-6.571474276174201876e-09
-6.566678856385882676e-09
-6.561887161671468702e-09
-6.557099768814993917e-09
-6.552315479012555314e-09
-6.547535414205935420e-09
-6.542759261965275534e-09
-6.537986532021042669e-09
-6.533219417558526592e-09
-6.528456449367511772e-09
-6.523698079123529608e-09
-6.518943781873653543e-09
-6.514193953567213330e-09
-6.509447882674807378e-09
-6.504705116170813176e-09
-6.499966937511440216e-09
-6.495232382607015593e-09
-6.490501280321769317e-09
-6.485774534348163136e-09
-6.481051343430008886e-09
-6.476331790031531734e-09
-6.471616228373362136e-09
-6.466904563343862032e-09
-6.462196426957673028e-09
-6.457492222054247387e-09
-6.452791434124473047e-09
-6.448094499201436941e-09
-6.443401530785959196e-09
-6.438711895886734984e-09
-6.434028507675928268e-09
-6.429348277872919657e-09
-6.424672415787500768e-09
-6.420001727610679507e-09
-6.415334042751803890e-09
-6.410670669465322071e-09
-6.406011000830666969e-09
-6.401355455593544718e-09
-6.396703560430401702e-09
-6.392055545306868970e-09
-6.387411505179403020e-09
-6.382771004542536555e-09
-6.378134385233299850e-09
-6.373501744939367436e-09
-6.368872872751576102e-09
-6.364247689511095383e-09
-6.359626363219000865e-09
-6.355008483385320419e-09
-6.350394583063529739e-09
-6.345784662765733031e-09
-6.341178040074852578e-09
-6.336578193448030060e-09
-6.331981528661632810e-09
-6.327389523290239034e-09
-6.322802604831875175e-09
-6.318219394392807676e-09
-6.313640517639705021e-09
-6.309065298781803420e-09
-6.304494819816789397e-09
-6.299928198622632222e-09
-6.295365355280104070e-09
-6.290806962584941292e-09
-6.286252550255173914e-09
-6.281701992902969581e-09
-6.277155502073743115e-09
-6.272613069620387523e-09
-6.268074742718523570e-09
-6.263540592379876383e-09
-6.259009694520939863e-09
-6.254483137703641178e-09
-6.249960702080276947e-09
-6.245441725438591453e-09
-6.240928071696665889e-09
-6.236419176081626749e-09
-6.231914567504554630e-09
-6.227413381053207577e-09
-6.222918209074492367e-09
-6.218425949647209074e-09
-6.213936864782270907e-09
-6.209453306013663556e-09
-6.204972813644876486e-09
-6.200495807088903260e-09
-6.196023408753073579e-09
-6.191554829609615414e-09
-6.187089730801012155e-09
-6.182628764964731045e-09
-6.178171828174741256e-09
-6.173718484320363831e-09
-6.169268866098549566e-09
-6.164823435023429390e-09
-6.160381487774780340e-09
-6.155943409299458913e-09
-6.151509364944913031e-09
-6.147078724078617827e-09
-6.142654168820825339e-09
-6.138232774577904896e-09
-6.133816336382221420e-09
-6.129403967006222487e-09
-6.124995754500722525e-09
-6.120591519303513101e-09
-6.116190349714692439e-09
-6.111794157014179049e-09
-6.107401366808746218e-09
-6.103011979113913510e-09
-6.098626963016242722e-09
-6.094245836765746758e-09
-6.089868221933252731e-09
-6.085494700501424575e-09
-6.081125026846670518e-09
-6.076758953545273450e-09
-6.072396639163185798e-09
-6.068038310236495678e-09
-6.063683543053642225e-09
-6.059332600851484010e-09
-6.054985659204026117e-09
-6.050642028338518663e-09
-6.046304827277323336e-09
-6.041970798093808827e-09
-6.037641749150553327e-09
-6.033316617056308884e-09
-6.028996183436619159e-09
-6.024679523820022076e-09
-6.020365855153290016e-09
-6.016057512924488658e-09
-6.011752498827091824e-09
-6.007450842733820748e-09
-6.003153715624273210e-09
-5.998860643740383407e-09
-5.994570850050021031e-09
-5.990285258450472316e-09
-5.986003599342375819e-09
-5.981725723237983765e-09
-5.977451528989041221e-09
-5.973181480840899632e-09
-5.968914653375479702e-09
-5.964651874990471140e-09
-5.960393269195995560e-09
-5.956137830918558553e-09
-5.951887349681528632e-09
-5.947641871372507915e-09
-5.943400199003234160e-09
-5.939161825265084250e-09
-5.934929372765642172e-09
-5.930699142206893574e-09
-5.926472589732649298e-09
-5.922250376422328804e-09
-5.918031522280005312e-09
-5.913816277739944589e-09
-5.909604413658983750e-09
-5.905396588183585621e-09
-5.901192243244779341e-09
-5.896991178532397759e-09
-5.892794110184776209e-09
-5.888600460641963805e-09
-5.884410230074663329e-09
-5.880223802995219094e-09
-5.876040847870748357e-09
-5.871861441501301618e-09
-5.867685493197953040e-09
-5.863513314412910765e-09
-5.859344325739546500e-09
-5.855181034903497179e-09
-5.851020879104692912e-09
-5.846865480812043022e-09
-5.842713053729984154e-09
-5.838565954854942200e-09
-5.834421484344772968e-09
-5.830279983679584914e-09
-5.826143406100771917e-09
-5.822009618990954012e-09
-5.817879302454981852e-09
-5.813752824260958976e-09
-5.809629848779174763e-09
-5.805510218638584677e-09
-5.801394202026386591e-09
-5.797281721956312623e-09
-5.793172553164773739e-09
-5.789066992501258286e-09
-5.784965137591369989e-09
-5.780866361201091098e-09
-5.776771322904566744e-09
-5.772679562149802779e-09
-5.768591531217541436e-09
-5.764506554704976562e-09
-5.760427393922223167e-09
-5.756351499585646974e-09
-5.752280072951043364e-09
-5.748211544560001231e-09
-5.744148807441936650e-09
-5.740088263710900435e-09
-5.736031044371360203e-09
-5.731978376734328693e-09
-5.727928873898634804e-09
-5.723882923542354721e-09
-5.719840251333046686e-09
-5.715801383558211286e-09
-5.711766224656178709e-09
-5.707734042799617084e-09
-5.703705700790279898e-09
-5.699681022681723168e-09
-5.695659583753697174e-09
-5.691641444899996892e-09
-5.687627191936304731e-09
-5.683615935710802143e-09
-5.679608216865410572e-09
-5.675604316684768400e-09
-5.671603382097094656e-09
-5.667606772924134667e-09
-5.663615160890858505e-09
-5.659626660307017842e-09
-5.655641548841485784e-09
-5.651661677097646508e-09
-5.647684168619623584e-09
-5.643710460060248658e-09
-5.639739247277423497e-09
-5.635772595678785599e-09
-5.631808695086116007e-09
-5.627847638283306985e-09
-5.623890578078031581e-09
-5.619936762934722222e-09
-5.615985904663098455e-09
-5.612038452393689375e-09
-5.608094427060678527e-09
-5.604153439853151814e-09
-5.600215822148807934e-09
-5.596281753075341478e-09
-5.592350534371492488e-09
-5.588422750394225253e-09
-5.584498021752233410e-09
-5.580576830055841225e-09
-5.576658518679378935e-09
-5.572745122288741742e-09
-5.568835408715688360e-09
-5.564929442609441042e-09
-5.561026156435364446e-09
-5.557128470441964905e-09
-5.553232494906214998e-09
-5.549340678134194368e-09
-5.545451613004392002e-09
-5.541566556234992216e-09
-5.537684527457629333e-09
-5.533805315607956923e-09
-5.529929979266553079e-09
-5.526057972453201075e-09
-5.522188827182640094e-09
-5.518323199801211761e-09
-5.514460846144040771e-09
-5.510601527136256432e-09
-5.506745694577535893e-09
-5.502893294526279975e-09
-5.499043741120252544e-09
-5.495197594476836331e-09
-5.491354498544243860e-09
-5.487514997393940336e-09
-5.483678189785353075e-09
-5.479846125778526944e-09
-5.476018324616644139e-09
-5.472193667787465065e-09
-5.468372098633690418e-09
-5.464555809130184995e-09
-5.460741764162011661e-09
-5.456931560267007300e-09
-5.453123701791779732e-09
-5.449320579997153315e-09
-5.445520028016866699e-09
-5.441722551250793957e-09
-5.437928807038443527e-09
-5.434138302348027741e-09
-5.430351070388698352e-09
-5.426566822737402974e-09
-5.422786153962142669e-09
-5.419008804395267937e-09
-5.415234528878733353e-09
-5.411463385900997723e-09
-5.407695893261052386e-09
-5.403930984479505404e-09
-5.400169582957056711e-09
-5.396411581539871971e-09
-5.392656703847093418e-09
-5.388904924009721902e-09
-5.385158657202275683e-09
-5.381414618030737562e-09
-5.377675112327711800e-09
-5.373938032025760633e-09
-5.370206270790550096e-09
-5.366476218042165208e-09
-5.362749453201761530e-09
-5.359026175353561677e-09
-5.355306233954573642e-09
-5.351589379563703434e-09
-5.347875036809080657e-09
-5.344164554758273014e-09
-5.340457213470960033e-09
-5.336752571265396369e-09
-5.333051238491690381e-09
-5.329353171388247155e-09
-5.325658013251508867e-09
-5.321965996669700072e-09
-5.318277111664555928e-09
-5.314591525662974526e-09
-5.310908560872330624e-09
-5.307228920349036129e-09
-5.303552472497939033e-09
-5.299878964789803836e-09
-5.296208874676051162e-09
-5.292543949516839693e-09
-5.288881164377235734e-09
-5.285222558594140689e-09
-5.281566730570556207e-09
-5.277915746862474777e-09
-5.274266674418795606e-09
-5.270620725746078828e-09
-5.266978425905877188e-09
-5.263339339439280423e-09
-5.259703364437635410e-09
-5.256069927996482866e-09
-5.252440253655889520e-09
-5.248813721134036723e-09
-5.245189850775905458e-09
-5.241569405631640763e-09
-5.237952065077723222e-09
-5.234337735926784203e-09
-5.230726503715673299e-09
-5.227118261569882657e-09
-5.223513445274209370e-09
-5.219911038566467564e-09
-5.216312117174953303e-09
-5.212716326972146060e-09
-5.209123547148110577e-09
-5.205533565179778993e-09
-5.201949096350000545e-09
-5.198366945550205851e-09
-5.194788893023822655e-09
-5.191213118474701023e-09
-5.187642734795475840e-09
-5.184073795373046790e-09
-5.180508845239033747e-09
-5.176946063817958638e-09
-5.173387617836415849e-09
-5.169831545238620389e-09
-5.166278381669602328e-09
-5.162728608087918897e-09
-5.159181909906667549e-09
-5.155638356213303152e-09
-5.152097383072939927e-09
-5.148559886434413133e-09
-5.145025428821431488e-09
-5.141493879461313631e-09
-5.137965352103170357e-09
-5.134440165415215835e-09
-5.130917427297152842e-09
-5.127398034039218893e-09
-5.123881383841884027e-09
-5.120368186418910727e-09
-5.116857498273403241e-09
-5.113350515167680105e-09
-5.109848322296198840e-09
-5.106348243901208626e-09
-5.102852067768030062e-09
-5.099358644347831904e-09
-5.095869819216067829e-09
-5.092382644998251177e-09
-5.088898627931250624e-09
-5.085417664104555730e-09
-5.081940029014478674e-09
-5.078465108074416253e-09
-5.074992557026484115e-09
-5.071523644149996939e-09
-5.068057485662466450e-09
-5.064594178630834304e-09
-5.061133491429012733e-09
-5.057676046030312920e-09
-5.054221605377243536e-09
-5.050769809103927758e-09
-5.047320937300095249e-09
-5.043875228187111066e-09
-5.040431800806815726e-09
-5.036991611148331346e-09
-5.033554073799451059e-09
-5.030119801562174774e-09
-5.026687956013991732e-09
-5.023259717445479610e-09
-5.019836203841254231e-09
-5.016414614598874098e-09
-5.012996999731827873e-09
-5.009581699123818560e-09
-5.006171426273093757e-09
-5.002762428793545568e-09
-4.999356964457614380e-09
-4.995953954309198143e-09
-4.992554693427710827e-09
-4.989157813208050982e-09
-4.985763579245858795e-09
-4.982372593930357976e-09
-4.978984460769080398e-09
-4.975599291028208666e-09
-4.972216665387861631e-09
-4.968837131442156530e-09
-4.965460442419149083e-09
-4.962086501624333220e-09
-4.958715521425594411e-09
-4.955347502024670427e-09
-4.951982334871077962e-09
-4.948619564037274517e-09
-4.945259900385374257e-09
-4.941903145808806775e-09
-4.938549147157506952e-09
-4.935197683699228299e-09
-4.931851289137236395e-09
-4.928507327363029550e-09
-4.925166770473720698e-09
-4.921828464715020395e-09
-4.918494948880195526e-09
-4.915163352379287885e-09
-4.911834938711976459e-09
-4.908508293494187999e-09
-4.905185850987943594e-09
-4.901865711769302797e-09
-4.898548521182131495e-09
-4.895233507610186684e-09
-4.891921985266939714e-09
-4.888613194950784409e-09
-4.885306975054183044e-09
-4.882003383475899020e-09
-4.878702791537725384e-09
-4.875405153538279055e-09
-4.872110019322822519e-09
-4.868817626228178555e-09
-4.865528296321068447e-09
-4.862241190527212745e-09
-4.858957148293329798e-09
-4.855675600547977140e-09
-4.852397159550015482e-09
-4.849121223313695829e-09
-4.845848077375670141e-09
-4.842579745818354639e-09
-4.839313319225013465e-09
-4.836050698431753942e-09
-4.832789898353638631e-09
-4.829533995632562883e-09
-4.826279584343903207e-09
-4.823028395491533495e-09
-4.819778792717667434e-09
-4.816533373521288048e-09
-4.813290015821936491e-09
-4.810049491903144845e-09
-4.806811091508012259e-09
-4.803576048341090164e-09
-4.800343564451585095e-09
-4.797113568998474708e-09
-4.793886050870659561e-09
-4.790661492159530659e-09
-4.787439644587866083e-09
-4.784220192466965330e-09
-4.781003480008158199e-09
-4.777789610066710896e-09
-4.774578165231491315e-09
-4.771369144416219405e-09
-4.768162959988581347e-09
-4.764959480043057867e-09
-4.761758643127197712e-09
-4.758560062509537780e-09
-4.755366309230365714e-09
-4.752175042183990758e-09
-4.748986664271937636e-09
-4.745800745171852769e-09
-4.742618797110667981e-09
-4.739439627709053944e-09
-4.736262591157595115e-09
-4.733088092235531097e-09
-4.729916571134851643e-09
-4.726748119832499585e-09
-4.723582006982209790e-09
-4.720418214474129987e-09
-4.717257414514298638e-09
-4.714099243865955577e-09
-4.710943937817508400e-09
-4.707790850419876255e-09
-4.704640652591078128e-09
-4.701493139055092968e-09
-4.698348205265157068e-09
-4.695205870541550979e-09
-4.692066060567152392e-09
-4.688929229872859798e-09
-4.685794235567190046e-09
-4.682662410392461861e-09
-4.679532892322837023e-09
-4.676406377974634197e-09
-4.673281967286670681e-09
-4.670160663889238191e-09
-4.667043799624594436e-09
-4.663928582658134481e-09
-4.660817117224273479e-09
-4.657707301292194675e-09
-4.654602210867542638e-09
-4.651498597582955796e-09
-4.648397980369271099e-09
-4.645298931139757345e-09
-4.642203638781137827e-09
-4.639110764529994027e-09
-4.636020446437090760e-09
-4.632932035651424702e-09
-4.629846852128237200e-09
-4.626764081886336825e-09
-4.623683908569239495e-09
-4.620605996454126314e-09
-4.617530760779565979e-09
-4.614458316396471381e-09
-4.611388250952672593e-09
-4.608320708970064313e-09
-4.605255581261912451e-09
-4.602193386061721358e-09
-4.599132962492303014e-09
-4.596075530183114478e-09
-4.593020352977219102e-09
-4.589968061119181638e-09
-4.586917906239166386e-09
-4.583870497895848528e-09
-4.580827515153365059e-09
-4.577786264873474429e-09
-4.574748389186767938e-09
-4.571712267874489214e-09
-4.568680422690815012e-09
-4.565650523951521286e-09
-4.562623011196829922e-09
-4.559597594250121060e-09
-4.556575125671070634e-09
-4.553555466493336562e-09
-4.550537847971560014e-09
-4.547522548426382785e-09
-4.544509861727781210e-09
-4.541499722171290457e-09
-4.538492336367504780e-09
-4.535486890971481878e-09
-4.532484150042056474e-09
-4.529483870329934667e-09
-4.526486075329816907e-09
-4.523490513552193196e-09
-4.520497438736727311e-09
-4.517507011140862559e-09
-4.514518760699888783e-09
-4.511532752311321385e-09
-4.508549420177086970e-09
-4.505568576789614503e-09
-4.502590196388531018e-09
-4.499613897223748535e-09
-4.496641334523300513e-09
-4.493672302281804357e-09
-4.490704965569356173e-09
-4.487741003046615758e-09
-4.484778811394252388e-09
-4.481821302822294071e-09
-4.478864664221541543e-09
-4.475911276502115426e-09
-4.472959166528166274e-09
-4.470010945827214450e-09
-4.467064681052321641e-09
-4.464121085796822527e-09
-4.461179237963554558e-09
-4.458240542625615224e-09
-4.455304060258793383e-09
-4.452370168733603164e-09
-4.449438379596153170e-09
-4.446509285040144939e-09
-4.443582648256377809e-09
-4.440658440210120757e-09
-4.437736548719609774e-09
-4.434817000460795095e-09
-4.431900183577303388e-09
-4.428985181605112607e-09
-4.426072907858030834e-09
-4.423162934263855784e-09
-4.420255568224517313e-09
-4.417350522977419753e-09
-4.414447574143517180e-09
-4.411548291041554564e-09
-4.408652313491875772e-09
-4.405758044227284858e-09
-4.402866994760872497e-09
-4.399977671146259434e-09
-4.397092838433470878e-09
-4.394208846672674995e-09
-4.391327913024928744e-09
-4.388448172547944169e-09
-4.385572125394431190e-09
-4.382698127928522525e-09
-4.379826495000932606e-09
-4.376956618434111519e-09
-4.374089538419456948e-09
-4.371224751217555673e-09
-4.368362556067712644e-09
-4.365502241952632132e-09
-4.362644426128063741e-09
-4.359789002650600585e-09
-4.356935961852343436e-09
-4.354084980673400889e-09
-4.351236290476052137e-09
-4.348390126859069560e-09
-4.345546348543886491e-09
-4.342704407688088407e-09
-4.339864967543657347e-09
-4.337027994637628848e-09
-4.334193310090602294e-09
-4.331360579234999713e-09
-4.328530673500747497e-09
-4.325704720198958442e-09
-4.322880117252754911e-09
-4.320058833871855461e-09
-4.317239013618000947e-09
-4.314423082326777324e-09
-4.311609252585304544e-09
-4.308797077792535431e-09
-4.305987508506188543e-09
-4.303179712448998663e-09
-4.300375279904929296e-09
-4.297572258020544195e-09
-4.294771805267694386e-09
-4.291973126054368022e-09
-4.289177341344694592e-09
-4.286383592061312068e-09
-4.283592041410141608e-09
-4.280802528280232614e-09
-4.278015411299410686e-09
-4.275230733205063977e-09
-4.272448123932381442e-09
-4.269667718273284437e-09
-4.266889474157672237e-09
-4.264113689738570570e-09
-4.261339694765245394e-09
-4.258567934240360454e-09
-4.255798577965114196e-09
-4.253031503205300273e-09
-4.250266700510276789e-09
-4.247503713983536237e-09
-4.244743940814881823e-09
-4.241987874936164709e-09
-4.239232910530597060e-09
-4.236481562369122364e-09
-4.233731419156797041e-09
-4.230985383668524285e-09
-4.228241158653321496e-09
-4.225498764797074932e-09
-4.222758853325088271e-09
-4.220020779452151903e-09
-4.217286021295983235e-09
-4.214552745447473088e-09
-4.211821964987554246e-09
-4.209092945931850990e-09
-4.206366801733637425e-09
-4.203642677117534182e-09
-4.200920865705225273e-09
-4.198200947431948442e-09
-4.195483535177296447e-09
-4.192768366325141939e-09
-4.190055441341033748e-09
-4.187344565222060052e-09
-4.184635810252446718e-09
-4.181929531304590413e-09
-4.179225328937547644e-09
-4.176523036158930851e-09
