1.030895426662156020e-05
1.104573416904466038e-05
1.174589356716148060e-05
1.241083589706793450e-05
1.304190716815969131e-05
1.364042036294081797e-05
1.420759366062937471e-05
1.474460533750173618e-05
1.525258487616391619e-05
1.573264253424744486e-05
1.618575495519824242e-05
1.661292773408334193e-05
1.701510863316929248e-05
1.739319563094851448e-05
1.774805355259916021e-05
1.808048798467708719e-05
1.839134510968180609e-05
1.868130858566813650e-05
1.895117154870700109e-05
1.920158729337883343e-05
1.943321302984678251e-05
1.964672906477328248e-05
1.984274091143507979e-05
2.002183979872563708e-05
2.018462387613344797e-05
2.033166538561869297e-05
2.046350789505812021e-05
2.058069085689004615e-05
2.068372348751759476e-05
2.077314210545112377e-05
2.084944946481348503e-05
2.091304297187767145e-05
2.096452121859769215e-05
2.100419505146895846e-05
2.103264502847888647e-05
2.105017011539250636e-05
2.105732765287301558e-05
2.105438763817090648e-05
2.104186909512532138e-05
2.102011312286061902e-05
2.098948948084397464e-05
2.095039384113510364e-05
2.090323666116433872e-05
2.084826815999091097e-05
2.078590487838875638e-05
2.071649783711499687e-05
2.064037417853366286e-05
2.055788944769900852e-05
2.046928897891620196e-05
2.037494358831361954e-05
2.027516182729515031e-05
2.017023413147715723e-05
2.006051021361643006e-05
1.994622682089601095e-05
1.982767238116260703e-05
1.970516438679060955e-05
1.957893703728719780e-05
1.944927633750676065e-05
1.931645252559022451e-05
1.918067904879227928e-05
1.904222178855456118e-05
1.890133085288884195e-05
1.875820000849936855e-05
1.861307508790354241e-05
1.846619388315135404e-05
1.831771173061910650e-05
1.816784955874317265e-05
1.801683623449207782e-05
1.786483318299963771e-05
1.771202088441513757e-05
1.755860841173672896e-05
1.740474828677183127e-05
1.725057813521866965e-05
1.709627851584294368e-05
1.694202163049794829e-05
1.678794313497003124e-05
1.663416201709702814e-05
1.648082797120187226e-05
1.632808711601403180e-05
1.617603755987198673e-05
1.602478261688407700e-05
1.587443819402790154e-05
1.572513645344448012e-05
1.557696068677231872e-05
1.542998357773506758e-05
1.528429678675617291e-05
1.514001247433345827e-05
1.499719838016356948e-05
1.485588968501853403e-05
1.471617872629522225e-05
1.457818603127409507e-05
1.444188565752290024e-05
1.430735120746403784e-05
1.417465192405552945e-05
1.404378785868555788e-05
1.391487229551533267e-05
1.378787320527986461e-05
1.366280585312528531e-05
1.353980055951081377e-05
1.341877616105894967e-05
1.329981952384920803e-05
1.318291883437495771e-05
1.306804057922235292e-05
1.295532060615887021e-05
1.284463769999348100e-05
1.273609871974278186e-05
1.262961790387861753e-05
1.252521910119271577e-05
1.242293737735613972e-05
1.232269190557171288e-05
1.222459215233089611e-05
1.212846702634173760e-05
1.203445736134151474e-05
1.194239475323563199e-05
1.185241651258798230e-05
1.176437847426761500e-05
1.167834815586521360e-05
1.159421553621435727e-05
1.151201593566995643e-05
1.143168124315576851e-05
1.135323870738131296e-05
1.127661345352468116e-05
1.120179770333585775e-05
1.112872358983823374e-05
1.105738443426789818e-05
1.098771527716282016e-05
1.091974182856427846e-05
1.085335435382040312e-05
1.078858523694904509e-05
1.072530643036595833e-05
1.066358579559339835e-05
1.060326473399405124e-05
1.054445432164304307e-05
1.048694782938348579e-05
1.043084413296141346e-05
1.037597366107917589e-05
1.032239605538604144e-05
1.027000508386196767e-05
1.021879431223275789e-05
1.016872219183818343e-05
1.011969512474491927e-05
1.007174657382111789e-05
1.002473574115030502e-05
9.978730229404035698e-06
9.933592512231074830e-06
9.889342769018085792e-06
9.845913102542520713e-06
9.803237760863461338e-06
9.761330709094747778e-06
9.720074132181054231e-06
9.679506233124359139e-06
9.639531042511905574e-06
9.600129424924934361e-06
9.561274382957342762e-06
9.522880282014519165e-06
9.484960655485813133e-06
9.447429592722253290e-06
9.410274696294183898e-06
9.373468597952073957e-06
9.336948557613525637e-06
9.300715068737111551e-06
9.264700749400952854e-06
9.228885192462085615e-06
9.193238512589851160e-06
9.157711500137343221e-06
9.122297997169702343e-06
9.086950701033308074e-06
9.051648530870206439e-06
9.016366164228310377e-06
8.981060989092059903e-06
8.945726166800834086e-06
8.910316315927167396e-06
8.874815993817048007e-06
8.839217206571796319e-06
8.803476472367991626e-06
8.767591855661461072e-06
8.731542068345393663e-06
8.695288321049793553e-06
8.658841427126812306e-06
8.622166023413388818e-06
8.585242653640068932e-06
8.548087392153047370e-06
8.510660543620136764e-06
8.472959517942406764e-06
8.434997681395630539e-06
8.396725147319716252e-06
8.358152537064060216e-06
8.319295509719397606e-06
8.280103785585510043e-06
8.240598653215398377e-06
8.200797344877742981e-06
8.160659299139637104e-06
8.120205078755454058e-06
8.079452773008625332e-06
8.038363091013391623e-06
7.996954500475944805e-06
7.955250728204153445e-06
7.913226243130600950e-06
7.870891093109591750e-06
7.828276883715593100e-06
7.785371698622743351e-06
7.742173418977979258e-06
7.698718922634655007e-06
7.655005622069118565e-06
7.611014626164989276e-06
7.566795589691159516e-06
7.522353765852670867e-06
7.477671628252822810e-06
7.432794037621853136e-06
7.387733281820250119e-06
7.342484261429188186e-06
7.297075334021168703e-06
7.251527421662827202e-06
7.205841471546017646e-06
7.160027737179502569e-06
7.114123095352195264e-06
7.068130575285602342e-06
7.022061062545707397e-06
6.975951110355628156e-06
6.929808714859690345e-06
6.883640965269180178e-06
6.837483730410717200e-06
6.791351300602933986e-06
6.745243575675321170e-06
6.699188123042656119e-06
6.653215016983659720e-06
6.607324925250015254e-06
6.561525838030321777e-06
6.515871324549703529e-06
6.470363260389658076e-06
6.424998744395394130e-06
6.379810039914100156e-06
6.334836586428277060e-06
6.290065276556437078e-06
6.245493356440177401e-06
6.201183269563707413e-06
6.157140460636068920e-06
6.113354149983236905e-06
6.069831123995698480e-06
6.026652836142718965e-06
5.983793159159583184e-06
5.941243374726562811e-06
5.899023785291369980e-06
5.857207708715686109e-06
5.815752111821165304e-06
5.774649266773068695e-06
5.733936078874401500e-06
5.693668956092480593e-06
5.653802094239893445e-06
5.614327971023210933e-06
5.575297563623636010e-06
5.536757647493380886e-06
5.498654738789158047e-06
5.460981260461131611e-06
5.423789035314733505e-06
5.387116561342772945e-06
5.350906274932778495e-06
5.315150429513494262e-06
5.279894986677578362e-06
5.245186613021361134e-06
5.210960881556466377e-06
5.177207315794039730e-06
5.143960113828934234e-06
5.111297230636358059e-06
5.079131146328143430e-06
5.047453563459599823e-06
5.016278774713201764e-06
4.985695478039826937e-06
4.955620087912515535e-06
4.926035005312458347e-06
4.896939181032512732e-06
4.868428733583239560e-06
4.840437749067290724e-06
4.812932626710162258e-06
4.785908016887275120e-06
4.759435663779626063e-06
4.733509673517815293e-06
4.708064823179005013e-06
4.683092223791120679e-06
4.658611812981179916e-06
4.634690783379895111e-06
4.611237748189738901e-06
4.588238222413604830e-06
4.565687773922702402e-06
4.543666344492525201e-06
4.522118523991534901e-06
4.501003292859819182e-06
4.480315806411264208e-06
4.460077227302708775e-06
4.440337736966053102e-06
4.421006151680511009e-06
4.402070703565858547e-06
4.383525654377440987e-06
4.365429057516060337e-06
4.347742835081911005e-06
4.330420473217866313e-06
4.313455272005181124e-06
4.296853222358240972e-06
4.280666022202285164e-06
4.264817189451324363e-06
4.249289530577864562e-06
4.234076962062594793e-06
4.219200577278020840e-06
4.204676260629619515e-06
4.190431969634527593e-06
4.176462169222871353e-06
4.162761013696902402e-06
4.149353916102760071e-06
4.136225642225065913e-06
4.123327476946284152e-06
4.110655843131398844e-06
4.098208413095593513e-06
4.086008303202759018e-06
4.074022389673340462e-06
4.062219225585004585e-06
4.050595855883438972e-06
4.039149444885176749e-06
4.027897064202702131e-06
4.016801732766384563e-06
4.005838949140280073e-06
3.995007111209674469e-06
3.984303861568574723e-06
3.973735356698155572e-06
3.963271568062389074e-06
3.952893502751810588e-06
3.942599858945999715e-06
3.932389422829703279e-06
3.922261080118707404e-06
3.912191550236475133e-06
3.902163733662215584e-06
3.892176955074340827e-06
3.882230603844997546e-06
3.872319026146338867e-06
3.862423797116410592e-06
3.852529533926171495e-06
3.842636073103870114e-06
3.832743351530931243e-06
3.822845760050768648e-06
3.812923169538761269e-06
3.802966155293906451e-06
3.792974313217478923e-06
3.782948363252145212e-06
3.772886836926074688e-06
3.762767683476606781e-06
3.752584472875993718e-06
3.742337564759583191e-06
3.732028145371631406e-06
3.721657026390498335e-06
3.711209429733083660e-06
3.700668450325284050e-06
3.690041725857381874e-06
3.679330462467695847e-06
3.668535757644543064e-06
3.657654520284115521e-06
3.646659728606750225e-06
3.635560677492982862e-06
3.624362188527300912e-06
3.613065901764926285e-06
3.601673569980298666e-06
3.590171511141516807e-06
3.578546065561805870e-06
3.566814904376286501e-06
3.554979395923271163e-06
3.543041132881996691e-06
3.531001680591352564e-06
3.518837824154525991e-06
3.506559418759309114e-06
3.494178331209102576e-06
3.481695896558836330e-06
3.469114101324532806e-06
3.456430398294093230e-06
3.443626675089942870e-06
3.430723041414114909e-06
3.417727025906658561e-06
3.404640687100905211e-06
3.391464523908298634e-06
3.378195955458540385e-06
3.364825837843654955e-06
3.351376747905229447e-06
3.337852585562681553e-06
3.324254831925574745e-06
3.310584539921723085e-06
3.296839556502551269e-06
3.283017976414303868e-06
3.269140348181421753e-06
3.255209845348243419e-06
3.241227180109183719e-06
3.227193354392400743e-06
3.213108314658028215e-06
3.198975747994628015e-06
3.184813293681053270e-06
3.170623634964153621e-06
3.156407359227939617e-06
3.142164757711058448e-06
3.127898319059627401e-06
3.113619186564715664e-06
3.099339383416206523e-06
3.085061836229517508e-06
3.070786518900154095e-06
3.056513312744798917e-06
3.042244144575084450e-06
3.027993651363805316e-06
3.013771148318164000e-06
2.999578997789466879e-06
2.985416760922609946e-06
2.971284363432185815e-06
2.957181338829516833e-06
2.943124378991155979e-06
2.929125883264884586e-06
2.915184949183424973e-06
2.901301048021106429e-06
2.887473893800467252e-06
2.873702262341214580e-06
2.859995851073994282e-06
2.846381587309849087e-06
2.832852686878209809e-06
2.819406374843083756e-06
2.806043023140293015e-06
2.792759982730870494e-06
2.779557975513315256e-06
2.766466144866223866e-06
2.753487244373863696e-06
2.740612073217029459e-06
2.727839755016958723e-06
2.715169406907235016e-06
2.702598519646197195e-06
2.690136662891226985e-06
2.677815298612727775e-06
2.665619483807889007e-06
2.653542956578384225e-06
2.641584048077922360e-06
2.629742160738909233e-06
2.618015685002939844e-06
2.606425290666483415e-06
2.594992484577770897e-06
2.583691679979392776e-06
2.572520706378215752e-06
2.561477278062672719e-06
2.550559343398454240e-06
2.539767373433151828e-06
2.529128316040186494e-06
2.518649311815788185e-06
2.508305121873026723e-06
2.498094138659656104e-06
2.488014617414909899e-06
2.478065805979062074e-06
2.468246495441007844e-06
2.458589564506234218e-06
2.449088265102247546e-06
2.439721554717708550e-06
2.430486482644792976e-06
2.421381888731661727e-06
2.412407152716757248e-06
2.403560643032449211e-06
2.394873128139187493e-06
2.386337249472716640e-06
2.377928430703846826e-06
2.369644862688046600e-06
2.361484766472323542e-06
2.353446874875681914e-06
2.345531387423596798e-06
2.337757901733245453e-06
2.330128539818038813e-06
2.322616387883236245e-06
2.315218422286339059e-06
2.307934272393314011e-06
2.300761670324785188e-06
2.293699816200079690e-06
2.286759842478099362e-06
2.279953865036998845e-06
2.273253491706759912e-06
2.266652754321709223e-06
2.260150719398445185e-06
2.253746425143601171e-06
2.247438584706545398e-06
2.241231287418524401e-06
2.235139138990174619e-06
2.229141530544106072e-06
2.223225752701043833e-06
2.217390965530028629e-06
2.211636247604790856e-06
2.205960899127477049e-06
2.200364544810287239e-06
2.194855436510127779e-06
2.189431711872696879e-06
2.184072165259025760e-06
2.178774989631829840e-06
2.173539345351413984e-06
2.168364573039411584e-06
2.163250193626396704e-06
2.158197499568766394e-06
2.153212322112220008e-06
2.148280490535939340e-06
2.143392344304625510e-06
2.138547405672223828e-06
2.133745210043312071e-06
2.128985433582475611e-06
2.124267495454614092e-06
2.119592260051615100e-06
2.114959458904571233e-06
2.110355123804931700e-06
2.105775921447263916e-06
2.101221614799485331e-06
2.096691907694895823e-06
2.092186651982111009e-06
2.087705449069306466e-06
2.083245889424674089e-06
2.078804122194883888e-06
2.074370853045205337e-06
2.069945106888768601e-06
2.065526797365341902e-06
2.061115831871295346e-06
2.056712098908261345e-06
2.052315365008128940e-06
2.047920508456683081e-06
2.043523642830406961e-06
2.039119308097569555e-06
2.034707139968882804e-06
2.030287253399077130e-06
2.025859715993000899e-06
2.021424492897595038e-06
2.016981533546460502e-06
2.012524576144076917e-06
2.008050087221827536e-06
2.003556270081144642e-06
1.999043252183299230e-06
1.994511189822748892e-06
1.989960046245277151e-06
1.985390251926177988e-06
1.980801905245858279e-06
1.976189509604470433e-06
1.971548781588330789e-06
1.966881933878677428e-06
1.962189360465626271e-06
1.957471563847274957e-06
1.952728738960588108e-06
1.947961179506894290e-06
1.943169118508871010e-06
1.938349970037568386e-06
1.933498240552607012e-06
1.928617444953862662e-06
1.923709917781191569e-06
1.918775839711462651e-06
1.913815479138634867e-06
1.908829051974875920e-06
1.903816904232305565e-06
1.898779104740018109e-06
1.893710767244363246e-06
1.888612901326342852e-06
1.883491311980228221e-06
1.878346452792545464e-06
1.873178312735147743e-06
1.867987277383322493e-06
1.862773556375390370e-06
1.857537533303853052e-06
1.852278148459051589e-06
1.846993855418280227e-06
1.841690018931942371e-06
1.836369654876725622e-06
1.831032983161138515e-06
1.825680115197079494e-06
1.820311307815013198e-06
1.814926690340189631e-06
1.809526413458547840e-06
1.804111665623988504e-06
1.798683637479597964e-06
1.793248066555979634e-06
1.787805829345738232e-06
1.782357132670390585e-06
1.776902013422468779e-06
1.771440407742405565e-06
1.765972439298320329e-06
1.760498490548011202e-06
1.755022438614400435e-06
1.749546235809009473e-06
1.744073502788297324e-06
1.738604833804563376e-06
1.733140023736197625e-06
1.727679016178201862e-06
1.722221964361429015e-06
1.716768617495919790e-06
1.711319716556206067e-06
1.705881493115044375e-06
1.700455758180204234e-06
1.695044122074074765e-06
1.689646825404662172e-06
1.684263584344783437e-06
1.678894107537107870e-06
1.673538691878610764e-06
1.668197007405138206e-06
1.662869168807037917e-06
1.657564865652947993e-06
1.652285358704465315e-06
1.647029766119231160e-06
1.641798279409085892e-06
1.636590067556647604e-06
1.631405292906967824e-06
1.626243813446094769e-06
1.621104943519551866e-06
1.615989331480238262e-06
1.610903943842085760e-06
1.605853195175335707e-06
1.600834644260147197e-06
1.595846335880342180e-06
1.590888819339194851e-06
1.585961269282578178e-06
1.581063390476862145e-06
1.576195465876650095e-06
1.571356669085927837e-06
1.566551293030670203e-06
1.561787828937504450e-06
1.557063458647260748e-06
1.552374852983865609e-06
1.547720880964060244e-06
1.543102281374117522e-06
1.538517883677871295e-06
1.533967657683412587e-06
1.529451770655127564e-06
1.524969597195611403e-06
1.520531207443812344e-06
1.516139396452039410e-06
1.511787220214186562e-06
1.507471565944304779e-06
1.503193342263501841e-06
1.498951506980574913e-06
1.494745856167724346e-06
1.490576668293760589e-06
1.486442855972642846e-06
1.482346896675727574e-06
1.478297353574657779e-06
1.474292952578475927e-06
1.470325086672818255e-06
1.466394419326973173e-06
1.462499384581852411e-06
1.458640954513975579e-06
1.454817953161325511e-06
1.451030211668822471e-06
1.447278118380143863e-06
1.443564339290979700e-06
1.439895657341885359e-06
1.436267296447884203e-06
1.432672893777722242e-06
1.429112498173652791e-06
1.425585597519679395e-06
1.422091671464311987e-06
1.418631110348694289e-06
1.415202841223079099e-06
1.411807423291938703e-06
1.408447395791654372e-06
1.405127978248756378e-06
1.401843775135973928e-06
1.398588525825603889e-06
1.395362249150954587e-06
1.392164446382162818e-06
1.388994831079122142e-06
1.385853525487861981e-06
1.382739772787419800e-06
1.379654093870423888e-06
1.376597447823612521e-06
1.373573714629792088e-06
1.370579340924406518e-06
1.367607740157390960e-06
1.364659212396698662e-06
1.361732773982943412e-06
1.358829083521246666e-06
1.355947119697212241e-06
1.353087609371197641e-06
1.350249579672139244e-06
1.347433873853056791e-06
1.344642546257937388e-06
1.341874578232376628e-06
1.339123684357931307e-06
1.336388567391752057e-06
1.333669638646925875e-06
1.330966151299973304e-06
1.328278601331740494e-06
1.325606221172688074e-06
1.322949600061582474e-06
1.320307985564696264e-06
1.317682550483934609e-06
1.315073313090934476e-06
1.312476167375308629e-06
1.309888417618326601e-06
1.307309902733991623e-06
1.304740586098944702e-06
1.302180402263160279e-06
1.299629225233413527e-06
1.297087100756645259e-06
1.294553837067287878e-06
1.292029378331732331e-06
1.289513347454182589e-06
1.287005085615610251e-06
1.284501130606713200e-06
1.282000938062641243e-06
1.279504504730738946e-06
1.277011781573774480e-06
1.274522733648132268e-06
1.272037346986473425e-06
1.269555551395042087e-06
1.267077392364273563e-06
1.264602362747896238e-06
1.262129951373059218e-06
1.259659125918320769e-06
1.257188277109315683e-06
1.254717216928795146e-06
1.252246006558121521e-06
1.249774592612463089e-06
1.247303006228726217e-06
1.244831233293070259e-06
1.242359309106235134e-06
1.239887148757995753e-06
1.237414315689509750e-06
1.234940183730831245e-06
1.232464332609017805e-06
1.229986175450611800e-06
1.227505649941770145e-06
1.225022807056404518e-06
1.222537678902965956e-06
1.220050222745209245e-06
1.217560523717194069e-06
1.215068553091896490e-06
1.212574312795686693e-06
1.210077538646051414e-06
1.207577785376896074e-06
1.205075034532570669e-06
1.202569556523108310e-06
1.200061427707911917e-06
1.197550552027271249e-06
1.195037052072697171e-06
1.192520913745832591e-06
1.190002098373585181e-06
1.187480736830164140e-06
1.184956741470328995e-06
1.182430230322885645e-06
1.179901421045890224e-06
1.177370440509801677e-06
1.174837904450725313e-06
1.172303880853772657e-06
1.169768454548256397e-06
1.167231588588253841e-06
1.164693310338460520e-06
1.162153652651420085e-06
1.159612554308554719e-06
1.157070108410404078e-06
1.154526311831811727e-06
1.151982167788759776e-06
1.149438112004627058e-06
1.146894513441766944e-06
1.144351808147938004e-06
1.141810102400425328e-06
1.139269251508122988e-06
1.136729300978431306e-06
1.134190250897399724e-06
1.131652105121670259e-06
1.129114856042183316e-06
1.126578434461569486e-06
1.124043572025960328e-06
1.121511900706758731e-06
1.118983562608249789e-06
1.116459208435812287e-06
1.113938756889174552e-06
1.111422191642838069e-06
1.108909464065320120e-06
1.106400731443613295e-06
1.103895752490146389e-06
1.101394598550393586e-06
1.098897214877652161e-06
1.096403661007867497e-06
1.093915438087302745e-06
1.091434461939597352e-06
1.088960987440360689e-06
1.086494574943450607e-06
1.084035216491659819e-06
1.081582778284083144e-06
1.079137453530269081e-06
1.076699035022116023e-06
1.074267403026318637e-06
1.071842667154706684e-06
1.069424789336976505e-06
1.067013574650967919e-06
1.064611246534398667e-06
1.062219421068679346e-06
1.059838480732105649e-06
1.057467017666869183e-06
1.055105103154274823e-06
1.052752535986584574e-06
1.050409515744122079e-06
1.048075916414906444e-06
1.045751451955405492e-06
1.043436254509846332e-06
1.041130248810695981e-06
1.038833471420020646e-06
1.036547172705372152e-06
1.034274289656938640e-06
1.032013974194563366e-06
1.029765348655920876e-06
1.027527673402593509e-06
1.025300918513611448e-06
1.023085008924767101e-06
1.020880010823807254e-06
1.018685953791925469e-06
1.016502410988389389e-06
1.014329477205520752e-06
1.012167253658546019e-06
1.010016238995131258e-06
1.007879339874696442e-06
1.005757034623710555e-06
1.003647162863799534e-06
1.001548684896284375e-06
9.994617822023699187e-07
9.973863508139724116e-07
9.953220160416349009e-07
9.932688412462123913e-07
9.912268818900515579e-07
9.891960855088703721e-07
9.871762735153285544e-07
9.851671453962990218e-07
9.831712179339373128e-07
9.811889901452829876e-07
9.792205351368237050e-07
9.772628327032863806e-07
9.753159396382180576e-07
9.733795398945494510e-07
9.714536415446028041e-07
9.695382380391593911e-07
9.676335007364786640e-07
9.657390028378836648e-07
9.638546326622776567e-07
9.619806560848451589e-07
9.601169609145531540e-07
9.582656384497699122e-07
9.564269536699358348e-07
9.545992745711986251e-07
9.527809967459532224e-07
9.509717223237968707e-07
9.491715704466553485e-07
9.473804869439440710e-07
9.455985609521133810e-07
9.438254670390800051e-07
9.420611861789651120e-07
9.403057192628449271e-07
9.385592044600674599e-07
9.368215043602804317e-07
9.350944912562357017e-07
9.333779417644778931e-07
9.316704341835691028e-07
9.299702217551769519e-07
9.282771562235443874e-07
9.265913372979698526e-07
9.249127005319761197e-07
9.232412945597626591e-07
9.215768854734526664e-07
9.199194756465535855e-07
9.182690022541624624e-07
9.166256544740499636e-07
9.149891624144288627e-07
9.133606958318370180e-07
9.117402066698972249e-07
9.101264895692395257e-07
9.085182438176491271e-07
9.069152223792266061e-07
9.053174000168967734e-07
9.037247992071604226e-07
9.021373609349356004e-07
9.005552054476000908e-07
8.989781024537126333e-07
8.974060770698004883e-07
8.958390249603825389e-07
8.942770855861120168e-07
8.927206821940789668e-07
8.911698119773815849e-07
8.896243443336644127e-07
8.880826373201436519e-07
8.865444243523501454e-07
8.850098198499883911e-07
8.834787078250339552e-07
8.819510445397306196e-07
8.804268586578091625e-07
8.789060984636236494e-07
8.773888169556302375e-07
8.758749406659449202e-07
8.743644301591708100e-07
8.728574575397094710e-07
8.713543037423489616e-07
8.698550516564245167e-07
8.683588125442847438e-07
8.668648066614277375e-07
8.653730010628528156e-07
8.638834228867670538e-07
8.623960517810677831e-07
8.609108518800093834e-07
8.594278966572422498e-07
8.579470878474617552e-07
8.564684236905309999e-07
8.549919056967984556e-07
8.535174819595790124e-07
8.520454103129977677e-07
8.505759628047505452e-07
8.491089790060934624e-07
8.476437855898054036e-07
8.461801854744092375e-07
8.447181826753966817e-07
8.432577429502879146e-07
8.417988869894308485e-07
8.403416000228796833e-07
8.388858488460540316e-07
8.374316300477693614e-07
8.359789442434581070e-07
8.345277610630256305e-07
8.330780935452971105e-07
8.316303729228086891e-07
8.301847994678206685e-07
8.287413235222486222e-07
8.272995195879691432e-07
8.258592901528949826e-07
8.244206298983011766e-07
8.229835103222821683e-07
8.215479498523980201e-07
8.201139414569786742e-07
8.186814476808074205e-07
8.172504693067725659e-07
8.158209982495740519e-07
8.143930235933897612e-07
8.129665287328300475e-07
8.115420108587017907e-07
8.101200513949907107e-07
8.087005617134415633e-07
8.072832244580720382e-07
8.058679049286776285e-07
8.044545964292404341e-07
8.030432915116615774e-07
8.016339840253706601e-07
8.002266660351628148e-07
7.988213116515626179e-07
7.974179335579499420e-07
7.960164974417733179e-07
7.946170189587575327e-07
7.932194697036156426e-07
7.918241078483475172e-07
7.904317827572412842e-07
7.890425509090092517e-07
7.876562486724806280e-07
7.862726541782408301e-07
7.848917696090665522e-07
7.835135603905544539e-07
7.821380229553253279e-07
7.807651292552414492e-07
7.793948634489220668e-07
7.780272218028658603e-07
7.766621840712320321e-07
7.752997313090050218e-07
7.739398613009221981e-07
7.725825852793687842e-07
7.712287356973732056e-07
7.698788226627352779e-07
7.685328055913161600e-07
7.671902980022562826e-07
7.658511479776284578e-07
7.645153379487221033e-07
7.631828631808948359e-07
7.618536999702998858e-07
7.605278240324534215e-07
7.592052188264565561e-07
7.578858965712162103e-07
7.565698091192808205e-07
7.552569648802675022e-07
7.539473349815394122e-07
7.526409740302366222e-07
7.513389779797430499e-07
7.500416499320323969e-07
7.487489140912871850e-07
7.474601209331717604e-07
7.461751571392599822e-07
7.448939891545145453e-07
7.436165953383919065e-07
7.423429663564162982e-07
7.410730868480771029e-07
7.398069232568803308e-07
7.385444559495896932e-07
7.372856732477819461e-07
7.360305791721346606e-07
7.347791225338538545e-07
7.335313659695196351e-07
7.322883245102850032e-07
7.310502692750362513e-07
7.298171234955965943e-07
7.285881468241522440e-07
7.273631660177951229e-07
7.261421665740248959e-07
7.249251335841232848e-07
7.237120359991713773e-07
7.225028535763660478e-07
7.212975660618652138e-07
7.200961531913689004e-07
7.188985946909334509e-07
7.177048702777253861e-07
7.165149596607739930e-07
7.153288833393137870e-07
7.141473680818007846e-07
7.129709019373705964e-07
7.117994544098613885e-07
7.106322923191976502e-07
7.094690056527842082e-07
7.083095751945548533e-07
7.071539817114536949e-07
7.060022059543728272e-07
7.048542286587703452e-07
7.037100305454479211e-07
7.025695923213779317e-07
7.014328946802965938e-07
7.002999183035184917e-07
6.991706438607639169e-07
6.980450520106898517e-07
6.969233506184167948e-07
6.958063018399922609e-07
6.946939439866055988e-07
6.935860447961921257e-07
6.924816894462268067e-07
6.913807851901208097e-07
6.902833058499382528e-07
6.891892312089287321e-07
6.880985445307215558e-07
6.870112290615481869e-07
6.859272680310453369e-07
6.848466446527732435e-07
6.837693421249937764e-07
6.826953477714268933e-07
6.816246513605070909e-07
6.805572247268948126e-07
6.794934347163368433e-07
6.784336966559798827e-07
6.773780283509996418e-07
6.763258931061211577e-07
6.752766763916561846e-07
6.742303415026048820e-07
6.731868820317559272e-07
6.721463072456002116e-07
6.711085719399154931e-07
6.700736623505398340e-07
6.690415646962967339e-07
6.680122651795874175e-07
6.669857588647037850e-07
6.659620307015252544e-07
6.649410582596065426e-07
6.639228383188892203e-07
6.629077100784829522e-07
6.618959851383736432e-07
6.608876753715555226e-07
6.598822771894683578e-07
6.588792489168392151e-07
6.578785611990001538e-07
6.568802326082599554e-07
6.558842333710525467e-07
6.548905411386728065e-07
6.538991562675166236e-07
6.529100684083230548e-07
6.519232540650156305e-07
6.509387023457877349e-07
6.499564198347894149e-07
6.489763779471900587e-07
6.479985654314780157e-07
6.470231807009602369e-07
6.460505774826949798e-07
6.450807638235199132e-07
6.441135403586733408e-07
6.431483383714291800e-07
6.421850642573742401e-07
6.412236963421576694e-07
6.402642326137800744e-07
6.393066577462912640e-07
6.383509828628516687e-07
6.373971788143532089e-07
6.364452370348234751e-07
6.354951513872989122e-07
6.345469208180505224e-07
6.336005351983178266e-07
6.326560051020723032e-07
6.317133331083070362e-07
6.307729310352052511e-07
6.298348679357819315e-07
6.288991358877725442e-07
6.279653116248250917e-07
6.270331774544468949e-07
6.261027131521580566e-07
6.251739172985239512e-07
6.242467752007087407e-07
6.233213142506589141e-07
6.223974862770551074e-07
6.214752949336591713e-07
6.205547402673172159e-07
6.196358001120906423e-07
6.187184805710618998e-07
6.178027567665028564e-07
6.168886214732099784e-07
6.159762074997141739e-07
6.150659309910426509e-07
6.141579126572187776e-07
6.132520024668773327e-07
6.123477575791423304e-07
6.114451023615653372e-07
6.105440590096199318e-07
6.096446034606681525e-07
6.087467250044722015e-07
6.078504093809485498e-07
6.069557057896724195e-07
6.060625722390720596e-07
6.051709801444277136e-07
6.042809489747423345e-07
6.033924598181285616e-07
6.025055100745039904e-07
6.016200742143077666e-07
6.007363230243117188e-07
5.998546507178103366e-07
5.989751801599085637e-07
5.980977982351471409e-07
5.972220857276584134e-07
5.963479859252529584e-07
5.954755176993554788e-07
5.946046665427611126e-07
5.937354029371372598e-07
5.928677690805909973e-07
5.920017536222759444e-07
5.911373085635513091e-07
5.902744631797402797e-07
5.894131850018103158e-07
5.885534715173704281e-07
5.876952978538907259e-07
5.868386654955186223e-07
5.859836778242429511e-07
5.851308867703622086e-07
5.842802239739712136e-07
5.834316847696595031e-07
5.825850101552361337e-07
5.817400619921105563e-07
5.808968055135687526e-07
5.800552493719038362e-07
5.792154041187387447e-07
5.783772641381338647e-07
5.775407696747423751e-07
5.767059629145584639e-07
5.758727954622315523e-07
5.750412702715603451e-07
5.742114000645970628e-07
5.733831899930182194e-07
5.725565844581615864e-07
5.717316123467893401e-07
5.709087065660934394e-07
5.700880788299218305e-07
5.692696898210300399e-07
5.684534442394819799e-07
5.676391162595767296e-07
5.668265458614057873e-07
5.660157281993357014e-07
5.652066818576519819e-07
5.643993860494624304e-07
5.635938383061103804e-07
5.627901075113156109e-07
5.619880972105718586e-07
5.611878269680928148e-07
5.603892859816156343e-07
5.595924379834613638e-07
5.587972867796601082e-07
5.580038772110372816e-07
5.572122098728372409e-07
5.564226892313798765e-07
5.556354432731087846e-07
5.548505929422038739e-07
5.540677269093902893e-07
5.532866495571256711e-07
5.525074220017264990e-07
5.517299532240696153e-07
5.509542253286207987e-07
5.501802399629949744e-07
5.494079811042921253e-07
5.486374960226429812e-07
5.478687621136643612e-07
5.471017651986915548e-07
5.463364840417320012e-07
5.455728884074753919e-07
5.448109795642732032e-07
5.440508016356645029e-07
5.432923525291199341e-07
5.425359875694786610e-07
5.417818778239096402e-07
5.410300667023575982e-07
5.402801872243655360e-07
5.395320840261009005e-07
5.387857239002171060e-07
5.380410177259575307e-07
5.372979933531850508e-07
5.365566303181887599e-07
5.358169656733013464e-07
5.350789951322149658e-07
5.343426988745191652e-07
5.336080388927098359e-07
5.328750142935250899e-07
5.321436072231403024e-07
5.314138674271954723e-07
5.306857245443922536e-07
5.299592090589773736e-07
5.292346875924187510e-07
5.285122616974721364e-07
5.277919268394983659e-07
5.270738045294732567e-07
5.263572768473171019e-07
5.256423162176254993e-07
5.249289498634568386e-07
5.242171559236440810e-07
5.235069732563915115e-07
5.227983594779364074e-07
5.220912961444199923e-07
5.213857572536596857e-07
5.206817353422703124e-07
5.199793032520725459e-07
5.192784062230038332e-07
5.185790601692695358e-07
5.178812068308942794e-07
5.171848241054916062e-07
5.164900595072325418e-07
5.157971963886652957e-07
5.151062005345856718e-07
5.144172764034237819e-07
5.137299818221632847e-07
5.130441727015233145e-07
5.123598419008927770e-07
5.116768960407787632e-07
5.109953615234081974e-07
5.103152308417603668e-07
5.096365676913297002e-07
5.089593190684494114e-07
5.082834537369027572e-07
5.076089653127281986e-07
5.069358490763966432e-07
5.062641398545195150e-07
5.055938140345101153e-07
5.049248998520758977e-07
5.042573085011833788e-07
5.035911111753715858e-07
5.029267756426714441e-07
5.022641024130315321e-07
5.016032103732429399e-07
5.009438358316638778e-07
5.002857261007834700e-07
4.996289785422479733e-07
4.989734698287643636e-07
4.983192207413844411e-07
4.976662271604412822e-07
4.970145563363627503e-07
4.963641506783290760e-07
4.957149869943066893e-07
4.950670521490123112e-07
4.944203534385235809e-07
4.937749150570153713e-07
4.931307350067001252e-07
4.924877937963123226e-07
4.918460220511003028e-07
4.912055677687352621e-07
4.905667006570030362e-07
4.899294112190222073e-07
4.892938423209258777e-07
4.886596389395843132e-07
4.880267289565501772e-07
4.873949404617454514e-07
4.867643092868988071e-07
4.861348328160118788e-07
4.855065514067842843e-07
4.848794346712793775e-07
4.842534578482300218e-07
4.836285894569528482e-07
4.830048633954841653e-07
4.823823130616663627e-07
4.817609033391432445e-07
4.811405886717294149e-07
4.805213816832903060e-07
4.799033228135990044e-07
4.792863430832803005e-07
4.786707597141740142e-07
4.780565582030759260e-07
4.774438751692388704e-07
4.768326362849660193e-07
4.762225396968426344e-07
4.756135610068871807e-07
4.750056587514293331e-07
4.743988883160766995e-07
4.737931609239604639e-07
4.731884825865821379e-07
4.725849075467092893e-07
4.719824202089218533e-07
4.713809861196114875e-07
4.707805909200632880e-07
4.701812405316673249e-07
4.695829578676402858e-07
4.689857544262074138e-07
4.683895653685523843e-07
4.677943963131830674e-07
4.672003214691622332e-07
4.666074954442036515e-07
4.660161664702149903e-07
4.654261074621699412e-07
4.648374943159674700e-07
4.642499050314217634e-07
4.636633733835517293e-07
4.630778762235272428e-07
4.624934689753564680e-07
4.619100859908373063e-07
4.613277114404304219e-07
4.607463524525724515e-07
4.601660751001672312e-07
4.595868093095125291e-07
4.590085471683205365e-07
4.584312780720597265e-07
4.578550430485860380e-07
4.572798419875752295e-07
4.567056173237050762e-07
4.561323785746255557e-07
4.555601821088358551e-07
4.549892309309317584e-07
4.544197128926700000e-07
4.538514683551092282e-07
4.532846693009179729e-07
4.527188642441625429e-07
4.521541074070396755e-07
4.515903510761710642e-07
4.510276663335121687e-07
4.504659474237644936e-07
4.499052052738875808e-07
4.493455201953104302e-07
4.487868396542964289e-07
4.482291431584638757e-07
4.476723886092628230e-07
4.471166760581878899e-07
4.465619541949342474e-07
4.460081999212467843e-07
4.454553965433037618e-07
4.449035883865492682e-07
4.443527489270109043e-07
4.438030642506655711e-07
4.432546247960978322e-07
4.427075641850022422e-07
4.421617414915438064e-07
4.416170752681211166e-07
4.410734137286525334e-07
4.405307775530894338e-07
4.399890934696246094e-07
4.394483958309633382e-07
4.389087376307958932e-07
4.383700488401178126e-07
4.378323066838058313e-07
4.372955411675700661e-07
4.367597894346694924e-07
4.362249961168076324e-07
4.356911323965036227e-07
4.351582407172696786e-07
4.346263322616816211e-07
4.340953866791432293e-07
4.335653446222663841e-07
4.330363107327727821e-07
4.325084430404141287e-07
4.319818834191961645e-07
4.314565480618763375e-07
4.309325122777218423e-07
4.304094759702814842e-07
4.298873943326977762e-07
4.293663458582667372e-07
4.288462264854100711e-07
4.283270313659260695e-07
4.278088290197301018e-07
4.272915953164585754e-07
4.267752953054454208e-07
4.262598859451435689e-07
4.257454936292291385e-07
4.252320409771183004e-07
4.247194850834560308e-07
4.242078587047473704e-07
4.236971705583443394e-07
4.231874412692027948e-07
4.226785657318812594e-07
4.221706902948062068e-07
4.216639358071932941e-07
4.211584563472496848e-07
4.206541642482876596e-07
4.201511185769644256e-07
4.196490466412463549e-07
4.191478621128936807e-07
4.186476653228354444e-07
4.181483210404713066e-07
4.176498695426377202e-07
4.171523644257642334e-07
4.166557596727239377e-07
4.161600166034979988e-07
4.156651650238546710e-07
4.151712426378481389e-07
4.146781913514396945e-07
4.141859807883361654e-07
4.136946832161293383e-07
4.132042955385678837e-07
4.127147244057683589e-07
4.122260562560106455e-07
4.117382171798544733e-07
4.112514718837266484e-07
4.107657868502249164e-07
4.102813036780691512e-07
4.097979276649259734e-07
4.093155186972600083e-07
4.088340573611253915e-07
4.083533827316094218e-07
4.078735622418447571e-07
4.073946159894042658e-07
4.069165174093715114e-07
4.064392137957634020e-07
4.059627766543235037e-07
4.054871924251161928e-07
4.050124242610228940e-07
4.045384476116331996e-07
4.040653578224206944e-07
4.035930783875421088e-07
4.031215799292895704e-07
4.026509129498169496e-07
4.021811045499929451e-07
4.017120493508559061e-07
4.012438717810272941e-07
4.007766694668575148e-07
4.003106135573667535e-07
3.998455699767099236e-07
3.993816030059705350e-07
3.989185070254310114e-07
3.984561784225270748e-07
3.979947031320231536e-07
3.975339597238069662e-07
3.970740218667540143e-07
3.966149015008308284e-07
3.961565375801753823e-07
3.956989206154380222e-07
3.952421474244725525e-07
3.947861283758453931e-07
3.943308296057348078e-07
3.938763471720851863e-07
3.934226525027094717e-07
3.929696717708456444e-07
3.925174618590037180e-07
3.920660372017487031e-07
3.916153406860937150e-07
3.911654502940529804e-07
3.907164815623651722e-07
3.902686078799586955e-07
3.898216742036880413e-07
3.893757524705056321e-07
3.889306518511116309e-07
3.884862697158456210e-07
3.880426670541790454e-07
3.875997600447685296e-07
3.871575986676204131e-07
3.867162044997014282e-07
3.862755016417722742e-07
3.858355235634755705e-07
3.853963016308117721e-07
3.849577832954866814e-07
3.845199541926487997e-07
3.840828973544561395e-07
3.836465360058917016e-07
3.832108613384302156e-07
3.827759057476493659e-07
3.823416927729651747e-07
3.819081394403512888e-07
3.814752965340754835e-07
3.810433646489496369e-07
3.806122833050308461e-07
3.801822203229072897e-07
3.797530518096627525e-07
3.793246709197587040e-07
3.788970851067146092e-07
3.784701323761707491e-07
3.780438840261377655e-07
3.776183775966589595e-07
3.771935161847203633e-07
3.767693478705791051e-07
3.763458991189400535e-07
3.759231170787008204e-07
3.755009971555103366e-07
3.750796009947966529e-07
3.746588614632965211e-07
3.742387746671032913e-07
3.738194035155514737e-07
3.734006919624217711e-07
3.729826363480628070e-07
3.725652403093696767e-07
3.721485462584674190e-07
3.717325242736455920e-07
3.713173443068914910e-07
3.709031386325616841e-07
3.704897612307082274e-07
3.700772694351391244e-07
3.696655283754034981e-07
3.692544549239596438e-07
3.688440452021373934e-07
3.684342809501166307e-07
3.680252115242108366e-07
3.676167947343263424e-07
3.672089878255119530e-07
3.668019075208711167e-07
3.663954576390964533e-07
3.659896020523066626e-07
3.655844759608755541e-07
3.651799734443826535e-07
3.647760761200028315e-07
3.643728563511559943e-07
3.639702816076776984e-07
3.635683216993009945e-07
3.631669881340673905e-07
3.627663352082211909e-07
3.623663140826204452e-07
3.619671043007276474e-07
3.615688215190390120e-07
3.611713352646740489e-07
3.607746820895985206e-07
3.603787543487909440e-07
3.599834803768556477e-07
3.595888092198465810e-07
3.591947579628133249e-07
3.588013918280337602e-07
3.584086138193696875e-07
3.580164471953703212e-07
3.576249435263649408e-07
3.572340400545835648e-07
3.568437386628223575e-07
3.564540890980424246e-07
3.560650319866792052e-07
3.556765764213472616e-07
3.552887719721187387e-07
3.549015335809698240e-07
3.545149044333073979e-07
3.541289260812339838e-07
3.537434895159926657e-07
3.533586993903562202e-07
3.529746733316911415e-07
3.525913907218450469e-07
3.522089609049924882e-07
3.518273308662673685e-07
3.514464072430929269e-07
3.510661160017768359e-07
3.506864198043411688e-07
3.503073503093214906e-07
3.499288627851177624e-07
3.495509568140167977e-07
3.491736964783332790e-07
3.487970013282854330e-07
3.484208873589916021e-07
3.480453952015109059e-07
3.476704742801606087e-07
3.472961341292348325e-07
3.469224118138088176e-07
3.465492295461920423e-07
3.461766450192678815e-07
3.458046748414632826e-07
3.454332368978976755e-07
3.450623716812774062e-07
3.446921320370990400e-07
3.443224609818631543e-07
3.439535233110526013e-07
3.435854032118770020e-07
3.432180452956542308e-07
3.428514200362480791e-07
3.424854518095445469e-07
3.421201295769015279e-07
3.417553265548720105e-07
3.413911052143584690e-07
3.410274839233937140e-07
3.406643850616072004e-07
3.403019030576765026e-07
3.399399712449721053e-07
3.395785717230949062e-07
3.392177873724778768e-07
3.388575374479395211e-07
3.384978325974495979e-07
3.381387228893231371e-07
3.377801289632406123e-07
3.374220988428462225e-07
3.370646558179035638e-07
3.367077193184781277e-07
3.363513312260276467e-07
3.359955294879614123e-07
3.356402762809863473e-07
3.352857166851278975e-07
3.349318852106567275e-07
3.345788235945163727e-07
3.342264501196477274e-07
3.338746987108997243e-07
3.335235431338962940e-07
3.331729012328375515e-07
3.328228185290767801e-07
3.324732599189633311e-07
3.321242241096730404e-07
3.317757658323509681e-07
3.314278008656591065e-07
3.310803758944728351e-07
3.307335142309292255e-07
3.303871116796656803e-07
3.300413092561965429e-07
3.296960069891989686e-07
3.293511944939007934e-07
3.290069566699825490e-07
3.286632017028139388e-07
3.283199614207075356e-07
3.279772833738210442e-07
3.276350738486022962e-07
3.272933714391938495e-07
3.269523384643221902e-07
3.266119645887035305e-07
3.262722439930487281e-07
3.259331947334085066e-07
3.255948750415199617e-07
3.252570512890888891e-07
3.249197407193848541e-07
3.245829419906878689e-07
3.242466331578312726e-07
3.239108786620322185e-07
3.235755781473949986e-07
3.232407977643776795e-07
3.229065438462677365e-07
3.225727225307266878e-07
3.222394780992724381e-07
3.219066938640781320e-07
3.215743875365162464e-07
3.212426131449661808e-07
3.209112877577407883e-07
3.205804718044425331e-07
3.202501647419454721e-07
3.199203171703991074e-07
3.195909651550587231e-07
3.192620839236308252e-07
3.189337144225524811e-07
3.186059667853933506e-07
3.182788336904057197e-07
3.179523402744899499e-07
3.176265380070351455e-07
3.173013627345560045e-07
3.169766569276184075e-07
3.166524339838141085e-07
3.163287206464056133e-07
3.160054515749504512e-07
3.156827133922113267e-07
3.153604104156548874e-07
3.150385907548016616e-07
3.147172790845857470e-07
3.143963746304228909e-07
3.140760183989867421e-07
3.137560966541997539e-07
3.134366323512352261e-07
3.131176687208026431e-07
3.127991300800759694e-07
3.124810892790252352e-07
3.121635072548862695e-07
3.118463700641262613e-07
3.115297249761719501e-07
3.112135015241793379e-07
3.108977393011601443e-07
3.105825769245623954e-07
3.102680056402018491e-07
3.099540248834309903e-07
3.096406320066668126e-07
3.093278912830904321e-07
3.090156215554687955e-07
3.087038319218864979e-07
3.083924608960983902e-07
3.080815550110695751e-07
3.077711291580836399e-07
3.074611050284755137e-07
3.071515896133474505e-07
3.068424846703238463e-07
3.065338308991403520e-07
3.062256518640806069e-07
3.059178617317030046e-07
3.056105740615292799e-07
3.053036979156083423e-07
3.049972563473371264e-07
3.046912876367521152e-07
3.043857191461108241e-07
3.040806135214760530e-07
3.037759219211747580e-07
3.034716617919125367e-07
3.031678777161696482e-07
3.028645162936058894e-07
3.025617173706449538e-07
3.022594635031989993e-07
3.019578493306172529e-07
3.016567847844044394e-07
3.013562561576042616e-07
3.010561524293243021e-07
3.007564817100655966e-07
3.004572704501852283e-07
3.001584487710084487e-07
2.998601081889383299e-07
2.995621409310586662e-07
2.992646354621695776e-07
2.989675504822040410e-07
2.986708606202532791e-07
2.983746303255232364e-07
2.980787795714523107e-07
2.977833886849407173e-07
2.974884005230220581e-07
2.971938097062962819e-07
2.968996740369213724e-07
2.966059124689699565e-07
2.963125824965690223e-07
2.960196619622749702e-07
2.957271426871204033e-07
2.954350673443042318e-07
2.951433970235776075e-07
2.948522727627420578e-07
2.945616736352559095e-07
2.942716908573934209e-07
2.939822342779563962e-07
2.936932990645353683e-07
2.934047683330413422e-07
2.931166502957798200e-07
2.928289584344284163e-07
2.925416530756184546e-07
2.922547957796919383e-07
2.919682979388408397e-07
2.916822461735067284e-07
2.913965775293362992e-07
2.911113022970513599e-07
2.908264632584092630e-07
2.905419705069623006e-07
2.902579321984459715e-07
2.899742569561313487e-07
2.896909936787365509e-07
2.894081330433675038e-07
2.891256355939453695e-07
2.888435798454854151e-07
2.885618748963255594e-07
2.882805711932911100e-07
2.879996573885111542e-07
2.877191446738592350e-07
2.874391332543084769e-07
2.871596210916580044e-07
2.868806164989189196e-07
2.866021118002810895e-07
2.863241502304298655e-07
2.860465956073715198e-07
2.857694765702777984e-07
2.854926999384494488e-07
2.852163351883440247e-07
2.849403276501707683e-07
2.846647206835833603e-07
2.843895084355718001e-07
2.841146475036121639e-07
2.838402065398853923e-07
2.835660891899363303e-07
2.832924170827448193e-07
2.830190870897036207e-07
2.827461261699451336e-07
2.824735724062560081e-07
2.822013475493620528e-07
2.819295464409744363e-07
2.816580749089454941e-07
2.813869929176268976e-07
2.811162780878278041e-07
2.808459187664616308e-07
2.805759673438867176e-07
2.803063731119076358e-07
2.800372592571806645e-07
2.797686137433922931e-07
2.795004501635568998e-07
2.792327854373180655e-07
2.789656294347210674e-07
2.786988304998137258e-07
2.784324256758904113e-07
2.781663539000496005e-07
2.779006648940019765e-07
2.776353318261762371e-07
2.773703567676048902e-07
2.771057722552806823e-07
2.768415074679886117e-07
2.765776439366627763e-07
2.763140853247887609e-07
2.760509491512858432e-07
2.757881328036687878e-07
2.755256722836283501e-07
2.752635855177402325e-07
2.750018184533376893e-07
2.747404457931950666e-07
2.744793876952212504e-07
2.742187053321850308e-07
2.739583477392005562e-07
2.736983463658355991e-07
2.734387106290592069e-07
2.731794220134350372e-07
2.729205891041787565e-07
2.726622115630823383e-07
2.724042986248298455e-07
2.721468444613406752e-07
2.718898720537670511e-07
2.716332805624537968e-07
2.713770778214678221e-07
2.711211804244874388e-07
2.708656764127714646e-07
2.706104731239283130e-07
2.703556484883476170e-07
2.701011383468890181e-07
2.698469941414439662e-07
2.695931883349959632e-07
2.693397069045565369e-07
2.690865992186754592e-07
2.688337853071818168e-07
2.685813553410914646e-07
2.683292198087283642e-07
2.680774646965186481e-07
2.678260179863750959e-07
2.675749086345387142e-07
2.673241471448724879e-07
2.670736919539882911e-07
2.668236087991254139e-07
2.665738251600269593e-07
2.663243853087961213e-07
2.660752885755729872e-07
2.658266389109944423e-07
2.655784064424680033e-07
2.653306461846476983e-07
2.650833091107108868e-07
2.648364131544318866e-07
2.645898339231819953e-07
2.643436092430572811e-07
2.640976850840608292e-07
2.638521071898489787e-07
2.636068391839867637e-07
2.633619092613610555e-07
2.631173085153586862e-07
2.628730111560366386e-07
2.626290714717120477e-07
2.623854103953166110e-07
2.621421127947237675e-07
2.618990842625181107e-07
2.616564320277491725e-07
2.614140603139072538e-07
2.611720263839264111e-07
2.609303007705057680e-07
2.606888765849214466e-07
2.604477988195386671e-07
2.602070008921349059e-07
2.599665541712614969e-07
2.597263897607772404e-07
2.594865501621160527e-07
2.592470362099264124e-07
2.590079439564480483e-07
2.587692500698497377e-07
2.585309808586785726e-07
2.582931255459218655e-07
2.580556980441699436e-07
2.578185699906667186e-07
2.575817859981807068e-07
2.573452781528326248e-07
2.571091103208325801e-07
2.568732192925073438e-07
2.566376641041025167e-07
2.564023967763999310e-07
2.561674523151721373e-07
2.559328100644836308e-07
2.556984577350716107e-07
2.554644403295867121e-07
2.552306912571385117e-07
2.549972807699976567e-07
2.547641266767047574e-07
2.545313241742556168e-07
2.542987798443496117e-07
2.540665680009284962e-07
2.538346252895455463e-07
2.536029988484486211e-07
2.533716637015624459e-07
2.531406118303248999e-07
2.529098832340271618e-07
2.526794402920590152e-07
2.524493856294011787e-07
2.522197208836424604e-07
2.519904515352095369e-07
2.517615785839717571e-07
2.515331031964390731e-07
2.513049825036567492e-07
2.510771590002492527e-07
2.508496317908805766e-07
2.506224035165277705e-07
2.503954609416960930e-07
2.501688275057133477e-07
2.499424619407268684e-07
2.497164196153172067e-07
2.494906288421350266e-07
2.492651665368836766e-07
2.490399470081909988e-07
2.488150615429338300e-07
2.485904129203372864e-07
2.483661049725153681e-07
2.481420389611707212e-07
2.479182917095987351e-07
2.476948036951026283e-07
2.474716081932728957e-07
2.472486942091156737e-07
2.470260482653860301e-07
2.468037086833362240e-07
2.465816224797958665e-07
2.463598464673515016e-07
2.461383396871446414e-07
2.459171994352075648e-07
2.456964206147726685e-07
2.454760107137963890e-07
2.452559679680795094e-07
2.450362974144182711e-07
2.448169534661414506e-07
2.445978916937163104e-07
2.443791093307530441e-07
2.441606090865716603e-07
2.439423818099442934e-07
2.437244431823524142e-07
2.435067584196842652e-07
2.432893803416056655e-07
2.430722439925182699e-07
2.428554150974992459e-07
2.426388213452593302e-07
2.424225382221524606e-07
2.422064840633491182e-07
2.419907437537622388e-07
2.417752303657588785e-07
2.415600322349111519e-07
2.413450635835753780e-07
2.411303935157614706e-07
2.409159642604146547e-07
2.407018193072562374e-07
2.404879264340415450e-07
2.402743046796883163e-07
2.400609493340635426e-07
2.398478492928245834e-07
2.396350777647821598e-07
2.394226637099804035e-07
2.392105977430596308e-07
2.389988873175764171e-07
2.387875148300622892e-07
2.385764949002319602e-07
2.383657297257594300e-07
2.381552576268721799e-07
2.379450188998108191e-07
2.377350750081629211e-07
2.375253600416772636e-07
2.373159414927045898e-07
2.371067475977736922e-07
2.368978515276405367e-07
2.366891760132802715e-07
2.364808029918694219e-07
2.362726540148588932e-07
2.360647908836616653e-07
2.358571623332755399e-07
2.356498056731187428e-07
2.354426948643489752e-07
2.352358418013708389e-07
2.350292460457521658e-07
2.348228937088690821e-07
2.346168103146517905e-07
2.344109594887397615e-07
2.342053861674285251e-07
2.340000352336544873e-07
2.337949678619521847e-07
2.335901365162646288e-07
2.333856366341770345e-07
2.331814677918271798e-07
2.329776341249090429e-07
2.327741399434990862e-07
2.325709760500666525e-07
2.323681353680959483e-07
2.321655380944149055e-07
2.319632118683753139e-07
2.317611105917154673e-07
2.315592835745817921e-07
2.313576758465733906e-07
2.311563453862558545e-07
2.309552287557263150e-07
2.307543922003573541e-07
2.305537642133806278e-07
2.303534213074427743e-07
2.301532871433166430e-07
2.299534280546835854e-07
2.297537828978405349e-07
2.295544045119251687e-07
2.293552459303434485e-07
2.291563455653357540e-07
2.289576711229066533e-07
2.287592460992685386e-07
2.285610533559444580e-07
2.283631009965702715e-07
2.281653875083401591e-07
2.279679051387171495e-07
2.277706684578286354e-07
2.275736578188935301e-07
