1.405690068808347118e-07
1.508954604054549816e-07
1.607569909854817579e-07
1.701692400600541500e-07
1.791482876816539393e-07
1.877084787964170534e-07
1.958655532285381264e-07
2.036327353635300761e-07
2.110244871321096548e-07
2.180526558744823929e-07
2.247301359672473717e-07
2.310686915820148472e-07
2.370798061323843812e-07
2.427743475392269334e-07
2.481627271980602441e-07
2.532556106967830034e-07
2.580622278994128306e-07
2.625920312933447478e-07
2.668533279444400776e-07
2.708566187123640181e-07
2.746084480462678283e-07
2.781171590852901521e-07
2.813903329007026426e-07
2.844358701336647355e-07
2.872609460325296484e-07
2.898718011648658668e-07
2.922757342222159213e-07
2.944785087213943647e-07
2.964877358871862456e-07
2.983096337879645963e-07
2.999482455742741196e-07
3.014125279120143556e-07
3.027057140696999646e-07
3.038344327312571735e-07
3.048044779661485609e-07
3.056204008413858065e-07
3.062879037119029108e-07
3.068125896203190737e-07
3.071975416568322531e-07
3.074506432499059737e-07
3.075738631532628077e-07
3.075729314823344797e-07
3.074521573070145624e-07
3.072172989738072697e-07
3.068706991838592897e-07
3.064171943412184340e-07
3.058615288008202569e-07
3.052074018386709983e-07
3.044597573256540786e-07
3.036210611098388906e-07
3.026957022644598894e-07
3.016876017313910626e-07
3.006002271504624408e-07
2.994376824865629843e-07
2.982027598309606686e-07
2.968995386636327217e-07
2.955319376105667449e-07
2.941022113470518381e-07
2.926146586677637512e-07
2.910726179941037962e-07
2.894779602654396185e-07
2.878346715702547216e-07
2.861464766320757115e-07
2.844157616628688506e-07
2.826444070426704960e-07
2.808370313619608907e-07
2.789962799802367119e-07
2.771233043094487208e-07
2.752216695565388337e-07
2.732939559741276279e-07
2.713425366912518167e-07
2.693692588001203892e-07
2.673777155212437194e-07
2.653693274462427320e-07
2.633461702083942081e-07
2.613102317019124793e-07
2.592645256096814610e-07
2.572105253955752491e-07
2.551501587386908117e-07
2.530851627772970140e-07
2.510177587999972082e-07
2.489489661840721415e-07
2.468811113218307023e-07
2.448159598780303795e-07
2.427549704714164011e-07
2.406987668999672672e-07
2.386498177587815448e-07
2.366093177122473040e-07
2.345784574472790446e-07
2.325584642163379315e-07
2.305494990625994593e-07
2.285541213121232354e-07
2.265737285191311083e-07
2.246083618832089911e-07
2.226586150303141066e-07
2.207260692654643868e-07
2.188110601936285742e-07
2.169157946063642605e-07
2.150403515025892240e-07
2.131840647209861652e-07
2.113495112974901170e-07
2.095355680515120694e-07
2.077446811840655726e-07
2.059762549593454786e-07
2.042302718848435187e-07
2.025083398818384986e-07
2.008089936954699633e-07
1.991355756671887256e-07
1.974852234149349309e-07
1.958609923205322029e-07
1.942604715942805476e-07
1.926855851348163703e-07
1.911361837668748318e-07
1.896118012138696354e-07
1.881140747203256228e-07
1.866407252579618114e-07
1.851944524552405928e-07
1.837720887436062682e-07
1.823771908751459379e-07
1.810057768769932250e-07
1.796619644238895249e-07
1.783415359825650518e-07
1.770484547920194451e-07
1.757783618290034407e-07
1.745351365843644680e-07
1.733142976703936805e-07
1.721199705773340362e-07
1.709482523261912936e-07
1.698021635534726191e-07
1.686784901060801307e-07
1.675791285242064390e-07
1.665020254560815046e-07
1.654475880296133848e-07
1.644163959619165667e-07
1.634063287433978040e-07
1.624196724937987901e-07
1.614524227619369776e-07
1.605081198617953338e-07
1.595815949855534486e-07
1.586770768483277130e-07
1.577910484154619070e-07
1.569250607981797826e-07
1.560783685717698061e-07
1.552491253917327199e-07
1.544395351504895967e-07
1.536449404092211692e-07
1.528691010468746574e-07
1.521086299922468794e-07
1.513646834283671077e-07
1.506370831887520651e-07
1.499232474657726788e-07
1.492258476988488641e-07
1.485407520298318190e-07
1.478699987320972791e-07
1.472127332019037433e-07
1.465671001833952429e-07
1.459351515711422276e-07
1.453136313197874804e-07
1.447039853114284665e-07
1.441055296916211078e-07
1.435159948688422234e-07
1.429374330987560879e-07
1.423674082860224506e-07
1.418062471969490986e-07
1.412542393543357679e-07
1.407090423354839818e-07
1.401720070322129459e-07
1.396420923895757214e-07
1.391179165210200791e-07
1.386005778192890041e-07
1.380884544428909936e-07
1.375813920670095297e-07
1.370796649760665908e-07
1.365816509658628811e-07
1.360877302894008442e-07
1.355977572265161312e-07
1.351104597152021630e-07
1.346261372449751877e-07
1.341444530297446626e-07
1.336645477566153274e-07
1.331864182910115560e-07
1.327096485765378680e-07
1.322336049190264705e-07
1.317582905818554137e-07
1.312834338941413802e-07
1.308085397643171745e-07
1.303332995296024592e-07
1.298576710048160919e-07
1.293812837298793768e-07
1.289035871835948262e-07
1.284245831541767084e-07
1.279440071887541947e-07
1.274613662858993052e-07
1.269768536770210557e-07
1.264903951596968853e-07
1.260011323328906652e-07
1.255093150403822365e-07
1.250152150016373119e-07
1.245177554937124382e-07
1.240170318219305680e-07
1.235134859367692734e-07
1.230062655837098773e-07
1.224953445520371432e-07
1.219815727202179761e-07
1.214640528074808083e-07
1.209423551497322799e-07
1.204173901837350757e-07
1.198889131276438925e-07
1.193560361034703934e-07
1.188192384445915168e-07
1.182790112273384385e-07
1.177344388463138308e-07
1.171856857858690126e-07
1.166338607227188110e-07
1.160780877786055363e-07
1.155179820715392546e-07
1.149544779853271511e-07
1.143877521512339661e-07
1.138169363846443305e-07
1.132423052343893926e-07
1.126647067185874176e-07
1.120835231896683486e-07
1.114985970960206263e-07
1.109108337065570156e-07
1.103204550957048968e-07
1.097267777510767525e-07
1.091300385460733571e-07
1.085311699616347830e-07
1.079298023326613348e-07
1.073257414272956612e-07
1.067194224479333628e-07
1.061113091879562526e-07
1.055011613226580913e-07
1.048890106320319410e-07
1.042755330589175870e-07
1.036609039808627465e-07
1.030449853317949476e-07
1.024278887961673877e-07
1.018101276062393546e-07
1.011918611945466423e-07
1.005731454540795597e-07
9.995407453698746892e-08
9.933489444202657385e-08
9.871596757308406391e-08
9.809740639131655444e-08
9.747929254368303542e-08
9.686182086023695304e-08
9.624551868684379573e-08
9.563048165347942162e-08
9.501664038774144234e-08
9.440406152424142211e-08
9.379354200267001220e-08
9.318518221684056229e-08
9.257874119811107840e-08
9.197416472341006313e-08
9.137244678016808279e-08
9.077370444058216359e-08
9.017759727393194653e-08
8.958394159408982555e-08
8.899392592659259662e-08
8.840772668596648767e-08
8.782491674886085620e-08
8.724501262027526761e-08
8.666938624444778333e-08
8.609838117888333977e-08
8.553160342695521930e-08
8.496824156793602553e-08
8.440952336205538209e-08
8.385611621814850866e-08
8.330773199339998664e-08
8.276328291968320326e-08
8.222352621690929238e-08
8.168969597606068630e-08
8.116164406627792080e-08
8.063817998645210669e-08
8.011924808957841000e-08
7.960664030991542945e-08
7.910043937427145166e-08
7.859985661262304714e-08
7.810383033245192294e-08
7.761402129038191892e-08
7.713103786702978659e-08
7.665455165583597829e-08
7.618303140473672875e-08
7.571701511157195121e-08
7.525807876713790423e-08
7.480617143218721892e-08
7.436014309085587874e-08
7.391896444073914505e-08
7.348452193715548806e-08
7.305736733155916046e-08
7.263719058187129966e-08
7.222232506393192679e-08
7.181304074271060467e-08
7.141104323596577718e-08
7.101633977514963281e-08
7.062807921762970798e-08
7.024479098311517995e-08
6.986779297319415102e-08
6.949804880054494032e-08
6.913544176936606272e-08
6.877846147528670408e-08
6.842632216683602659e-08
6.808083695362874814e-08
6.774242990143735049e-08
6.741086533732741088e-08
6.708446955468012206e-08
6.676310682345519064e-08
6.644840161428344658e-08
6.614045745497898182e-08
6.583889477858936061e-08
6.554205866505371954e-08
6.525016558304918176e-08
6.496465955714978481e-08
6.468552884728733119e-08
6.441227996596383845e-08
6.414325920488375105e-08
6.387884310901362872e-08
6.362031776434035825e-08
6.336767908141004614e-08
6.312045507357052384e-08
6.287720600886122920e-08
6.263821950393315476e-08
6.240460380594832665e-08
6.217633871597727887e-08
6.195307968999521695e-08
6.173344132687055624e-08
6.151752258683993237e-08
6.130632987485686338e-08
6.109990047185821134e-08
6.089800891817475117e-08
6.069933357397206081e-08
6.050372719081395687e-08
6.031208113162527415e-08
6.012451137714362042e-08
5.994095096338510972e-08
5.976037762402265016e-08
5.958236147201426785e-08
5.940750467524119148e-08
5.923605397312979799e-08
5.906797846976593122e-08
5.890271065504586395e-08
5.873952135849252506e-08
5.857865299522584756e-08
5.842050894759291000e-08
5.826504172401169760e-08
5.811207802940726625e-08
5.796078357512140075e-08
5.781109191741159785e-08
5.766332927189774869e-08
5.751754456929243816e-08
5.737369853982355804e-08
5.723132453571379158e-08
5.709004273717808499e-08
5.694995071394038842e-08
5.681113992929987043e-08
5.667359584267151677e-08
5.653722465375052121e-08
5.640156403338405435e-08
5.626653887826750075e-08
5.613214760436777506e-08
5.599838283908503088e-08
5.586523919751809531e-08
5.573255033679377525e-08
5.560006758354825438e-08
5.546773871901901164e-08
5.533544274225050569e-08
5.520317331052301990e-08
5.507092923996495455e-08
5.493859349701180765e-08
5.480610361480710982e-08
5.467327958783032600e-08
5.453994669580554435e-08
5.440611218490029798e-08
5.427177967518302862e-08
5.413694675623141861e-08
5.400161438715564426e-08
5.386550146418663864e-08
5.372846227798748963e-08
5.359050828215715204e-08
5.345166398839651540e-08
5.331204528732315676e-08
5.317166878942158575e-08
5.303018191653230549e-08
5.288744514533224742e-08
5.274346811532546293e-08
5.259830011085087282e-08
5.245217891707548068e-08
5.230514578297980036e-08
5.215681526161505173e-08
5.200702134640708785e-08
5.185578029789891397e-08
5.170313459227618751e-08
5.154937779254565864e-08
5.139458379007334393e-08
5.123844877977479486e-08
5.108077272065995211e-08
5.092157186966600165e-08
5.076087295944240442e-08
5.059898996773747997e-08
5.043606964680181765e-08
5.027192294307081673e-08
5.010626204741490885e-08
4.993909994154427784e-08
4.977045455560331497e-08
4.960056807800427313e-08
4.942971760291594654e-08
4.925783992913049903e-08
4.908462989763347459e-08
4.891005984112118817e-08
4.873414897499389599e-08
4.855699097306745230e-08
4.837892998937955364e-08
4.820000801340533273e-08
4.802005480703175663e-08
4.783899546361832620e-08
4.765684157906400938e-08
4.747360788811777339e-08
4.728956256093245635e-08
4.710487400554574653e-08
4.691950875168124526e-08
4.673336162372008081e-08
4.654643289790090616e-08
4.635872809267906719e-08
4.617031802416040180e-08
4.598147477968887031e-08
4.579223723726433459e-08
4.560259827517234344e-08
4.541255611870372181e-08
4.522211700915497078e-08
4.503128386854273576e-08
4.484015704311595258e-08
4.464886971870792517e-08
4.445743878413414636e-08
4.426600159449985903e-08
4.407459180791305609e-08
4.388321149901430795e-08
4.369185992359857457e-08
4.350062101555330684e-08
4.330954675164076798e-08
4.311868296633845941e-08
4.292824672648464558e-08
4.273825407770685901e-08
4.254870109857613932e-08
4.235958923959390483e-08
4.217091732008464937e-08
4.198268488447597713e-08
4.179499743885982074e-08
4.160814136882621613e-08
4.142213522194755873e-08
4.123697037160569976e-08
4.105263315315512669e-08
4.086900198006644363e-08
4.068603271766036563e-08
4.050386431518447312e-08
4.032289265308622693e-08
4.014313972408647777e-08
3.996459542186456827e-08
3.978724526625761996e-08
3.961090540127686520e-08
3.943550636574557539e-08
3.926112636786208493e-08
3.908822983064335857e-08
3.891686442021978169e-08
3.874701666586940280e-08
3.857866610283650687e-08
3.841161694374014489e-08
3.824567853152760746e-08
3.808090226342858053e-08
3.791774935908801614e-08
3.775636490859834022e-08
3.759674015093266085e-08
3.743884529132391490e-08
3.728254316528402084e-08
3.712747544042372910e-08
3.697361931787758672e-08
3.682132540947897081e-08
3.667095217657904858e-08
3.652248886587541796e-08
3.637590606964744036e-08
3.623116679255588622e-08
3.608786518027738243e-08
3.594588785581819774e-08
3.580531193851547534e-08
3.566667083877920514e-08
3.553001334372962484e-08
3.539532053447410023e-08
3.526258892598722145e-08
3.513160038815446082e-08
3.500196789731782324e-08
3.487366902478872576e-08
3.474701228680395030e-08
3.462233693008115135e-08
3.449962331141617631e-08
3.437885391349687883e-08
3.426000841736162746e-08
3.414267061828880547e-08
3.402660608681306622e-08
3.391185338794295826e-08
3.379881878250675686e-08
3.368766972014988735e-08
3.357836507331073321e-08
3.347090692617239247e-08
3.336521417263676618e-08
3.326083282716160252e-08
3.315765425543657640e-08
3.305572092539359814e-08
3.295545371408738908e-08
3.285688928420094340e-08
3.276001883632922614e-08
3.266482593305019073e-08
3.257121417651716934e-08
3.247875401996101650e-08
3.238736868353414356e-08
3.229712364228258206e-08
3.220833697681503850e-08
3.212103590110299912e-08
3.203521353050346520e-08
3.195084479112215125e-08
3.186784771068032179e-08
3.178582108221692552e-08
3.170469641778314655e-08
3.162451030408888747e-08
3.154552509163099274e-08
3.146775200683723139e-08
3.139118391962677615e-08
3.131581782278295500e-08
3.124159032666049059e-08
3.116815766284725281e-08
3.109544673199121346e-08
3.102345703876878669e-08
3.095235228065383660e-08
3.088218964079573957e-08
3.081294451076196045e-08
3.074461422781255293e-08
3.067718840982955713e-08
3.061041968884767032e-08
3.054417754411686476e-08
3.047845588703841208e-08
3.041333999828253311e-08
3.034887161951676547e-08
3.028505120656857439e-08
3.022187233853173546e-08
3.015932973698779119e-08
3.009732441710899909e-08
3.003566698345338490e-08
2.997434847857665197e-08
2.991338363948969618e-08
2.985279372144867230e-08
2.979258242062290644e-08
2.973274492638107146e-08
2.967328016987905219e-08
2.961417384836706574e-08
2.955528111580712130e-08
2.949655469942461451e-08
2.943799185923322840e-08
2.937956439298309219e-08
2.932124652724180295e-08
2.926303899132095755e-08
2.920493895935802201e-08
2.914694855528493189e-08
2.908903771881219848e-08
2.903112417811243066e-08
2.897320158972218710e-08
2.891526025407869087e-08
2.885722013479595525e-08
2.879906481443888044e-08
2.874079346123272253e-08
2.868240808607248977e-08
2.862390968429717855e-08
2.856528206309801070e-08
2.850650523178237640e-08
2.844757995415884108e-08
2.838847738515916134e-08
2.832909545597284612e-08
2.826942587131233245e-08
2.820947023202910401e-08
2.814923074107014464e-08
2.808870899536276673e-08
2.802793026915333037e-08
2.796691618531979536e-08
2.790566826778219892e-08
2.784415263257308218e-08
2.778225882847499445e-08
2.771998140231270113e-08
2.765732235358054073e-08
2.759428525355525989e-08
2.753087172181034462e-08
2.746713054849013546e-08
2.740310940577535426e-08
2.733881040402039881e-08
2.727421171686692032e-08
2.720921855703643009e-08
2.714382476701844796e-08
2.707803330430043097e-08
2.701184714139491026e-08
2.694526823062623003e-08
2.687834181440223418e-08
2.681114720247601455e-08
2.674368839249440240e-08
2.667596018500228309e-08
2.660789373045778935e-08
2.653947220832898276e-08
2.647069820826825819e-08
2.640157427831534318e-08
2.633210242440782350e-08
2.626230135928028467e-08
2.619227510092398446e-08
2.612203963822708657e-08
2.605159646928255799e-08
2.598092354366860156e-08
2.590999960988725506e-08
2.583882650617654100e-08
2.576740605302449288e-08
2.569573911783999798e-08
2.562382831026813859e-08
2.555173651182351436e-08
2.547951256474420969e-08
2.540715755847056462e-08
2.533467529062968373e-08
2.526208369305768822e-08
2.518938644575837304e-08
2.511658437871868999e-08
2.504367840679465595e-08
2.497066962642557801e-08
2.489756672075690453e-08
2.482443205505081517e-08
2.475127738473644660e-08
2.467810296296510311e-08
2.460493404552537040e-08
2.453181732570674244e-08
2.445875306963332279e-08
2.438574028307169819e-08
2.431277876943556356e-08
2.423986929991247473e-08
2.416702026866483880e-08
2.409425932409960158e-08
2.402158727064287775e-08
2.394900536049561747e-08
2.387657644014242989e-08
2.380435593256180126e-08
2.373234180891344694e-08
2.366053585496683016e-08
2.358893522937477126e-08
2.351753714432087876e-08
2.344633503184929037e-08
2.337531504484335065e-08
2.330447497279115831e-08
2.323381658353613712e-08
2.316343833919389144e-08
2.309341036284014400e-08
2.302372795144182547e-08
2.295439483322888916e-08
2.288540535893674564e-08
2.281675519335370948e-08
2.274842766901469301e-08
2.268037770195753439e-08
2.261260413603650712e-08
2.254510593559721148e-08
2.247796809650337778e-08
2.241128335746645461e-08
2.234505943749389520e-08
2.227928283361117195e-08
2.221395487068860695e-08
2.214907292618100796e-08
2.208461757623838268e-08
2.202051057545402607e-08
2.195673759364590136e-08
2.189329876547304665e-08
2.183024047363043482e-08
2.176770293652414310e-08
2.170569629206426751e-08
2.164420560823663223e-08
2.158324041984622611e-08
2.152278523400633259e-08
2.146283966573431961e-08
2.140330391019305129e-08
2.134413232724069529e-08
2.128531585218349604e-08
2.122686317926601467e-08
2.116892263786431262e-08
2.111153461997966552e-08
2.105470467950913723e-08
2.099842047811004535e-08
2.094268463604799810e-08
2.088748645854918368e-08
2.083279227893084983e-08
2.077848622726868915e-08
2.072455440728371128e-08
2.067099639083977124e-08
2.061785394481179945e-08
2.056526227751873485e-08
2.051321888236903079e-08
2.046172245481295690e-08
2.041076658601092494e-08
2.036035201213069108e-08
2.031047269409689970e-08
2.026104300220646364e-08
2.021197321329542684e-08
2.016326000608360912e-08
2.011491257577812381e-08
2.006699060532721580e-08
2.001958165236288419e-08
1.997267431287279643e-08
1.992627621209094327e-08
1.988037830408377728e-08
1.983497486439678212e-08
1.979006406782247179e-08
1.974553419528018420e-08
1.970132038327290098e-08
1.965741996505124868e-08
1.961383181051042698e-08
1.957063177307907157e-08
1.952786272108318157e-08
1.948552621091545991e-08
1.944362206058707943e-08
1.940214639670245869e-08
1.936109330312484227e-08
1.932046091567405018e-08
1.928015056024479941e-08
1.924010223608700994e-08
1.920031297241231927e-08
1.916078792498125704e-08
1.912156179359477660e-08
1.908268034445011049e-08
1.904413716234567217e-08
1.900593527327590783e-08
1.896807082506965159e-08
1.893053913384235063e-08
1.889334125129995032e-08
1.885641087617776798e-08
1.881967617232723687e-08
1.878314161645934470e-08
1.874679994810682244e-08
1.871066368182048747e-08
1.867477127959693674e-08
1.863911519340384938e-08
1.860369635781757877e-08
1.856851566304783548e-08
1.853357099859437327e-08
1.849885624594279531e-08
1.846435582300469026e-08
1.842998664637998646e-08
1.839573916328068267e-08
1.836161798145034563e-08
1.832761806406852101e-08
1.829375238049819670e-08
1.826002958108673258e-08
1.822644295787899324e-08
1.819299267395796427e-08
1.815968052107035903e-08
1.812650336971067883e-08
1.809346064090016033e-08
1.806050930453661199e-08
1.802761809446408388e-08
1.799478860789310508e-08
1.796201893981310620e-08
1.792930626532030853e-08
1.789664966486204642e-08
1.786404508223205440e-08
1.783149265365592824e-08
1.779899444192900866e-08
1.776654728529219848e-08
1.773415196603182549e-08
1.770180584925678858e-08
1.766947746610454322e-08
1.763715992925311073e-08
1.760485309335655745e-08
1.757255709754786016e-08
1.754026346050839894e-08
1.750796216055692964e-08
1.747565513861355666e-08
1.744334056516720815e-08
1.741101942096626816e-08
1.737869152630653938e-08
1.734635702537931725e-08
1.731401357962815593e-08
1.728165006636575580e-08
1.724926432259611696e-08
1.721685675443046315e-08
1.718442750902095301e-08
1.715196654686367068e-08
1.711946496446007774e-08
1.708692298946053250e-08
1.705434080920830808e-08
1.702171895936465141e-08
1.698905713797433408e-08
1.695635632782152095e-08
1.692361626436649353e-08
1.689084209183988622e-08
1.685803343823397060e-08
1.682519183070751691e-08
1.679231599669653567e-08
1.675940195555064955e-08
1.672644108604952983e-08
1.669343409433176841e-08
1.666038121207083232e-08
1.662728206813380279e-08
1.659413777754040241e-08
1.656094772123378595e-08
1.652771349626040297e-08
1.649444379576480004e-08
1.646114458623858069e-08
1.642781473979074127e-08
1.639445571210638625e-08
1.636106698979052485e-08
1.632765070969886327e-08
1.629420675391381740e-08
1.626073544273708459e-08
1.622723705680996352e-08
1.619371134666491936e-08
1.616015895434598774e-08
1.612657948047775607e-08
1.609297830061197661e-08
1.605936609719282128e-08
1.602574345720107623e-08
1.599211032878494460e-08
1.595846713394670622e-08
1.592482338469960244e-08
1.589118852391954738e-08
1.585756080556064333e-08
1.582394165853081826e-08
1.579032974300674991e-08
1.575672598406871192e-08
1.572312993543071117e-08
1.568954166114149139e-08
1.565596861253371323e-08
1.562241402372653649e-08
1.558887915781330506e-08
1.555536255438471064e-08
1.552186704244796981e-08
1.548842087482331508e-08
1.545502913092676053e-08
1.542169269147503727e-08
1.538841075790685036e-08
1.535518276275082242e-08
1.532200961053914085e-08
1.528888994380377792e-08
1.525582447260117719e-08
1.522281100151977500e-08
1.518984877037743851e-08
1.515693868351390656e-08
1.512407844332888729e-08
1.509127679539225475e-08
1.505857050580052111e-08
1.502596782994823754e-08
1.499346843696946543e-08
1.496107091779478103e-08
1.492877401506774168e-08
1.489657928101517515e-08
1.486448447169603396e-08
1.483248997098585329e-08
1.480058371481602334e-08
1.476876005804232161e-08
1.473702180000658457e-08
1.470536472938186773e-08
1.467379605709999220e-08
1.464235991206173123e-08
1.461106468617327741e-08
1.457991087645227752e-08
1.454889728505736816e-08
1.451802573731934980e-08
1.448729279361124075e-08
1.445669940691853217e-08
1.442624140954315341e-08
1.439590615389516475e-08
1.436567577789833815e-08
1.433554936145630547e-08
1.430553028621102659e-08
1.427561386224564473e-08
1.424583967953324629e-08
1.421623350909435423e-08
1.418679138018864673e-08
1.415751365312584747e-08
1.412840231371038469e-08
1.409945499276313133e-08
1.407066719650340219e-08
1.404204384784204710e-08
1.401357207172743803e-08
1.398521704133093347e-08
1.395697970501043876e-08
1.392885530330822487e-08
1.390084623795381969e-08
1.387296167785041161e-08
1.384524232664707456e-08
1.381770023778555953e-08
1.379032953362886953e-08
1.376312941181147950e-08
1.373609887870169715e-08
1.370923932300911802e-08
1.368254897775558238e-08
1.365602419128192275e-08
1.362964097113349104e-08
1.360337456542987698e-08
1.357722046388980480e-08
1.355118406166385212e-08
1.352526014664488733e-08
1.349946649422842879e-08
1.347383953101125316e-08
1.344837369014219819e-08
1.342306697407660827e-08
1.339792195228865262e-08
1.337293516633698920e-08
1.334810859148326208e-08
1.332343897767571436e-08
1.329892554649188477e-08
1.327453354669288307e-08
1.325024348914054071e-08
1.322605355079255828e-08
1.320196882634281367e-08
1.317798322936637773e-08
1.315411577447911109e-08
1.313038820382679769e-08
1.310679981240696990e-08
1.308334819478476578e-08
1.306003368627477570e-08
1.303685468239351811e-08
1.301381289934467263e-08
1.299090573958808992e-08
1.296813142780105856e-08
1.294545976343361788e-08
1.292287002933117856e-08
1.290036089170365368e-08
1.287793591442493700e-08
1.285559075799663177e-08
1.283333584860055783e-08
1.281119263369684327e-08
1.278915754836603804e-08
1.276723068722476473e-08
1.274541450848543785e-08
1.272370432963086225e-08
1.270210185130505152e-08
1.268060670877846241e-08
1.265921830337642338e-08
1.263791766410523911e-08
1.261668257971657631e-08
1.259551072526212432e-08
1.257440119597372762e-08
1.255335439724189078e-08
1.253237287690724389e-08
1.251146821628966849e-08
1.249064097728155779e-08
1.246989409352970340e-08
1.244922430993368298e-08
1.242863180025050345e-08
1.240811764543637635e-08
1.238767951284285108e-08
1.236731818292432005e-08
1.234703072956991970e-08
1.232679255004695674e-08
1.230659675336604470e-08
1.228644368937228998e-08
1.226633410041905242e-08
1.224626630942305108e-08
1.222624348712090502e-08
1.220627449732559445e-08
1.218635541165086857e-08
1.216648691943984876e-08
1.214666995453204252e-08
1.212690333198436670e-08
1.210718603306028510e-08
1.208751973479413936e-08
1.206790287199158149e-08
1.204832954159933874e-08
1.202878169204378936e-08
1.200925853947342102e-08
1.198975983236111844e-08
1.197028510061183460e-08
1.195083383999817847e-08
1.193141202694145626e-08
1.191202041288844930e-08
1.189265968331201502e-08
1.187332902532101482e-08
1.185402951654474146e-08
1.183475963879426373e-08
1.181551991504198220e-08
1.179631045838667082e-08
1.177713088750955179e-08
1.175797645920981909e-08
1.173883776675952508e-08
1.171971459578506817e-08
1.170060652853576938e-08
1.168151352832431729e-08
1.166243522805366692e-08
1.164337585975090793e-08
1.162433658177977718e-08
1.160531797652246104e-08
1.158631912723527848e-08
1.156734099300556733e-08
1.154838270668228575e-08
1.152944409770850902e-08
1.151052582704494213e-08
1.149162708954543449e-08
1.147274693155625211e-08
1.145387886369083982e-08
1.143502228217620497e-08
1.141617757976316676e-08
1.139734436395351206e-08
1.137852255116878935e-08
1.135971539270536127e-08
1.134092845176481131e-08
1.132216154948887827e-08
1.130341442822593875e-08
1.128468742190688698e-08
1.126598002185589519e-08
1.124729250636513694e-08
1.122862449010890866e-08
1.120997557328823165e-08
1.119134658320797919e-08
1.117273280613450647e-08
1.115413240371872379e-08
1.113554538236432763e-08
1.111697147433517837e-08
1.109841083325652333e-08
1.107986465769877476e-08
1.106134332525104064e-08
1.104284943075442627e-08
1.102438201082203803e-08
1.100594196423161757e-08
1.098752887696316807e-08
1.096914209592283118e-08
1.095078215013241586e-08
1.093244913989493164e-08
1.091414223742091306e-08
1.089586110843369942e-08
1.087760174745927452e-08
1.085936366153102590e-08
1.084114696080328217e-08
1.082295215158933739e-08
1.080477817958628949e-08
1.078662949091926278e-08
1.076851817394467986e-08
1.075044481546777435e-08
1.073241085908791495e-08
1.071441439911101470e-08
1.069645545135120190e-08
1.067853504849838997e-08
1.066065222052674030e-08
1.064280665289546978e-08
1.062499870254717078e-08
1.060722583384856432e-08
1.058948283409634657e-08
1.057176904400791387e-08
1.055408543008276274e-08
1.053643142982160913e-08
1.051880597570256456e-08
1.050121539256296639e-08
1.048367264468621704e-08
1.046617858315296622e-08
1.044873490852030242e-08
1.043133932529517803e-08
1.041399177161103615e-08
1.039669274488820502e-08
1.037944231081488213e-08
1.036223958316787445e-08
1.034508449674799381e-08
1.032797533267270640e-08
1.031090217446119472e-08
1.029386432054254990e-08
1.027686108328601042e-08
1.025989350611115546e-08
1.024296162953214994e-08
1.022606637159052128e-08
1.020922579732681842e-08
1.019244185894561151e-08
1.017571335932670795e-08
1.015904091068434288e-08
1.014242564133328126e-08
1.012586542579085549e-08
1.010936036435474308e-08
1.009290989967636477e-08
1.007651482125902219e-08
1.006017469071905158e-08
1.004387826043981892e-08
1.002762195623596074e-08
1.001140458755906897e-08
9.995226592058434752e-09
9.979087787804531544e-09
9.962987549276173731e-09
9.946937562647676379e-09
9.930949816916877767e-09
9.915021294259980268e-09
9.899151774490401974e-09
9.883341841325441789e-09
9.867592012859063658e-09
9.851900595677045812e-09
9.836268434354244237e-09
9.820694465113918347e-09
9.805178936021444143e-09
9.789718575368060157e-09
9.774299784719105408e-09
9.758921643152970037e-09
9.743583689880620540e-09
9.728285544343830318e-09
9.713028379253441508e-09
9.697812988890026516e-09
9.682651562899301318e-09
9.667548057803145418e-09
9.652503342212686945e-09
9.637516456142757932e-09
9.622586572393614795e-09
9.607714211241886417e-09
9.592899074988256462e-09
9.578141266545927694e-09
9.563440186585961773e-09
9.548795621434755401e-09
9.534201318752114196e-09
9.519645411872837333e-09
9.505126720881098006e-09
9.490644877094033486e-09
9.476200301362570890e-09
9.461793390103489664e-09
9.447424274970831287e-09
9.433103967327956533e-09
9.418835251280585863e-09
9.404618632052429523e-09
9.390453533073082042e-09
9.376339215176743914e-09
9.362275578425951616e-09
9.348263497629424458e-09
9.334301561275813843e-09
9.320390499042626601e-09
9.306529348655517090e-09
9.292714907750286294e-09
9.278933209263011811e-09
9.265182972405565139e-09
9.251464390258165275e-09
9.237776931543395872e-09
9.224120468159562443e-09
9.210495202821976404e-09
9.196909674231046427e-09
9.183367468832241419e-09
9.169867940227751589e-09
9.156410916469787726e-09
9.142996365506279000e-09
9.129624342054210462e-09
9.116294447510473318e-09
9.103006608421619425e-09
9.089760840452371707e-09
9.076557358343565199e-09
9.063394731299809535e-09
9.050262179227715564e-09
9.037155556355858207e-09
9.024074663689109643e-09
9.011019102896180899e-09
8.997988771912574718e-09
8.984983568482486819e-09
8.972005750085646496e-09
8.959062119786791520e-09
8.946152631536130333e-09
8.933277150631439395e-09
8.920435542102218982e-09
8.907627743598760969e-09
8.894854215864782597e-09
8.882114154103618750e-09
8.869407628348102399e-09
8.856734532536839271e-09
8.844094454131051630e-09
8.831485571818228585e-09
8.818897807516557076e-09
8.806329986012434290e-09
8.793782029378880367e-09
8.781253965325315897e-09
8.768745742137117051e-09
8.756257150012373831e-09
8.743791611537626179e-09
8.731353458005076679e-09
8.718942685341194994e-09
8.706559257055020900e-09
8.694203432537414373e-09
8.681874673178285834e-09
8.669573119092592917e-09
8.657298438088722635e-09
8.645050533137466002e-09
8.632829368557657722e-09
8.620634861379189644e-09
8.608464554295370323e-09
8.596311054175475783e-09
8.584173624469163934e-09
8.572052204046364757e-09
8.559946823775668694e-09
8.547857385154006269e-09
8.535783772710545662e-09
8.523729167033039747e-09
8.511697947608229645e-09
8.499690165284092132e-09
8.487705732981006364e-09
8.475744563404951246e-09
8.463806816529245953e-09
8.451892233183359989e-09
8.440000651008039531e-09
8.428131981791718352e-09
8.416286195108350947e-09
8.404463135741967108e-09
8.392662138939263564e-09
8.380877034281217932e-09
8.369106644755650545e-09
8.357350916075220579e-09
8.345609793814074162e-09
8.333883223408704643e-09
8.322171150158839328e-09
8.310474783144150669e-09
8.298800410055346128e-09
8.287148524028544006e-09
8.275519115042034284e-09
8.263912126690379263e-09
8.252327431625217694e-09
8.240764894670866049e-09
8.229224452335329407e-09
8.217706030495164836e-09
8.206209524224174265e-09
8.194734851544072185e-09
8.183282159242748409e-09
8.171847807750251983e-09
8.160428401106662630e-09
8.149023851634455162e-09
8.137634105968269229e-09
8.126259110593092618e-09
8.114898811845181082e-09
8.103553162594951417e-09
8.092226512131071871e-09
8.080923049843387401e-09
8.069642682458403329e-09
8.058385329821721076e-09
8.047150911535521003e-09
8.035939346959985169e-09
8.024750613379726447e-09
8.013584672298601198e-09
8.002441344244514047e-09
7.991320547556601773e-09
7.980222156049356939e-09
7.969146032473671861e-09
7.958087662798566756e-09
7.947044975215995702e-09
7.936017915287093276e-09
7.925006428404340200e-09
7.914010558718432187e-09
7.903030176361561424e-09
7.892065416721197801e-09
7.881121722376377388e-09
7.870202714189886783e-09
7.859308414670097930e-09
7.848438703553539208e-09
7.837593425421888869e-09
7.826772558724170355e-09
7.815975994175946312e-09
7.805203615920270244e-09
7.794455339892437476e-09
7.783731081759250432e-09
7.773030720450761209e-09
7.762354201690043186e-09
7.751696958611541488e-09
7.741056760838208777e-09
7.730433427445602502e-09
7.719826826573331055e-09
7.709236901314013615e-09
7.698663594568894511e-09
7.688106849048964875e-09
7.677571325236479768e-09
7.667061850426652276e-09
7.656578388985200045e-09
7.646120856316877991e-09
7.635689167515535268e-09
7.625283237365868895e-09
7.614902980345198886e-09
7.604548598176153744e-09
7.594219856476650299e-09
7.583916575094617625e-09
7.573638627476251081e-09
7.563386032840410603e-09
7.553155916139292921e-09
7.542943891532314623e-09
7.532749620426662686e-09
7.522573044809636196e-09
7.512414266439367873e-09
7.502273081525477857e-09
7.492149411613225203e-09
7.482044039052314629e-09
7.471964552905334710e-09
7.461911254189917871e-09
7.451884060258604378e-09
7.441882888132616400e-09
7.431907654503706759e-09
7.421958275735997752e-09
7.412035048114455082e-09
7.402137649754065882e-09
7.392265838325806117e-09
7.382419529068542937e-09
7.372598579089413773e-09
7.362802957221775983e-09
7.353027410196330525e-09
7.343269539457956025e-09
7.333528885368744195e-09
7.323805393339216569e-09
7.314099008557506342e-09
7.304409675990588393e-09
7.294737340385525019e-09
7.285084408403869636e-09
7.275456404131859504e-09
7.265853535645980308e-09
7.256276228229854631e-09
7.246723791689607497e-09
7.237196138907409761e-09
7.227693192447827850e-09
7.218214874545264012e-09
7.208761249475809254e-09
7.199332285601964912e-09
7.189927990814155565e-09
7.180547909537931512e-09
7.171191942780953390e-09
7.161854411013922877e-09
7.152533197385766499e-09
7.143228046641855732e-09
7.133938744384110236e-09
7.124665241972575393e-09
7.115407490550184011e-09
7.106165471149046889e-09
7.096941216936705921e-09
7.087739996787058624e-09
7.078562625626119493e-09
7.069408586913832167e-09
7.060277677464989568e-09
7.051169828622855566e-09
7.042085002074030571e-09
7.033023749434226797e-09
7.023985404762690942e-09
7.014969826598013029e-09
7.005976944817816959e-09
6.997006799629015521e-09
6.988060146982571276e-09
6.979132013027735534e-09
6.970218949893932309e-09
6.961320854777289779e-09
6.952437618075542156e-09
6.943569449948266544e-09
6.934716030011313878e-09
6.925877314376035129e-09
6.917053679913914557e-09
6.908249764916365103e-09
6.899467265647345008e-09
6.890706124195012318e-09
6.881965903308554432e-09
6.873246389179612057e-09
6.864547522401331741e-09
6.855869462725676645e-09
6.847212584494654076e-09
6.838576157044094515e-09
6.829960119879830483e-09
6.821364429560578696e-09
6.812789271871929433e-09
6.804233899727690681e-09
6.795693259712179793e-09
6.787165763919752886e-09
6.778651681563023108e-09
6.770150924998665054e-09
6.761663191183400917e-09
6.753188443068356174e-09
6.744726754008032449e-09
6.736279418072367384e-09
6.727850502968777936e-09
6.719440359174178509e-09
6.711048560082493169e-09
6.702675107800569135e-09
6.694320587467287984e-09
6.685984538669525959e-09
6.677666766303127642e-09
6.669367063560249288e-09
6.661085969486587852e-09
6.652823108444482501e-09
6.644578148163141693e-09
6.636350946406720837e-09
6.628141041162615075e-09
6.619942994871375892e-09
6.611756476766214696e-09
6.603581135548309748e-09
6.595417438495860285e-09
6.587264806314318504e-09
6.579123190296704998e-09
6.570992632667683327e-09
6.562874512219320758e-09
6.554772966802457960e-09
6.546688224998650161e-09
6.538619878058882338e-09
6.530568248614827728e-09
6.522533658019751931e-09
6.514515484908077494e-09
6.506513516300489375e-09
6.498528255293334042e-09
6.490559533175185458e-09
6.482606871879273420e-09
6.474670337959483777e-09
6.466750076993926570e-09
6.458845863348607081e-09
6.450953409834124677e-09
6.443071786798215536e-09
6.435200891581533661e-09
6.427340394195417608e-09
6.419490483760869915e-09
6.411651197167264831e-09
6.403822257905352926e-09
6.396003962214476754e-09
6.388200155766094041e-09
6.380412502707051812e-09
6.372640308495667381e-09
6.364883210942955372e-09
6.357141283760453378e-09
6.349415334693889181e-09
6.341704535936329750e-09
6.334008668501251092e-09
6.326328206074444106e-09
6.318663018836898018e-09
6.311012636336820193e-09
6.303377725855525922e-09
6.295758103180440381e-09
6.288151396698778502e-09
6.280554885443811283e-09
6.272968469532929685e-09
6.265391978311073940e-09
6.257825732943410430e-09
6.250269924121762640e-09
6.242723874319042711e-09
6.235187549624208847e-09
6.227662491932827139e-09
6.220152299575562234e-09
6.212657047431675149e-09
6.205176355597127484e-09
6.197711156930288794e-09
6.190260752389024080e-09
6.182824711955119183e-09
6.175403752946765121e-09
6.167997450323699156e-09
6.160605605035762795e-09
6.153228275931307894e-09
6.145865796458947642e-09
6.138517431309078607e-09
6.131184099114552352e-09
6.123862713314433162e-09
6.116550819767504211e-09
6.109248436020152264e-09
6.101955396588882176e-09
6.094671859928493152e-09
6.087398176528527333e-09
6.080133934183368035e-09
6.072878815025607875e-09
6.065634469968019677e-09
6.058404747689826360e-09
6.051189658099008054e-09
6.043988861615340448e-09
6.036803386698287165e-09
6.029632127116988294e-09
6.022474939229908364e-09
6.015332900954584463e-09
6.008204939282002345e-09
6.001091057607618484e-09
5.993991840446401072e-09
5.986906559093204843e-09
5.979835800734575474e-09
5.972779600046777894e-09
5.965735642360137091e-09
5.958701632242117027e-09
5.951677161040033655e-09
5.944662622958048444e-09
5.937658182431132320e-09
5.930663149870361403e-09
5.923677578182794141e-09
5.916701806108853112e-09
5.909735706226680415e-09
5.902783218225929231e-09
5.895846059116446915e-09
5.888923096025547832e-09
5.882014004381383459e-09
5.875119973956201740e-09
5.868240043286838318e-09
5.861374052553419329e-09
5.854522799178852250e-09
5.847685630619156962e-09
5.840862822054731304e-09
5.834054263493645380e-09
5.827259287409510139e-09
5.820478442179147585e-09
5.813711759003161086e-09
5.806955876239171878e-09
5.800209751559028344e-09
5.793473155025898554e-09
5.786746101901995212e-09
5.780028308765012794e-09
5.773320252842910734e-09
5.766622278718446916e-09
5.759933380455702634e-09
5.753255157380880233e-09
5.746591077904769663e-09
5.739940873361699522e-09
5.733304818340760899e-09
5.726683282825430648e-09
5.720075017939931195e-09
5.713481118040771049e-09
5.706901050813616643e-09
5.700334389514815366e-09
5.693781958458300984e-09
5.687243016776646010e-09
5.680718364135809527e-09
5.674207151745145863e-09
5.667709096703497268e-09
5.661224653596026940e-09
5.654750016534216037e-09
5.648284847368367228e-09
5.641828426917257898e-09
5.635380928496885276e-09
5.628942171342810008e-09
5.622512298373240307e-09
5.616092064805426220e-09
5.609680302556001433e-09
5.603278507261805412e-09
5.596890024915832411e-09
5.590514424377497502e-09
5.584152584651650909e-09
5.577803894611167201e-09
5.571467771884806078e-09
5.565145444450339139e-09
5.558835571742745185e-09
5.552538947203920681e-09
5.546255250124187903e-09
5.539984656598140537e-09
5.533727146665782188e-09
5.527481992156000355e-09
5.521249802213164405e-09
5.515030345498317503e-09
5.508821247956259211e-09
5.502620527931676911e-09
5.496428158762693195e-09
5.490243971758825410e-09
5.484068616126240937e-09
5.477901997718910176e-09
5.471743354455011352e-09
5.465593247491304454e-09
5.459451455218277423e-09
5.453321541023359914e-09
5.447204464358556491e-09
5.441099024063971784e-09
5.435006296825173162e-09
5.428925602371762181e-09
5.422856996674804974e-09
5.416801054848920418e-09
5.410756865253189678e-09
5.404725181450289815e-09
5.398705142121644367e-09
5.392697387226565516e-09
5.386701241240649077e-09
5.380717854507036404e-09
5.374746140086655901e-09
5.368785298112195355e-09
5.362832890953884447e-09
5.356888588918399953e-09
5.350952172301643665e-09
5.345023544702497242e-09
5.339102586278752298e-09
5.333189303140749830e-09
5.327284582594295203e-09
5.321387132935552945e-09
5.315498228741177800e-09
5.309620775301624330e-09
5.303754536040274384e-09
5.297900302643907640e-09
5.292056651666192587e-09
5.286224982973852676e-09
5.280404005118015967e-09
5.274594595178749571e-09
5.268796517648802854e-09
5.263009766951850211e-09
5.257233945188108055e-09
5.251469144208369210e-09
5.245715504689385088e-09
5.239973133906386226e-09
5.234242037522804479e-09
5.228520646531923122e-09
5.222806869007328666e-09
5.217100538613144469e-09
5.211401454719558459e-09
5.205709475334599568e-09
5.200024445882357540e-09
5.194346608956221681e-09
5.188676447254208306e-09
5.183012914130851274e-09
5.177357153674611234e-09
5.171711646921782832e-09
5.166077238595992142e-09
5.160453205633693150e-09
5.154839502805037908e-09
5.149236557446831222e-09
5.143643763161934321e-09
5.138061930857714799e-09
5.132490268762021321e-09
5.126929194771878505e-09
5.121378103538242492e-09
5.115837597263967409e-09
5.110307502667786862e-09
5.104787934298532344e-09
5.099278025210234141e-09
5.093778508162617147e-09
5.088286603599005113e-09
5.082801561769019403e-09
5.077323108516204242e-09
5.071851124957586276e-09
5.066386349494556654e-09
5.060928271362654083e-09
5.055476740640366374e-09
5.050031672714304235e-09
5.044593442843235938e-09
5.039164458652732693e-09
5.033744898688566703e-09
5.028335807713364845e-09
5.022936167915435917e-09
5.017547359986219309e-09
5.012167717782541207e-09
5.006798673160099382e-09
5.001438788822591773e-09
4.996089290865810984e-09
4.990749476169409008e-09
4.985419782467233875e-09
4.980099382577868185e-09
4.974788949191153451e-09
4.969488153948079090e-09
4.964197530717692753e-09
4.958915336385688491e-09
4.953640002177425854e-09
4.948371445395791934e-09
4.943109322412067532e-09
4.937853562317493312e-09
4.932603977438990149e-09
4.927361482154998030e-09
4.922125093870492740e-09
4.916895197783392500e-09
4.911671418816017899e-09
4.906457218991651173e-09
4.901252236269340016e-09
4.896056728669250709e-09
4.890870551475257449e-09
4.885694238471295138e-09
4.880527087548018249e-09
4.875369622082487422e-09
4.870221101287213905e-09
4.865082231299603440e-09
4.859952698635556466e-09
4.854832774686910826e-09
4.849721628655846085e-09
4.844619952434171014e-09
4.839527528225634818e-09
4.834444592732018001e-09
4.829369813552376796e-09
4.824301682464489112e-09
4.819239993038538538e-09
4.814184235030732615e-09
4.809134475830410440e-09
4.804090828058736017e-09
4.799053734755004487e-09
4.794022392021930151e-09
4.788996946535310749e-09
4.783977770712187669e-09
4.778966775092085774e-09
4.773964265045969941e-09
4.768971222060798880e-09
4.763987087755674402e-09
4.759012115344246206e-09
4.754045997756014202e-09
4.749088671623603192e-09
4.744140458240690338e-09
4.739201045416176832e-09
4.734270899446636754e-09
4.729349092589561172e-09
4.724436312057872104e-09
4.719532565379887543e-09
4.714637553963984130e-09
4.709750964328557906e-09
4.704873260307284934e-09
4.700002818887914864e-09
4.695137895462225437e-09
4.690278583571039560e-09
4.685425455055949814e-09
4.680577998722411443e-09
4.675736207048234209e-09
4.670899810289364582e-09
4.666069914424576699e-09
4.661245269506056986e-09
4.656426717900084231e-09
4.651616519885351028e-09
4.646815460438661248e-09
4.642022422348420031e-09
4.637238386590755737e-09
4.632462889858899735e-09
4.627695954116344383e-09
4.622937799837360042e-09
4.618187665269036765e-09
4.613446557197317290e-09
4.608713868371348762e-09
4.603989647896853001e-09
4.599273725820091188e-09
4.594566033902225452e-09
4.589867552030485251e-09
4.585176686919444176e-09
4.580494359558744383e-09
4.575818488741946919e-09
4.571148184551076218e-09
4.566483290689156126e-09
4.561824262157134654e-09
4.557170988428852272e-09
4.552523185747491618e-09
4.547880535670380897e-09
4.543244238861015295e-09
4.538613056468709601e-09
4.533987828138283647e-09
4.529370565529936546e-09
4.524762002446218964e-09
4.520161158316814042e-09
4.515568650135248511e-09
4.510984639797671683e-09
4.506408381514871042e-09
4.501840831171515649e-09
4.497280857606239923e-09
4.492729338400716607e-09
4.488186035339093805e-09
4.483650431035584191e-09
4.479123044802750052e-09
4.474603796309116599e-09
4.470092623521670902e-09
4.465589150752496771e-09
4.461093823915779554e-09
4.456605224445133146e-09
4.452121661949434415e-09
4.447643426913980560e-09
4.443170964455739279e-09
4.438703590208940087e-09
4.434241173761534170e-09
4.429784722548490853e-09
4.425333245231270952e-09
4.420887033836671538e-09
4.416446013707587489e-09
4.412012344006744631e-09
4.407585942076726455e-09
4.403167393908269122e-09
4.398757125245590886e-09
4.394353918184049370e-09
4.389959018366371007e-09
4.385571337433589801e-09
4.381191620583694234e-09
4.376819718857426362e-09
4.372455009717681930e-09
4.368098154017939323e-09
4.363749178291851374e-09
4.359407352789427071e-09
4.355073203771577279e-09
4.350746716934364801e-09
4.346427718366458115e-09
4.342115891157926286e-09
4.337809621770355003e-09
4.333508305984449627e-09
4.329211642794509810e-09
4.324920101325588388e-09
4.320633621051458843e-09
4.316351874342686373e-09
4.312074665169824706e-09
4.307803083359185454e-09
4.303535965562692016e-09
4.299273551741190040e-09
4.295018622804440451e-09
4.290770456260077853e-09
4.286529838324293166e-09
4.282296327117511701e-09
4.278070125996858447e-09
4.273851291135722123e-09
4.269639204134563346e-09
4.265434768804933058e-09
4.261237418080223136e-09
4.257046887099316542e-09
4.252863763678551938e-09
4.248687962549907642e-09
4.244518861426906025e-09
4.240356919137030960e-09
4.236202197205068163e-09
4.232054368415782769e-09
4.227913407835186678e-09
4.223777730922752324e-09
4.219646652280508586e-09
4.215520016973724184e-09
4.211398441728504147e-09
4.207281373742874063e-09
4.203168760201940772e-09
4.199060926059171748e-09
4.194957769698731671e-09
4.190859143804021695e-09
4.186764972206717425e-09
4.182677351084636295e-09
4.178596190100195777e-09
4.174521782179251415e-09
4.170454985876090131e-09
4.166394434961133398e-09
4.162340658050197534e-09
4.158294160461063072e-09
4.154254124431201528e-09
4.150220873072965753e-09
4.146194420563827784e-09
4.142174858539735998e-09
4.138161877134057620e-09
4.134155572871513279e-09
4.130156063394077935e-09
4.126163232506312033e-09
4.122176971484894533e-09
4.118197514129339362e-09
4.114223673608551741e-09
4.110254173997838050e-09
4.106289433600388441e-09
4.102329007944306223e-09
4.098372753708322063e-09
4.094421408537509404e-09
4.090474253855562816e-09
4.086531353867671517e-09
4.082593091981118634e-09
4.078659116911643288e-09
4.074729788067736018e-09
4.070806818616152299e-09
4.066890421785109130e-09
4.062980497575838977e-09
4.059076817396431969e-09
4.055179891355031214e-09
4.051289415667012345e-09
4.047404965413551008e-09
4.043527299792665072e-09
4.039656124317816799e-09
4.035790949581153862e-09
4.031932227312111714e-09
4.028080228814164629e-09
4.024234160657935521e-09
4.020394375712323440e-09
4.016561398284530461e-09
4.012734118880084519e-09
4.008913402867397825e-09
4.005097939392364784e-09
4.001286259209601453e-09
3.997479142808266628e-09
3.993676115222088036e-09
3.989876942688230590e-09
3.986082263524339162e-09
3.982291590535592992e-09
3.978504857419459947e-09
3.974722497726930085e-09
3.970944109858723184e-09
3.967170000282888802e-09
3.963401992185577190e-09
3.959639922077454434e-09
3.955884137658158658e-09
3.952134433383790503e-09
3.948390595920777457e-09
3.944653208894763504e-09
3.940921669729738452e-09
3.937196162381200142e-09
3.933476831071469061e-09
3.929763317907471058e-09
3.926056076333410987e-09
3.922354618932390770e-09
3.918659119203185601e-09
3.914969882314019213e-09
3.911286289869752824e-09
3.907608604279063502e-09
3.903937263587188108e-09
3.900270841106226512e-09
3.896608476987522878e-09
3.892950434203493579e-09
3.889295978663516510e-09
3.885645430676119885e-09
3.881999069016742636e-09
3.878356341401215489e-09
3.874717556012809043e-09
3.871082760105526043e-09
3.867451684199837048e-09
3.863824590181946210e-09
3.860202373845496471e-09
3.856586023664063804e-09
3.852975631870620812e-09
3.849370781649636034e-09
3.845772058368498037e-09
3.842179139384142483e-09
3.838591762140653324e-09
3.835010287999735236e-09
3.831434711492113848e-09
3.827864829976610499e-09
3.824300434196903673e-09
3.820741993646273925e-09
3.817189483807943205e-09
3.813642229240329612e-09
3.810100677403116961e-09
3.806565365988429494e-09
3.803035105547807538e-09
3.799510774164524506e-09
3.795991200121867082e-09
3.792475240866903077e-09
3.788963384174741132e-09
3.785455185626770705e-09
3.781950527757619071e-09
3.778450129937170541e-09
3.774953254956078158e-09
3.771459848728600730e-09
3.767970769831975303e-09
3.764485141736684676e-09
3.761003176574994401e-09
3.757526278739870080e-09
3.754054791533248246e-09
3.750588876735297564e-09
3.747128355998882501e-09
3.743673541381286374e-09
3.740224221958136600e-09
3.736780161838224330e-09
3.733341600854577607e-09
3.729908754663358927e-09
3.726481228421959047e-09
3.723058912104569233e-09
3.719642149746611885e-09
3.716231043836941149e-09
3.712825002086362450e-09
3.709424389567369765e-09
3.706029279856051103e-09
3.702639364223616870e-09
3.699255021343722281e-09
3.695875198410912818e-09
3.692498954298144918e-09
3.689126644566414985e-09
3.685757541079995235e-09
3.682392146721783145e-09
3.679030362506665601e-09
3.675671803841127884e-09
3.672317241476416995e-09
3.668965977678965403e-09
3.665617842301827231e-09
3.662273961683970849e-09
3.658933565260931186e-09
3.655598426932665300e-09
3.652268820837149338e-09
3.648944148969728034e-09
3.645624607147915712e-09
3.642310215377738060e-09
3.639001205914046404e-09
3.635697281320542613e-09
3.632398408157320085e-09
3.629104504745200577e-09
3.625816021768828391e-09
3.622532658349534135e-09
3.619254130573894477e-09
3.615980757598571672e-09
3.612712592620282552e-09
3.609449314871693254e-09
3.606191278057218936e-09
3.602937987483762805e-09
3.599689788685570406e-09
3.596445817666760391e-09
3.593204685134293645e-09
3.589967245130244749e-09
3.586732965421304545e-09
3.583501736949281158e-09
3.580274218540367705e-09
3.577049736887465609e-09
3.573828359096794032e-09
3.570610558881194744e-09
3.567395778908103522e-09
3.564184413257141525e-09
3.560976968772967090e-09
3.557774340803832310e-09
3.554577161051460820e-09
3.551384449286642712e-09
3.548196529433906395e-09
3.545013922117196521e-09
3.541836132485907046e-09
3.538663058128789079e-09
3.535494899418217064e-09
3.532331472869086372e-09
3.529173139258094318e-09
3.526019658985273890e-09
3.522870769110251625e-09
3.519726762715680113e-09
3.516587674170608577e-09
3.513453216235974979e-09
3.510323824760609290e-09
3.507198787120961310e-09
3.504078749697784368e-09
3.500962708356886933e-09
3.497849584735321214e-09
3.494739962695539354e-09
3.491633395067940267e-09
3.488529817916169674e-09
3.485429849409642006e-09
3.482332689430111951e-09
3.479238977017064782e-09
3.476148323818973565e-09
