1.367200140523933810e-06
1.473298019718495331e-06
1.575587985272008046e-06
1.674192806749848780e-06
1.769202591145818749e-06
1.860717696444705488e-06
1.948837513635762923e-06
2.033658115370869040e-06
2.115273730547138066e-06
2.193778139017955901e-06
2.269258528605645855e-06
2.341800973800290918e-06
2.411487842806701324e-06
2.478399389423195096e-06
2.542612064664757967e-06
2.604199635261050511e-06
2.663237222284745688e-06
2.719792638190121592e-06
2.773935493905192908e-06
2.825730666947388953e-06
2.875238279167667274e-06
2.922522247848198774e-06
2.967641329363400077e-06
3.010653760062270696e-06
3.051612702642434946e-06
3.090575797536033661e-06
3.127592943659299369e-06
3.162712612555987584e-06
3.195988461785505687e-06
3.227464062915085150e-06
3.257188492669931587e-06
3.285203415689863558e-06
3.311555095573119893e-06
3.336284698950351812e-06
3.359432622133195019e-06
3.381041392194151935e-06
3.401148308741827473e-06
3.419795008993941449e-06
3.437016317591147347e-06
3.452855277316557689e-06
3.467341066528671300e-06
3.480515447691374750e-06
3.492411607009522850e-06
3.503059860118977263e-06
3.512501051994349699e-06
3.520761037070920201e-06
3.527880287850069870e-06
3.533882839176788334e-06
3.538802612115076258e-06
3.542673531690337988e-06
3.545517206966666746e-06
3.547371742359582321e-06
3.548262353106896507e-06
3.548214269713639401e-06
3.547262884086878417e-06
3.545429245815344245e-06
3.542741083038577728e-06
3.539230284169230922e-06
3.534915901795180348e-06
3.529825871098326550e-06
3.523989757967002522e-06
3.517425443317610308e-06
3.510157871896290917e-06
3.502218372871870336e-06
3.493622956159223713e-06
3.484394221876318841e-06
3.474562519914321494e-06
3.464145440751522871e-06
3.453163409313974326e-06
3.441641335109467492e-06
3.429603088065677172e-06
3.417061999725258593e-06
3.404043174110661102e-06
3.390572366379503489e-06
3.376666263067632951e-06
3.362337807877560024e-06
3.347613532037336257e-06
3.332516085007859696e-06
3.317060069175465698e-06
3.301258065975482401e-06
3.285136261647467574e-06
3.268715528059256454e-06
3.252008804927370757e-06
3.235026352282512414e-06
3.217793349115475832e-06
3.200329107822584090e-06
3.182644947757321062e-06
3.164751944729090727e-06
3.146672025554135664e-06
3.128420640552536846e-06
3.110010772135723459e-06
3.091455519309570287e-06
3.072766071131171410e-06
3.053962297432748106e-06
3.035057469276749114e-06
3.016059813709897922e-06
2.996983260156295479e-06
2.977840214272144563e-06
2.958646079647692535e-06
2.939411510005820181e-06
2.920143263971777315e-06
2.900855893042689218e-06
2.881559645708148037e-06
2.862267887910161656e-06
2.842988279875510697e-06
2.823726551289544266e-06
2.804497901196430232e-06
2.785309568805794532e-06
2.766174280609199821e-06
2.747095716196394806e-06
2.728080553552329276e-06
2.709137485466359778e-06
2.690278140555314167e-06
2.671510207087337601e-06
2.652839357651374028e-06
2.634269672729671045e-06
2.615804302793640807e-06
2.597456003146819053e-06
2.579229472175763134e-06
2.561134018345584653e-06
2.543171444136624957e-06
2.525344694903898412e-06
2.507655534642582059e-06
2.490116074179971379e-06
2.472729103986786464e-06
2.455500748550835476e-06
2.438432130859177813e-06
2.421525761049536374e-06
2.404782899248676325e-06
2.388209935224367591e-06
2.371811493406073495e-06
2.355588956056918612e-06
2.339547464821688048e-06
2.323682952274088295e-06
2.308001625522717623e-06
2.292500636830408918e-06
2.277189697594300958e-06
2.262065417721321112e-06
2.247132462062086102e-06
2.232389610551916301e-06
2.217836939519544625e-06
2.203477673471032862e-06
2.189308149778700010e-06
2.175335484005203455e-06
2.161554688385354822e-06
2.147969722923522226e-06
2.134578316538736644e-06
2.121379729225565063e-06
2.108377188147762622e-06
2.095564660056490343e-06
2.082948522493995159e-06
2.070523233771328335e-06
2.058288832727936292e-06
2.046246294607580120e-06
2.034389955442078397e-06
2.022725371846900332e-06
2.011247359663258418e-06
1.999955500152929527e-06
1.988851204388248720e-06
1.977925602767311541e-06
1.967183040015495495e-06
1.956619053860521113e-06
1.946232124536657371e-06
1.936025024287650597e-06
1.925990248196817902e-06
1.916129403258116136e-06
1.906441430443954336e-06
1.896917350518751396e-06
1.887559425074664288e-06
1.878363592473652089e-06
1.869327373026698184e-06
1.860453282733395808e-06
1.851735259164472719e-06
1.843171272222194068e-06
1.834762432465094231e-06
1.826498813236036358e-06
1.818380408934692710e-06
1.810406179588854902e-06
1.802568381663828486e-06
1.794870684183653178e-06
1.787310360245833013e-06
1.779880227864297017e-06
1.772582317847747944e-06
1.765413078527576244e-06
1.758364252642556754e-06
1.751436166361699355e-06
1.744626163985992650e-06
1.737928225252343310e-06
1.731343669243953071e-06
1.724870083198059593e-06
1.718500407680273160e-06
1.712235477616814411e-06
1.706072868566464829e-06
1.700003929867866769e-06
1.694029089965044502e-06
1.688146357370396608e-06
1.682348974868517260e-06
1.676636924193786814e-06
1.671009805383314450e-06
1.665460003671244861e-06
1.659985971596135462e-06
1.654587571476348802e-06
1.649258636411135937e-06
1.643995102416651137e-06
1.638797033964489545e-06
1.633661316323911105e-06
1.628581950306044566e-06
1.623559324812779832e-06
1.618592038148711852e-06
1.613672753822925388e-06
1.608800709542984420e-06
1.603975540896955601e-06
1.599191510079599061e-06
1.594445185375596052e-06
1.589736569859729112e-06
1.585063539717511081e-06
1.580420240408405919e-06
1.575806343619521005e-06
1.571221487559897041e-06
1.566659862373702310e-06
1.562118566271653896e-06
1.557597534340566616e-06
1.553094912574650839e-06
1.548605171040727145e-06
1.544127911643188423e-06
1.539662974385452083e-06
1.535206484212698389e-06
1.530755187757954292e-06
1.526309093056206094e-06
1.521867530271088602e-06
1.517424936537300001e-06
1.512979829239317884e-06
1.508532199827519908e-06
1.504080617239254641e-06
1.499620745796007027e-06
1.495152333723448601e-06
1.490675433417925747e-06
1.486187866306410023e-06
1.481686474129402914e-06
1.477171106642910739e-06
1.472641987038717497e-06
1.468095839475270839e-06
1.463530165356465868e-06
1.458945022436873514e-06
1.454340649924241440e-06
1.449714470436182202e-06
1.445065317176107694e-06
1.440393047123584738e-06
1.435698145776129956e-06
1.430978327258475266e-06
1.426232423514007526e-06
1.421460503303199092e-06
1.416662966392810305e-06
1.411837602896211685e-06
1.406983183179114774e-06
1.402099851476460351e-06
1.397188267330082221e-06
1.392247785543549514e-06
1.387277592290888762e-06
1.382277571718745086e-06
1.377248706974639300e-06
1.372190691781802066e-06
1.367102665796502176e-06
1.361984464654727898e-06
1.356836929284182409e-06
1.351660403452848537e-06
1.346453682718690574e-06
1.341216877712088835e-06
1.335950335906922352e-06
1.330656064442182639e-06
1.325333783877507586e-06
1.319983308964589342e-06
1.314604934494737529e-06
1.309200463868700880e-06
1.303770494523200631e-06
1.298314515306294688e-06
1.292832902181529387e-06
1.287326449353359974e-06
1.281797039554952597e-06
1.276244430737971077e-06
1.270668731534475604e-06
1.265070106022477236e-06
1.259451537332446914e-06
1.253814282968534633e-06
1.248158285395773339e-06
1.242483646618296289e-06
1.236791518980033108e-06
1.231085016739545334e-06
1.225364079377451204e-06
1.219628779828168505e-06
1.213879247753383220e-06
1.208118243165071819e-06
1.202347630574074775e-06
1.196567319724415230e-06
1.190777427487126381e-06
1.184978505571453892e-06
1.179174991586671844e-06
1.173367743838349003e-06
1.167556728284051225e-06
1.161742061592688472e-06
1.155925254942136474e-06
1.150110002070008200e-06
1.144296677119629122e-06
1.138485236420161590e-06
1.132675637516281409e-06
1.126870194862497698e-06
1.121072387198709108e-06
1.115282265518353117e-06
1.109499748517172339e-06
1.103724821646888860e-06
1.097960775572650413e-06
1.092210595161356069e-06
1.086474361845885169e-06
1.080752055476276809e-06
1.075043572103514795e-06
1.069352055493718266e-06
1.063680185919763950e-06
1.058027914211389468e-06
1.052395119990850515e-06
1.046781783073701359e-06
1.041190807185441648e-06
1.035625080252596034e-06
1.030084534925785524e-06
1.024569184100912038e-06
1.019078723559491007e-06
1.013615558167761890e-06
1.008182933847262246e-06
1.002781138705745875e-06
9.974099497415559141e-07
9.920688604364490879e-07
9.867589848117575157e-07
9.814843742925494133e-07
9.762449221686876432e-07
9.710407957346585325e-07
9.658713791531354889e-07
9.607365791375795286e-07
9.556409474602012526e-07
9.505848372641453214e-07
9.455684756511051107e-07
9.405913353140124306e-07
9.356525658957127556e-07
9.307555234195595229e-07
9.259017196098864741e-07
9.210912822670141032e-07
9.163234516899772236e-07
9.115983503952730405e-07
9.069152740516754482e-07
9.022777886937692439e-07
8.976862010003891290e-07
8.931404507946141614e-07
8.886395711645279186e-07
8.841828160536326088e-07
8.797726904803110515e-07
8.754109227785732410e-07
8.710974571052098548e-07
8.668316331116887931e-07
8.626131713600249300e-07
8.584405356933091575e-07
8.543172373239463467e-07
8.502436256838062998e-07
8.462191075585260143e-07
8.422435993622272167e-07
8.383147837501920209e-07
8.344342268150991354e-07
8.306029935328178077e-07
8.268208059485970118e-07
8.230878557478085382e-07
8.194039706531623987e-07
8.157659130568182315e-07
8.121768689203706264e-07
8.086371896875143962e-07
8.051473582063106286e-07
8.017064382396542542e-07
7.983140814077274488e-07
7.949675665426429648e-07
7.916693082411482937e-07
7.884189688224946446e-07
7.852172365148059444e-07
7.820636973635305734e-07
7.789573104463644639e-07
7.758942175965196103e-07
7.728778320461348075e-07
7.699070551655357557e-07
7.669823227305899072e-07
7.641034579443506403e-07
7.612694430115361963e-07
7.584766319317117386e-07
7.557283220669004151e-07
7.530234127034941532e-07
7.503624176513770019e-07
7.477452193114380039e-07
7.451709060154509389e-07
7.426355184392469131e-07
7.401411897771177169e-07
7.376872425985766219e-07
7.352746575096062003e-07
7.329024712314157226e-07
7.305702937206325108e-07
7.282743511251869199e-07
7.260147677073163531e-07
7.237918759183364158e-07
7.216058200848315593e-07
7.194560052677102938e-07
7.173427084270528555e-07
7.152628940160995848e-07
7.132151906007297938e-07
7.112002223494002706e-07
7.092180873542437795e-07
7.072689695443408252e-07
7.053520754292267026e-07
7.034666385441716772e-07
7.016090549832026026e-07
6.997797888206311507e-07
6.979787718449311368e-07
6.962063891113246822e-07
6.944622898540662634e-07
6.927460725895815160e-07
6.910541286409206910e-07
6.893853688179089769e-07
6.877403560453288198e-07
6.861184177308451009e-07
6.845202305209043828e-07
6.829449334009835977e-07
6.813919448950293808e-07
6.798575530815319159e-07
6.783419154364680670e-07
6.768447441910983832e-07
6.753666035190230426e-07
6.739068556733018351e-07
6.724656337741992046e-07
6.710406924146372665e-07
6.696295422836439388e-07
6.682321093371512170e-07
6.668487254399837996e-07
6.654789848513267899e-07
6.641232201191210768e-07
6.627809390712727680e-07
6.614492621689427396e-07
6.601265455297516465e-07
6.588128730953474818e-07
6.575081515640293720e-07
6.562125420457996347e-07
6.549256996349779487e-07
6.536476842824544086e-07
6.523753871305084718e-07
6.511076576699897562e-07
6.498445141105660864e-07
6.485858985731315119e-07
6.473319538594841239e-07
6.460824003129825350e-07
6.448373233495091134e-07
6.435938903895672182e-07
6.423508685732134039e-07
6.411081838916691761e-07
6.398659331213869042e-07
6.386240974478325357e-07
6.373825735119589127e-07
6.361414452814655855e-07
6.348985576740782500e-07
6.336525154091947121e-07
6.324031802458128452e-07
6.311506444671240496e-07
6.298948694337987302e-07
6.286359479455278026e-07
6.273737370835749830e-07
6.261072832612711014e-07
6.248348458927033920e-07
6.235562764040365660e-07
6.222714491171329453e-07
6.209805071320891554e-07
6.196834576211037378e-07
6.183803872617940447e-07
6.170709725213761337e-07
6.157533970369457034e-07
6.144274114423736591e-07
6.130929654225212115e-07
6.117499553719022605e-07
6.103984218213292058e-07
6.090386255110430827e-07
6.076702899247718616e-07
6.062931502865807364e-07
6.049060542215757335e-07
6.035088378225023425e-07
6.021016787823304004e-07
6.006846491388139092e-07
5.992575477451912937e-07
5.978207278174520478e-07
5.963744138781483384e-07
5.949176564492766547e-07
5.934504803403843764e-07
5.919727945861998418e-07
5.904844141506128358e-07
5.889855253327549890e-07
5.874762480424960785e-07
5.859566175853604858e-07
5.844272221144405377e-07
5.828874007345026006e-07
5.813371388003628982e-07
5.797762846922238995e-07
5.782049114131712928e-07
5.766232866165849215e-07
5.750310981283397263e-07
5.734289953471981971e-07
5.718176414562670160e-07
5.701968634011616989e-07
5.685664243278644443e-07
5.669264320053618070e-07
5.652770180103171516e-07
5.636180325364463689e-07
5.619495997561325483e-07
5.602724729589843861e-07
5.585875631075755419e-07
5.568947553789984827e-07
5.551940647884739156e-07
5.534855363094967547e-07
5.517692026320701075e-07
5.500449138495258728e-07
5.483128957741985800e-07
5.465738021665568837e-07
5.448288919288157149e-07
5.430781865800906204e-07
5.413217038482464968e-07
5.395594277211736796e-07
5.377914135307912283e-07
5.360176110777657451e-07
5.342380504057997921e-07
5.324533221721751829e-07
5.306650446394892238e-07
5.288737409789811570e-07
5.270792655364006201e-07
5.252816493086589140e-07
5.234809348756258410e-07
5.216771349903935678e-07
5.198701843670453577e-07
5.180603077665678580e-07
5.162493460315569441e-07
5.144380372485339911e-07
5.126264957997005836e-07
5.108146741058131760e-07
5.090025418331766771e-07
5.071901258444986851e-07
5.053775074155286344e-07
5.035645694577576164e-07
5.017523280436447265e-07
4.999425057044631109e-07
4.981352443072041246e-07
4.963304607920075421e-07
4.945282259447020815e-07
4.927285161342755364e-07
4.909313390014468409e-07
4.891366937193159621e-07
4.873446564587606380e-07
4.855570736924776892e-07
4.837749205557974007e-07
4.819982527658958864e-07
4.802270389287622117e-07
4.784613118952775106e-07
4.767009768250632093e-07
4.749460697449716533e-07
4.731965967285202421e-07
4.714527572551497214e-07
4.697166589892718021e-07
4.679886538892279278e-07
4.662686360417483821e-07
4.645566780394466870e-07
4.628527206166080752e-07
4.611567052123021312e-07
4.594686219883047002e-07
4.577883874135034825e-07
4.561165894013757722e-07
4.544547354463421788e-07
4.528029145669014836e-07
4.511612092740789138e-07
4.495295701387797884e-07
4.479080119256565868e-07
4.462964587697852186e-07
4.446948742768491641e-07
4.431033387855994765e-07
4.415220259354027690e-07
4.399523973484033706e-07
4.383946835212132974e-07
4.368488404316032808e-07
4.353148839879532130e-07
4.337928028607792019e-07
4.322825193499331690e-07
4.307840171227775946e-07
4.292972859239669489e-07
4.278221086789574162e-07
4.263597882467440190e-07
4.249105064503233660e-07
4.234743630424627847e-07
4.220512252246221203e-07
4.206412152334971258e-07
4.192441226878353922e-07
4.178599958409439906e-07
4.164887336312096957e-07
4.151294478824045051e-07
4.137836938224372738e-07
4.124513634514679108e-07
4.111324861293312583e-07
4.098272256129599483e-07
4.085355168316894922e-07
4.072572078964982304e-07
4.059922186874978883e-07
4.047406322325308458e-07
4.035015983161035438e-07
4.022755873392126136e-07
4.010630295735835493e-07
3.998640164546495318e-07
3.986786571514261108e-07
3.975068248845533675e-07
3.963486009797397986e-07
3.952038760370792609e-07
3.940724654226486644e-07
3.929542054683214876e-07
3.918479843189200253e-07
3.907546581718856804e-07
3.896743455264713232e-07
3.886071335750521101e-07
3.875529318059848744e-07
3.865117198315677933e-07
3.854834588782005621e-07
3.844680353287323949e-07
3.834655246777169849e-07
3.824748429704107584e-07
3.814956352449781442e-07
3.805282557890270753e-07
3.795726898913316756e-07
3.786290109513572888e-07
3.776971995309259732e-07
3.767773505004277388e-07
3.758692206335735701e-07
3.749728953165890941e-07
3.740882449397802685e-07
3.732136246963953988e-07
3.723492555323265045e-07
3.714953977635993448e-07
3.706519438688045074e-07
3.698188663599546726e-07
3.689961796627514981e-07
3.681839048455301842e-07
3.673819975328063715e-07
3.665903169868583244e-07
3.658088078774451671e-07
3.650358447251482980e-07
3.642714720969503438e-07
3.635157128908306105e-07
3.627686186491409853e-07
3.620301472884312063e-07
3.613003112636272548e-07
3.605791550609577539e-07
3.598665853952919121e-07
3.591625224197295858e-07
3.584669247641440156e-07
3.577781539173929451e-07
3.570960198549509050e-07
3.564206031220490584e-07
3.557518563795194667e-07
3.550897814192497420e-07
3.544343881914735585e-07
3.537857006779859359e-07
3.531436376571787267e-07
3.525082300880690955e-07
3.518794569024488969e-07
3.512559518506372972e-07
3.506371018758468781e-07
3.500229224559053909e-07
3.494134473629058271e-07
3.488086535931485810e-07
3.482085646829475757e-07
3.476131870180630245e-07
3.470224552307124568e-07
3.464363556233196180e-07
3.458549243299288732e-07
3.452775537970317417e-07
3.447030138968054309e-07
3.441311393739372009e-07
3.435619465009675837e-07
3.429954725711531782e-07
3.424316921332556201e-07
3.418705830426414126e-07
3.413121614588145411e-07
3.407563949541668232e-07
3.402032772730581879e-07
3.396527739195901083e-07
3.391038415239038763e-07
3.385557689177404881e-07
3.380085326707763121e-07
3.374621524068853821e-07
3.369166249250190171e-07
3.363719378862047527e-07
3.358281266848471963e-07
3.352851767972747420e-07
3.347430515796933033e-07
3.342017389444503848e-07
3.336610871732808755e-07
3.331201153117169669e-07
3.325784630400426494e-07
3.320361287617702242e-07
3.314930296992708440e-07
3.309492428518151749e-07
3.304047660372398807e-07
3.298595543194412579e-07
3.293136632142609827e-07
3.287671078759337506e-07
3.282198806598654517e-07
3.276716705792012798e-07
3.271218379824102795e-07
3.265700887618867009e-07
3.260164438413295747e-07
3.254608745947839925e-07
3.249033160646961276e-07
3.243438574684057455e-07
3.237824474714969600e-07
3.232191139510204991e-07
3.226539136153239617e-07
3.220868385295879864e-07
3.215176828245723255e-07
3.209461114721706811e-07
3.203718960650095653e-07
3.197950363860473731e-07
3.192154871201119815e-07
3.186332175817249284e-07
3.180482959921850410e-07
3.174606371323174715e-07
3.168703573410493219e-07
3.162774779052344111e-07
3.156818734514922215e-07
3.150836933732100642e-07
3.144828942868956281e-07
3.138792611385598414e-07
3.132727201855196101e-07
3.126632776361611545e-07
3.120509492842025757e-07
3.114357391898645426e-07
3.108176717785808750e-07
3.101967609645141517e-07
3.095729721974128006e-07
3.089464016693452786e-07
3.083170158470977672e-07
3.076850189912731864e-07
3.070504455399918281e-07
3.064132615246014114e-07
3.057734592936521534e-07
3.051310545328389845e-07
3.044860290483653598e-07
3.038383646992419447e-07
3.031880768985037638e-07
3.025351437995193932e-07
3.018796269132973609e-07
3.012215219662123409e-07
3.005610218640994276e-07
2.998985648265795476e-07
2.992342014049125125e-07
2.985678972187933226e-07
2.978996313450894008e-07
2.972293839354841582e-07
2.965571951859049309e-07
2.958830509001430506e-07
2.952069805659512159e-07
2.945289998725395440e-07
2.938490953166623146e-07
2.931672094234124054e-07
2.924839021571444663e-07
2.917996135476947112e-07
2.911143196033948928e-07
2.904280006897142443e-07
2.897407087426420391e-07
2.890524381767794956e-07
2.883631545197703089e-07
2.876728795087880702e-07
2.869816024828167017e-07
2.862893740160811954e-07
2.855961740607198821e-07
2.849019909047817304e-07
2.842073441845410323e-07
2.835128092611932511e-07
2.828183531135401030e-07
2.821239646208913175e-07
2.814295951492779229e-07
2.807353873683767528e-07
2.800412279220554650e-07
2.793471639452941183e-07
2.786531275580634598e-07
2.779592261305510510e-07
2.772653740759644508e-07
2.765716054780465421e-07
2.758783455762259637e-07
2.751863046497688777e-07
2.744954736135163588e-07
2.738057962333480855e-07
2.731173421602327391e-07
2.724301577268195949e-07
2.717442189276284743e-07
2.710594621807082329e-07
2.703759087137262624e-07
2.696935922520405117e-07
2.690124450628889934e-07
2.683325502248884190e-07
2.676539976861615761e-07
2.669775657812654782e-07
2.663032893953791660e-07
2.656311957503257372e-07
2.649614150092082103e-07
2.642938939960181346e-07
2.636285358722632712e-07
2.629654030371191331e-07
2.623045016226225082e-07
2.616458382383408906e-07
2.609893403387875540e-07
2.603350572294009568e-07
2.596829916241434837e-07
2.590333453032779448e-07
2.583868151659886660e-07
2.577432960083589667e-07
2.571027666832213488e-07
2.564651456230341154e-07
2.558306302893620099e-07
2.551991183177439612e-07
2.545707008152820039e-07
2.539451429145894107e-07
2.533226497974386076e-07
2.527030246094286556e-07
2.520865130273942958e-07
2.514727562774281780e-07
2.508625262816668460e-07
2.502557092774656705e-07
2.496525527576345042e-07
2.490530822089235681e-07
2.484571825316520194e-07
2.478647311753725138e-07
2.472760250823501394e-07
2.466909315062272653e-07
2.461094168101079461e-07
2.455314344556409553e-07
2.449569625688621745e-07
2.443860950409703510e-07
2.438185245131009693e-07
2.432547750452108281e-07
2.426949185562787343e-07
2.421388052325984527e-07
2.415867432235015268e-07
2.410386224132595636e-07
2.404942238802834086e-07
2.399537529500552150e-07
2.394172524255585576e-07
2.388846631966892094e-07
2.383558399040013313e-07
2.378308407443546961e-07
2.373097023273867869e-07
2.367919935924826802e-07
2.362780748355779354e-07
2.357679963067062719e-07
2.352616567789612789e-07
2.347593541360745774e-07
2.342608833117349201e-07
2.337660926388697497e-07
2.332752876616443134e-07
2.327884009270027852e-07
2.323053001655941381e-07
2.318260303056234936e-07
2.313503976723245415e-07
2.308788366342882079e-07
2.304104765814686790e-07
2.299457857530439223e-07
2.294844443046349640e-07
2.290269350133268251e-07
2.285730216393805850e-07
2.281225887669815294e-07
2.276758484577736735e-07
2.272327749917762746e-07
2.267933548354833602e-07
2.263574688885980685e-07
2.259250774632169553e-07
2.254964095126315372e-07
2.250713014764578832e-07
2.246495921794562571e-07
2.242307065693494051e-07
2.238151074270349827e-07
2.234025748425793492e-07
2.229931905369641670e-07
2.225869083675667351e-07
2.221838953360752665e-07
2.217839441871118590e-07
2.213870777074298048e-07
2.209934390334581488e-07
2.206029748125608951e-07
2.202155726739591293e-07
2.198311632131072300e-07
2.194500515888922147e-07
2.190714051394189796e-07
2.186953226963382857e-07
2.183215237544299631e-07
2.179504003092235234e-07
2.175816424274989785e-07
2.172153338391619665e-07
2.168515359985650992e-07
2.164903128010775934e-07
2.161314832020678854e-07
2.157750733306548073e-07
2.154212171061036882e-07
2.150698036715481879e-07
2.147208082542815663e-07
2.143742354767479051e-07
2.140295473055619900e-07
2.136866485271160608e-07
2.133454398717374439e-07
2.130060607951052757e-07
2.126684384938589430e-07
2.123325157940050721e-07
2.119984136897109036e-07
2.116661129090128298e-07
2.113355594770232759e-07
2.110066951484586542e-07
2.106796542728187973e-07
2.103543846016333895e-07
2.100308091540970829e-07
2.097089825502930359e-07
2.093883927859838032e-07
2.090688999135811579e-07
2.087504004106082291e-07
2.084330087869038785e-07
2.081166181666936760e-07
2.078012963642612357e-07
2.074870195479798917e-07
2.071738362257536432e-07
2.068616676284417745e-07
2.065505159312725398e-07
2.062404813291327010e-07
2.059314643155985819e-07
2.056234510050684954e-07
2.053165200537842535e-07
2.050103129124292916e-07
2.047045684919702886e-07
2.043992421667940558e-07
2.040943072965814955e-07
2.037898012514839164e-07
2.034857049004998752e-07
2.031820444550109850e-07
2.028787843683214083e-07
2.025759249637753848e-07
2.022735112608458358e-07
2.019715159944527496e-07
2.016698961887225391e-07
2.013686818359854297e-07
2.010679386953584079e-07
2.007674936948439986e-07
2.004671311368298510e-07
2.001666815158195358e-07
1.998662313440683983e-07
1.995657093869261376e-07
1.992651363343053969e-07
1.989645114640841189e-07
1.986638485158196284e-07
1.983631177444782629e-07
1.980623545722790742e-07
1.977615248435607886e-07
1.974606492251491075e-07
1.971597261915112231e-07
1.968587643471413329e-07
1.965577288992876256e-07
1.962565617693731855e-07
1.959551332077158939e-07
1.956533466361379126e-07
1.953512126384694423e-07
1.950487943835001314e-07
1.947459936917575309e-07
1.944428698922085933e-07
1.941394295173461083e-07
1.938356326114136380e-07
1.935315140063012363e-07
1.932270577337278467e-07
1.929222584258392446e-07
1.926171350028050789e-07
1.923116934284149246e-07
1.920058846237534030e-07
1.916997272309039525e-07
1.913931933503853536e-07
1.910862150194979378e-07
1.907788306178498226e-07
1.904710569528246129e-07
1.901628403343072106e-07
1.898542214976525905e-07
1.895452045648989447e-07
1.892357485556129032e-07
1.889258892428175071e-07
1.886156359698261481e-07
1.883049398772902692e-07
1.879938391027042080e-07
1.876823562237205857e-07
1.873704261440309909e-07
1.870581117902848224e-07
1.867454969499224314e-07
1.864325580912462245e-07
1.861193239882142359e-07
1.858057998839921729e-07
1.854919519714622313e-07
1.851778205583759784e-07
1.848633913844625849e-07
1.845486319616674798e-07
1.842335958635116759e-07
1.839182527119843770e-07
1.836025883169967277e-07
1.832866518614638707e-07
1.829704061089809997e-07
1.826538360847520550e-07
1.823370168791901348e-07
1.820199862009526774e-07
1.817029193321314057e-07
1.813857773725899863e-07
1.810685828731936234e-07
1.807513384737840246e-07
1.804340289718879680e-07
1.801166547036769484e-07
1.797992225658996867e-07
1.794817461851140185e-07
1.791641941448414605e-07
1.788466016768510002e-07
1.785289453435609929e-07
1.782111972455802161e-07
1.778934190874959902e-07
1.775755746942040280e-07
1.772577289928973188e-07
1.769400374885441162e-07
1.766226484641721225e-07
1.763055182400021956e-07
1.759886597757548954e-07
1.756720986758121434e-07
1.753557657045108063e-07
1.750397593355243455e-07
1.747240061681645136e-07
1.744085457873143724e-07
1.740933576150231525e-07
1.737784215832962702e-07
1.734637734337530201e-07
1.731493655638935083e-07
1.728352786598210649e-07
1.725214374056318333e-07
1.722079457655568364e-07
1.718949536855241525e-07
1.715826249067433648e-07
1.712709438805165341e-07
1.709598356288900678e-07
1.706494151924324968e-07
1.703395515427490014e-07
1.700303895969489340e-07
1.697218401981971513e-07
1.694139104008963813e-07
1.691066392572730171e-07
1.687999556500543484e-07
1.684938996043846935e-07
1.681884439642236506e-07
1.678836611660765696e-07
1.675794904449803666e-07
1.672759650642576934e-07
1.669731825414194571e-07
1.666714022588281751e-07
1.663705181001644517e-07
1.660705416578788512e-07
1.657715413948439977e-07
1.654733797501405181e-07
1.651762389565277972e-07
1.648799506951549192e-07
1.645846212528384242e-07
1.642902649655474171e-07
1.639967725934385119e-07
1.637042288851280170e-07
1.634125874156717768e-07
1.631218256606267476e-07
1.628319905018742495e-07
1.625431046116751898e-07
1.622551353356706662e-07
1.619683301084634862e-07
1.616825343753716599e-07
1.613980332795177898e-07
1.611145767862573217e-07
1.608322711980239657e-07
1.605511407825657704e-07
1.602710863263365827e-07
1.599922468704776148e-07
1.597144773918362832e-07
1.594378686585902707e-07
1.591623894988736210e-07
1.588880089732197490e-07
1.586148083156987743e-07
1.583427264036614812e-07
1.580717549245859292e-07
1.578018371899133267e-07
1.575329719324347390e-07
1.572654376904380713e-07
1.569990779358133853e-07
1.567339124756267653e-07
1.564700037916923757e-07
1.562072489169646128e-07
1.559458061048854131e-07
1.556854660616973807e-07
1.554264400652955328e-07
1.551686040603567331e-07
1.549119422801197042e-07
1.546565828036317191e-07
1.544023637565332225e-07
1.541493557434619971e-07
1.538975916236583332e-07
1.536469643063390750e-07
1.533974067730186499e-07
1.531489586101894826e-07
1.529017249791413206e-07
1.526556389139522800e-07
1.524106732567343685e-07
1.521669296797956845e-07
1.519242845263367995e-07
1.516828987758269601e-07
1.514425696460533766e-07
1.512034956917826901e-07
1.509655738088664264e-07
1.507287584305213251e-07
1.504932008900836687e-07
1.502587215286836768e-07
1.500254114532486837e-07
1.497932916124546040e-07
1.495622875090602186e-07
1.493322673584926320e-07
1.491031683198380617e-07
1.488752042150232181e-07
1.486482218592936727e-07
1.484222606880258783e-07
1.481973173062747245e-07
1.479733921690980744e-07
1.477505721961952967e-07
1.475286688943070840e-07
1.473078937557601380e-07
1.470880900456784839e-07
1.468693204559351634e-07
1.466516141588319237e-07
1.464348395397212667e-07
1.462191721013575862e-07
1.460044689056922473e-07
1.457908220111352816e-07
1.455780997316766652e-07
1.453661201033152734e-07
1.451549697707453469e-07
1.449445880544906018e-07
1.447350878609459431e-07
1.445263556870452820e-07
1.443185082442143411e-07
1.441114002236969091e-07
1.439051614189296501e-07
1.436997362797131142e-07
1.434950975671882533e-07
1.432913488645059673e-07
1.430883232606529201e-07
1.428861981934832132e-07
1.426848400492298316e-07
1.424842718045296786e-07
1.422845693636409899e-07
1.420856315589178971e-07
1.418873188138784836e-07
1.416895445120347059e-07
1.414923933988529424e-07
1.412958083429985160e-07
1.410998141114395189e-07
1.409043655642655326e-07
1.407095037942529655e-07
1.405152355681733328e-07
1.403215271669579054e-07
1.401284422151582910e-07
1.399358634648963318e-07
1.397439406895224372e-07
1.395525487783104185e-07
1.393617352377542792e-07
1.391715164779685838e-07
1.389818191142528318e-07
1.387927634452066892e-07
1.386042109293960312e-07
1.384160695793815993e-07
1.382282903824330515e-07
1.380409101640436296e-07
1.378538869905979063e-07
1.376672401451132692e-07
1.374809442979005817e-07
1.372950300627157910e-07
1.371094927477957567e-07
1.369243192723259711e-07
1.367395451488986077e-07
1.365550993244037019e-07
1.363710674275618258e-07
1.361873759184060453e-07
1.360040728734623617e-07
1.358211320101189846e-07
1.356385371589775252e-07
1.354563459732137774e-07
1.352745033290564404e-07
1.350929124334460051e-07
1.349115250235515739e-07
1.347303420686117723e-07
1.345493873106001230e-07
1.343686430648345280e-07
1.341881014885363433e-07
1.340077794288521032e-07
1.338276483961832690e-07
1.336477489514542880e-07
1.334680513901408484e-07
1.332885674949424087e-07
1.331093049502106876e-07
1.329302313077969539e-07
1.327513878531881997e-07
1.325727340090222706e-07
1.323943073488389680e-07
1.322160735654534117e-07
1.320380548191956775e-07
1.318602063419445773e-07
1.316824555725697451e-07
1.315048205014845272e-07
1.313272927940805989e-07
1.311498762146623753e-07
1.309725739073896866e-07
1.307953786278809026e-07
1.306183052436924179e-07
1.304413422896668381e-07
1.302644888645293436e-07
1.300877529988563705e-07
1.299111188923917822e-07
1.297346105317110407e-07
1.295582046956229492e-07
1.293819136703774652e-07
1.292057305294103082e-07
1.290296491748095300e-07
1.288536867508978538e-07
1.286778315732051733e-07
1.285020538678722360e-07
1.283263396106962952e-07
1.281507388991445546e-07
1.279752224133568337e-07
1.277998150830162534e-07
1.276244984748171152e-07
1.274492892197854702e-07
1.272741700904199597e-07
1.270991578743630270e-07
1.269242354893529939e-07
1.267494203390634842e-07
1.265746949036450116e-07
1.264000786796519696e-07
1.262255530679296084e-07
1.260511250369438698e-07
1.258767937421129080e-07
1.257025541287940802e-07
1.255284163408369104e-07
1.253543708517518381e-07
1.251804140919249715e-07
1.250065473175855805e-07
1.248328445916216831e-07
1.246592589304285961e-07
1.244858344798282832e-07
1.243125319968266498e-07
1.241393870986879659e-07
1.239663682569348164e-07
1.237935036561861808e-07
1.236207681761712306e-07
1.234481843499410085e-07
1.232757326018388314e-07
1.231034301259400204e-07
1.229312604525041853e-07
1.227592328076418277e-07
1.225873405073524334e-07
1.224155860963347341e-07
1.222439720235886205e-07
1.220724919600997925e-07
1.219011547503480574e-07
1.217299629418538255e-07
1.215589872764477470e-07
1.213882203894483374e-07
1.212176704114295662e-07
1.210473404582709512e-07
1.208772174338531582e-07
1.207073247608024067e-07
1.205376299409791396e-07
1.203681748864788535e-07
1.201989170386181576e-07
1.200299002201341797e-07
1.198610812302343214e-07
1.196924932438798163e-07
1.195241072533633005e-07
1.193559403102997413e-07
1.191879829378939424e-07
1.190202377517412931e-07
1.188527083691595224e-07
1.186853858592661683e-07
1.185182845737957364e-07
1.183514185916587139e-07
1.181849043272422506e-07
1.180186548334189921e-07
1.178527500799459172e-07
1.176871180581698998e-07
1.175218241831537310e-07
1.173568113010951848e-07
1.171921322265843414e-07
1.170277411532017318e-07
1.168636778067449366e-07
1.166999113648549695e-07
1.165364606582389183e-07
1.163733234767760653e-07
1.162104908426636175e-07
1.160479580273877924e-07
1.158857356578027704e-07
1.157238085659413343e-07
1.155621973138406220e-07
1.154008774331063616e-07
1.152398651180820622e-07
1.150791564331508955e-07
1.149188843177887104e-07
1.147589427580188671e-07
1.145994221920838335e-07
1.144402433187103267e-07
1.142814759440381699e-07
1.141230623270754286e-07
1.139650572290527141e-07
1.138074157163227184e-07
1.136501667687836550e-07
1.134932946350955401e-07
1.133368122957471228e-07
1.131807098649057025e-07
1.130249898439919214e-07
1.128696349240780848e-07
1.127146690474292435e-07
1.125600619792149331e-07
1.124058485237224949e-07
1.122520020361594384e-07
1.120985167982328063e-07
1.119453760737150555e-07
1.117926768627758386e-07
1.116403630477301137e-07
1.114884871460340704e-07
1.113370209196156698e-07
1.111859563955496556e-07
1.110353339604781262e-07
1.108850844200413922e-07
1.107353123120017791e-07
1.105858968259505503e-07
1.104369555420621827e-07
1.102883719124624279e-07
1.101402642560337842e-07
1.099925154639861976e-07
1.098452220481695327e-07
1.096983006091851133e-07
1.095518191974005179e-07
1.094057266928315446e-07
1.092600819025934411e-07
1.091148090456342077e-07
1.089699235633909427e-07
1.088253982945610522e-07
1.086813239221054105e-07
1.085376234680032903e-07
1.083943796067678656e-07
1.082515102304398312e-07
1.081090867676082690e-07
1.079670482484075313e-07
1.078254494406168531e-07
1.076842514554819061e-07
1.075434730447398377e-07
1.074031182475201963e-07
1.072631728371105395e-07
1.071236479663989778e-07
1.069845264090911742e-07
1.068458154811218674e-07
1.067075134490116610e-07
1.065696174034459032e-07
1.064321327648690032e-07
1.062950637971971717e-07
1.061583777942330901e-07
1.060220461842054887e-07
1.058860650823406917e-07
1.057504860105982682e-07
1.056152490251606370e-07
1.054804299284409099e-07
1.053459492031353449e-07
1.052118736706937689e-07
1.050781447846012085e-07
1.049448151771027258e-07
1.048118497488417586e-07
1.046792665802553736e-07
1.045470684503422038e-07
1.044152386692550538e-07
1.042837960558001984e-07
1.041527119516713644e-07
1.040220112948737718e-07
1.038916687152459910e-07
1.037617108223333539e-07
1.036321092650113797e-07
1.035029143553007177e-07
1.033740509695316387e-07
1.032455015327710447e-07
1.031172319848765086e-07
1.029892988138400080e-07
1.028616588925872808e-07
1.027343481456861501e-07
1.026073376366964868e-07
1.024806456368177652e-07
1.023542763421982665e-07
1.022281987717714999e-07
1.021024724911071898e-07
1.019770175145823715e-07
1.018519263733626344e-07
1.017270983017033616e-07
1.016026405618642353e-07
1.014784386636046186e-07
1.013545993192745222e-07
1.012310300591129517e-07
1.011078193355545105e-07
1.009848755581986931e-07
1.008622772431510041e-07
1.007399699919729842e-07
1.006179258463490350e-07
1.004961001306751419e-07
1.003745315240411559e-07
1.002532084848978986e-07
1.001321217180990364e-07
1.000113056532707089e-07
9.989071366110887992e-08
9.977039653463509287e-08
9.965029990670875597e-08
9.953047481505129010e-08
9.941088157799023721e-08
9.929154588529373372e-08
9.917246294606931457e-08
9.905361930434099176e-08
9.893503706536052384e-08
9.881668066797163269e-08
9.869858887846091719e-08
9.858072161691808522e-08
9.846312238931111814e-08
9.834575308720155554e-08
9.822865155252746981e-08
9.811177074170101029e-08
9.799508474067824499e-08
9.787856538635483153e-08
9.776224751490625455e-08
9.764611046607925884e-08
9.753016452663370859e-08
9.741441642497052636e-08
9.729884275619030399e-08
9.718348496695981546e-08
9.706829282177989723e-08
9.695330981198074255e-08
9.683850318111481637e-08
9.672389641240557819e-08
9.660948450938038595e-08
9.649525384403350704e-08
9.638122692918513145e-08
9.626736803849696838e-08
9.615371776894263171e-08
9.604023343529465523e-08
9.592696296206574270e-08
9.581386089620004199e-08
9.570096522930105335e-08
9.558824222605554392e-08
9.547567128855982432e-08
9.536322643932984182e-08
9.525094367098192904e-08
9.513881080457461487e-08
9.502682281115682444e-08
9.491500578168855564e-08
9.480332855015367358e-08
9.469181486366348503e-08
9.458044639465641381e-08
9.446923052358199226e-08
9.435818226410450442e-08
9.424726805152168184e-08
9.413653280485363224e-08
9.402592407012131808e-08
9.391549339043895613e-08
9.380519110016732698e-08
9.369506300643264262e-08
9.358507148428549589e-08
9.347524319208149232e-08
9.336554870344605805e-08
9.325601673567601702e-08
9.314663045425888732e-08
9.303738757343655613e-08
9.292826625372973394e-08
9.281926031069676297e-08
9.271041199268404407e-08
9.260168567163293115e-08
9.249310697334998517e-08
9.238466602711145585e-08
9.227635150473576430e-08
9.216820226374025180e-08
9.206016953531624257e-08
9.195229358587480187e-08
9.184453876866432525e-08
9.173693576009208129e-08
9.162947849851236675e-08
9.152214918648446946e-08
9.141497224874340702e-08
9.130791385260950926e-08
9.120100756683756788e-08
9.109422852932180903e-08
9.098760458976173763e-08
9.088110093741668027e-08
9.077474443439072397e-08
9.066851607760557622e-08
9.056241410175193070e-08
9.045642986309943569e-08
9.035057737359268294e-08
9.024488085906217820e-08
9.013931036645620194e-08
9.003389473174883494e-08
8.992861310322561218e-08
8.982346679849657569e-08
8.971848528807465682e-08
8.961362462726321825e-08
8.950892671411289152e-08
8.940434911516087216e-08
8.929992828124184746e-08
8.919565918578702272e-08
8.909151711042417431e-08
8.898753315809459930e-08
8.888366926490318238e-08
8.877996106556042526e-08
8.867639224561089982e-08
8.857297187566838739e-08
8.846967700175146928e-08
8.836652754183460624e-08
8.826351182608548008e-08
8.816063759432323289e-08
8.805789842001624962e-08
8.795527734741251686e-08
8.785284498242566064e-08
8.775054052889796185e-08
8.764840484358009833e-08
8.754642851130116768e-08
8.744459122613767840e-08
8.734294313899667234e-08
8.724142262737096891e-08
8.714007218563562943e-08
8.703888252951281162e-08
8.693783717335643477e-08
8.683697407315491067e-08
8.673623843288045563e-08
8.663567825218553677e-08
8.653526918826175133e-08
8.643502260632189988e-08
8.633492529606131285e-08
8.623497530142945214e-08
8.613518236858063824e-08
8.603555159076104067e-08
8.593608534871822337e-08
8.583675878421629424e-08
8.573757580398561125e-08
8.563852548135674134e-08
8.553965311695401685e-08
8.544096539318447128e-08
8.534242871122364330e-08
8.524408573133799696e-08
8.514589009199708046e-08
8.504786861004430472e-08
8.495003419197744390e-08
8.485234715689960452e-08
8.475485584596840917e-08
8.465751014122375064e-08
8.456034725833136297e-08
8.446337279357704816e-08
8.436653673019201946e-08
8.426990598880836809e-08
8.417341176429657294e-08
8.407711772958705791e-08
8.398097591971335512e-08
8.388500662419828061e-08
8.378919810908382818e-08
8.369355482354290216e-08
8.359811009627056909e-08
8.350281240277410216e-08
8.340766841178359977e-08
8.331266517881980098e-08
8.321784727276586291e-08
8.312321649017866666e-08
8.302874846705810396e-08
8.293448209813537923e-08
8.284036887618147267e-08
8.274643350217266877e-08
8.265269581512142871e-08
8.255910819871857453e-08
8.246572339837277020e-08
8.237249765003038929e-08
8.227945238842396837e-08
8.218660675776601783e-08
8.209390632047721541e-08
8.200141326365190571e-08
8.190907398156595534e-08
8.181693103725700741e-08
8.172495196129464104e-08
8.163313962554671087e-08
8.154151159568189190e-08
8.145006247982990205e-08
8.135879797516081435e-08
8.126769090213700383e-08
8.117674271799130598e-08
8.108594835455502045e-08
8.099533064296067183e-08
8.090490854176967730e-08
8.081463840985936085e-08
8.072455325099765650e-08
8.063464735686012612e-08
8.054489956794700143e-08
8.045536298976447507e-08
8.036597545610021158e-08
8.027677497119438397e-08
8.018777131987366074e-08
8.009891341911359323e-08
8.001026188151191994e-08
7.992175811862553642e-08
7.983345880322665778e-08
7.974533568516507144e-08
7.965736329834492561e-08
7.956959024918015124e-08
7.948198349521723142e-08
7.939456907747827787e-08
7.930730408161076519e-08
7.922022191013132824e-08
7.913333371754538101e-08
7.904660787168279400e-08
7.896003290963875108e-08
7.887359155952472011e-08
7.878732385876699698e-08
7.870122754964161243e-08
7.861529377116220468e-08
7.852953807191553978e-08
7.844393467316061116e-08
7.835848351856443389e-08
7.827323273401120699e-08
7.818811352765659173e-08
7.810317919071346050e-08
7.801841489902262236e-08
7.793379656775279355e-08
7.784937878462518019e-08
7.776508584757360490e-08
7.768099059975334753e-08
7.759705722476269221e-08
7.751326904433497207e-08
7.742966621940447460e-08
7.734620886224209550e-08
7.726294473226058219e-08
7.717981404961999127e-08
7.709685673446167219e-08
7.701408000633330800e-08
7.693145312858241177e-08
7.684896294797315875e-08
7.676659065194349509e-08
7.668436830386420095e-08
7.660230797510091615e-08
7.652038502664840423e-08
7.643861404962326951e-08
7.635698490725135996e-08
7.627548437190882925e-08
7.619416186111777068e-08
7.611296196120456338e-08
7.603191592875169313e-08
7.595103359739610202e-08
7.587027025911358950e-08
7.578967681804848068e-08
7.570921169100817236e-08
7.562890446841899144e-08
7.554874925238787922e-08
7.546871415338962705e-08
7.538885821250851149e-08
7.530912497933699492e-08
7.522954568951996749e-08
7.515010360732222383e-08
7.507080841191895413e-08
7.499167245625072571e-08
7.491266330842125192e-08
7.483377859526391373e-08
7.475501752126918986e-08
7.467637707226239660e-08
7.459788027937906619e-08
7.451949405705699869e-08
7.444123270841894938e-08
7.436312146145451463e-08
7.428512910064642470e-08
7.420726998199081965e-08
7.412954459913850114e-08
7.405193327997955627e-08
7.397446998451858903e-08
7.389712520133891766e-08
7.381990607364938084e-08
7.374284340510541865e-08
7.366587917676388172e-08
7.358906456020916035e-08
7.351237911035819072e-08
7.343581109583641710e-08
7.335938199305569103e-08
7.328306943885330942e-08
7.320690670625309835e-08
7.313084877379690306e-08
7.305492452650201197e-08
7.297914881452358657e-08
7.290348347923911129e-08
7.282792426568445472e-08
7.275245656681085216e-08
7.267711322352033072e-08
7.260189424731400964e-08
7.252677162163748131e-08
7.245176569677229389e-08
7.237688005735393922e-08
7.230210092463923080e-08
7.222744461401003904e-08
7.215290469479752234e-08
7.207846418580691513e-08
7.200415542408534280e-08
7.192994808749706699e-08
7.185585298597714570e-08
7.178189690389321725e-08
7.170802528710628489e-08
7.163428730375606042e-08
7.156066395920281703e-08
7.148713730321962774e-08
7.141373841851958403e-08
7.134044620925214967e-08
7.126727740864319492e-08
7.119420694428719397e-08
7.112125126888593983e-08
7.104842591540902860e-08
7.097569595076187762e-08
7.090306022247939980e-08
7.083051912749182213e-08
7.075806999285433066e-08
7.068573597985171697e-08
7.061348736663519843e-08
7.054133376990599143e-08
7.046930595539363581e-08
7.039736454274705662e-08
7.032552301800397054e-08
7.025379741932030527e-08
7.018215326593030689e-08
7.011061977263824790e-08
7.003919924519486565e-08
6.996786164070736167e-08
6.989664120828856671e-08
6.982551305586362246e-08
6.975448677756561121e-08
6.968357367386754656e-08
6.961274220347534633e-08
6.954203183053811374e-08
6.947141109380373316e-08
6.940088102412718325e-08
6.933046956749708619e-08
6.926014424955962885e-08
6.918992414237864336e-08
6.911980306319594990e-08
6.904978470191470682e-08
6.897984537838156186e-08
6.890997647547623270e-08
6.884021075575284581e-08
6.877055972555841959e-08
6.870098919280926344e-08
6.863151763652438542e-08
6.856214819439440183e-08
6.849286827882414917e-08
6.842369498762365404e-08
6.835461902485248925e-08
6.828562933504721517e-08
6.821674996174625936e-08
6.814796250159447877e-08
6.807926713130941596e-08
6.801068908923035111e-08
6.794218374313459152e-08
6.787379364555924521e-08
6.780550126433843723e-08
6.773728721641489490e-08
6.766919392491497378e-08
6.760118464242069403e-08
6.753326557951262079e-08
6.746545500163040448e-08
6.739773225225302881e-08
6.733011015352437432e-08
6.726257876900681590e-08
6.719515181147820228e-08
6.712780170786410728e-08
6.706052054498156731e-08
6.699334501231416884e-08
6.692628141114644429e-08
6.685929511966578540e-08
6.679240776704908272e-08
6.672562577560072749e-08
6.665893201547961284e-08
6.659233921514248138e-08
6.652584829134897380e-08
6.645943843371718592e-08
6.639313693284664395e-08
6.632693769253534739e-08
6.626082033543110446e-08
6.619481329269506861e-08
6.612889748099257554e-08
6.606307288671815854e-08
6.599736135168574165e-08
6.593172888620486307e-08
6.586620647057174306e-08
6.580077145361924158e-08
6.573542174473504895e-08
6.567019344724799793e-08
6.560503856113239756e-08
6.553997939384529975e-08
6.547503844095918606e-08
6.541017453043653989e-08
6.534538986380069442e-08
6.528069829638249647e-08
6.521608675885532263e-08
6.515158291001333339e-08
6.508716261530970492e-08
6.502283417888604552e-08
6.495862126284067081e-08
6.489448972409868710e-08
6.483044196180944909e-08
6.476651304191671626e-08
6.470266850039687030e-08
6.463890840811745214e-08
6.457527037076581029e-08
6.451170339122516581e-08
6.444823618764731650e-08
6.438488447421132263e-08
6.432159931426098899e-08
6.425843042874149248e-08
6.419535611696253900e-08
6.413235627899110887e-08
6.406947750520478041e-08
6.400667993578947885e-08
6.394396665911997413e-08
6.388136778736841887e-08
6.381884890818549849e-08
6.375642375506960521e-08
6.369410440720819875e-08
6.363187271419664385e-08
6.356971767904324400e-08
6.350764119086705262e-08
6.344566229661472797e-08
6.338378934601413279e-08
6.332199433640219978e-08
6.326028672228921780e-08
6.319870384270862265e-08
6.313719681667016562e-08
6.307577288110158707e-08
6.301446861981115911e-08
6.295324686824893913e-08
6.289211005753712859e-08
6.283109332091360766e-08
6.277014868983319424e-08
6.270930245300366869e-08
6.264857078861403376e-08
6.258790532552964145e-08
6.252735536900630888e-08
6.246689948585204062e-08
6.240652009307369095e-08
6.234625797199630072e-08
6.228607845824648981e-08
6.222597922028401459e-08
6.216600299263630574e-08
6.210609611389738827e-08
6.204628554172725359e-08
6.198659089531213726e-08
6.192696931058680116e-08
6.186742695154235136e-08
6.180798396968287913e-08
6.174861105172859093e-08
6.168933349492726143e-08
6.163014568648124010e-08
6.157105242514981050e-08
6.151205042864324433e-08
6.145313766425187476e-08
6.139430965515775962e-08
6.133558357509684131e-08
6.127694896606831046e-08
6.121839103365442048e-08
6.115993599174347274e-08
6.110158055678048346e-08
6.104329734097154272e-08
6.098511772342509911e-08
6.092703276769209620e-08
6.086902271523084975e-08
6.081112199424077837e-08
6.075330864780676840e-08
6.069557264855426690e-08
6.063794280622845003e-08
6.058039696889016199e-08
6.052294055648882704e-08
6.046557768989532011e-08
6.040829930345629656e-08
6.035111552304565320e-08
6.029402404870424044e-08
6.023702230946207022e-08
6.018008996519404883e-08
6.012322603509955080e-08
6.006645337645794902e-08
6.000977253925567705e-08
5.995316175426159351e-08
5.989663547338508482e-08
5.984020927905188330e-08
5.978385734810733916e-08
5.972757934501523224e-08
5.967140384002217286e-08
5.961531108308327605e-08
5.955928941469737863e-08
5.950336404568048394e-08
5.944752601126881231e-08
5.939175961709328652e-08
5.933608928715571126e-08
5.928050468902526461e-08
5.922499032024671241e-08
5.916957897256505406e-08
5.911424656518300022e-08
5.905898680084733940e-08
5.900382574819875137e-08
5.894874121858978995e-08
5.889373934929296567e-08
5.883882775769674901e-08
5.878399092469376748e-08
5.872924071513773439e-08
5.867458232985065057e-08
5.862000053754958595e-08
5.856548289496055637e-08
5.851104008528396209e-08
5.845666884307014860e-08
5.840237994672866641e-08
5.834816271692635006e-08
5.829402973356359809e-08
5.823997468522321999e-08
5.818599531925550323e-08
5.813209102005807759e-08
5.807827043074984287e-08
5.802453267300792537e-08
5.797085734875694287e-08
5.791726821666226092e-08
5.786377224594685691e-08
5.781032838934116732e-08
5.775697652640307551e-08
5.770371505052283877e-08
5.765050738470021230e-08
5.759739753495172485e-08
5.754436364132900636e-08
5.749139199154654599e-08
5.743851918738559620e-08
5.738571293297806771e-08
5.733297406810948213e-08
5.728033619957964537e-08
5.722775563068463822e-08
5.717525840299714379e-08
5.712284550799040268e-08
5.707049613379755608e-08
5.701823248347619816e-08
5.696603070652406305e-08
5.691387667390748890e-08
5.686180419237899676e-08
5.680981392197312890e-08
5.675787888308644663e-08
5.670601069696069370e-08
5.665423787721038699e-08
5.660252274062613445e-08
5.655086961260815101e-08
5.649930419521184475e-08
5.644780927661390742e-08
5.639637418493241650e-08
5.634501864360483453e-08
5.629374316348467292e-08
5.624252276079252192e-08
5.619138246252500045e-08
5.614032176611893204e-08
5.608931633381105395e-08
5.603839643571869371e-08
5.598754917375352611e-08
5.593675431728005377e-08
5.588605531838172772e-08
5.583541501425826439e-08
5.578483470814130828e-08
5.573434963823995116e-08
5.568391565637377199e-08
5.563355734530501955e-08
5.558327753698247386e-08
5.553305544547701315e-08
5.548291203628874400e-08
5.543282440754465588e-08
5.538278082882839905e-08
5.533281255929796887e-08
5.528291949183546126e-08
5.523307770179675767e-08
5.518330185648642907e-08
5.513360595554856065e-08
5.508396726065102814e-08
5.503438969132762188e-08
5.498488813778227991e-08
5.493545386086109501e-08
5.488607289821590146e-08
5.483676490528859194e-08
