1.751861947820034243e-11
2.077050171895950811e-11
2.423474743333679760e-11
2.789334510098355863e-11
3.172782153683115630e-11
3.571934350328088219e-11
3.984886453277749431e-11
4.409719659738442139e-11
4.844507466328228138e-11
5.287316299057642016e-11
5.736227799825324604e-11
6.189337937033428998e-11
6.644767655968137872e-11
7.100662070941997140e-11
7.555197098620674450e-11
8.006582800626737625e-11
8.453075686693204481e-11
8.892963854529278320e-11
9.324588075646782511e-11
9.746321309868322100e-11
1.015664319869863032e-10
1.055402544588493346e-10
1.093700911976129575e-10
1.130423296532488912e-10
1.165435982989539963e-10
1.198609674097224447e-10
1.229824624596031432e-10
1.258966951753235267e-10
1.285922351860735773e-10
1.310593240158503913e-10
1.332882912377259064e-10
1.352693004063144757e-10
1.369950753180167200e-10
1.384564268512011080e-10
1.396473306110851839e-10
1.405600089293890477e-10
1.411895389141507544e-10
1.415292048222962991e-10
1.415752046829144858e-10
1.413224169748172123e-10
1.407668295358673955e-10
1.399060352466596786e-10
1.387364596705083476e-10
1.372557434183145976e-10
1.354622157811174921e-10
1.333552384772395760e-10
1.309330769102598664e-10
1.281958041579458358e-10
1.251429282423859212e-10
1.217748570946475202e-10
1.180931999079238265e-10
1.140983404516674173e-10
1.097920988514511636e-10
1.051769210631410536e-10
1.002543276379323251e-10
9.502726140121781296e-11
8.949892235876894918e-11
8.367215520721160336e-11
7.755026979131466858e-11
7.113752063051723526e-11
6.443768909165409632e-11
5.745465066809629541e-11
5.019303386550498525e-11
4.265788060514704324e-11
3.485324588785086634e-11
2.678415177196072532e-11
1.845631507342004610e-11
9.874586792269409510e-12
1.044756377527471375e-12
-8.027587129782429614e-12
-1.733670067687131945e-11
-2.687801816323043396e-11
-3.664518019254672835e-11
-4.663143351936251630e-11
-5.683088671189227601e-11
-6.723899190201145276e-11
-7.784900177349296517e-11
-8.865431931610624800e-11
-9.964877842645682148e-11
-1.108278082606514302e-10
-1.221844704330059093e-10
-1.337120294857544714e-10
-1.454046181487264539e-10
-1.572582834038602639e-10
-1.692655225509465298e-10
-1.814191646302295688e-10
-1.937149419297321626e-10
-2.061484860887870324e-10
-2.187118740247330842e-10
-2.313994572560098796e-10
-2.442068331806432725e-10
-2.571280399572340654e-10
-2.701587191565763117e-10
-2.832924497183584082e-10
-2.965230602028783072e-10
-3.098477772125084615e-10
-3.232611551936067969e-10
-3.367577133136089342e-10
-3.503326929202414785e-10
-3.639810405302377643e-10
-3.777000941413907199e-10
-3.914846719767059580e-10
-4.053298707847979720e-10
-4.192316634322223361e-10
-4.331859786868818081e-10
-4.471910567531251724e-10
-4.612412823530835487e-10
-4.753334471800626219e-10
-4.894631088321276629e-10
-5.036277560577603876e-10
-5.178259765142245443e-10
-5.320534500899671637e-10
-5.463069002921416767e-10
-5.605824018218397410e-10
-5.748782979779077339e-10
-5.891927736746188078e-10
-6.035250922050670883e-10
-6.178704170958270480e-10
-6.322268264609051024e-10
-6.465913776231392988e-10
-6.609632984484705371e-10
-6.753417668490719629e-10
-6.897262061331493501e-10
-7.041127445872161821e-10
-7.185001799856466854e-10
-7.328864857915266421e-10
-7.472713424934404362e-10
-7.616545367873161253e-10
-7.760360010799245186e-10
-7.904131448904030282e-10
-8.047849484651985428e-10
-8.191505797109074153e-10
-8.335096431478465726e-10
-8.478624844501617894e-10
-8.622089589446256745e-10
-8.765487002047852456e-10
-8.908801841960222438e-10
-9.052035464012565823e-10
-9.195187182637590926e-10
-9.338259825337155836e-10
-9.481257979112304188e-10
-9.624182055303415127e-10
-9.767031378719346439e-10
-9.909801200046367003e-10
-1.005249708016165053e-09
-1.019512622752734052e-09
-1.033769231974873158e-09
-1.048020230884874244e-09
-1.062265699601465795e-09
-1.076506126248559903e-09
-1.090741658686345009e-09
-1.104972763545272170e-09
-1.119201013183188873e-09
-1.133426717105934456e-09
-1.147650703034104564e-09
-1.161873299595307322e-09
-1.176094789613843403e-09
-1.190316187803420297e-09
-1.204537618159073156e-09
-1.218760528747153197e-09
-1.232986279659051322e-09
-1.247215048697571488e-09
-1.261447721912115666e-09
-1.275684456353180604e-09
-1.289925633714987745e-09
-1.304172598005890734e-09
-1.318425275332852421e-09
-1.332685463883292771e-09
-1.346954423248143495e-09
-1.361232117777905839e-09
-1.375519242971332382e-09
-1.389815975519496332e-09
-1.404122333135973994e-09
-1.418439799462499747e-09
-1.432768453654302926e-09
-1.447108952299560093e-09
-1.461463256268956644e-09
-1.475831295819916870e-09
-1.490212939323521182e-09
-1.504608897027483351e-09
-1.519018684365430489e-09
-1.533442857869772266e-09
-1.547882361696371663e-09
-1.562336719950354763e-09
-1.576807244473999041e-09
-1.591294754168169576e-09
-1.605798846363991570e-09
-1.620319145222357999e-09
-1.634855917262186132e-09
-1.649408582827066012e-09
-1.663977387387146168e-09
-1.678562920233835504e-09
-1.693164681532992256e-09
-1.707782897188303046e-09
-1.722418210965984023e-09
-1.737070182398314290e-09
-1.751737569089130963e-09
-1.766420313302550568e-09
-1.781118094044849625e-09
-1.795829998510972938e-09
-1.810556435076679790e-09
-1.825297274262396693e-09
-1.840051589551721792e-09
-1.854819049055970943e-09
-1.869599632615759794e-09
-1.884392487163031134e-09
-1.899195526868564647e-09
-1.914008648119055057e-09
-1.928831353377937474e-09
-1.943662261060358716e-09
-1.958501241093822233e-09
-1.973348200611753271e-09
-1.988201668868494279e-09
-2.003060034595620514e-09
-2.017923278745478990e-09
-2.032790681583586926e-09
-2.047658959946712465e-09
-2.062527589690868261e-09
-2.077396424808750031e-09
-2.092263758571321118e-09
-2.107128125791576447e-09
-2.121989599917860869e-09
-2.136847744410569193e-09
-2.151698683183407727e-09
-2.166541678862431323e-09
-2.181376947790443035e-09
-2.196201953220232867e-09
-2.211013216768651685e-09
-2.225810813959273821e-09
-2.240594838770405187e-09
-2.255362093345620868e-09
-2.270111243311566580e-09
-2.284842702973233062e-09
-2.299555791432597753e-09
-2.314244694337873756e-09
-2.328908961289878455e-09
-2.343549048246447769e-09
-2.358162618868367022e-09
-2.372745012039207007e-09
-2.387296041877586621e-09
-2.401816538253448439e-09
-2.416303921358545007e-09
-2.430754920184568504e-09
-2.445169953705777550e-09
-2.459550176788068669e-09
-2.473889302890550193e-09
-2.488184428320751878e-09
-2.502435595769133437e-09
-2.516643800457056661e-09
-2.530803412283576506e-09
-2.544911935339058118e-09
-2.558969852040529107e-09
-2.572978442805344191e-09
-2.586933339717528852e-09
-2.600832045533371346e-09
-2.614675403611813931e-09
-2.628464892035937478e-09
-2.642193291300410979e-09
-2.655857491449652381e-09
-2.669457806732885528e-09
-2.682996095222759341e-09
-2.696467003491052672e-09
-2.709867390972531576e-09
-2.723197167617005020e-09
-2.736459009286257090e-09
-2.749650360926578215e-09
-2.762766293346199295e-09
-2.775807369599683277e-09
-2.788775924766283741e-09
-2.801670070534275550e-09
-2.814482179467260299e-09
-2.827211565997945477e-09
-2.839860221977246526e-09
-2.852429585243591409e-09
-2.864912676647835814e-09
-2.877307482919718233e-09
-2.889615801579620184e-09
-2.901840449234437435e-09
-2.913977686540757303e-09
-2.926023938987779052e-09
-2.937979901481331782e-09
-2.949847917994515020e-09
-2.961627624324337271e-09
-2.973311552678934450e-09
-2.984899249323932950e-09
-2.996392285505449100e-09
-3.007792937973930151e-09
-3.019097536683846416e-09
-3.030302543440934773e-09
-3.041408611720525290e-09
-3.052418135968293238e-09
-3.063333615947872553e-09
-3.074148725763103258e-09
-3.084862604193236230e-09
-3.095477408218259979e-09
-3.105996003657683681e-09
-3.116415758007223067e-09
-3.126731838795683286e-09
-3.136944135146451542e-09
-3.147055544822768276e-09
-3.157069790566199579e-09
-3.166981686819866951e-09
-3.176789688203921862e-09
-3.186494285213968242e-09
-3.196097780096144641e-09
-3.205605350625215184e-09
-3.215009665011042553e-09
-3.224310699907281553e-09
-3.233509397246333266e-09
-3.242608912268277861e-09
-3.251612089299164306e-09
-3.260512961605978497e-09
-3.269310958426156009e-09
-3.278007653748083580e-09
-3.286605998994538446e-09
-3.295109172307254089e-09
-3.303512049496888622e-09
-3.311814969418973009e-09
-3.320019463593778352e-09
-3.328127905751730406e-09
-3.336144010074069367e-09
-3.344063121818288541e-09
-3.351885467999805703e-09
-3.359612092385558019e-09
-3.367245617251907749e-09
-3.374790425449078647e-09
-3.382242205648191028e-09
-3.389600155105532868e-09
-3.396865742862108326e-09
-3.404041546762107207e-09
-3.411132960923095864e-09
-3.418135981891494703e-09
-3.425050825491299097e-09
-3.431877595076409652e-09
-3.438618828913402127e-09
-3.445279969220726368e-09
-3.451858798429068769e-09
-3.458354768381057517e-09
-3.464767651579524846e-09
-3.471099728851263651e-09
-3.477354655344612073e-09
-3.483533964395668097e-09
-3.489635974141106024e-09
-3.495660467200507852e-09
-3.501609548339574434e-09
-3.507484079186689498e-09
-3.513290888288539746e-09
-3.519027280402168884e-09
-3.524692807722433521e-09
-3.530287889223593105e-09
-3.535814840863132432e-09
-3.541277414398789993e-09
-3.546677578520424078e-09
-3.552013496426500654e-09
-3.557285184274173189e-09
-3.562494266820865283e-09
-3.567641875215550524e-09
-3.572734273616274947e-09
-3.577769480844738660e-09
-3.582747084374720527e-09
-3.587667931530335792e-09
-3.592533034283021534e-09
-3.597345972146367662e-09
-3.602109391076600853e-09
-3.606822757257675878e-09
-3.611486271394049591e-09
-3.616100201005196513e-09
-3.620665231954869860e-09
-3.625186757248905241e-09
-3.629665198196196664e-09
-3.634100437360919949e-09
-3.638492038240527595e-09
-3.642841304635778033e-09
-3.647148965916153405e-09
-3.651419815234638357e-09
-3.655653905176097043e-09
-3.659851428996390337e-09
-3.664011941187951719e-09
-3.668136254240666061e-09
-3.672225434749008460e-09
-3.676284642218300745e-09
-3.680312809387029375e-09
-3.684310635274428029e-09
-3.688277896830251915e-09
-3.692215071246393736e-09
-3.696123063805197738e-09
-3.700006571717285421e-09
-3.703864884809057157e-09
-3.707698579957596043e-09
-3.711507441153618661e-09
-3.715291807586174783e-09
-3.719052464322457616e-09
-3.722793289635165061e-09
-3.726514225380779660e-09
-3.730215566760870614e-09
-3.733896854815929825e-09
-3.737558808761632804e-09
-3.741201757559106488e-09
-3.744828460005247993e-09
-3.748439780470710214e-09
-3.752035620048514692e-09
-3.755615893357740342e-09
-3.759180999769127840e-09
-3.762730919938562252e-09
-3.766267508937019492e-09
-3.769792487390170922e-09
-3.773305715442289038e-09
-3.776807123721375459e-09
-3.780296723492968384e-09
-3.783774963229249649e-09
-3.787242258421055706e-09
-3.790700652651838836e-09
-3.794150122760541887e-09
-3.797590700913241031e-09
-3.801022259335016176e-09
-3.804445034120419500e-09
-3.807859196216581627e-09
-3.811265997247031024e-09
-3.814665723334203316e-09
-3.818058210905448478e-09
-3.821443654661877347e-09
-3.824821887399186136e-09
-3.828193230222271193e-09
-3.831557905069646566e-09
-3.834916734807350733e-09
-3.838269470222409571e-09
-3.841616198474511699e-09
-3.844956743502565901e-09
-3.848291380645219593e-09
-3.851620115387011109e-09
-3.854943388529180157e-09
-3.858261058400172352e-09
-3.861573025092451565e-09
-3.864879129776752274e-09
-3.868179568488262210e-09
-3.871474338262366057e-09
-3.874763522627100327e-09
-3.878047224269328005e-09
-3.881324539537243270e-09
-3.884595294222638652e-09
-3.887859595644588566e-09
-3.891117351492383631e-09
-3.894368817797614022e-09
-3.897614009049837092e-09
-3.900852540590215670e-09
-3.904083193294816685e-09
-3.907305667181627910e-09
-3.910520337719179039e-09
-3.913726990899301994e-09
-3.916925839507261036e-09
-3.920116987045188363e-09
-3.923299772144464804e-09
-3.926472699490182966e-09
-3.929635489889695525e-09
-3.932788588924684382e-09
-3.935931660481888154e-09
-3.939065132244123780e-09
-3.942189068061793613e-09
-3.945302527595977304e-09
-3.948403503209184098e-09
-3.951491662827439324e-09
-3.954567225832277150e-09
-3.957630169025582731e-09
-3.960680883551289244e-09
-3.963719175412381985e-09
-3.966744743848637211e-09
-3.969754806642696808e-09
-3.972749044023741323e-09
-3.975727155750354687e-09
-3.978689492944163318e-09
-3.981636193126260159e-09
-3.984567591816983528e-09
-3.987483588367643468e-09
-3.990381180475252393e-09
-3.993259810532727168e-09
-3.996119370331608783e-09
-3.998959647976017569e-09
-4.001780863143948397e-09
-4.004583837886170533e-09
-4.007368022970639110e-09
-4.010132639148218478e-09
-4.012874608332942049e-09
-4.015593475604589678e-09
-4.018289709001804281e-09
-4.020963484363331752e-09
-4.023614738839327406e-09
-4.026244251456580744e-09
-4.028851994162419343e-09
-4.031433926297341403e-09
-4.033989899371177312e-09
-4.036519609918491850e-09
-4.039022704557139422e-09
-4.041499728183414997e-09
-4.043951243333074670e-09
-4.046377380745653849e-09
-4.048777752723584665e-09
-4.051148983348234408e-09
-4.053490858055569627e-09
-4.055803036063059819e-09
-4.058085646924394265e-09
-4.060339928885275649e-09
-4.062565159691296103e-09
-4.064762778848480535e-09
-4.066930803362702172e-09
-4.069066817480113575e-09
-4.071169931037908609e-09
-4.073240750336976962e-09
-4.075279686235943654e-09
-4.077286638716099485e-09
-4.079262221823391653e-09
-4.081207853903902424e-09
-4.083120630857526533e-09
-4.084998596964598110e-09
-4.086841785428808685e-09
-4.088650530510535071e-09
-4.090424989408504365e-09
-4.092164857286146762e-09
-4.093871406185778713e-09
-4.095545868349756060e-09
-4.097186062599418196e-09
-4.098790086541117236e-09
-4.100357858055008943e-09
-4.101889645624067817e-09
-4.103385713321403077e-09
-4.104846287569509436e-09
-4.106271569628709116e-09
-4.107663698468952172e-09
-4.109020871381780699e-09
-4.110341617176844433e-09
-4.111625157160873097e-09
-4.112871408213464784e-09
-4.114080896665011051e-09
-4.115254502079818283e-09
-4.116392332666345492e-09
-4.117494172230020803e-09
-4.118562908639680627e-09
-4.119594621636262661e-09
-4.120589858673042581e-09
-4.121547932515132590e-09
-4.122468811552321885e-09
-4.123353399881108588e-09
-4.124202081604464499e-09
-4.125014851015505135e-09
-4.125795316718107771e-09
-4.126539770386147462e-09
-4.127248808870802577e-09
-4.127921869376913182e-09
-4.128559376993257812e-09
-4.129161195940455021e-09
-4.129727579100191214e-09
-4.130259167348182194e-09
-4.130757417199932412e-09
-4.131223834828252852e-09
-4.131656195437580081e-09
-4.132054611720353773e-09
-4.132418865221482877e-09
-4.132748639950032463e-09
-4.133044936797190698e-09
-4.133308249223176829e-09
-4.133538310597900928e-09
-4.133738438177670151e-09
-4.133907787084177303e-09
-4.134045105693893918e-09
-4.134151027322766746e-09
-4.134225024491615796e-09
-4.134267619120967343e-09
-4.134279307190963651e-09
-4.134260182754025602e-09
-4.134210750610026022e-09
-4.134133928792762160e-09
-4.134029011686731260e-09
-4.133895839239763984e-09
-4.133734000482062235e-09
-4.133543892079155213e-09
-4.133325379289276833e-09
-4.133079023239990915e-09
-4.132804858172604353e-09
-4.132503318996183914e-09
-4.132178069419394048e-09
-4.131828495173941406e-09
-4.131453965056167652e-09
-4.131054717680547981e-09
-4.130630736259948171e-09
-4.130182040027310080e-09
-4.129709143713967844e-09
-4.129212036202614028e-09
-4.128691184901910797e-09
-4.128150051815508078e-09
-4.127588309205182757e-09
-4.127005636003096177e-09
-4.126401837100502892e-09
-4.125777237493356854e-09
-4.125131584299971658e-09
-4.124465524436466816e-09
-4.123779022549804690e-09
-4.123072289794711119e-09
-4.122348658398800602e-09
-4.121607878482059743e-09
-4.120850247543635441e-09
-4.120075710404625138e-09
-4.119283956262170708e-09
-4.118475174073440814e-09
-4.117649695393600793e-09
-4.116807720148895975e-09
-4.115949155250405457e-09
-4.115075962606429582e-09
-4.114190117132518388e-09
-4.113291469226771522e-09
-4.112379891225441965e-09
-4.111455291188397249e-09
-4.110517821200403053e-09
-4.109567378611654082e-09
-4.108604286676392787e-09
-4.107628798128074806e-09
-4.106641183450789977e-09
-4.105644309464605972e-09
-4.104638267072039901e-09
-4.103622954067978765e-09
-4.102598289184905231e-09
-4.101564379074855271e-09
-4.100521247232405258e-09
-4.099468990674591389e-09
-4.098407783943140358e-09
-4.097337550773323175e-09
-4.096259591927167160e-09
-4.095175621804651512e-09
-4.094085647150276073e-09
-4.092989671076886924e-09
-4.091887631772254739e-09
-4.090779554843244305e-09
-4.089665404751529529e-09
-4.088545370491336767e-09
-4.087419362716571951e-09
-4.086287507460443676e-09
-4.085151573375391414e-09
-4.084012547974776720e-09
-4.082870410617465462e-09
-4.081725177645899564e-09
-4.080576861993213341e-09
-4.079425460917137626e-09
-4.078270966783787982e-09
-4.077113413649182843e-09
-4.075952900531473745e-09
-4.074789500026678223e-09
-4.073624539948938348e-09
-4.072458662026296829e-09
-4.071291903612906639e-09
-4.070124281014152012e-09
-4.068955771180148873e-09
-4.067786373740320305e-09
-4.066616070795801343e-09
-4.065444870239880264e-09
-4.064272810316094636e-09
-4.063099934048424224e-09
-4.061927022057139262e-09
-4.060754651034033975e-09
-4.059582892537510539e-09
-4.058411721553626404e-09
-4.057241132153152593e-09
-4.056071126188972850e-09
-4.054901712406702356e-09
-4.053732868757014703e-09
-4.052564555291718517e-09
-4.051396778014159810e-09
-4.050229972389270722e-09
-4.049064695245922867e-09
-4.047900964408865827e-09
-4.046738809227791226e-09
-4.045578205763430391e-09
-4.044419168801802209e-09
-4.043261684705676228e-09
-4.042105719381976321e-09
-4.040951260601664312e-09
-4.039798332266951183e-09
-4.038646962393451662e-09
-4.037497255557971001e-09
-4.036349281021334505e-09
-4.035203034188388435e-09
-4.034058530919824729e-09
-4.032915770882124165e-09
-4.031774763413824984e-09
-4.030635475533581804e-09
-4.029497853063049735e-09
-4.028361899300363317e-09
-4.027227634664310534e-09
-4.026094816241723981e-09
-4.024963272196088440e-09
-4.023832998895750149e-09
-4.022704012238458738e-09
-4.021576314373560309e-09
-4.020449894146689740e-09
-4.019324764231577502e-09
-4.018200892795666647e-09
-4.017078253490938560e-09
-4.015956844686854818e-09
-4.014836598011974708e-09
-4.013716952116388261e-09
-4.012597617875986846e-09
-4.011478595253712769e-09
-4.010359820658567516e-09
-4.009241351455857439e-09
-4.008123193315409330e-09
-4.007005315775800822e-09
-4.005887731473704699e-09
-4.004770447153620801e-09
-4.003653456997491572e-09
-4.002536483850842716e-09
-4.001418699177808963e-09
-4.000299673627977262e-09
-3.999179453671692682e-09
-3.998057997544936967e-09
-3.996935231910538753e-09
-3.995811279725918246e-09
-3.994686077288903855e-09
-3.993559633196879997e-09
-3.992432029384402449e-09
-3.991303259662836741e-09
-3.990172962015595173e-09
-3.989040255692525233e-09
-3.987904598057851131e-09
-3.986766025687514320e-09
-3.985624433597074945e-09
-3.984479800589533499e-09
-3.983332245583021823e-09
-3.982181632501696938e-09
-3.981028175983707680e-09
-3.979871920757687619e-09
-3.978712626504507753e-09
-3.977550416478049817e-09
-3.976384304536086839e-09
-3.975213443206273223e-09
-3.974037655538132332e-09
-3.972856937937068096e-09
-3.971671382824962973e-09
-3.970480923016222377e-09
-3.969285692289112415e-09
-3.968085733519382086e-09
-3.966880889508304291e-09
-3.965671485363006055e-09
-3.964457413912643727e-09
-3.963238119958884115e-09
-3.962012166849145383e-09
-3.960779519415678352e-09
-3.959540170654579338e-09
-3.958294186120904505e-09
-3.957041588308672556e-09
-3.955782020241141828e-09
-3.954515875026303141e-09
-3.953243082365715830e-09
-3.951963789823107217e-09
-3.950678141182320099e-09
-3.949385780615401247e-09
-3.948086161854921109e-09
-3.946778593219068085e-09
-3.945462971946865459e-09
-3.944138938245186192e-09
-3.942806797210003927e-09
-3.941466465313282154e-09
-3.940118141962458524e-09
-3.938761730659304521e-09
-3.937397443003238282e-09
-3.936025464023313177e-09
-3.934645196794235453e-09
-3.933257660513692851e-09
-3.931861133740744796e-09
-3.930455418179684382e-09
-3.929040641976008615e-09
-3.927616786415583317e-09
-3.926183456500475405e-09
-3.924740981043581045e-09
-3.923289160600404896e-09
-3.921828652018527774e-09
-3.920358937935519451e-09
-3.918880571474482396e-09
-3.917393305423556998e-09
-3.915897545490349167e-09
-3.914392122097059291e-09
-3.912876935484382006e-09
-3.911351995806124768e-09
-3.909817412530708098e-09
-3.908272701277047153e-09
-3.906718281315862911e-09
-3.905153771582914270e-09
-3.903580007210335576e-09
-3.901996412803351804e-09
-3.900403577468083811e-09
-3.898801086825425891e-09
-3.897189939543104724e-09
-3.895569351109792473e-09
-3.893939131678935881e-09
-3.892299340913418169e-09
-3.890650011905757796e-09
-3.888990903410383471e-09
-3.887321880129663738e-09
-3.885643402616587844e-09
-3.883955478393867151e-09
-3.882258234865844837e-09
-3.880551704532116299e-09
-3.878835524746113080e-09
-3.877111261639990919e-09
-3.875377957346541413e-09
-3.873635808716221504e-09
-3.871884753603282642e-09
-3.870124332307062486e-09
-3.868354714477672459e-09
-3.866576200171240169e-09
-3.864788661501672448e-09
-3.862992129819776258e-09
-3.861186578851648365e-09
-3.859372295090301311e-09
-3.857549093395508649e-09
-3.855717576362390924e-09
-3.853878787498481461e-09
-3.852031472771501851e-09
-3.850176111707979358e-09
-3.848312711348875356e-09
-3.846441296411670037e-09
-3.844561563505043562e-09
-3.842673696546318561e-09
-3.840777483454326907e-09
-3.838873502106708954e-09
-3.836961510479681891e-09
-3.835041757823277533e-09
-3.833113772837777770e-09
-3.831179228715008090e-09
-3.829237871980359026e-09
-3.827290282401413194e-09
-3.825336039595718873e-09
-3.823375039134701577e-09
-3.821407539236355277e-09
-3.819433635472466203e-09
-3.817453052763790779e-09
-3.815465727185811265e-09
-3.813471978694635576e-09
-3.811471919538011091e-09
-3.809465606525378790e-09
-3.807452816977070797e-09
-3.805434966052207913e-09
-3.803412325680129941e-09
-3.801384618743420277e-09
-3.799352177204878860e-09
-3.797314610291149432e-09
-3.795272066121824686e-09
-3.793224740102111599e-09
-3.791172523912378085e-09
-3.789115164300360826e-09
-3.787052993228859764e-09
-3.784986083330950125e-09
-3.782914483078092315e-09
-3.780838045944174373e-09
-3.778757931279073072e-09
-3.776674552238990304e-09
-3.774587754849218125e-09
-3.772497767496308895e-09
-3.770404331406403272e-09
-3.768307590400401743e-09
-3.766207626079340866e-09
-3.764104316301069645e-09
-3.761997591063608945e-09
-3.759887563985840731e-09
-3.757774340200435622e-09
-3.755657945351316098e-09
-3.753538156054718144e-09
-3.751416077482173646e-09
-3.749292270279496435e-09
-3.747167105208889392e-09
-3.745040433780182909e-09
-3.742912327107086862e-09
-3.740782795454581782e-09
-3.738651752070612001e-09
-3.736519207998369570e-09
-3.734385216008007102e-09
-3.732249799334697133e-09
-3.730113022607053536e-09
-3.727974807188655072e-09
-3.725835048465638800e-09
-3.723694283144549464e-09
-3.721553250859851391e-09
-3.719412234621133712e-09
-3.717271436355757098e-09
-3.715130589989496991e-09
-3.712989892483983409e-09
-3.710849252343776179e-09
-3.708708691544086327e-09
-3.706568268636066333e-09
-3.704427863738084379e-09
-3.702287569753772912e-09
-3.700147346957286707e-09
-3.698007179487933824e-09
-3.695867160064057841e-09
-3.693727533859346166e-09
-3.691588940304264224e-09
-3.689451465743233076e-09
-3.687315349087189452e-09
-3.685180435805560035e-09
-3.683046572924194553e-09
-3.680914062463278260e-09
-3.678782782021256322e-09
-3.676652594299381946e-09
-3.674523704893727253e-09
-3.672395960014872759e-09
-3.670269235704840587e-09
-3.668143834724969822e-09
-3.666019482255420728e-09
-3.663896636106913384e-09
-3.661775974805778099e-09
-3.659657314101173023e-09
-3.657540955049783432e-09
-3.655426811010726735e-09
-3.653314716299064493e-09
-3.651204865615907544e-09
-3.649097276267197791e-09
-3.646991737654074768e-09
-3.644888444848226228e-09
-3.642787283378443304e-09
-3.640688144517458892e-09
-3.638591282777498644e-09
-3.636496439792337411e-09
-3.634403738778799239e-09
-3.632313706993717969e-09
-3.630226054979465747e-09
-3.628141179549802535e-09
-3.626058908275290054e-09
-3.623979090034662601e-09
-3.621901980748337276e-09
-3.619827589717794633e-09
-3.617755657576252266e-09
-3.615686287195861619e-09
-3.613619622508696254e-09
-3.611555382358051198e-09
-3.609493554033138286e-09
-3.607434468273853642e-09
-3.605377602418517161e-09
-3.603323076459933735e-09
-3.601271089175560260e-09
-3.599221618367839563e-09
-3.597174614564753568e-09
-3.595130080916206047e-09
-3.593088192964481363e-09
-3.591048678965528169e-09
-3.589011687187169926e-09
-3.586977315498769733e-09
-3.584945291341006618e-09
-3.582915627943477254e-09
-3.580888490249965836e-09
-3.578863767346801877e-09
-3.576841295957796883e-09
-3.574820999299414185e-09
-3.572802780651079118e-09
-3.570786801102576382e-09
-3.568772914683659386e-09
-3.566761294787266388e-09
-3.564751722735960188e-09
-3.562744366438140710e-09
-3.560739275921691402e-09
-3.558736270900943396e-09
-3.556735364123742549e-09
-3.554736722275584969e-09
-3.552740133015898690e-09
-3.550745553728338555e-09
-3.548753198532245716e-09
-3.546762715601897621e-09
-3.544773592021787015e-09
-3.542786070038042857e-09
-3.540799904032286267e-09
-3.538815202880014702e-09
-3.536831979884939391e-09
-3.534850164007465839e-09
-3.532869773146459011e-09
-3.530890915213916389e-09
-3.528913500715512725e-09
-3.526937394131271242e-09
-3.524962798166763716e-09
-3.522989641893568727e-09
-3.521017768001786101e-09
-3.519047393649487690e-09
-3.517078053392068979e-09
-3.515109335740924191e-09
-3.513141275344994826e-09
-3.511173669535766384e-09
-3.509206731098503127e-09
-3.507240323660900549e-09
-3.505274464528900552e-09
-3.503309181606944792e-09
-3.501344499723686536e-09
-3.499380412208741325e-09
-3.497416774574170224e-09
-3.495453774183661166e-09
-3.493491332030215996e-09
-3.491529405571604938e-09
-3.489568029419711800e-09
-3.487607020843060078e-09
-3.485645947156044492e-09
-3.483684581565593414e-09
-3.481722950345610078e-09
-3.479761082808728413e-09
-3.477798924220738160e-09
-3.475836501819042529e-09
-3.473873807784468212e-09
-3.471910834186670067e-09
-3.469947608374223965e-09
-3.467984105926111246e-09
-3.466020390062753510e-09
-3.464056354428576318e-09
-3.462092046865059321e-09
-3.460127577359430722e-09
-3.458162763143156325e-09
-3.456197287335916608e-09
-3.454230715139817877e-09
-3.452263220800125293e-09
-3.450294493995730720e-09
-3.448324748401283012e-09
-3.446353975864090053e-09
-3.444382044310539542e-09
-3.442409132914569604e-09
-3.440435093964222148e-09
-3.438459938502689226e-09
-3.436483754579045702e-09
-3.434506509730753875e-09
-3.432528261286062406e-09
-3.430548965294549244e-09
-3.428568538154062494e-09
-3.426586989091967327e-09
-3.424604171693324853e-09
-3.422619708117913125e-09
-3.420633717135633217e-09
-3.418646217052984288e-09
-3.416657071831181880e-09
-3.414666521085258445e-09
-3.412674292292951116e-09
-3.410680532906814143e-09
-3.408685262752712448e-09
-3.406688337935630158e-09
-3.404689976651254488e-09
-3.402690142027182452e-09
-3.400688734229993304e-09
-3.398685804992224298e-09
-3.396681359761356076e-09
-3.394675468724656230e-09
-3.392668083410664353e-09
-3.390658796703582258e-09
-3.388647829430193253e-09
-3.386635240771630568e-09
-3.384620780551419279e-09
-3.382604752902033051e-09
-3.380586865957094084e-09
-3.378567260276426020e-09
-3.376546015422892386e-09
-3.374522905381633074e-09
-3.372498202600795569e-09
-3.370471860498861727e-09
-3.368443797993602673e-09
-3.366414069337478679e-09
-3.364382625577279348e-09
-3.362349638957154092e-09
-3.360315198934370879e-09
-3.358278961761783477e-09
-3.356241106724503084e-09
-3.354201631376722065e-09
-3.352160439998423423e-09
-3.350117673557065406e-09
-3.348073130088229653e-09
-3.346027020635468928e-09
-3.343979245550650942e-09
-3.341929687472066898e-09
-3.339878614586229764e-09
-3.337825866840970200e-09
-3.335771449906114998e-09
-3.333715506305545444e-09
-3.331657883287457412e-09
-3.329598701104059635e-09
-3.327538255920422118e-09
-3.325476695226156803e-09
-3.323414014092590728e-09
-3.321350113649803124e-09
-3.319285090025445593e-09
-3.317218939810210523e-09
-3.315151577252599915e-09
-3.313083121307803300e-09
-3.311013433861804672e-09
-3.308942642578351050e-09
-3.306870708658039080e-09
-3.304797559430736671e-09
-3.302723442664168393e-09
-3.300648063860860353e-09
-3.298571628653942366e-09
-3.296494032911301478e-09
-3.294415635166102393e-09
-3.292336729878761315e-09
-3.290257245342645300e-09
-3.288177318597097303e-09
-3.286096886384638033e-09
-3.284016029268688684e-09
-3.281934634260348049e-09
-3.279852738343192187e-09
-3.277770407591084941e-09
-3.275687528644548188e-09
-3.273604147603350082e-09
-3.271520377975199511e-09
-3.269436055779811842e-09
-3.267351314276645504e-09
-3.265266109700566901e-09
-3.263180371382558454e-09
-3.261094214053232868e-09
-3.259007888000238145e-09
-3.256921599486684853e-09
-3.254835483884319831e-09
-3.252749570172257787e-09
-3.250663787310903813e-09
-3.248578215567218399e-09
-3.246492717716569721e-09
-3.244407454996973246e-09
-3.242322331503123519e-09
-3.240237385923250407e-09
-3.238152549033586296e-09
-3.236067953352435783e-09
-3.233983437530610328e-09
-3.231899082872684957e-09
-3.229814902200620907e-09
-3.227730802462554967e-09
-3.225646838726216621e-09
-3.223563287812560943e-09
-3.221480441254446510e-09
-3.219398700646075484e-09
-3.217317863244817982e-09
-3.215238019879075731e-09
-3.213159233176347268e-09
-3.211081303729194941e-09
-3.209004483566978250e-09
-3.206928538077452674e-09
-3.204853681639363206e-09
-3.202779716698156768e-09
-3.200706789038791492e-09
-3.198634766328251240e-09
-3.196563760703109902e-09
-3.194493613297045091e-09
-3.192424550606666490e-09
-3.190356377152651740e-09
-3.188289315614668719e-09
-3.186223427990235209e-09
-3.184159264030203758e-09
-3.182096486472524550e-09
-3.180035492797995995e-09
-3.177975889565108049e-09
-3.175918084964331950e-09
-3.173861715200310809e-09
-3.171807004435020159e-09
-3.169753875440231037e-09
-3.167702279151559970e-09
-3.165652412975329275e-09
-3.163603976670122883e-09
-3.161557199437762366e-09
-3.159511898917348136e-09
-3.157468154523512955e-09
-3.155425982005775685e-09
-3.153385296872599838e-09
-3.151346158008657115e-09
-3.149308598210004443e-09
-3.147273099856611328e-09
-3.145239340880081443e-09
-3.143207559005505392e-09
-3.141177559383541158e-09
-3.139149415796053228e-09
-3.137123224593038939e-09
-3.135098791147502837e-09
-3.133076390835150030e-09
-3.131055658304200586e-09
-3.129037001819241127e-09
-3.127020019119031046e-09
-3.125004897011392904e-09
-3.122991555155251654e-09
-3.120979959272242711e-09
-3.118970227909921000e-09
-3.116962174445752416e-09
-3.114955905605888315e-09
-3.112951484758981062e-09
-3.110949385465269600e-09
-3.108949250229204583e-09
-3.106951284943319666e-09
-3.104955368021329227e-09
-3.102961528368232589e-09
-3.100969895871238260e-09
-3.098980245627216875e-09
-3.096992903262103138e-09
-3.095007458176675868e-09
-3.093024307147637338e-09
-3.091043082933265354e-09
-3.089064003729247130e-09
-3.087086945355258641e-09
-3.085111897064568956e-09
-3.083139000009925606e-09
-3.081168066827640244e-09
-3.079199043895233354e-09
-3.077231846165303076e-09
-3.075266763873688785e-09
-3.073303655756470704e-09
-3.071342716181240448e-09
-3.069383652132831782e-09
-3.067426767224910694e-09
-3.065471743687773064e-09
-3.063518885950354093e-09
-3.061568004240215904e-09
-3.059619144471838193e-09
-3.057672424488679749e-09
-3.055727551942612780e-09
-3.053784835005399324e-09
-3.051843918701413052e-09
-3.049905174904587590e-09
-3.047968246601123581e-09
-3.046033421136360470e-09
-3.044100370623844375e-09
-3.042168870234561313e-09
-3.040239015762643665e-09
-3.038310762998265540e-09
-3.036384177496483098e-09
-3.034459191886413298e-09
-3.032535897404092471e-09
-3.030614204518138092e-09
-3.028694286992064920e-09
-3.026775863557995736e-09
-3.024859265141114706e-09
-3.022944100634546347e-09
-3.021030815138222574e-09
-3.019118958549423127e-09
-3.017208833666544783e-09
-3.015300208174919889e-09
-3.013393154559392905e-09
-3.011487753605731178e-09
-3.009583920525936686e-09
-3.007681459321879391e-09
-3.005780202529851664e-09
-3.003880373681848286e-09
-3.001981814208007576e-09
-3.000084676081922138e-09
-2.998188838680806327e-09
-2.996294477843406038e-09
-2.994401357215765250e-09
-2.992509734089435650e-09
-2.990619310409404964e-09
-2.988730402129550432e-09
-2.986842677842937483e-09
-2.984956519799653346e-09
-2.983071574802840885e-09
-2.981187990972092793e-09
-2.979305743997563484e-09
-2.977424751425889501e-09
-2.975545197915547299e-09
-2.973666923710828657e-09
-2.971789795552275975e-09
-2.969913583904548047e-09
-2.968038388119315628e-09
-2.966164150238349303e-09
-2.964290900760129129e-09
-2.962418639832885872e-09
-2.960547388283042123e-09
-2.958677109682887193e-09
-2.956807875183188652e-09
-2.954939550153353490e-09
-2.953072309542743006e-09
-2.951205932116939289e-09
-2.949340684580147650e-09
-2.947476254980721528e-09
-2.945612970315730209e-09
-2.943750513408392638e-09
-2.941889103714357538e-09
-2.940028591965243777e-09
-2.938169107010644502e-09
-2.936310409383757612e-09
-2.934452319465952685e-09
-2.932594822174749305e-09
-2.930737950046800558e-09
-2.928881658390530564e-09
-2.927026014169187759e-09
-2.925170930223081872e-09
-2.923316515020075755e-09
-2.921462640822307004e-09
-2.919609455712310624e-09
-2.917756822910147088e-09
-2.915904870264852699e-09
-2.914053484935756601e-09
-2.912202724658742062e-09
-2.910352550708521524e-09
-2.908502936737076372e-09
-2.906653945483078217e-09
-2.904805478706587047e-09
-2.902957658809157694e-09
-2.901110393405965394e-09
-2.899263577957262587e-09
-2.897417173515415567e-09
-2.895571351175785725e-09
-2.893725998690625680e-09
-2.891881205146625660e-09
-2.890036905915171791e-09
-2.888193143316147698e-09
-2.886349904861111367e-09
-2.884507195775197289e-09
-2.882665004311117279e-09
-2.880823345106659456e-09
-2.878982204672824134e-09
-2.877141595683341788e-09
-2.875301514988308644e-09
-2.873461952396859556e-09
-2.871622882190956663e-09
-2.869784349803329673e-09
-2.867946303056749035e-09
-2.866108800576482612e-09
-2.864271782921993329e-09
-2.862435187576955309e-09
-2.860599007611581081e-09
-2.858763425460885202e-09
-2.856928307754236170e-09
-2.855093756696746983e-09
-2.853259693985515623e-09
-2.851426175948233084e-09
-2.849593174569284634e-09
-2.847760711230958237e-09
-2.845928775853561818e-09
-2.844097355059268769e-09
-2.842266479643020677e-09
-2.840436118031664433e-09
-2.838606298685507066e-09
-2.836776975949472718e-09
-2.834948156493945849e-09
-2.833119856920772225e-09
-2.831292038541721981e-09
-2.829464754497524643e-09
-2.827637974623219380e-09
-2.825811628916827055e-09
-2.823985719045943784e-09
-2.822160502487409709e-09
-2.820335851429247044e-09
-2.818511874265203259e-09
-2.816688522153241032e-09
-2.814865765632495667e-09
-2.813043706203984025e-09
-2.811222181592075279e-09
-2.809401434524648377e-09
-2.807581200224497550e-09
-2.805761701519522267e-09
-2.803942742078072854e-09
-2.802124494588991431e-09
-2.800306793478512635e-09
-2.798489731798499678e-09
-2.796673249626665496e-09
-2.794857371680490282e-09
-2.793042118415819712e-09
-2.791227483421673167e-09
-2.789413445278704992e-09
-2.787600050901952555e-09
-2.785787390119259911e-09
-2.783975775104619771e-09
-2.782164939302057589e-09
-2.780355199554835199e-09
-2.778546217563287422e-09
-2.776738277300503782e-09
-2.774931143820720534e-09
-2.773125014789663832e-09
-2.771319771659778751e-09
-2.769515438740910878e-09
-2.767712102488654347e-09
-2.765909638092704381e-09
-2.764108139049616489e-09
-2.762307492481662537e-09
-2.760507751344283597e-09
-2.758708896441595502e-09
-2.756910916693348509e-09
-2.755113855271753150e-09
-2.753317646918214795e-09
-2.751522392874346050e-09
-2.749728037961245185e-09
-2.747934755015984673e-09
-2.746142731698713980e-09
-2.744351718870573537e-09
-2.742562107304919604e-09
-2.740773475099935111e-09
-2.738986160147650628e-09
-2.737199874991553638e-09
-2.735414865398253785e-09
-2.733630986694523680e-09
-2.731848281570823863e-09
-2.730066835519248492e-09
-2.728286493935108870e-09
-2.726507395191824843e-09
-2.724729351888650785e-09
-2.722952496025083616e-09
-2.721176710239414536e-09
-2.719402101294852592e-09
-2.717628577844188379e-09
-2.715856297308495142e-09
-2.714085080106200153e-09
-2.712315007541878436e-09
-2.710546027364185058e-09
-2.708778622805416426e-09
-2.707012399052927914e-09
-2.705247721384384070e-09
-2.703484244940908330e-09
-2.701722240577167447e-09
-2.699961591857894909e-09
-2.698202228558765433e-09
-2.696444428278945200e-09
-2.694687804988463282e-09
-2.692932763097905975e-09
-2.691178885782359937e-09
-2.689426575784815762e-09
-2.687675422876629185e-09
-2.685925715737216540e-09
-2.684177305468773612e-09
-2.682430306838970799e-09
-2.680684545936062161e-09
-2.678940173918371092e-09
-2.677197057304093017e-09
-2.675455235003803949e-09
-2.673714645390563020e-09
-2.671975677162495770e-09
-2.670238208918605033e-09
-2.668502173213892383e-09
-2.666767860135966433e-09
-2.665034866978894277e-09
-2.663303654221549778e-09
-2.661573713395348656e-09
-2.659845502681587905e-09
-2.658118671959198776e-09
-2.656393464104290983e-09
-2.654669829163096461e-09
-2.652947663077617641e-09
-2.651227106481793546e-09
-2.649507914424283743e-09
-2.647790307064833089e-09
-2.646074073952811885e-09
-2.644359439972820648e-09
-2.642646275756458553e-09
-2.640934692106222598e-09
-2.639224472475493668e-09
-2.637515631817049847e-09
-2.635808071872422273e-09
-2.634102152101217939e-09
-2.632397651787826614e-09
-2.630694695242274241e-09
-2.628993333344771171e-09
-2.627293327981121040e-09
-2.625595113634227165e-09
-2.623898157118025073e-09
-2.622202919634013610e-09
-2.620509038016816640e-09
-2.618816802391100467e-09
-2.617126107679781004e-09
-2.615436866574937215e-09
-2.613749248559920910e-09
-2.612062939700499035e-09
-2.610378274701740699e-09
-2.608694903220231005e-09
-2.607013229925960503e-09
-2.605332895581668351e-09
-2.603654158053300451e-09
-2.601976779078429675e-09
-2.600300724193402980e-09
-2.598625872423386653e-09
-2.596952518747604576e-09
-2.595280616510423223e-09
-2.593610029358066930e-09
-2.591941112636738940e-09
-2.590273447112775965e-09
-2.588607380554083345e-09
-2.586942616165610319e-09
-2.585279349000515380e-09
-2.583617603868923776e-09
-2.581957151291080836e-09
-2.580298361769785601e-09
-2.578640775752606495e-09
-2.576984864242801749e-09
-2.575330146917103734e-09
-2.573677046529656425e-09
-2.572025216702217908e-09
-2.570374885728696316e-09
-2.568725813289962644e-09
-2.567078228050501937e-09
-2.565431999937817233e-09
-2.563787130749206566e-09
-2.562143519558047294e-09
-2.560501034735419413e-09
-2.558860000128488438e-09
-2.557220142992645353e-09
-2.555581667738116154e-09
-2.553944504770556312e-09
-2.552308553552448945e-09
-2.550674131631152022e-09
-2.549040822997021410e-09
-2.547409007009644406e-09
-2.545778321152154474e-09
-2.544149118843754901e-09
-2.542521231323718857e-09
-2.540894586922471094e-09
-2.539269373392805304e-09
-2.537645268203104018e-09
-2.536022625773128191e-09
-2.534401115622385540e-09
-2.532781100119511835e-09
-2.531162175335670353e-09
-2.529544654723343746e-09
-2.527928341172672059e-09
-2.526313180079146539e-09
-2.524699066402740793e-09
-2.523086046743501807e-09
-2.521474235720869215e-09
-2.519863458292837488e-09
-2.518253864283653128e-09
-2.516645374111923761e-09
-2.515037950794073329e-09
-2.513431814934538988e-09
-2.511826654878135708e-09
-2.510222783113846576e-09
-2.508619880889938651e-09
-2.507018236144674441e-09
-2.505417752416883119e-09
-2.503818291147856385e-09
-2.502220107035107520e-09
-2.500622839674058403e-09
-2.499026856510248530e-09
-2.497431859006915641e-09
-2.495838091318659804e-09
-2.494245264414016615e-09
-2.492653605011942318e-09
-2.491063019597352559e-09
-2.489473451064344823e-09
-2.487884847495093402e-09
-2.486297051060890441e-09
-2.484710471971851362e-09
-2.483124781118618466e-09
-2.481540163771120118e-09
-2.479956621022558216e-09
-2.478374000139657480e-09
-2.476792614148737525e-09
-2.475212113966344962e-09
-2.473632701316022745e-09
-2.472054382015829257e-09
-2.470476998125883158e-09
-2.468900834916293170e-09
-2.467325517214991132e-09
-2.465751365793354169e-09
-2.464178183337704194e-09
-2.462606080242904017e-09
-2.461034936330860288e-09
-2.459464788362802918e-09
-2.457895640285376047e-09
-2.456327550760905227e-09
-2.454760522513130780e-09
-2.453194414000200241e-09
-2.451629195853893142e-09
-2.450064738020241366e-09
-2.448501347633391588e-09
-2.446938974072537298e-09
-2.445377530492978599e-09
-2.443817172425846476e-09
-2.442257693237453447e-09
-2.440699221258584975e-09
-2.439141820080239577e-09
-2.437585287163604673e-09
-2.436029866681809178e-09
-2.434475313035003058e-09
-2.432921805637999430e-09
-2.431369397668585515e-09
-2.429817789830316377e-09
-2.428267376935836645e-09
-2.426717739584723418e-09
-2.425169257080977457e-09
-2.423621629794634602e-09
-2.422075008235508648e-09
-2.420529287975025109e-09
-2.418984520041625102e-09
-2.417440874974804232e-09
-2.415898069116464179e-09
-2.414356085030960706e-09
-2.412814835966238147e-09
-2.411274590701732534e-09
-2.409735337082521073e-09
-2.408196959673894921e-09
-2.406659663590176212e-09
-2.405123191817745947e-09
-2.403587663441495576e-09
-2.402053208404220143e-09
-2.400519560742868164e-09
-2.398986988254846849e-09
-2.397455280081891890e-09
-2.395924514823366836e-09
-2.394394850789729530e-09
-2.392865950126007091e-09
-2.391338161637720221e-09
-2.389811199072731372e-09
-2.388285247515680455e-09
-2.386760164702090021e-09
-2.385235937550594992e-09
-2.383712669618914102e-09
-2.382190356071018620e-09
-2.380668997796293139e-09
-2.379148464944586846e-09
-2.377628751030803738e-09
-2.376109869895991568e-09
-2.374591964156675854e-09
-2.373075249544207326e-09
-2.371559399228276308e-09
-2.370044652564511827e-09
-2.368530951705857542e-09
-2.367018158797701286e-09
-2.365506648270957394e-09
-2.363995973413684373e-09
-2.362486382308597170e-09
-2.360977980681290299e-09
-2.359470423932290622e-09
-2.357964054937888210e-09
-2.356458579256195709e-09
-2.354954274245504718e-09
-2.353451032197635060e-09
-2.351948655298629815e-09
-2.350447355926118641e-09
-2.348947109659082876e-09
-2.347447908511590015e-09
-2.345949583296749777e-09
-2.344452308760106159e-09
-2.342956120477042945e-09
-2.341460923394581587e-09
-2.339966619439541681e-09
-2.338473158083760946e-09
-2.336980920484124713e-09
-2.335489799358616256e-09
-2.333999736508131164e-09
-2.332510913608001735e-09
-2.331023075201032009e-09
-2.329536287083153143e-09
-2.328050858426684840e-09
-2.326566288378398412e-09
-2.325082963505602139e-09
-2.323600774858683181e-09
-2.322119585917106263e-09
-2.320639720416863827e-09
-2.319160695070072927e-09
-2.317683002391981678e-09
-2.316206418924710682e-09
-2.314730770775042845e-09
-2.313256312696077990e-09
-2.311782871591339387e-09
-2.310310674420658276e-09
-2.308839381883811811e-09
-2.307369187570179672e-09
-2.305900202986356238e-09
-2.304432234413259080e-09
-2.302965209810736033e-09
-2.301499042241442974e-09
-2.300034033021469021e-09
-2.298570280631629181e-09
-2.297107516014554739e-09
-2.295645962276077021e-09
-2.294185473223603289e-09
-2.292725955304991495e-09
-2.291267866942413629e-09
-2.289810644377209776e-09
-2.288354619498064495e-09
-2.286899846335091909e-09
-2.285445982623453856e-09
-2.283993416171891281e-09
-2.282541843996718950e-09
-2.281091463874836092e-09
-2.279642255202166265e-09
-2.278193941639504382e-09
-2.276746936009533112e-09
-2.275300913612760038e-09
-2.273855967556634907e-09
-2.272412059579091305e-09
-2.270969275357511848e-09
-2.269527674851241289e-09
-2.268087010125795033e-09
-2.266647303526961019e-09
-2.265208684515784302e-09
-2.263771078346901242e-09
-2.262334870679706681e-09
-2.260899626512489621e-09
-2.259465521739582494e-09
-2.258032847782670803e-09
-2.256601177829793360e-09
-2.255170764873809643e-09
-2.253741553995220933e-09
-2.252313396666799930e-09
-2.250886610880596488e-09
-2.249460874957320867e-09
-2.248036315560162004e-09
-2.246613158666922315e-09
-2.245190908315988382e-09
-2.243769994747157848e-09
-2.242350322203356029e-09
-2.240931677621385976e-09
-2.239514239971368509e-09
-2.238097925558507506e-09
-2.236682893656760787e-09
-2.235268827515510747e-09
-2.233855947609492624e-09
-2.232444417307539140e-09
-2.231033898032052434e-09
-2.229624397491032323e-09
-2.228215828635961612e-09
-2.226808538178601433e-09
-2.225402513371105932e-09
-2.223997445615549622e-09
-2.222593617847406665e-09
-2.221191011593417877e-09
-2.219789469766029234e-09
-2.218389201926485843e-09
-2.216990106573770843e-09
-2.215592042684839450e-09
-2.214195329511703441e-09
-2.212799629940543763e-09
-2.211405115177894881e-09
-2.210011986650838629e-09
-2.208619718658964207e-09
-2.207228847260307173e-09
-2.205839130431084718e-09
-2.204450380733493526e-09
-2.203062922459391410e-09
-2.201676551180023527e-09
-2.200291411012751897e-09
-2.198907272125774194e-09
-2.197524262609000889e-09
-2.196142612257176202e-09
-2.194761906394733721e-09
-2.193382159474172694e-09
-2.192003450595135505e-09
-2.190625694228470306e-09
-2.189249149259209512e-09
-2.187873513537465948e-09
-2.186498862920333996e-09
-2.185125565427747372e-09
-2.183753150445553602e-09
-2.182381785993325686e-09
-2.181011661880559193e-09
-2.179642384072821014e-09
-2.178274285941103367e-09
-2.176907354033464256e-09
-2.175541296205593197e-09
-2.174176496764279293e-09
-2.172812653504048830e-09
-2.171449876486245393e-09
-2.170088305770413789e-09
-2.168727573855427982e-09
-2.167368088764999600e-09
-2.166009531784453393e-09
-2.164651901542654776e-09
-2.163295516124298246e-09
-2.161940011437565381e-09
-2.160585575049961416e-09
-2.159232177889727416e-09
-2.157879838893343708e-09
-2.156528350408036293e-09
-2.155177624755307220e-09
-2.153827972886245381e-09
-2.152479578477298410e-09
-2.151132037266110363e-09
-2.149785544379955529e-09
-2.148440151977534614e-09
-2.147095712031899150e-09
-2.145752421189688778e-09
-2.144410164275598494e-09
-2.143068824372611796e-09
-2.141728676282039578e-09
-2.140389504735751835e-09
-2.139051322148076028e-09
-2.137714388089611452e-09
-2.136378227480753816e-09
-2.135043314641424735e-09
-2.133709435785802280e-09
-2.132376394081958354e-09
-2.131044613840459973e-09
-2.129713719388960138e-09
-2.128383807170100829e-09
-2.127055011666244291e-09
-2.125727150275615940e-09
-2.124400360611952949e-09
-2.123074517772306310e-09
-2.121749794371402763e-09
-2.120425874751826600e-09
-2.119102668474281858e-09
-2.117780576076826491e-09
-2.116459599338229688e-09
-2.115139431939613986e-09
-2.113820286499484036e-09
-2.112502190792579575e-09
-2.111185026345461061e-09
-2.109868891490712735e-09
-2.108553796122738214e-09
-2.107239537517436462e-09
-2.105926374152205290e-09
-2.104614276603237691e-09
-2.103303012444692941e-09
-2.101992881658583263e-09
-2.100683681557865316e-09
-2.099375406750644993e-09
-2.098068312990579784e-09
-2.096762005298265451e-09
-2.095456819898136450e-09
-2.094152515729909949e-09
-2.092849053771836858e-09
-2.091546847569224830e-09
-2.090245372440749577e-09
-2.088944864536549816e-09
-2.087645550668226020e-09
-2.086347013251182170e-09
-2.085049251877783246e-09
-2.083752380908065869e-09
-2.082456268657523082e-09
-2.081161192002696498e-09
-2.079866915312255081e-09
-2.078573514517408596e-09
-2.077281222896324672e-09
-2.075989712191972514e-09
-2.074698994448101839e-09
-2.073409424251233215e-09
-2.072120662764364938e-09
-2.070832690958372453e-09
-2.069545911613304045e-09
-2.068259809794008279e-09
-2.066974641068854186e-09
-2.065690599231039164e-09
-2.064407197638959192e-09
-2.063124887432949890e-09
-2.061843496757967193e-09
-2.060562804083131658e-09
-2.059283235479250646e-09
-2.058004436600678583e-09
-2.056726423030174721e-09
-2.055449476684126708e-09
-2.054173286296455274e-09
-2.052897970785292257e-09
-2.051623643324827322e-09
-2.050350139415968157e-09
-2.049077348645323109e-09
-2.047805304253641402e-09
-2.046534184933111171e-09
-2.045264151736459425e-09
-2.043994868735713238e-09
-2.042726427667187776e-09
-2.041459248616873230e-09
-2.040192796656993629e-09
-2.038927157186998902e-09
-2.037662718515908828e-09
-2.036399073713213679e-09
-2.035136268804566225e-09
-2.033874650075564150e-09
-2.032613738666718636e-09
-2.031353798299090832e-09
-2.030094981576254098e-09
-2.028836821330420853e-09
-2.027579795105532694e-09
-2.026323698658122825e-09
-2.025068342753089895e-09
-2.023814118034088243e-09
-2.022560699486635074e-09
-2.021308062949115568e-09
-2.020056605457635838e-09
-2.018805827585688316e-09
-2.017555992368766859e-09
-2.016307259025242750e-09
-2.015059242951865354e-09
-2.013812016429661829e-09
-2.012565752981272354e-09
-2.011320199020914389e-09
-2.010075655623802058e-09
-2.008832012043024485e-09
-2.007589324847147656e-09
-2.006347592924440829e-09
-2.005106767618155140e-09
-2.003866815205791376e-09
-2.002627898296499587e-09
-2.001389924375753085e-09
-2.000152748232987956e-09
-1.998916602312573770e-09
-1.997681491895231558e-09
-1.996447122835535497e-09
-1.995213802341747643e-09
-1.993981472140648204e-09
-1.992749895896810006e-09
-1.991519429530830507e-09
-1.990289889069800542e-09
-1.989061098026464615e-09
-1.987833361089161768e-09
-1.986606520614472602e-09
-1.985380537469474956e-09
-1.984155494441051512e-09
-1.982931336350299711e-09
-1.981708105887680096e-09
-1.980485799569769671e-09
-1.979264412412308937e-09
-1.978043724181437652e-09
-1.976823761595751346e-09
-1.975604725433822253e-09
-1.974386728128686211e-09
-1.973169475423743906e-09
-1.971953107193252516e-09
-1.970737841799658451e-09
-1.969523361362084518e-09
-1.968309681778280347e-09
-1.967097112461440635e-09
-1.965885407496724970e-09
-1.964674486969221758e-09
-1.963464608337242294e-09
-1.962255653016173962e-09
-1.961047472942010605e-09
-1.959840325480419290e-09
-1.958634113373488826e-09
-1.957428645625877519e-09
-1.956224266207077337e-09
-1.955020774560862195e-09
-1.953818017787197201e-09
-1.952616282323508359e-09
-1.951415408710549392e-09
-1.950215350033282935e-09
-1.949016256560647785e-09
-1.947817990475089470e-09
-1.946620580144270787e-09
-1.945424153028121454e-09
-1.944228554225491240e-09
-1.943033646845267959e-09
-1.941839610394908956e-09
-1.940646378040867715e-09
-1.939454162383120042e-09
-1.938262801386910105e-09
-1.937072389030543400e-09
-1.935882936042221602e-09
-1.934694380313253852e-09
-1.933506697348506107e-09
-1.932320014626436930e-09
-1.931134316934863982e-09
-1.929949348427485545e-09
-1.928765411124486876e-09
-1.927582573008202924e-09
-1.926400345435914332e-09
-1.925219219069984641e-09
-1.924039161188472308e-09
-1.922859728692560757e-09
-1.921681467553218007e-09
-1.920504107934863822e-09
-1.919327463455839092e-09
-1.918151976566450380e-09
-1.916977265146313205e-09
-1.915803351226224715e-09
-1.914630598212436040e-09
-1.913458513756458677e-09
-1.912287415961515968e-09
-1.911117303363829099e-09
-1.909947895918423843e-09
-1.908779541559965149e-09
-1.907611946624777185e-09
-1.906444946891700322e-09
-1.905278986756570337e-09
-1.904114057121723983e-09
-1.902949820243361452e-09
-1.901786439249440474e-09
-1.900624252921376216e-09
-1.899462790385612364e-09
-1.898302123515541471e-09
-1.897142555146618005e-09
-1.895983870659221977e-09
-1.894825951765202302e-09
-1.893669036838159185e-09
-1.892513122431727320e-09
-1.891357907192759898e-09
-1.890203707223364923e-09
-1.889050510702138825e-09
-1.887898002786935109e-09
-1.886746585349888622e-09
-1.885596081292291960e-09
-1.884446215905478463e-09
-1.883297556320357963e-09
-1.882149621713383997e-09
-1.881002422016017869e-09
-1.879856419634133399e-09
-1.878711048196503427e-09
-1.877566605054044087e-09
-1.876423155872984614e-09
-1.875280411121581769e-09
-1.874138644285598397e-09
-1.872997601816309649e-09
-1.871857130572805639e-09
-1.870717614935990854e-09
-1.869579094779941286e-09
-1.868441238771837748e-09
-1.867304226863829884e-09
-1.866168264763162891e-09
-1.865033041648449797e-09
-1.863898612142727787e-09
-1.862765169538915424e-09
-1.861632599402861328e-09
-1.860500724079993138e-09
-1.859369794284122100e-09
