-1.108074552685967676e-12
-1.246903652434619083e-12
-1.370805001524630016e-12
-1.474031007599824773e-12
-1.550753853034267348e-12
-1.595111326032150570e-12
-1.601219174735682922e-12
-1.563218147332161599e-12
-1.475324506319620895e-12
-1.331854236443766338e-12
-1.127200448770617699e-12
-8.559321718596836389e-13
-5.127565668153236701e-13
-9.255950545887875371e-14
4.096258360648271603e-13
9.985396830922226280e-13
1.678629681221375739e-12
2.454268823330944132e-12
3.329384187098459238e-12
4.307839009063520337e-12
5.393207642532087065e-12
6.588696541313902013e-12
7.897434032340726403e-12
9.322144828697973591e-12
1.086532393210623093e-11
1.252932743352971161e-11
1.431598393548822001e-11
1.622721478663881311e-11
1.826439978380023022e-11
2.042874496027604706e-11
2.272109762165224136e-11
2.514250046019293048e-11
2.769297343146495614e-11
3.037319021650547214e-11
3.318275245439589581e-11
3.612189388652499993e-11
3.918967696256371527e-11
4.238603244948000459e-11
4.570965470289570154e-11
4.915972657292123316e-11
5.273513485577008687e-11
5.643427229451345976e-11
6.025567457300283914e-11
6.419770469551204603e-11
6.825849281431067806e-11
7.243599612415798720e-11
7.672792949030444793e-11
8.113225108027371258e-11
8.564667253529707431e-11
9.026848281657727330e-11
9.499544359322907577e-11
9.982459799499460311e-11
1.047531939880054374e-10
1.097787018845417762e-10
1.148983367157119321e-10
1.201088511716013339e-10
1.254075823513539315e-10
1.307916976206223550e-10
1.362577719037462489e-10
1.418032173694879376e-10
1.474251739515439870e-10
1.531201429776788369e-10
1.588851816688217281e-10
1.647177509709213977e-10
1.706145722232563531e-10
1.765727299675388509e-10
1.825893111357023490e-10
1.886616177517857565e-10
1.947865924450720547e-10
2.009613851270412045e-10
2.071834934724463999e-10
2.134503730770320984e-10
2.197592908341458250e-10
2.261074728922032606e-10
2.324926161897966960e-10
2.389124657756662080e-10
2.453648029409742850e-10
2.518470636316244972e-10
2.583570739971147207e-10
2.648928452623182656e-10
2.714527310790741594e-10
2.780345330554240685e-10
2.846362337474847611e-10
2.912563020379868047e-10
2.978933154118575946e-10
3.045457071625471760e-10
3.112115922255105720e-10
3.178898459322380899e-10
3.245792865685361179e-10
3.312788961086663565e-10
3.379875021213870551e-10
3.447036284784105151e-10
3.514265860039523484e-10
3.581558767260193233e-10
3.648907203902860128e-10
3.716301988739180345e-10
3.783737146911239998e-10
3.851207159092798809e-10
3.918710223724186789e-10
3.986242964201203421e-10
4.053801538660333679e-10
4.121384609411560205e-10
4.188988504408237974e-10
4.256613963090277087e-10
4.324261850106264157e-10
4.391933744252820456e-10
4.459629903451477905e-10
4.527349907745949268e-10
4.595094397354175809e-10
4.662870337408230465e-10
4.730681401205455349e-10
4.798529901284761772e-10
4.866419541238156668e-10
4.934350486991452436e-10
5.002330063043684777e-10
5.070364349450288640e-10
5.138459903199187841e-10
5.206619519737336333e-10
5.274849740627392835e-10
5.343152812816157909e-10
5.411537034539830982e-10
5.480007735574561642e-10
5.548572362709767346e-10
5.617234545746324876e-10
5.686002879057710400e-10
5.754879945194442604e-10
5.823872956926616455e-10
5.892986010982020909e-10
5.962227534557622647e-10
6.031599753477336041e-10
6.101112502528215098e-10
6.170767237799599783e-10
6.240569727645419970e-10
6.310520274734369480e-10
6.380627781250375059e-10
6.450894141582623241e-10
6.521324785701996848e-10
6.591923188600865626e-10
6.662692317488585435e-10
6.733631890263479135e-10
6.804743127189003809e-10
6.876031633055701660e-10
6.947492883953245631e-10
7.019133800544478929e-10
7.090953226351494831e-10
7.162951859819134866e-10
7.235125429399949666e-10
7.307474987208121394e-10
7.380001047419118813e-10
7.452694032750521326e-10
7.525559968505023746e-10
7.598590484183929363e-10
7.671785471115556990e-10
7.745140515728855839e-10
7.818648002112369131e-10
7.892309309507050236e-10
7.966109501810362271e-10
8.040046883632923816e-10
8.114115162300794235e-10
8.188306032212556891e-10
8.262618784639862949e-10
8.337036152458740605e-10
8.411555338832571442e-10
8.486166671148025694e-10
8.560854426614099272e-10
8.635616071040562888e-10
8.710435574381829314e-10
8.785307322119712344e-10
8.860222724327656716e-10
8.935162881027163514e-10
9.010121140872161056e-10
9.085086097366257036e-10
9.160037867622007075e-10
9.234974042727340019e-10
9.309871071778190409e-10
9.384719520071605474e-10
9.459514336250503647e-10
9.534227653046725546e-10
9.608854297299187977e-10
9.683382085759129080e-10
9.757788983575799294e-10
9.832069453287849555e-10
9.906202995761587857e-10
9.980170896885996856e-10
1.005396835752790736e-09
1.012757242996666532e-09
1.020096918115879799e-09
1.027415152590531217e-09
1.034709606095388173e-09
1.041979234902887298e-09
1.049223385127746781e-09
1.056439132925060547e-09
1.063625239243121746e-09
1.070781209222783279e-09
1.077904389399003740e-09
1.084993777449241631e-09
1.092048646558678586e-09
1.099067790131197348e-09
1.106048235377945457e-09
1.112991007182650184e-09
1.119894306598209304e-09
1.126755101177519348e-09
1.133572576570862552e-09
1.140347071870012043e-09
1.147075685714816029e-09
1.153758572024395709e-09
1.160394283436496420e-09
1.166980925520241724e-09
1.173519018725430765e-09
1.180007649661033190e-09
1.186445344429171156e-09
1.192829253323482117e-09
1.199161313923891985e-09
1.205439944049948520e-09
1.211663108838337461e-09
1.217831960181075178e-09
1.223945347033839991e-09
1.230000974666256190e-09
1.235999824493379397e-09
1.241942643021558561e-09
1.247827512063620924e-09
1.253652834382110995e-09
1.259420638816152070e-09
1.265129878059797453e-09
1.270778778784390234e-09
1.276368052560140960e-09
1.281899264391261887e-09
1.287370243713804899e-09
1.292780334780339396e-09
1.298131477908428243e-09
1.303423935209439118e-09
1.308656217985578658e-09
1.313828639828296270e-09
1.318942682118807157e-09
1.323997971801964194e-09
1.328993176996543467e-09
1.333930259511252771e-09
1.338810586774906330e-09
1.343632656172231540e-09
1.348395417472040183e-09
1.353103302790441507e-09
1.357755645783821264e-09
1.362352006762670490e-09
1.366892222927918467e-09
1.371379579749637517e-09
1.375813621869863513e-09
1.380194343313043709e-09
1.384521401652212545e-09
1.388798638681402907e-09
1.393025231219585940e-09
1.397200700965454305e-09
1.401326177972463584e-09
1.405405254006402504e-09
1.409437588940198272e-09
1.413422746058222075e-09
1.417361962348530160e-09
1.421258414915240646e-09
1.425111571079516212e-09
1.428921377137813642e-09
1.432688689067218717e-09
1.436417376149306952e-09
1.440106433497607822e-09
1.443756379178647692e-09
1.447367507467554304e-09
1.450944030830235306e-09
1.454486132014379940e-09
1.457993052562533561e-09
1.461465729608126208e-09
1.464907928701306733e-09
1.468319795346784480e-09
1.471701414814307456e-09
1.475052398310789789e-09
1.478376032536155934e-09
1.481673824434480078e-09
1.484945580001799204e-09
1.488191012140597178e-09
1.491412489379325906e-09
1.494612573618103451e-09
1.497790869518529188e-09
1.500947637545219424e-09
1.504083646800451087e-09
1.507201725860754073e-09
1.510302108509207058e-09
1.513384897831043212e-09
1.516450076584013540e-09
1.519499917989977820e-09
1.522535795019033199e-09
1.525557850215905917e-09
1.528566139250512943e-09
1.531561012008838293e-09
1.534545155967935802e-09
1.537518810375735579e-09
1.540482040310176008e-09
1.543434892060945913e-09
1.546378632726634096e-09
1.549314490331967890e-09
1.552242423277372547e-09
1.555162402598788045e-09
1.558074643492544697e-09
1.560980808037793595e-09
1.563881494071216092e-09
1.566776751165580862e-09
1.569666522250885032e-09
1.572550623589304166e-09
1.575430569750690517e-09
1.578306491863685255e-09
1.581178443683943976e-09
1.584046202205227896e-09
1.586910000529680611e-09
1.589770476689998159e-09
1.592627623748285665e-09
1.595481470998648628e-09
1.598331751504112904e-09
1.601178499002232395e-09
1.604022308988105574e-09
1.606863212239303237e-09
1.609701287567112607e-09
1.612535800444083287e-09
1.615366441367850509e-09
1.618193565463429419e-09
1.621017187575899596e-09
1.623837393617728387e-09
1.626653428195669006e-09
1.629464613640350260e-09
1.632271177519581136e-09
1.635073014618469260e-09
1.637870119968967873e-09
1.640661654641687309e-09
1.643446815188819406e-09
1.646225784448381530e-09
1.648998747103169248e-09
1.651765103099988038e-09
1.654524575124552308e-09
1.657275698714798898e-09
1.660018664622878402e-09
1.662753176937334388e-09
1.665478370304327088e-09
1.668195026909814197e-09
1.670901454126368293e-09
1.673597222256160467e-09
1.676281215997012435e-09
1.678954317646235326e-09
1.681616219271783839e-09
1.684265485691803679e-09
1.686900600387439427e-09
1.689522306568063751e-09
1.692130520134720082e-09
1.694724866924004295e-09
1.697304030702302897e-09
1.699866928452793217e-09
1.702414206841455349e-09
1.704943981015668041e-09
1.707456717613988304e-09
1.709952670322949279e-09
1.712430784620776910e-09
1.714888526080999127e-09
1.717327367166666285e-09
1.719747040037523217e-09
1.722146775782372135e-09
1.724525832849014006e-09
1.726882810262159430e-09
1.729218994064983905e-09
1.731531918984141752e-09
1.733823566808226719e-09
1.736093190301316350e-09
1.738338685026596804e-09
1.740559780055285947e-09
1.742757220462379601e-09
1.744930946537514377e-09
1.747078922715595979e-09
1.749202903085391142e-09
1.751301365624977472e-09
1.753372628407335950e-09
1.755418446344608890e-09
1.757439341244991442e-09
1.759432283027282121e-09
1.761399360560590207e-09
1.763339309518705436e-09
1.765250320466040855e-09
1.767134909124198777e-09
1.768993265963922952e-09
1.770822973154977169e-09
1.772625265917070959e-09
1.774399682260071896e-09
1.776144863899150911e-09
1.777862802312330012e-09
1.779553803781428970e-09
1.781215759085717589e-09
1.782849483089089103e-09
1.784455299235706630e-09
1.786031526057140084e-09
1.787580841184677902e-09
1.789103469302577457e-09
1.790596631004074925e-09
1.792062809405794413e-09
1.793499932651581177e-09
1.794908679890797964e-09
1.796290879038081177e-09
1.797647387578301419e-09
1.798975784422461738e-09
1.800277712670384944e-09
1.801551428155501188e-09
1.802798481175909485e-09
1.804020923423748226e-09
1.805217257550569202e-09
1.806388058383701538e-09
1.807533327420507579e-09
1.808652097649793559e-09
1.809745187819561995e-09
1.810815697907610692e-09
1.811861699926165560e-09
1.812884046614396590e-09
1.813882982278608775e-09
1.814858018479900059e-09
1.815809291426131444e-09
1.816737769809989445e-09
1.817645301776135834e-09
1.818532490848449549e-09
1.819398318014531306e-09
1.820242464336201654e-09
1.821065354022118957e-09
1.821867493403101920e-09
1.822652128034615023e-09
1.823417177406374514e-09
1.824163798670272845e-09
1.824891992781703623e-09
1.825601835418263038e-09
1.826292461510992323e-09
1.826966461798999854e-09
1.827624866120163025e-09
1.828267990289392731e-09
1.828895207815147712e-09
1.829506797272833121e-09
1.830102550674997685e-09
1.830683544642538141e-09
1.831250329972028764e-09
1.831804830120940869e-09
1.832347023834372306e-09
1.832876707450199227e-09
1.833392986845074720e-09
1.833897061882196729e-09
1.834389319732219075e-09
1.834871018957722947e-09
1.835342621034665717e-09
1.835804356254596696e-09
1.836256272817991922e-09
1.836697627960171022e-09
1.837129325525176594e-09
1.837551460069182510e-09
1.837966129601809253e-09
1.838373145851455449e-09
1.838772879934688153e-09
1.839165618712780717e-09
1.839550356288282468e-09
1.839927999621556244e-09
1.840298658753100677e-09
1.840663668812477739e-09
1.841023341716592408e-09
1.841377900857315068e-09
1.841727415088994471e-09
1.842071132680146969e-09
1.842409994599673667e-09
1.842743942790910657e-09
1.843073448526942485e-09
1.843399288462866402e-09
1.843721494116248980e-09
1.844039804325904911e-09
1.844354234162734082e-09
1.844665048595599598e-09
1.844972020645562347e-09
1.845275726682477863e-09
1.845576898277287594e-09
1.845875785967199935e-09
1.846171829243630318e-09
1.846465499548159980e-09
1.846756952526567140e-09
1.847045197751829250e-09
1.847330864255097488e-09
1.847614692865945901e-09
1.847896095959982262e-09
1.848175860955247078e-09
1.848453444891130731e-09
1.848729051888346003e-09
1.849002422159737302e-09
1.849273595190853887e-09
1.849542243743751474e-09
1.849809015761163433e-09
1.850073726626303208e-09
1.850336238123246142e-09
1.850596695876560049e-09
1.850855067979572597e-09
1.851110916260982118e-09
1.851363821481914088e-09
1.851614625642914349e-09
1.851862700723811869e-09
1.852108747203565953e-09
1.852352113620120598e-09
1.852593355771101349e-09
1.852831691272523469e-09
1.853067234881055853e-09
1.853298934378291581e-09
1.853528065133053937e-09
1.853753186330140087e-09
1.853975849537454005e-09
1.854194318403545550e-09
1.854410256586570887e-09
1.854621845444422844e-09
1.854830084633226214e-09
1.855033371911000082e-09
1.855233088290518691e-09
1.855427683390303218e-09
1.855618690783853311e-09
1.855804451551765098e-09
1.855986647054769751e-09
1.856163244310809874e-09
1.856335139836927633e-09
1.856500966351960544e-09
1.856662205584539874e-09
1.856817219795469489e-09
1.856967638274791874e-09
1.857111620003344488e-09
1.857251052835421590e-09
1.857383650621819352e-09
1.857510786685262016e-09
1.857630486572841660e-09
1.857744714130860083e-09
1.857851136242963713e-09
1.857952052187201623e-09
1.858044988741353320e-09
1.858132411083225124e-09
1.858211616871575747e-09
1.858284608206667034e-09
1.858349047282031338e-09
1.858407052382478571e-09
1.858456513868642429e-09
1.858499179509795202e-09
1.858533417260886658e-09
1.858560419864826746e-09
1.858579226350246379e-09
1.858589975801609856e-09
1.858591928379478325e-09
1.858586051609221020e-09
1.858571683149454367e-09
1.858549103114635770e-09
1.858518272309308209e-09
1.858478687675310356e-09
1.858431257043281768e-09
1.858374273965592221e-09
1.858309275003517734e-09
1.858234524729734346e-09
1.858152150802331799e-09
1.858059906258877885e-09
1.857959825993954295e-09
1.857850044610227785e-09
1.857732027466094425e-09
1.857604482791228309e-09
1.857468035069107044e-09
1.857322347865688604e-09
1.857168213165794943e-09
1.857005145754543158e-09
1.856833293082171393e-09
1.856652694510896277e-09
1.856462696428157653e-09
1.856264165209197909e-09
1.856055908637442120e-09
1.855839106094186364e-09
1.855612816834612766e-09
1.855379013789947792e-09
1.855135835882974381e-09
1.854884805998943333e-09
1.854624855045459539e-09
1.854356434383467688e-09
1.854079747100118386e-09
1.853793747458047530e-09
1.853499918450480107e-09
1.853197099130005425e-09
1.852887433663914763e-09
1.852568843612522879e-09
1.852243056454278920e-09
1.851908787846608006e-09
1.851566804518936346e-09
1.851216967949613328e-09
1.850858728264453774e-09
1.850493105941951885e-09
1.850119533259432817e-09
1.849739704769007843e-09
1.849352043699489621e-09
1.848957862054703586e-09
1.848556255401737263e-09
1.848147707282666200e-09
1.847732215199570383e-09
1.847309185040066449e-09
1.846879454769465061e-09
1.846442967616540980e-09
1.846001162932139204e-09
1.845552769787411104e-09
1.845099042742707192e-09
1.844638865120082390e-09
1.844173081888751042e-09
1.843701124938669623e-09
1.843223276331561415e-09
1.842739485565320324e-09
1.842250322422797229e-09
1.841756383443075256e-09
1.841257404508460151e-09
1.840753729393891003e-09
1.840244934378828727e-09
1.839731474569360953e-09
1.839212714675639835e-09
1.838689411715081291e-09
1.838160872261267918e-09
1.837628067668091699e-09
1.837090932841980535e-09
1.836550232474766631e-09
1.836005583847930378e-09
1.835457329876556616e-09
1.834905152913115805e-09
1.834349306083064473e-09
1.833789607323122617e-09
1.833226181060279519e-09
1.832658823311051660e-09
1.832088235414252593e-09
1.831514864540991766e-09
1.830938589799236247e-09
1.830359726114512335e-09
1.829777921554556613e-09
1.829193518068637839e-09
1.828606086533900349e-09
1.828016185912928145e-09
1.827423207076287435e-09
1.826827803408980990e-09
1.826229833236559294e-09
1.825630092162180451e-09
1.825027840801520382e-09
1.824423912699022963e-09
1.823817476528494566e-09
1.823209333667144842e-09
1.822598757750058963e-09
1.821986429957245362e-09
1.821371705118349211e-09
1.820755077536652238e-09
1.820136582028434579e-09
1.819516870561242309e-09
1.818895429899366557e-09
1.818272816813197270e-09
1.817648472119541373e-09
1.817022947030135094e-09
1.816395656873620991e-09
1.815767255319882841e-09
1.815136870921406736e-09
1.814505058226858214e-09
1.813871684806523719e-09
1.813237506044964640e-09
1.812601802534268689e-09
1.811965211429906865e-09
1.811327338255069870e-09
1.810688331491820943e-09
1.810048152924415785e-09
1.809406745660033608e-09
1.808764056165364966e-09
1.808120246138172309e-09
1.807474888222209605e-09
1.806828745571993892e-09
1.806181154941123288e-09
1.805532607822285234e-09
1.804882999200351475e-09
1.804232046758248073e-09
1.803580106915114241e-09
1.802927086719837367e-09
1.802272651449398524e-09
1.801616961139175285e-09
1.800959767456312871e-09
1.800301631473946619e-09
1.799642438490994172e-09
1.798981842936376458e-09
1.798320330905675577e-09
1.797657530009045357e-09
1.796993626721947189e-09
1.796328762011839318e-09
1.795662312522608598e-09
1.794994689078717489e-09
1.794325532556394330e-09
1.793654859025359598e-09
1.792983170049886439e-09
1.792309738452106915e-09
1.791635131690659820e-09
1.790959493284772872e-09
1.790281842304035984e-09
1.789603193604017705e-09
1.788923039490292091e-09
1.788241373608623111e-09
1.787558449768876535e-09
1.786873394659652380e-09
1.786187042924965714e-09
1.785499310439803778e-09
1.784809339634179083e-09
1.784118143134987456e-09
1.783425191034033037e-09
1.782730427175016657e-09
1.782034271647981692e-09
1.781336122372562091e-09
1.780636389497496476e-09
1.779934807800308166e-09
1.779230990905925655e-09
1.778525749349440593e-09
1.777818771973051653e-09
1.777109632737218902e-09
1.776398850867100590e-09
1.775686125827135223e-09
1.774971572742252506e-09
1.774255374879528388e-09
1.773536924553041963e-09
1.772816573886135368e-09
1.772094436164171343e-09
1.771369866953316886e-09
1.770643696285641143e-09
1.769915633587732536e-09
1.769185163989290589e-09
1.768453032862351682e-09
1.767718583472824180e-09
1.766982222090548655e-09
1.766244088762331333e-09
1.765503370545488673e-09
1.764760841678840636e-09
1.764016468277181583e-09
1.763269539058656128e-09
1.762520921742137489e-09
1.761770313685855539e-09
1.761017164441520397e-09
1.760262157704431303e-09
1.759505002139467205e-09
1.758745647725692972e-09
1.757984233657877441e-09
1.757220664450509319e-09
1.756454721284579442e-09
1.755686785733003631e-09
1.754916684132148771e-09
1.754144810344766632e-09
1.753370683181655560e-09
1.752594466300871981e-09
1.751816477262222931e-09
1.751036466625465588e-09
1.750254203280886297e-09
1.749469899002769176e-09
1.748683742671561889e-09
1.747895395026994411e-09
1.747104998111777069e-09
1.746312738201607135e-09
1.745518305709002956e-09
1.744722291908828880e-09
1.743924369312132670e-09
1.743124466194042050e-09
1.742322771409817034e-09
1.741519002248066689e-09
1.740713554425006382e-09
1.739906123339440553e-09
1.739096682806636038e-09
1.738285336603183564e-09
1.737472352047345969e-09
1.736657572784616687e-09
1.735841159115277884e-09
1.735023073841513720e-09
1.734203065101592847e-09
1.733381700135282069e-09
1.732558404378419771e-09
1.731733551610515555e-09
1.730906976522419134e-09
1.730078642869102659e-09
1.729248889045770667e-09
1.728417117426796940e-09
1.727583729787329398e-09
1.726748952813609291e-09
1.725912950367799861e-09
1.725075461967045260e-09
1.724236606006326951e-09
1.723396623033778887e-09
1.722555082714064064e-09
1.721712312005456997e-09
1.720868186681601062e-09
1.720022742088585579e-09
1.719176152465885444e-09
1.718327802350675787e-09
1.717478430552307444e-09
1.716627870629922975e-09
1.715776253594042156e-09
1.714923681234905550e-09
1.714069765278813989e-09
1.713214998635043073e-09
1.712359081691288951e-09
1.711502082332610135e-09
1.710644111941399004e-09
1.709785024226049300e-09
1.708924927514299479e-09
1.708063644500729703e-09
1.707201454336586908e-09
1.706338362336465171e-09
1.705474453265490969e-09
1.704609788566764279e-09
1.703744114343565369e-09
1.702877888963348229e-09
1.702010702602208065e-09
1.701142786206573079e-09
1.700274245707880852e-09
1.699404600894036826e-09
1.698534424794493067e-09
1.697663272340874601e-09
1.696791351629200155e-09
1.695918770379230436e-09
1.695045415100627349e-09
1.694171694720094236e-09
1.693297396776332120e-09
1.692422628837107272e-09
1.691547464685730918e-09
1.690671586125756462e-09
1.689795360367928185e-09
1.688918543532394058e-09
1.688041309033516318e-09
1.687163667772336027e-09
1.686285228643714782e-09
1.685406467814089479e-09
1.684527217408643728e-09
1.683647523449556140e-09
1.682767668233924241e-09
1.681887180548592717e-09
1.681006420265145864e-09
1.680125428422950569e-09
1.679243923825348620e-09
1.678362136050818487e-09
1.677479931511883273e-09
1.676597400719059193e-09
1.675714500382593350e-09
1.674831259820909942e-09
1.673947674535842155e-09
1.673063666122579321e-09
1.672179506682432092e-09
1.671295128366820623e-09
1.670410425243438794e-09
1.669525544812900048e-09
1.668640355837995760e-09
1.667755008755003367e-09
1.666869424002217395e-09
1.665983493429950014e-09
1.665097492341817544e-09
1.664211074808902580e-09
1.663324415018567643e-09
1.662437497142546273e-09
1.661550270719553743e-09
1.660662941742005765e-09
1.659775531328443764e-09
1.658887884705971863e-09
1.658000123464928870e-09
1.657112253013711144e-09
1.656224178807435827e-09
1.655336000971352982e-09
1.654447603083803221e-09
1.653559156531977253e-09
1.652670488899464890e-09
1.651781619671084489e-09
1.650892723207906496e-09
1.650003509673909284e-09
1.649114158475510089e-09
1.648224813967471765e-09
1.647335122232049271e-09
1.646445297063749935e-09
1.645555447212422480e-09
1.644665337719854092e-09
1.643774989324165832e-09
1.642884634852174228e-09
1.641994086214671233e-09
1.641103226557464713e-09
1.640212415015617345e-09
1.639321367506314100e-09
1.638430110611210756e-09
1.637538781437975385e-09
1.636647270278760039e-09
1.635755678438291620e-09
1.634863872835451839e-09
1.633971959297453522e-09
1.633079906575108844e-09
1.632187730843231583e-09
1.631295368521245698e-09
1.630402865180557727e-09
1.629510303847477780e-09
1.628617454952212992e-09
1.627724495226078497e-09
1.626831392583482795e-09
1.625938104305303537e-09
1.625044724051381686e-09
1.624151201739115795e-09
1.623257585333607661e-09
1.622363815365079375e-09
1.621469913785870417e-09
1.620575933058380856e-09
1.619681731523794889e-09
1.618787443390595258e-09
1.617893121496391158e-09
1.616998455503282682e-09
1.616103797694423264e-09
1.615209076688013790e-09
1.614314208772466369e-09
1.613419215365968604e-09
1.612524067510540250e-09
1.611628820084858663e-09
1.610733329680000658e-09
1.609837744294252893e-09
1.608942029571661244e-09
1.608046091531893619e-09
1.607150014191395323e-09
1.606253857073793721e-09
1.605357451424441763e-09
1.604460923232831548e-09
1.603564304418663504e-09
1.602667537593180706e-09
1.601770692681641289e-09
1.600873742226901511e-09
1.599976692841153677e-09
1.599079448383139064e-09
1.598182211542217121e-09
1.597284879519772762e-09
1.596387289398613876e-09
1.595489704065714044e-09
1.594592063640476104e-09
1.593694187596935223e-09
1.592796190284415203e-09
1.591898267997218100e-09
1.591000071252362292e-09
1.590101809519027682e-09
1.589203472201030832e-09
1.588305100247409884e-09
1.587406653699261682e-09
1.586508107513982693e-09
1.585609551589768685e-09
1.584710923195475390e-09
1.583812225390967971e-09
1.582913454079344930e-09
1.582014625980862938e-09
1.581115754853189945e-09
1.580216852684778643e-09
1.579317752755970367e-09
1.578418795878246942e-09
1.577519694100317765e-09
1.576620660284747128e-09
1.575721604082567188e-09
1.574822519115222805e-09
1.573923366475612124e-09
1.573024163391218967e-09
1.572125022383091187e-09
1.571225785963277985e-09
1.570326479747619057e-09
1.569427188752248836e-09
1.568527893512325379e-09
1.567628558871969549e-09
1.566729061528950901e-09
1.565829757983182836e-09
1.564930332690738828e-09
1.564030902405928951e-09
1.563131515211976391e-09
1.562232211799094891e-09
1.561332965134856598e-09
1.560433647748040779e-09
1.559534482023880374e-09
1.558635424830696701e-09
1.557736372496123791e-09
1.556837238879268375e-09
1.555938396607956487e-09
1.555039566868803109e-09
1.554140653439775334e-09
1.553241864930198818e-09
1.552343342935485972e-09
1.551444622993640127e-09
1.550546026612849539e-09
1.549647600810639254e-09
1.548749269261482507e-09
1.547851024907626158e-09
1.546952937555338408e-09
1.546054975107736744e-09
1.545157127593117523e-09
1.544259465418778379e-09
1.543361835862445534e-09
1.542464390700553095e-09
1.541567133239631484e-09
1.540669908592137592e-09
1.539772824548183837e-09
1.538876006944399340e-09
1.537979224666727751e-09
1.537082705001571214e-09
1.536186303520341003e-09
1.535290135908174893e-09
1.534394047451237703e-09
1.533498200054872860e-09
1.532602428616642511e-09
1.531706934475326960e-09
1.530811587273548244e-09
1.529916269587352221e-09
1.529021312229592346e-09
1.528126453898379888e-09
1.527231798635210164e-09
1.526337182525807555e-09
1.525442975764350015e-09
1.524548846599092736e-09
1.523654876976751053e-09
1.522761135566674774e-09
1.521867677237118778e-09
1.520974420189019470e-09
1.520081376039094578e-09
1.519188553156592103e-09
1.518296135802197346e-09
1.517403887723573427e-09
1.516511793287875307e-09
1.515620070154611726e-09
1.514728642161541373e-09
1.513837400294779475e-09
1.512946346267954747e-09
1.512055666353290304e-09
1.511165284817603418e-09
1.510275027912144092e-09
1.509385085241722049e-09
1.508495472869109451e-09
1.507606150304725212e-09
1.506717047108267190e-09
1.505828294131312410e-09
1.504939856674833585e-09
1.504051672638246228e-09
1.503163811645425216e-09
1.502276238117512606e-09
1.501388975324422518e-09
1.500501979827013238e-09
1.499615356860153552e-09
1.498728995322858130e-09
1.497842876521547820e-09
1.496957233608741721e-09
1.496071807399182215e-09
1.495186793835412804e-09
1.494302066285222050e-09
1.493417710500397465e-09
1.492533575408022054e-09
1.491649757554094012e-09
1.490766321881928080e-09
1.489883164393455923e-09
1.489000315574419016e-09
1.488117692526182577e-09
1.487235575129566842e-09
1.486353628637233775e-09
1.485472107547801082e-09
1.484590715673616723e-09
1.483709885134866673e-09
1.482829272609120997e-09
1.481949012291834344e-09
1.481069032584072690e-09
1.480189502369026952e-09
1.479310333984990944e-09
1.478431452864362140e-09
1.477552846405498858e-09
1.476674813271391119e-09
1.475797045544759004e-09
1.474919614061958730e-09
1.474042498832681871e-09
1.473165884581413897e-09
1.472289579174157642e-09
1.471413625749540103e-09
1.470537980930085880e-09
1.469662782870053317e-09
1.468788024339718423e-09
1.467913514088388850e-09
1.467039456681469675e-09
1.466165775104682200e-09
1.465292569901044058e-09
1.464419570457053005e-09
1.463546990939819874e-09
1.462674836666544362e-09
1.461803065165637916e-09
1.460931573559448342e-09
1.460060525385305055e-09
1.459189784572576315e-09
1.458319495198092293e-09
1.457449557470990684e-09
1.456580005104506279e-09
1.455710742736460414e-09
1.454841942294275459e-09
1.453973613301488599e-09
1.453105623231978380e-09
1.452238035143459977e-09
1.451370944580505377e-09
1.450504184691437887e-09
1.449637723882259448e-09
1.448771588274299826e-09
1.447905987048383767e-09
1.447040685362682768e-09
1.446175703485437944e-09
1.445311041283762728e-09
1.444446917492417939e-09
1.443583073045135888e-09
1.442719663105655289e-09
1.441856464816257639e-09
1.440993820354637622e-09
1.440131519127725034e-09
1.439269658940032016e-09
1.438408083407955924e-09
1.437546915949677244e-09
1.436686335707142891e-09
1.435825997060201303e-09
1.434966053856753636e-09
1.434106442563559262e-09
1.433247493129274689e-09
1.432388776661207257e-09
1.431530443074076347e-09
1.430672492377001625e-09
1.429815090670372994e-09
1.428958017008561973e-09
1.428101356892348117e-09
1.427245033448590416e-09
1.426389174467263652e-09
1.425533851550341738e-09
1.424678800501093314e-09
1.423824265797359951e-09
1.422970073062003218e-09
1.422116519547070487e-09
1.421263157366644180e-09
1.420410243890299794e-09
1.419557676747178014e-09
1.418705667480531414e-09
1.417853926578737923e-09
1.417002621028532147e-09
1.416151685163974365e-09
1.415301212739576359e-09
1.414451104282361336e-09
1.413601468416239769e-09
1.412752152377682249e-09
1.411903200845670830e-09
1.411054804078157049e-09
1.410206864885554834e-09
1.409359292743451334e-09
1.408512147038244653e-09
1.407665550728223742e-09
1.406819339595557964e-09
1.405973435182455937e-09
1.405127879913605072e-09
1.404282873233066442e-09
1.403438301295703508e-09
1.402594035649280012e-09
1.401750135931636282e-09
1.400906670228897758e-09
1.400063811153764584e-09
1.399221166768168841e-09
1.398379007119759194e-09
1.397537101397599628e-09
1.396695896843151303e-09
1.395855004443587817e-09
1.395014532979591049e-09
1.394174428127914747e-09
1.393334805845983862e-09
1.392495784059334178e-09
1.391656993815799429e-09
1.390818675957948512e-09
1.389980710052337424e-09
1.389143460165596936e-09
1.388306451536587293e-09
1.387469906556186940e-09
1.386633730475840474e-09
1.385798124382885971e-09
1.384962955231815271e-09
1.384128193343325957e-09
1.383293830934868556e-09
1.382459907354328792e-09
1.381626556897911914e-09
1.380793665559801547e-09
1.379961117194968178e-09
1.379129118012528160e-09
1.378297595865064684e-09
1.377466621819965512e-09
1.376635851418316588e-09
1.375805641977761386e-09
1.374975808512384004e-09
1.374146614285235685e-09
1.373317655635134675e-09
1.372489228923875211e-09
1.371661156326650747e-09
1.370833627979817270e-09
1.370006504430215402e-09
1.369179860566373066e-09
1.368353618396904463e-09
1.367527767257011315e-09
1.366702474338403584e-09
1.365877715017982387e-09
1.365053325748430104e-09
1.364229450150593590e-09
1.363406019780943344e-09
1.362583226639721429e-09
1.361760676702193428e-09
1.360938601393787157e-09
1.360116911512875643e-09
1.359295939034418380e-09
1.358475258367041893e-09
1.357655011273786742e-09
1.356835124199333357e-09
1.356015837319212185e-09
1.355197089553807090e-09
1.354378649759965643e-09
1.353560720245758389e-09
1.352743106943818916e-09
1.351926231237880400e-09
1.351109736577219870e-09
1.350293694700606234e-09
1.349478073725252000e-09
1.348662918382685872e-09
1.347848464471867037e-09
1.347034313428204367e-09
1.346220634154865190e-09
1.345407322879601480e-09
1.344594699534202040e-09
1.343782533454948323e-09
1.342970744828692628e-09
1.342159454074982323e-09
1.341348603367750776e-09
1.340538412635132273e-09
1.339728555647991329e-09
1.338919272332587516e-09
1.338110356851105176e-09
1.337301936138441812e-09
1.336494141656757815e-09
1.335686859384168830e-09
1.334879940388273810e-09
1.334073641161423213e-09
1.333267787181432486e-09
1.332462621496961220e-09
1.331657663414309625e-09
1.330853278594747258e-09
1.330049293885342315e-09
1.329245958454918981e-09
1.328443005049052081e-09
1.327640460266333918e-09
1.326838442685442086e-09
1.326036832179092807e-09
1.325235905110955033e-09
1.324435243452898502e-09
1.323635260760074314e-09
1.322835536462570940e-09
1.322036387858330715e-09
1.321237779477063153e-09
1.320439783962121199e-09
1.319642132941703427e-09
1.318845037749310086e-09
1.318048451258848677e-09
1.317252529900823191e-09
1.316456860245151821e-09
1.315661705123656088e-09
1.314866944803369209e-09
1.314072934938681243e-09
1.313279296921436442e-09
1.312486065865824041e-09
1.311693280793158857e-09
1.310900980489381468e-09
1.310109442132416741e-09
1.309318136288291461e-09
1.308527453491079217e-09
1.307737070013907234e-09
1.306947292375706606e-09
1.306158108614949367e-09
1.305369409170570769e-09
1.304581113082516511e-09
1.303793349334134843e-09
1.303006071419036302e-09
1.302219541333072793e-09
1.301433246171883320e-09
1.300647503121368606e-09
1.299862114876246448e-09
1.299077446622695219e-09
1.298293265948626068e-09
1.297509433632779703e-09
1.296726169851692748e-09
1.295943342876128872e-09
1.295161138369464900e-09
1.294379376427176110e-09
1.293598107934394577e-09
1.292817327404555377e-09
1.292036999841590665e-09
1.291257224654639573e-09
1.290478110760744704e-09
1.289699364233496980e-09
1.288921213287767426e-09
1.288143501566009587e-09
1.287366467718164029e-09
1.286589927388874631e-09
1.285813644629359116e-09
1.285037953028757907e-09
1.284262685615101571e-09
1.283488122507190207e-09
1.282713895125026788e-09
1.281940085092229901e-09
1.281166806257844513e-09
1.280393935185016536e-09
1.279621801533613046e-09
1.278849893499278507e-09
1.278078692278162890e-09
1.277307809447178210e-09
1.276537404821527241e-09
1.275767609124677407e-09
1.274998378537935171e-09
1.274229598225594530e-09
1.273461311366669575e-09
1.272693466438520133e-09
1.271926346794387935e-09
1.271159672001061531e-09
1.270393333299138261e-09
1.269627435512233391e-09
1.268862053736455821e-09
1.268097468765460951e-09
1.267333149393888966e-09
1.266569282471107574e-09
1.265805847438783419e-09
1.265042925554879898e-09
1.264280770163725533e-09
1.263518845877942123e-09
1.262757546754834319e-09
1.261996594715801644e-09
1.261236161326519704e-09
1.260476373698633817e-09
1.259717097126422296e-09
1.258958242468187400e-09
1.258199892812774096e-09
1.257441980992537618e-09
1.256684810608550128e-09
1.255928075290835081e-09
1.255171632990168105e-09
1.254415796403837045e-09
1.253660351143253458e-09
1.252905661341491398e-09
1.252151309427272455e-09
1.251397372262012353e-09
1.250643984146259035e-09
1.249891029383149445e-09
1.249138740552834852e-09
1.248386838427636831e-09
1.247635449340989179e-09
1.246884544597644896e-09
1.246134086170767054e-09
1.245384166440837722e-09
1.244634873650181835e-09
1.243886075607499973e-09
1.243137698783963023e-09
1.242389923380701994e-09
1.241642593165240139e-09
1.240896010030666414e-09
1.240149651450503385e-09
1.239403795398258235e-09
1.238658327115524989e-09
1.237913424154388743e-09
1.237169206135340395e-09
1.236425218965878078e-09
1.235681760064374504e-09
1.234938749596837021e-09
1.234196205581554797e-09
1.233454376195914015e-09
1.232712751836004322e-09
1.231971840951446885e-09
1.231231217313360129e-09
1.230491087191223913e-09
1.229751572511067617e-09
1.229012593311223262e-09
1.228274081487326076e-09
1.227536015484393465e-09
1.226798431233041928e-09
1.226061486577757994e-09
1.225325128637939345e-09
1.224589008636727295e-09
1.223853447793520667e-09
1.223118216115547790e-09
1.222383717542791643e-09
1.221649748363187347e-09
1.220916075116752975e-09
1.220182943981062178e-09
1.219450191765767131e-09
1.218718051996858775e-09
1.217986557528151922e-09
1.217255325452653860e-09
1.216524729595038254e-09
1.215794442370379233e-09
1.215064711490091460e-09
1.214335595397773257e-09
1.213607013459072688e-09
1.212878829981607032e-09
1.212151147017481551e-09
1.211423927894346891e-09
1.210697350607243368e-09
1.209971379282878100e-09
1.209245611886844082e-09
1.208520438656608615e-09
1.207795594232465756e-09
1.207071410370503010e-09
1.206347840500493250e-09
1.205624523873627141e-09
1.204901753619862907e-09
1.204179448387869140e-09
1.203457600765094254e-09
1.202736453952192277e-09
1.202015576069996987e-09
1.201295332177879966e-09
1.200575490253726666e-09
1.199856086756659958e-09
1.199137234869554904e-09
1.198418992598265844e-09
1.197701272892972770e-09
1.196983929055592869e-09
1.196267219069759165e-09
1.195550858135242881e-09
1.194835317483438663e-09
1.194120066330228422e-09
1.193405169858209568e-09
1.192690750555356630e-09
1.191976823443931276e-09
1.191263611634831318e-09
1.190550723770173314e-09
1.189838193761653363e-09
1.189126241939539608e-09
1.188414651891546237e-09
1.187703692030296038e-09
1.186993252763456834e-09
1.186283102727701397e-09
1.185573659625023353e-09
1.184864429673699031e-09
1.184155787354583793e-09
1.183447720925455935e-09
1.182740182179759640e-09
1.182033102739540150e-09
1.181326442490425505e-09
1.180620291194685019e-09
1.179914696853030611e-09
1.179209785994751769e-09
1.178505097781399219e-09
1.177800914544812072e-09
1.177097051559202046e-09
1.176393804502822680e-09
1.175691313083749739e-09
1.174989055481194249e-09
1.174287229989270797e-09
1.173585875710068387e-09
1.172884970093257996e-09
1.172184757669662112e-09
1.171484967163517013e-09
1.170785554028292940e-09
1.170086743599651999e-09
1.169388215800324996e-09
1.168690296158535926e-09
1.167992948755393575e-09
1.167296143255848095e-09
1.166599706337168183e-09
1.165903774041323768e-09
1.165208327196605036e-09
1.164513428793415341e-09
1.163819239862912954e-09
1.163125240220203324e-09
1.162431729881026964e-09
1.161738614294855509e-09
1.161046039959139115e-09
1.160354204427996589e-09
1.159662628123367316e-09
1.158971441112971291e-09
1.158280830746020785e-09
1.157590624658652261e-09
1.156900951287468262e-09
1.156211855451285726e-09
1.155523069057538724e-09
1.154834951210891044e-09
1.154147141643704315e-09
1.153459801361514891e-09
1.152773002533018803e-09
1.152086804905058106e-09
1.151401113405980648e-09
1.150715784210398485e-09
1.150031080055027840e-09
1.149346689064653638e-09
1.148663101038311017e-09
1.147979870852907005e-09
1.147296886158496059e-09
1.146614504060797980e-09
1.145932447935147653e-09
1.145251024478961068e-09
1.144570163736581206e-09
1.143889546127543548e-09
1.143209437129241159e-09
1.142529764761016841e-09
1.141850482680635122e-09
1.141171980737760352e-09
1.140493740556666053e-09
1.139815932866189885e-09
1.139138730358503372e-09
1.138461731690991336e-09
1.137785375521771914e-09
1.137109559053967099e-09
1.136434247545556893e-09
1.135759373461504261e-09
1.135084897238960124e-09
1.134410937171720659e-09
1.133737467875846463e-09
1.133064718571977465e-09
1.132392229100862390e-09
1.131720107720322254e-09
1.131048440374091829e-09
1.130377207118329557e-09
1.129706706108364040e-09
1.129036581410569723e-09
1.128366782090307773e-09
1.127697496724471246e-09
1.127028607332372093e-09
1.126360197147901398e-09
1.125692520594113918e-09
1.125025095856893725e-09
1.124358134184624183e-09
1.123691697101613726e-09
1.123025574904611015e-09
1.122360030541821674e-09
1.121695048364766952e-09
1.121030596249639607e-09
1.120366484104813442e-09
1.119702854662184991e-09
1.119039740130244111e-09
1.118377073270994324e-09
1.117715162336537584e-09
1.117053480951897298e-09
1.116392111895849780e-09
1.115731338600239597e-09
1.115070902522528466e-09
1.114411107088343541e-09
1.113751809194053324e-09
1.113092765864824095e-09
1.112434241754673336e-09
1.111776161854346115e-09
1.111118495087059727e-09
1.110461471226279586e-09
1.109804808629352788e-09
1.109148535594169447e-09
1.108492903334964609e-09
1.107837525300353219e-09
1.107182633218883426e-09
1.106528265093507318e-09
1.105874450507987951e-09
1.105221166371330371e-09
1.104568188393159933e-09
1.103915828167284866e-09
1.103263766070682209e-09
1.102612405319841421e-09
1.101961539634860167e-09
1.101310861892738031e-09
1.100660713923753839e-09
1.100010859226299834e-09
1.099361530757473490e-09
1.098712949772103400e-09
1.098064596700655347e-09
1.097416562235604602e-09
1.096769093049158145e-09
1.096121956684931606e-09
1.095475304442096557e-09
1.094829365572126085e-09
1.094183597932574917e-09
1.093538342944205438e-09
1.092893601864663052e-09
1.092249077913517414e-09
1.091605181457510594e-09
1.090961797736065269e-09
1.090318893241790544e-09
1.089676433426785033e-09
1.089034311632209205e-09
1.088392748203964915e-09
1.087751543695819740e-09
1.087111070564497407e-09
1.086470967104492163e-09
1.085831095162848474e-09
1.085191787382432823e-09
1.084552713815891511e-09
1.083914263702739788e-09
1.083276514207947982e-09
1.082638961370073534e-09
1.082001776484676221e-09
1.081365105242767139e-09
1.080728797775225240e-09
1.080092996726658820e-09
1.079457876063387059e-09
1.078822958667053611e-09
1.078188535954856524e-09
1.077554598064528148e-09
1.076920959181565763e-09
1.076287871594153680e-09
1.075655297359269049e-09
1.075023271065634619e-09
1.074391621712994091e-09
1.073760338019451771e-09
1.073129646547047740e-09
1.072499260222150707e-09
1.071869590705626809e-09
1.071240349542866722e-09
1.070611291361867312e-09
1.069982772681215580e-09
1.069354546171220037e-09
1.068726846017093213e-09
1.068099830416382796e-09
1.067473071105653098e-09
1.066846612337867479e-09
1.066220708562136885e-09
1.065595205717333677e-09
1.064970074530197723e-09
1.064345611025964146e-09
1.063721444605281250e-09
1.063097644076899455e-09
1.062474483235781719e-09
1.061851557537875741e-09
1.061229049759966840e-09
1.060607093033548602e-09
1.059985603369534722e-09
1.059364696319307869e-09
1.058744078679952488e-09
1.058123954504001000e-09
1.057504245489130412e-09
1.056884983758279427e-09
1.056266430342786678e-09
1.055648119916024283e-09
1.055030056619189260e-09
1.054412563528183921e-09
1.053795324429003406e-09
1.053178648199098208e-09
1.052562632048030813e-09
1.051946808527330990e-09
1.051331320503518916e-09
1.050716345574712289e-09
1.050101696742154583e-09
1.049487528280634187e-09
1.048874047174873358e-09
1.048260738880708252e-09
1.047647858449147790e-09
1.047035548211257456e-09
1.046423424681162868e-09
1.045811823382242233e-09
1.045200777023264245e-09
1.044590100675202552e-09
1.043980015515368172e-09
1.043370201595035985e-09
1.042760852975058354e-09
1.042151866523300971e-09
1.041543417782699601e-09
1.040935633159645373e-09
1.040328046549516022e-09
1.039720746596336070e-09
1.039114003044199578e-09
1.038507496615979499e-09
1.037901606866974062e-09
1.037296337428764650e-09
1.036691254670123444e-09
1.036086522346600446e-09
1.035482292850858637e-09
1.034878413465184074e-09
1.034274982367778077e-09
1.033672224928175799e-09
1.033069685853553585e-09
1.032467545482705978e-09
1.031865970964784498e-09
1.031264636076299168e-09
1.030663742383587677e-09
1.030063392907611263e-09
1.029463505959827999e-09
1.028864130774276100e-09
1.028265036332438574e-09
1.027666421399395628e-09
1.027068247772431056e-09
1.026470454591452118e-09
1.025873392385162165e-09
1.025276589039513140e-09
1.024679995654203188e-09
1.024083961661187228e-09
1.023488153243767450e-09
1.022892865925597336e-09
1.022298243155118622e-09
1.021703860887392669e-09
1.021109757950701359e-09
1.020516157392321974e-09
1.019922947634223577e-09
1.019330090642403790e-09
1.018737785686347216e-09
1.018145942661579924e-09
1.017554286268611159e-09
1.016963267495564967e-09
1.016372582237181923e-09
1.015782179362098964e-09
1.015192288154793683e-09
1.014602865119669289e-09
1.014013932731926129e-09
1.013425460210084979e-09
1.012837261299727787e-09
1.012249600526762439e-09
1.011662229171616881e-09
1.011075390542861189e-09
1.010489184884518226e-09
1.009903184838604881e-09
1.009317424315731580e-09
1.008732216742325196e-09
1.008147219459085816e-09
1.007562754578705284e-09
1.006978972685547049e-09
1.006395355149402516e-09
1.005812024342730441e-09
1.005229211666639530e-09
1.004646728072402564e-09
1.004064604188418653e-09
1.003483132511914894e-09
1.002902009961205829e-09
1.002321095651778748e-09
1.001740791512947358e-09
1.001160782383593980e-09
1.000581052104538553e-09
1.000001892856208336e-09
9.994231922699841835e-10
9.988449074636754274e-10
9.982670839908835432e-10
9.976895275245487656e-10
9.971124625906371183e-10
9.965357033372986743e-10
9.959594639894021542e-10
9.953838712814295371e-10
9.948084613571905576e-10
9.942332992716072993e-10
9.936586897101236694e-10
9.930842491688430864e-10
9.925103617307609388e-10
9.919371545348815446e-10
9.913641231809326897e-10
9.907913958484291848e-10
9.902191326717621222e-10
9.896472234352049965e-10
9.890756980195614219e-10
9.885046539896265962e-10
9.879341498528365030e-10
9.873638200799396114e-10
9.867939808849407822e-10
9.862245905390699939e-10
9.856554362509832067e-10
9.850867423199575975e-10
9.845185178022560257e-10
9.839507439880146329e-10
9.833834697054464841e-10
9.828164388680262716e-10
9.822498516016186882e-10
9.816837433869366975e-10
9.811179097541145813e-10
9.805527538955398223e-10
9.799879723280445145e-10
9.794233377328734115e-10
9.788591254451273934e-10
9.782952853984901336e-10
9.777317989732087617e-10
9.771688125008423608e-10
9.766063867589724068e-10
9.760441345730366514e-10
9.754821676272450017e-10
9.749207235219078651e-10
9.743596018432396571e-10
9.737988135867351253e-10
9.732386471021274330e-10
9.726787860661928592e-10
9.721191458740504918e-10
9.715601193898486468e-10
9.710013865701911766e-10
9.704429090909834607e-10
9.698849341436020512e-10
9.693273961715432206e-10
9.687702558284411884e-10
9.682136620323660950e-10
9.676572953893723111e-10
9.671013422709136053e-10
9.665458009496817621e-10
9.659905970476330331e-10
9.654360545189804442e-10
9.648818538627308550e-10
9.643277996096948694e-10
9.637741805668917729e-10
9.632208652272142469e-10
9.626679263608220257e-10
9.621155082395324284e-10
9.615636324267963113e-10
9.610119202089303600e-10
9.604604878002301257e-10
9.599095466253925193e-10
9.593589059003481151e-10
9.588086139621508099e-10
9.582589474213519498e-10
9.577096153712376619e-10
9.571604547506553912e-10
9.566118586508765703e-10
9.560636165213894389e-10
9.555155708714204434e-10
9.549680317364005581e-10
9.544209650886836423e-10
9.538742463423378661e-10
9.533280316577507711e-10
9.527820836990824780e-10
9.522364759306730305e-10
9.516913624299351847e-10
9.511465070517967053e-10
9.506022524505634056e-10
9.500584555108785013e-10
9.495147999974579103e-10
9.489714392066801143e-10
9.484285882210967318e-10
9.478859033424172981e-10
9.473437481196229576e-10
9.468022319557042445e-10
9.462608611360321752e-10
9.457197744169801998e-10
9.451791232614396132e-10
9.446388223512413215e-10
9.440988592703939904e-10
9.435592954895737312e-10
9.430203418424362277e-10
9.424815393157682649e-10
9.419430868057995359e-10
9.414051866238576108e-10
9.408674827707421935e-10
9.403301193834298238e-10
9.397932104521031614e-10
9.392567488608169097e-10
9.387207491233027762e-10
9.381851277596558215e-10
9.376497433579426366e-10
9.371148362823839083e-10
9.365802685841309197e-10
9.360460381990992088e-10
9.355124669466313586e-10
9.349791983787092125e-10
9.344460642906884485e-10
9.339133269617820302e-10
9.333809564282408076e-10
9.328488737515365007e-10
9.323172547199673259e-10
9.317862343000340005e-10
9.312553466420306430e-10
9.307247145607198226e-10
9.301945602300622096e-10
9.296647386315135263e-10
9.291352146252626191e-10
9.286061077838135694e-10
9.280775831273100976e-10
9.275491790054354970e-10
9.270211204652795771e-10
9.264936369246407670e-10
9.259663197002239598e-10
9.254392872970980154e-10
9.249127626033803254e-10
9.243866512620097292e-10
9.238609294374356640e-10
9.233356642469275964e-10
9.228106227244855199e-10
9.222859635722786556e-10
9.217617091384834270e-10
9.212377483088690680e-10
9.207144014555739812e-10
9.201914270422832310e-10
9.196685947709334601e-10
9.191460673554785012e-10
9.186239767891907380e-10
9.181020690917534974e-10
9.175806448169676038e-10
9.170598673497337644e-10
9.165392431226404649e-10
9.160188699545307485e-10
9.154988756481903557e-10
9.149792282126986090e-10
9.144598827213225206e-10
9.139409260605966452e-10
9.134225805664642961e-10
9.129044281784421090e-10
9.123865004651233594e-10
9.118691129834626682e-10
9.113520189005732210e-10
9.108351303766982046e-10
9.103187100590942566e-10
9.098027384494806573e-10
9.092871076331095510e-10
9.087719296856850891e-10
9.082570185080406809e-10
9.077424063616471028e-10
9.072282730737290468e-10
9.067143421123380046e-10
9.062008993666343304e-10
9.056880503626647261e-10
9.051753636077631107e-10
9.046628582821075592e-10
9.041508112900329520e-10
9.036390077129245285e-10
9.031275523772203080e-10
9.026165654147639023e-10
9.021061211052369453e-10
9.015957916989449479e-10
9.010857213897537966e-10
9.005761097613423119e-10
9.000668063984951434e-10
8.995578154860534270e-10
8.990491866701774366e-10
8.985411485928425650e-10
8.980332445435513261e-10
8.975256445063686359e-10
8.970185736638764883e-10
8.965117108283777560e-10
8.960051494662461953e-10
8.954990064284169157e-10
8.949932418180871381e-10
8.944878835440412166e-10
8.939829886530485900e-10
8.934782907242650060e-10
8.929739487458263631e-10
8.924700883094336049e-10
8.919664012704665603e-10
8.914631755241950244e-10
8.909605397660463555e-10
8.904580821601436770e-10
8.899557801950251120e-10
8.894538997862619755e-10
8.889522982264939803e-10
8.884510023079977695e-10
8.879501313728972841e-10
8.874498358338022557e-10
8.869496523211217538e-10
8.864497217054718550e-10
8.859501892928834588e-10
8.854509957353914453e-10
8.849520635423229128e-10
8.844534927683591847e-10
8.839554977000352964e-10
8.834576949832777548e-10
8.829600762731576684e-10
8.824630100541327039e-10
8.819662610685610064e-10
8.814696652831770252e-10
8.809734397136844894e-10
8.804776920244747025e-10
8.799822784031878167e-10
8.794872770071007027e-10
8.789926216450242886e-10
8.784981953344397091e-10
8.780041596562908323e-10
8.775104499349902637e-10
8.770170511484934698e-10
8.765242238050610818e-10
8.760317524095851509e-10
8.755394152416998357e-10
8.750473054848521039e-10
8.745556851164373933e-10
8.740641679602797753e-10
8.735731260210280905e-10
8.730825992875503204e-10
8.725924014311682737e-10
8.721023750666359637e-10
8.716125853815449044e-10
8.711232422532886325e-10
8.706341656470614814e-10
8.701454055614336850e-10
8.696570457333979172e-10
8.691692210799481353e-10
8.686815058043012381e-10
8.681940647329166055e-10
8.677071417986271832e-10
8.672204163544017718e-10
8.667339352188698368e-10
8.662478999644488469e-10
8.657622667976329137e-10
8.652769622045752336e-10
8.647920736135619637e-10
8.643074521430016286e-10
8.638230749887344918e-10
8.633391482484866979e-10
8.628554513279540530e-10
8.623721138416959927e-10
8.618893566786687852e-10
8.614068911584427981e-10
8.609245405447087942e-10
8.604424305029935870e-10
8.599608349707006355e-10
8.594793180041153221e-10
8.589982722207207040e-10
8.585177109182929882e-10
8.580374733340526503e-10
8.575574023889139277e-10
8.570775519833614014e-10
8.565981649504396943e-10
8.561190572255363300e-10
8.556402375190182550e-10
8.551617463291519516e-10
8.546838186241384385e-10
8.542060067840504050e-10
8.537284539138221598e-10
8.532514053103281583e-10
8.527746229750325667e-10
8.522980418358596434e-10
8.518218131670104458e-10
