-4.025547292267099220e-12
-4.868695364786372645e-12
-5.805853435426191067e-12
-6.841453410498108257e-12
-7.980018817307517457e-12
-9.226017817862600451e-12
-1.058386099647483398e-11
-1.205781715030343633e-11
-1.365188834409422341e-11
-1.536973618196662954e-11
-1.721491258833542221e-11
-1.919040643194538806e-11
-2.129887936765687886e-11
-2.354257703626131515e-11
-2.592330163072752593e-11
-2.844253971758221821e-11
-3.110094387170969925e-11
-3.389921605981285528e-11
-3.683710373649002333e-11
-3.991429907400727537e-11
-4.312980605011462279e-11
-4.648216177095988402e-11
-4.996962438677031179e-11
-5.359002389316201142e-11
-5.734062026102272473e-11
-6.121855003700370448e-11
-6.522053555126185367e-11
-6.934285441400177311e-11
-7.358189380451276842e-11
-7.793305959229073294e-11
-8.239200286365996728e-11
-8.695455534736302773e-11
-9.161512520369120914e-11
-9.636958838172188756e-11
-1.012119509934492082e-10
-1.061379296951873066e-10
-1.111411966095724599e-10
-1.162175198865169367e-10
-1.213604408128822046e-10
-1.265654628249816431e-10
-1.318267240320939302e-10
-1.371391559099545224e-10
-1.424973432236439402e-10
-1.478962752201793001e-10
-1.533310104776467369e-10
-1.587960195736581231e-10
-1.642872547850731776e-10
-1.697994388753905822e-10
-1.753283775500038830e-10
-1.808697260434864373e-10
-1.864189378472331391e-10
-1.919725999202071456e-10
-1.975263819328884400e-10
-2.030768518729146107e-10
-2.086209855837689840e-10
-2.141549199117386412e-10
-2.196761000055486324e-10
-2.251819457925697178e-10
-2.306692365999006304e-10
-2.361361314622715340e-10
-2.415805688934934843e-10
-2.470001131800039435e-10
-2.523932760130115490e-10
-2.577587930615183186e-10
-2.630949002411366719e-10
-2.684003085802691855e-10
-2.736744991329607429e-10
-2.789164885152933969e-10
-2.841253716346362066e-10
-2.893009934017849624e-10
-2.944429369453659118e-10
-2.995507036181892569e-10
-3.046242744489293256e-10
-3.096639788085601072e-10
-3.146699587884387288e-10
-3.196422677350479346e-10
-3.245811257544818559e-10
-3.294873618881390540e-10
-3.343614129466436234e-10
-3.392037858460285784e-10
-3.440150023530583811e-10
-3.487961187778690885e-10
-3.535478179775630397e-10
-3.582707354638934972e-10
-3.629657226788037852e-10
-3.676340308171699835e-10
-3.722761270824542161e-10
-3.768926491020167546e-10
-3.814850803588525041e-10
-3.860543493693720457e-10
-3.906006473678562067e-10
-3.951252658425067282e-10
-3.996290268656638340e-10
-4.041126576530395417e-10
-4.085772205159035756e-10
-4.130229898471025071e-10
-4.174506012551820861e-10
-4.218613590326061611e-10
-4.262553787081105395e-10
-4.306334459324087221e-10
-4.349957041519526637e-10
-4.393425343142793451e-10
-4.436750768560153927e-10
-4.479929782357225080e-10
-4.522968435723159758e-10
-4.565863602814028531e-10
-4.608618820288691070e-10
-4.651238912975606955e-10
-4.693719960502882828e-10
-4.736064611942355262e-10
-4.778262768381733146e-10
-4.820320017650750650e-10
-4.862230205130578580e-10
-4.903997447405290379e-10
-4.945609043089420853e-10
-4.987063273425116927e-10
-5.028351810940699478e-10
-5.069473771229475470e-10
-5.110421741232130516e-10
-5.151192794497239639e-10
-5.191770961925291711e-10
-5.232152469715858096e-10
-5.272325464109025453e-10
-5.312288271562856036e-10
-5.352028296610508171e-10
-5.391541551263627422e-10
-5.430807141483163649e-10
-5.469821575826174062e-10
-5.508569624825950464e-10
-5.547050509579596400e-10
-5.585244239260154880e-10
-5.623153438741344181e-10
-5.660748031005209559e-10
-5.698033281839085080e-10
-5.734976698699599661e-10
-5.771595518944271972e-10
-5.807857762338487765e-10
-5.843767717895206621e-10
-5.879305894374928823e-10
-5.914457466073854602e-10
-5.949221759178062306e-10
-5.983573740387334932e-10
-6.017529023711065147e-10
-6.051047654044129836e-10
-6.084149704901919700e-10
-6.116806506905655321e-10
-6.149011073989123644e-10
-6.180766432991376230e-10
-6.212042991686495814e-10
-6.242865798999775143e-10
-6.273194633508500706e-10
-6.303047216256030711e-10
-6.332412530460834680e-10
-6.361272773773873023e-10
-6.389647637241973236e-10
-6.417493900949741417e-10
-6.444843839380925406e-10
-6.471685734146804493e-10
-6.498003379421122940e-10
-6.523819372099161060e-10
-6.549101101412449563e-10
-6.573871459473327751e-10
-6.598130171805984440e-10
-6.621850634859661442e-10
-6.645074517242888278e-10
-6.667768465650616542e-10
-6.689948375343524739e-10
-6.711632939576270920e-10
-6.732785195928867238e-10
-6.753445599508719984e-10
-6.773610685006855458e-10
-6.793261480821104916e-10
-6.812435877473042793e-10
-6.831120431593723235e-10
-6.849315321834404445e-10
-6.867053882556465269e-10
-6.884313397809876404e-10
-6.901115293715763095e-10
-6.917475839845145233e-10
-6.933379823324309555e-10
-6.948846632377904305e-10
-6.963899445278315279e-10
-6.978514704188368622e-10
-6.992727758274001888e-10
-7.006552565287042132e-10
-7.019965689901938087e-10
-7.033008618549947577e-10
-7.045687258337706414e-10
-7.057983801869138706e-10
-7.069937837405878037e-10
-7.081556295151049006e-10
-7.092825355558655543e-10
-7.103780525289821764e-10
-7.114433242311634357e-10
-7.124772246547752914e-10
-7.134822072402313337e-10
-7.144598536042712765e-10
-7.154091762492970410e-10
-7.163325681688195294e-10
-7.172314402445618599e-10
-7.181052361963275237e-10
-7.189554415397533050e-10
-7.197845456598306540e-10
-7.205919937489915687e-10
-7.213782216914177544e-10
-7.221455776034794982e-10
-7.228943950320547042e-10
-7.236242608530214067e-10
-7.243377394378861744e-10
-7.250353521869847623e-10
-7.257167104370369248e-10
-7.263835532723160834e-10
-7.270370656401611341e-10
-7.276770907091032442e-10
-7.283040496716089931e-10
-7.289196366795007215e-10
-7.295240755169869894e-10
-7.301170848498175004e-10
-7.307002142287671915e-10
-7.312741008801987154e-10
-7.318386292615488033e-10
-7.323940859338613624e-10
-7.329418255700846237e-10
-7.334819773743489943e-10
-7.340142788039723880e-10
-7.345397235720129251e-10
-7.350588174537351664e-10
-7.355713847500506703e-10
-7.360773841167442341e-10
-7.365778441467345256e-10
-7.370728093991298257e-10
-7.375619120763427757e-10
-7.380455027745548147e-10
-7.385242042358260096e-10
-7.389979813244867968e-10
-7.394662423965176301e-10
-7.399296025058902345e-10
-7.403883539313182971e-10
-7.408421790068040212e-10
-7.412906148361505969e-10
-7.417340786295053025e-10
-7.421727793134312091e-10
-7.426061816946642823e-10
-7.430338794038148299e-10
-7.434563566452521377e-10
-7.438735883497245337e-10
-7.442849345599385697e-10
-7.446900575392847074e-10
-7.450894300913612744e-10
-7.454828235093710762e-10
-7.458694911707103058e-10
-7.462491323134958926e-10
-7.466220581601121182e-10
-7.469880535616227079e-10
-7.473462886677201841e-10
-7.476964910905452940e-10
-7.480389937754795653e-10
-7.483735761255530076e-10
-7.486993692416073087e-10
-7.490159335682602209e-10
-7.493237003229135207e-10
-7.496225562929371160e-10
-7.499116502783687725e-10
-7.501902671763835496e-10
-7.504588900989787048e-10
-7.507174696819906914e-10
-7.509652308458272202e-10
-7.512014775696089718e-10
-7.514264433167920333e-10
-7.516403156158881392e-10
-7.518430472667368670e-10
-7.520326532146379496e-10
-7.522099632615022850e-10
-7.523755113699464387e-10
-7.525288411288697065e-10
-7.526685920854299328e-10
-7.527952634744856239e-10
-7.529090134065489377e-10
-7.530100552952055664e-10
-7.530972591090204048e-10
-7.531703384805344177e-10
-7.532298795227684609e-10
-7.532759002391235885e-10
-7.533088230527133318e-10
-7.533262203598019953e-10
-7.533298306708220638e-10
-7.533198038343563127e-10
-7.532958413078348472e-10
-7.532575108160526703e-10
-7.532044612857795318e-10
-7.531377103032465639e-10
-7.530570967988574435e-10
-7.529631892002645130e-10
-7.528538622488635525e-10
-7.527309151024878714e-10
-7.525942270609178968e-10
-7.524443765836548477e-10
-7.522804526944681055e-10
-7.521024706658277220e-10
-7.519108188429816089e-10
-7.517067909887546834e-10
-7.514896148512777840e-10
-7.512591391369945506e-10
-7.510152542699067287e-10
-7.507594638209050074e-10
-7.504914620640350904e-10
-7.502116484169129435e-10
-7.499192752233291576e-10
-7.496146754908895081e-10
-7.492992553965110717e-10
-7.489724817519169774e-10
-7.486350131192975867e-10
-7.482856986049819022e-10
-7.479259780627555183e-10
-7.475564031094915964e-10
-7.471769134711316975e-10
-7.467877566425841282e-10
-7.463882892684482668e-10
-7.459799235820846508e-10
-7.455630002411616982e-10
-7.451376605592397433e-10
-7.447039917912806196e-10
-7.442615808339033983e-10
-7.438115391896977738e-10
-7.433543151115412862e-10
-7.428898969048286748e-10
-7.424185107009857182e-10
-7.419399880361620538e-10
-7.414548624201238809e-10
-7.409642154915244231e-10
-7.404676834558364526e-10
-7.399656313797170500e-10
-7.394580824138525898e-10
-7.389450253752551205e-10
-7.384277416511399419e-10
-7.379061723571119406e-10
-7.373802558674746377e-10
-7.368501739896129935e-10
-7.363160540194626875e-10
-7.357785941211648156e-10
-7.352380924881450216e-10
-7.346944698127954114e-10
-7.341477676502006187e-10
-7.335981610149877341e-10
-7.330462382360342083e-10
-7.324922108394722497e-10
-7.319362207403585693e-10
-7.313782731378318553e-10
-7.308185766680778710e-10
-7.302570604893733398e-10
-7.296944621603981724e-10
-7.291308325732542677e-10
-7.285660834255470388e-10
-7.280003279299065779e-10
-7.274336736469736126e-10
-7.268664510366375284e-10
-7.262987360671657822e-10
-7.257306769312985473e-10
-7.251622125771804885e-10
-7.245934259836199392e-10
-7.240242852816936786e-10
-7.234552360901413011e-10
-7.228862651725915256e-10
-7.223173356338258643e-10
-7.217485076683948797e-10
-7.211798024254549842e-10
-7.206111896884686679e-10
-7.200428278168432194e-10
-7.194748367018896053e-10
-7.189071729218110550e-10
-7.183398051020173045e-10
-7.177725954860713600e-10
-7.172056566989347087e-10
-7.166390059904097467e-10
-7.160727128402109340e-10
-7.155067929598315373e-10
-7.149410388815094281e-10
-7.143754087044725092e-10
-7.138098879271335322e-10
-7.132445542392830749e-10
-7.126794129852488414e-10
-7.121144489789825425e-10
-7.115494120361273566e-10
-7.109842750133071414e-10
-7.104189394276328369e-10
-7.098535170882435415e-10
-7.092879364378433306e-10
-7.087222390315169413e-10
-7.081561039157790940e-10
-7.075894902718592534e-10
-7.070222729470838267e-10
-7.064545378620611671e-10
-7.058862167227843880e-10
-7.053173600238150742e-10
-7.047477185487213847e-10
-7.041771708505987675e-10
-7.036056211705750721e-10
-7.030330968421545250e-10
-7.024596145966084308e-10
-7.018851399930988368e-10
-7.013095621489291376e-10
-7.007324634806093584e-10
-7.001540971350372740e-10
-6.995742000682843690e-10
-6.989929720116281605e-10
-6.984102797060251562e-10
-6.978261498523714956e-10
-6.972400818641711497e-10
-6.966523912295910199e-10
-6.960627013463851386e-10
-6.954713566471282710e-10
-6.948780910562131252e-10
-6.942831094798579783e-10
-6.936860820251009098e-10
-6.930870426246191438e-10
-6.924859361620102354e-10
-6.918828717500516064e-10
-6.912777418799556898e-10
-6.906706160141524898e-10
-6.900614131096833231e-10
-6.894498062948942689e-10
-6.888360476001127316e-10
-6.882200072024281954e-10
-6.876018633521018664e-10
-6.869814666534013351e-10
-6.863589273909844454e-10
-6.857340686938824369e-10
-6.851068209164509002e-10
-6.844773626719230640e-10
-6.838456923563090735e-10
-6.832118394325478840e-10
-6.825757645130147735e-10
-6.819374879448714335e-10
-6.812969442307221883e-10
-6.806542266508605185e-10
-6.800094377465460811e-10
-6.793626688656793908e-10
-6.787138108021475845e-10
-6.780629731596042531e-10
-6.774100823688526294e-10
-6.767551544213926148e-10
-6.760982137158423017e-10
-6.754394761132545489e-10
-6.747788712212998648e-10
-6.741164934161008567e-10
-6.734522482696817566e-10
-6.727862372171024211e-10
-6.721184736364658428e-10
-6.714490288845693952e-10
-6.707781175641635454e-10
-6.701057153215693727e-10
-6.694318399977148727e-10
-6.687565011923394893e-10
-6.680797094661940705e-10
-6.674016813993609110e-10
-6.667223142085996256e-10
-6.660419805760608188e-10
-6.653605519302223771e-10
-6.646780981829081930e-10
-6.639946323769045726e-10
-6.633101342169030883e-10
-6.626248914116299346e-10
-6.619387145589473544e-10
-6.612519425293197120e-10
-6.605644903769773135e-10
-6.598763860576616955e-10
-6.591876816872084434e-10
-6.584983215200641232e-10
-6.578085853383422338e-10
-6.571183049547423625e-10
-6.564278092182502576e-10
-6.557371387920772818e-10
-6.550462634665997076e-10
-6.543552104923569938e-10
-6.536639530854876125e-10
-6.529726014062019457e-10
-6.522813197925710533e-10
-6.515900161845780433e-10
-6.508990218562060890e-10
-6.502081553785980048e-10
-6.495175289860886429e-10
-6.488271136772316934e-10
-6.481369017898656534e-10
-6.474472172503875328e-10
-6.467578102771665230e-10
-6.460689201861467298e-10
-6.453804817201855353e-10
-6.446925729303169395e-10
-6.440051824935496734e-10
-6.433182485491197958e-10
-6.426319115861232827e-10
-6.419462458219208434e-10
-6.412611326632575826e-10
-6.405768485529066653e-10
-6.398932587954932944e-10
-6.392104126601168707e-10
-6.385282894331873058e-10
-6.378469472178461326e-10
-6.371664454308471209e-10
-6.364867236875117276e-10
-6.358078481627827836e-10
-6.351298459274421303e-10
-6.344526754765297975e-10
-6.337764095150237903e-10
-6.331010258325075850e-10
-6.324265182394477721e-10
-6.317530175491494852e-10
-6.310803789116699827e-10
-6.304086308600489394e-10
-6.297377534308376198e-10
-6.290677508846337721e-10
-6.283986510077920924e-10
-6.277304226901730960e-10
-6.270631009032448945e-10
-6.263967522730721877e-10
-6.257312703624984005e-10
-6.250666353498069221e-10
-6.244028310810244828e-10
-6.237398753970788717e-10
-6.230777840267478114e-10
-6.224165315620057420e-10
-6.217561700063398541e-10
-6.210966823502006029e-10
-6.204380327786428755e-10
-6.197801400343815629e-10
-6.191229844702721797e-10
-6.184665911538381078e-10
-6.178109594282730220e-10
-6.171561265068279506e-10
-6.165020693874618058e-10
-6.158487347513469728e-10
-6.151961724604369495e-10
-6.145442403697929506e-10
-6.138928908799855354e-10
-6.132421835460437071e-10
-6.125921254666584985e-10
-6.119426749069876584e-10
-6.112938865858929041e-10
-6.106457006233994263e-10
-6.099981351006876582e-10
-6.093511558621120838e-10
-6.087046634516734811e-10
-6.080587218941388120e-10
-6.074132746989984712e-10
-6.067683519790836468e-10
-6.061239083456358975e-10
-6.054799992538313492e-10
-6.048366093361357013e-10
-6.041937602014694111e-10
-6.035512990542645017e-10
-6.029092679681369054e-10
-6.022676243716807384e-10
-6.016264055524696209e-10
-6.009856030394332366e-10
-6.003452143246094956e-10
-5.997052685425340359e-10
-5.990657610143277581e-10
-5.984266768788882823e-10
-5.977879127169103488e-10
-5.971495166791944911e-10
-5.965114258489019413e-10
-5.958737111870178427e-10
-5.952362927585116028e-10
-5.945992717581901238e-10
-5.939626739103828023e-10
-5.933265157285777295e-10
-5.926906994679283374e-10
-5.920552619666146678e-10
-5.914201505366883855e-10
-5.907853246670410291e-10
-5.901509377253531188e-10
-5.895168306487437852e-10
-5.888831012892223956e-10
-5.882498575842293683e-10
-5.876170163700132607e-10
-5.869845191925598947e-10
-5.863524734863342456e-10
-5.857207316220664033e-10
-5.850893309962218016e-10
-5.844583584212819608e-10
-5.838276922705852288e-10
-5.831974669646847431e-10
-5.825677668651385873e-10
-5.819385012186284271e-10
-5.813096498733059399e-10
-5.806813063047780791e-10
-5.800533267831293646e-10
-5.794257337555722800e-10
-5.787986513480888049e-10
-5.781719279179784315e-10
-5.775456799359751083e-10
-5.769201028572031625e-10
-5.762950297716769059e-10
-5.756704864452084293e-10
-5.750465540763156917e-10
-5.744231044166941987e-10
-5.738001448381284555e-10
-5.731778016150475035e-10
-5.725559101414725087e-10
-5.719345731366919382e-10
-5.713140190188540725e-10
-5.706940376428477492e-10
-5.700746312089731909e-10
-5.694559863676963227e-10
-5.688378710728793061e-10
-5.682203429108610795e-10
-5.676034773763173869e-10
-5.669871715062500189e-10
-5.663715307474213465e-10
-5.657565828412465839e-10
-5.651423780143797488e-10
-5.645288990118330567e-10
-5.639161199105068502e-10
-5.633040713262076575e-10
-5.626926296169157824e-10
-5.620819222393115686e-10
-5.614719629673101355e-10
-5.608626173890005218e-10
-5.602539782730585885e-10
-5.596463389404459047e-10
-5.590394142111397128e-10
-5.584332160199982281e-10
-5.578279090352240154e-10
-5.572233376663662809e-10
-5.566195206825232867e-10
-5.560164652186835782e-10
-5.554141983300730379e-10
-5.548127642422116543e-10
-5.542120790066380303e-10
-5.536123471890682649e-10
-5.530134682342172216e-10
-5.524153482136274777e-10
-5.518180370117221686e-10
-5.512215269853525378e-10
-5.506258363315042010e-10
-5.500309234726228868e-10
-5.494367522722740504e-10
-5.488434677532442686e-10
-5.482510292730634222e-10
-5.476594197305748152e-10
-5.470687266227216296e-10
-5.464788289208808712e-10
-5.458897185238680288e-10
-5.453013994710406428e-10
-5.447139306416084380e-10
-5.441272622099151188e-10
-5.435413205739236071e-10
-5.429563028013900543e-10
-5.423721460670826367e-10
-5.417888293981456681e-10
-5.412064300799156301e-10
-5.406248334668879131e-10
-5.400440289499158130e-10
-5.394640159810846112e-10
-5.388848694950564724e-10
-5.383065135131932664e-10
-5.377289111955866608e-10
-5.371522106122577610e-10
-5.365763415782897189e-10
-5.360013315084232385e-10
-5.354272431172701428e-10
-5.348538730317358955e-10
-5.342812461395862608e-10
-5.337094449028268742e-10
-5.331384115588182777e-10
-5.325681064675841407e-10
-5.319985776278225085e-10
-5.314298706754582492e-10
-5.308619134136736725e-10
-5.302948728699881460e-10
-5.297286492202451402e-10
-5.291631126432625332e-10
-5.285983688658093304e-10
-5.280344092854541779e-10
-5.274711031735852075e-10
-5.269085681244207273e-10
-5.263468301976068204e-10
-5.257857598312269625e-10
-5.252254712248486622e-10
-5.246660837305107576e-10
-5.241074603177198867e-10
-5.235496039092631159e-10
-5.229925219927299260e-10
-5.224361431162592115e-10
-5.218804524775153290e-10
-5.213255331123453678e-10
-5.207713342876632860e-10
-5.202178110986733389e-10
-5.196650805916791164e-10
-5.191130719111300873e-10
-5.185619660779722430e-10
-5.180116365308557120e-10
-5.174619295425848427e-10
-5.169130401828423020e-10
-5.163648419283039180e-10
-5.158172224841397082e-10
-5.152703409737259823e-10
-5.147242481215065026e-10
-5.141787070641892012e-10
-5.136339717869638789e-10
-5.130899797722607860e-10
-5.125467632018501922e-10
-5.120043750592429224e-10
-5.114626081393993367e-10
-5.109215584690995661e-10
-5.103812464750131792e-10
-5.098415358646895129e-10
-5.093025339464174798e-10
-5.087642958106727893e-10
-5.082266240232706863e-10
-5.076897467603784132e-10
-5.071536471265230066e-10
-5.066182954409827111e-10
-5.060837794046559439e-10
-5.055498847846779394e-10
-5.050167211242067446e-10
-5.044842922793855979e-10
-5.039524705048851380e-10
-5.034213641581557350e-10
-5.028910290227763155e-10
-5.023612578211129385e-10
-5.018322926328807129e-10
-5.013040871532494813e-10
-5.007766735709036060e-10
-5.002500834056218499e-10
-4.997241190832162441e-10
-4.991989197886770048e-10
-4.986744372372493495e-10
-4.981505219614709716e-10
-4.976273385085536581e-10
-4.971049522332968666e-10
-4.965831146521262733e-10
-4.960620610580485996e-10
-4.955416984723825431e-10
-4.950222360645365136e-10
-4.945035096079237522e-10
-4.939854170469754859e-10
-4.934681652756128032e-10
-4.929515868843317739e-10
-4.924356253938575597e-10
-4.919204074562827795e-10
-4.914058869664121470e-10
-4.908920422168040645e-10
-4.903789241833897060e-10
-4.898664797910510958e-10
-4.893549743885876971e-10
-4.888441417768088495e-10
-4.883341085983010053e-10
-4.878247526119429747e-10
-4.873161123394122208e-10
-4.868082211628788654e-10
-4.863009436765802314e-10
-4.857943976648628143e-10
-4.852886353049214235e-10
-4.847834281993491253e-10
-4.842790484482207656e-10
-4.837753395674834721e-10
-4.832725437077181576e-10
-4.827704860418331214e-10
-4.822690631099046068e-10
-4.817684715925188143e-10
-4.812685177439757808e-10
-4.807692391439549314e-10
-4.802706717093792034e-10
-4.797727641186299595e-10
-4.792756224700903006e-10
-4.787790665059191630e-10
-4.782833007572640440e-10
-4.777882920744295903e-10
-4.772940346567810472e-10
-4.768006074377197259e-10
-4.763077333842113690e-10
-4.758157422232877409e-10
-4.753243714537496563e-10
-4.748336072688414779e-10
-4.743436024459828400e-10
-4.738542177975907289e-10
-4.733656088173238126e-10
-4.728776070318250451e-10
-4.723903442767701883e-10
-4.719038684117183743e-10
-4.714180965088499234e-10
-4.709331562253441440e-10
-4.704487542445604518e-10
-4.699652160545391306e-10
-4.694822769987195307e-10
-4.689999397881554005e-10
-4.685183522284168594e-10
-4.680373697927788882e-10
-4.675571506073096032e-10
-4.670774937731722566e-10
-4.665986151522835937e-10
-4.661204338753928602e-10
-4.656430210313894489e-10
-4.651663787393373121e-10
-4.646902887373847140e-10
-4.642150065801422954e-10
-4.637402944286153906e-10
-4.632662534568697614e-10
-4.627928534682449965e-10
-4.623201021871265367e-10
-4.618480822362646817e-10
-4.613765722313860171e-10
-4.609058474390620421e-10
-4.604357121552737126e-10
-4.599664760252064911e-10
-4.594978703028177308e-10
-4.590299596117780240e-10
-4.585626886023460639e-10
-4.580960485286301332e-10
-4.576301353188892747e-10
-4.571647112110444188e-10
-4.567000212525370160e-10
-4.562359753788309128e-10
-4.557725177432590995e-10
-4.553097521203209308e-10
-4.548476048785959087e-10
-4.543862476596661268e-10
-4.539255265842332905e-10
-4.534655954857921190e-10
-4.530061542618583025e-10
-4.525475081025707447e-10
-4.520894027660666899e-10
-4.516319344260433686e-10
-4.511750665934650939e-10
-4.507188317854191320e-10
-4.502633068931582313e-10
-4.498082706741409469e-10
-4.493539449827754635e-10
-4.489002216759377853e-10
-4.484473395527692686e-10
-4.479950209433065843e-10
-4.475434853694321499e-10
-4.470924512462725065e-10
-4.466421304482401753e-10
-4.461924116950977194e-10
-4.457432122180419367e-10
-4.452946985597654044e-10
-4.448467580762938890e-10
-4.443995118930424587e-10
-4.439527376949744281e-10
-4.435066972409254022e-10
-4.430612194164865552e-10
-4.426165914196308659e-10
-4.421725402463108917e-10
-4.417292261304237790e-10
-4.412864218689127056e-10
-4.408443103874613442e-10
-4.404028166528867519e-10
-4.399618246136007865e-10
-4.395215060373614491e-10
-4.390817614560705538e-10
-4.386427114792047197e-10
-4.382041246137261632e-10
-4.377662451517493866e-10
-4.373289305801785555e-10
-4.368924527510577883e-10
-4.364565074058758042e-10
-4.360213300770278236e-10
-4.355866065406985083e-10
-4.351526380142140928e-10
-4.347191936794914095e-10
-4.342863238547913689e-10
-4.338540302037346557e-10
-4.334223363955389947e-10
-4.329913329173434436e-10
-4.325607705717289595e-10
-4.321308930596846516e-10
-4.317015842103602525e-10
-4.312730338822006734e-10
-4.308450545155824174e-10
-4.304178091548413544e-10
-4.299910436912044702e-10
-4.295649713144248648e-10
-4.291394233471901020e-10
-4.287145473262984336e-10
-4.282901033170252833e-10
-4.278663362173024112e-10
-4.274431113620025851e-10
-4.270205091467849500e-10
-4.265983955598714492e-10
-4.261769887896553718e-10
-4.257561024985181519e-10
-4.253360287707244076e-10
-4.249164903373081183e-10
-4.244976472714219212e-10
-4.240792821849389055e-10
-4.236616013910251817e-10
-4.232444628510409807e-10
-4.228278570032721964e-10
-4.224118287646137441e-10
-4.219963549930213221e-10
-4.215815692621140723e-10
-4.211672080612853935e-10
-4.207535135644500328e-10
-4.203403690563002058e-10
-4.199278798427304589e-10
-4.195160561120132448e-10
-4.191048427831793303e-10
-4.186941919422237804e-10
-4.182841104933886621e-10
-4.178746074677577673e-10
-4.174656988551027067e-10
-4.170572217018305128e-10
-4.166493683821262693e-10
-4.162420522848711517e-10
-4.158353686625052348e-10
-4.154291013489067970e-10
-4.150234851816393958e-10
-4.146184019891868951e-10
-4.142139947634222309e-10
-4.138101746600856834e-10
-4.134069785718029941e-10
-4.130043116773790657e-10
-4.126022170892204593e-10
-4.122006607985988101e-10
-4.117996957026031805e-10
-4.113991469343877247e-10
-4.109992148993206892e-10
-4.105997815814452136e-10
-4.102009866894678908e-10
-4.098025799007572346e-10
-4.094048328271045123e-10
-4.090075965930369554e-10
-4.086109666463081626e-10
-4.082149956420259514e-10
-4.078195776995903828e-10
-4.074247421289735723e-10
-4.070303889020637030e-10
-4.066366396558932561e-10
-4.062433959801674724e-10
-4.058506488438025085e-10
-4.054584277149224498e-10
-4.050667330178586464e-10
-4.046756348796253548e-10
-4.042850056102033177e-10
-4.038948779392774715e-10
-4.035053709604852019e-10
-4.031163166956668236e-10
-4.027280239517158244e-10
-4.023401790112489423e-10
-4.019530117313382502e-10
-4.015662141986921318e-10
-4.011800878069374443e-10
-4.007943753171015668e-10
-4.004092817373806011e-10
-4.000245336791497965e-10
-3.996404002332750663e-10
-3.992567275688543856e-10
-3.988736493908681407e-10
-3.984909400509885875e-10
-3.981088374391992523e-10
-3.977272260950375407e-10
-3.973462393535983442e-10
-3.969658114616773839e-10
-3.965859231955973275e-10
-3.962065808278563523e-10
-3.958276845740521771e-10
-3.954493666432028983e-10
-3.950714980334055188e-10
-3.946941484767263654e-10
-3.943172331717202529e-10
-3.939408817641329290e-10
-3.935649889895523859e-10
-3.931896645173126301e-10
-3.928147060571848837e-10
-3.924403599079992066e-10
-3.920664446097865474e-10
-3.916932401892342408e-10
-3.913204765711315480e-10
-3.909483337246705154e-10
-3.905766327782166687e-10
-3.902054447990540121e-10
-3.898347667779736132e-10
-3.894645793279606778e-10
-3.890948313754273991e-10
-3.887255697005238345e-10
-3.883568206308038929e-10
-3.879885635486056729e-10
-3.876208237530630244e-10
-3.872534654676636302e-10
-3.868867021206849960e-10
-3.865203603758124777e-10
-3.861547105571516865e-10
-3.857895069976164528e-10
-3.854248901456845140e-10
-3.850607284413658612e-10
-3.846970267467541025e-10
-3.843338584322757444e-10
-3.839711222547276149e-10
-3.836088767338046179e-10
-3.832470293376265419e-10
-3.828857371474213406e-10
-3.825248620921765256e-10
-3.821645523871019596e-10
-3.818045660898933635e-10
-3.814451438404775984e-10
-3.810861792829345666e-10
-3.807277866021402734e-10
-3.803699321964132482e-10
-3.800125409167651589e-10
-3.796557057444699503e-10
-3.792991999431486795e-10
-3.789433373762376145e-10
-3.785878161082449204e-10
-3.782328777608497962e-10
-3.778782381876350350e-10
-3.775241454141393609e-10
-3.771704636457018557e-10
-3.768173406412250212e-10
-3.764645478944103688e-10
-3.761122744055337366e-10
-3.757605084013459256e-10
-3.754091336332169270e-10
-3.750584496029991809e-10
-3.747081292273052936e-10
-3.743584305453742644e-10
-3.740090748346245188e-10
-3.736602460750863170e-10
-3.733118620951315383e-10
-3.729639290272549391e-10
-3.726164219041826719e-10
-3.722693243455162838e-10
-3.719227513796090402e-10
-3.715765681088589920e-10
-3.712309316516554924e-10
-3.708855946487724120e-10
-3.705408132494026755e-10
-3.701964655944097070e-10
-3.698525876931877917e-10
-3.695093240232014820e-10
-3.691664319689203284e-10
-3.688241486140118933e-10
-3.684821636754973419e-10
-3.681407389614728494e-10
-3.677997018771231552e-10
-3.674591604454460365e-10
-3.671189468498907208e-10
-3.667791869932725157e-10
-3.664398961350983638e-10
-3.661010154920866240e-10
-3.657626548407345156e-10
-3.654245820026789135e-10
-3.650870399244460726e-10
-3.647499204127871782e-10
-3.644132695728977233e-10
-3.640772006649398214e-10
-3.637414799143387303e-10
-3.634063590264756348e-10
-3.630715211624098423e-10
-3.627372323675010280e-10
-3.624033179408333989e-10
-3.620698721021060378e-10
-3.617367647276601889e-10
-3.614040786044476559e-10
-3.610718793620894524e-10
-3.607400476917577250e-10
-3.604087329027630689e-10
-3.600776872357460882e-10
-3.597471681535120477e-10
-3.594170689475396555e-10
-3.590873713724468712e-10
-3.587582852760536118e-10
-3.584295300880791191e-10
-3.581013603701469287e-10
-3.577734971170760340e-10
-3.574461002922631648e-10
-3.571191348784368926e-10
-3.567925323378809505e-10
-3.564664073005437824e-10
-3.561405770688953960e-10
-3.558152544947794591e-10
-3.554902711973104803e-10
-3.551657973005028228e-10
-3.548416232011102502e-10
-3.545178712595163363e-10
-3.541946199657781923e-10
-3.538716885538942846e-10
-3.535493660695368273e-10
-3.532274328266217958e-10
-3.529059388755023781e-10
-3.525849161451649822e-10
-3.522641687431907699e-10
-3.519439745689932530e-10
-3.516241100457764116e-10
-3.513047216672268841e-10
-3.509856015948326949e-10
-3.506669075951471390e-10
-3.503486510032607077e-10
-3.500307512372752651e-10
-3.497133417208680092e-10
-3.493961710247755551e-10
-3.490795041897034523e-10
-3.487632357092583964e-10
-3.484473138383547006e-10
-3.481320070827822640e-10
-3.478170060687201856e-10
-3.475025251819999675e-10
-3.471884073491717387e-10
-3.468746020475868417e-10
-3.465613209165903866e-10
-3.462483209119993824e-10
-3.459358364457498445e-10
-3.456235674948654951e-10
-3.453117496090260103e-10
-3.450003197953413266e-10
-3.446892717934122307e-10
-3.443786857742009748e-10
-3.440683330326388098e-10
-3.437584635378919343e-10
-3.434489804961863517e-10
-3.431398434115371505e-10
-3.428312945304534826e-10
-3.425230405108007469e-10
-3.422152949908614249e-10
-3.419079023188250856e-10
-3.416008057405952827e-10
-3.412942274947254627e-10
-3.409879204311303785e-10
-3.406821102089404944e-10
-3.403765169639414822e-10
-3.400713489995948543e-10
-3.397665811822645084e-10
-3.394621531298646472e-10
-3.391581871258632482e-10
-3.388544342856884205e-10
-3.385511658071707553e-10
-3.382482869360921243e-10
-3.379457091691270845e-10
-3.376437152353744394e-10
-3.373420430938310955e-10
-3.370407886498544628e-10
-3.367399596321509670e-10
-3.364393818051866054e-10
-3.361393070536679266e-10
-3.358395404327917724e-10
-3.355401709380559988e-10
-3.352411199031029233e-10
-3.349423856535089854e-10
-3.346440972948834524e-10
-3.343460980333511441e-10
-3.340485582949706489e-10
-3.337512958869156565e-10
-3.334543688660920261e-10
-3.331578832224233501e-10
-3.328617368839208553e-10
-3.325659961586170625e-10
-3.322707418617491249e-10
-3.319757708349807718e-10
-3.316813185821880523e-10
-3.313871281301456268e-10
-3.310932864175111820e-10
-3.307998760951220905e-10
-3.305067323050798019e-10
-3.302140697106301204e-10
-3.299215956476176988e-10
-3.296295243281662657e-10
-3.293378362464310517e-10
-3.290464644820806975e-10
-3.287555228600440821e-10
-3.284647955097622320e-10
-3.281744794233720498e-10
-3.278845741242570296e-10
-3.275949365842469814e-10
-3.273058182719273882e-10
-3.270170596529859017e-10
-3.267286004633025026e-10
-3.264406505273631701e-10
-3.261529157070879612e-10
-3.258655988432129109e-10
-3.255786340382093352e-10
-3.252919432708584941e-10
-3.250057179348896872e-10
-3.247196665328426010e-10
-3.244340293939577469e-10
-3.241487396748191029e-10
-3.238637695134527242e-10
-3.235792211317893798e-10
-3.232948657551907087e-10
-3.230109238350061038e-10
-3.227273713813929158e-10
-3.224440784599562760e-10
-3.221612889367509946e-10
-3.218788572384832891e-10
-3.215967094606396543e-10
-3.213150612555639066e-10
-3.210336315564816835e-10
-3.207525727812976430e-10
-3.204718863775778570e-10
-3.201914540921375101e-10
-3.199114824312955381e-10
-3.196316808395899755e-10
-3.193522542297208354e-10
-3.190732053935460899e-10
-3.187944303154494398e-10
-3.185160673857721578e-10
-3.182379288374782071e-10
-3.179601274255939721e-10
-3.176827290165363231e-10
-3.174056336785536258e-10
-3.171288971083709977e-10
-3.168526234784604129e-10
-3.165765982258253943e-10
-3.163010335701337762e-10
-3.160257607580218782e-10
-3.157507022954443836e-10
-3.154761305114940669e-10
-3.152018136339904487e-10
-3.149278473055685021e-10
-3.146541695691039480e-10
-3.143807521063154809e-10
-3.141077238849694912e-10
-3.138349516404048962e-10
-3.135625788078387802e-10
-3.132905372298109411e-10
-3.130186863688291330e-10
-3.127472455402275854e-10
-3.124761405063364439e-10
-3.122052784461944330e-10
-3.119349288525289715e-10
-3.116648774276588170e-10
-3.113951007711382672e-10
-3.111257995290202596e-10
-3.108566950106993340e-10
-3.105879293153105967e-10
-3.103195303657554800e-10
-3.100513601891102785e-10
-3.097836201768164583e-10
-3.095160512011516708e-10
-3.092488064271375995e-10
-3.089819412088365878e-10
-3.087153082406288569e-10
-3.084490734161787933e-10
-3.081831031813123069e-10
-3.079173740616928920e-10
-3.076520330207099104e-10
-3.073869997236316528e-10
-3.071222244074576016e-10
-3.068579464559731321e-10
-3.065939335970473211e-10
-3.063302165113029668e-10
-3.060669277759152663e-10
-3.058038333237714706e-10
-3.055410934401897367e-10
-3.052786839197049004e-10
-3.050164976234146831e-10
-3.047547373194608186e-10
-3.044931337959868748e-10
-3.042318491108232483e-10
-3.039709313948937361e-10
-3.037102279572005698e-10
-3.034499180863636926e-10
-3.031898794729885983e-10
-3.029300499162413690e-10
-3.026706043875382140e-10
-3.024114651836928823e-10
-3.021525539339103880e-10
-3.018941287444066478e-10
-3.016359915159808139e-10
-3.013781046724103005e-10
-3.011206697995856942e-10
-3.008634385599854705e-10
-3.006064594829381441e-10
-3.003498882807493799e-10
-3.000935389934642411e-10
-2.998375348534627321e-10
-2.995817775813790848e-10
-2.993262569159143955e-10
-2.990710835569833249e-10
-2.988161603258025731e-10
-2.985615584149678031e-10
-2.983073181553982774e-10
-2.980532147037858686e-10
-2.977994569145312903e-10
-2.975460471192961643e-10
-2.972928855842350750e-10
-2.970400460859571745e-10
-2.967876243824705198e-10
-2.965354113510344735e-10
-2.962835786224284607e-10
-2.960320461557550747e-10
-2.957806969574280321e-10
-2.955297464468842822e-10
-2.952790550977673371e-10
-2.950285815252434971e-10
-2.947785136458584895e-10
-2.945285765473704546e-10
-2.942789443983364254e-10
-2.940296601391835318e-10
-2.937805771124558854e-10
-2.935318589207745929e-10
-2.932834050581149846e-10
-2.930351282254400454e-10
-2.927872098300016238e-10
-2.925395962880889174e-10
-2.922921911144540452e-10
-2.920452008629479641e-10
-2.917985286360905107e-10
-2.915520746447261141e-10
-2.913060234794556337e-10
-2.910602190900637657e-10
-2.908145952709279119e-10
-2.905693762552179569e-10
-2.903243909276609297e-10
-2.900796237880649898e-10
-2.898352480595321897e-10
-2.895909896668161936e-10
-2.893470429592736271e-10
-2.891034281825203007e-10
-2.888600029470436968e-10
-2.886169349713058047e-10
-2.883741144170177728e-10
-2.881314704809143294e-10
-2.878891787523279058e-10
-2.876471780022384503e-10
-2.874053771683694144e-10
-2.871639706290286933e-10
-2.869228964530185884e-10
-2.866820236853022550e-10
-2.864415361101644857e-10
-2.862013023141003243e-10
-2.859612384873553954e-10
-2.857215591523077306e-10
-2.854821174453853519e-10
-2.852428776838685877e-10
-2.850040282911672882e-10
-2.847652966659600234e-10
-2.845268487334551958e-10
-2.842887262889903936e-10
-2.840507832009866492e-10
-2.838131791035735398e-10
-2.835758721694374146e-10
-2.833386855077327247e-10
-2.831018228882303822e-10
-2.828652739917288404e-10
-2.826289635154088854e-10
-2.823929026954079250e-10
-2.821572652845940772e-10
-2.819218264634251996e-10
-2.816866577866044707e-10
-2.814518504525230253e-10
-2.812172083717201070e-10
-2.809828173364675657e-10
-2.807487700026609761e-10
-2.805149195944465216e-10
-2.802813467697735821e-10
-2.800480482026970315e-10
-2.798148971944563752e-10
-2.795820549931092069e-10
-2.793494934173529004e-10
-2.791171396563423779e-10
-2.788851075881561299e-10
-2.786532821723417718e-10
-2.784216499322751714e-10
-2.781903379301209442e-10
-2.779592983961986119e-10
-2.777284452124259598e-10
-2.774979577534126986e-10
-2.772677918381459648e-10
-2.770378047348826167e-10
-2.768081618615348354e-10
-2.765787778432483904e-10
-2.763495585782900807e-10
-2.761206719635830106e-10
-2.758920342623991528e-10
-2.756635829675391725e-10
-2.754354588511307316e-10
-2.752075209915363227e-10
-2.749797840178155524e-10
-2.747523362889693551e-10
-2.745251424986450829e-10
-2.742981689319487251e-10
-2.740715042559750786e-10
-2.738450211553436706e-10
-2.736187441699723096e-10
-2.733927786299537289e-10
-2.731670662964640112e-10
-2.729415311416046111e-10
-2.727163630104250771e-10
-2.724915036813858961e-10
-2.722668159878792233e-10
-2.720424628381266527e-10
-2.718183629774358214e-10
-2.715944259631748481e-10
-2.713707917192408968e-10
-2.711474192086481201e-10
-2.709242281804940322e-10
-2.707013302615677301e-10
-2.704786594756966430e-10
-2.702561378958619797e-10
-2.700339107302251109e-10
-2.698119439739466099e-10
-2.695901596256848868e-10
-2.693686865291909685e-10
-2.691474273596286009e-10
-2.689263104395753821e-10
-2.687055066600396440e-10
-2.684849693078481951e-10
-2.682646334797557001e-10
-2.680445512699922522e-10
-2.678248457657490468e-10
-2.676053203136628624e-10
-2.673860191517850085e-10
-2.671670823111755517e-10
-2.669482947937040998e-10
-2.667296674202511921e-10
-2.665114283371681908e-10
-2.662933625735475795e-10
-2.660754764835562665e-10
-2.658579352876325194e-10
-2.656404808964125722e-10
-2.654232780774842746e-10
-2.652063616022488207e-10
-2.649896111658666143e-10
-2.647731370594768729e-10
-2.645569421717301601e-10
-2.643408731919840917e-10
-2.641250342494996570e-10
-2.639094843747249238e-10
-2.636941607411318764e-10
-2.634790017688276629e-10
-2.632642012104260293e-10
-2.630496722569019841e-10
-2.628353062543782640e-10
-2.626212502989016671e-10
-2.624074433014555624e-10
-2.621937897291608323e-10
-2.619803770629723432e-10
-2.617672491771053917e-10
-2.615543017815542207e-10
-2.613415708148473116e-10
-2.611291302908218231e-10
-2.609167802833188640e-10
-2.607046899393536975e-10
-2.604928782380298718e-10
-2.602812046781523433e-10
-2.600698155991446146e-10
-2.598586987062014472e-10
-2.596476839396928049e-10
-2.594369110191281042e-10
-2.592264208043282691e-10
-2.590161394434970488e-10
-2.588060176122249904e-10
-2.585962532908828116e-10
-2.583867421795263870e-10
-2.581773913210800100e-10
-2.579683417058863961e-10
-2.577595354892053095e-10
-2.575508778018775332e-10
-2.573424369063657829e-10
-2.571342891071185023e-10
-2.569263237936677409e-10
-2.567185409470005455e-10
-2.565110686529484040e-10
-2.563036725319835135e-10
-2.560965205769572177e-10
-2.558896392113517676e-10
-2.556829081018081889e-10
-2.554764348314370538e-10
-2.552702237705915523e-10
-2.550641407644655182e-10
-2.548582567265121252e-10
-2.546526424029583027e-10
-2.544472504985795340e-10
-2.542420239676057180e-10
-2.540370749566533906e-10
-2.538324458050856103e-10
-2.536279781219512279e-10
-2.534237067987779664e-10
-2.532197806747413405e-10
-2.530159921826941948e-10
-2.528123399117997580e-10
-2.526090265917418627e-10
-2.524058851617288865e-10
-2.522028935539401621e-10
-2.520002168972067546e-10
-2.517976673346138702e-10
-2.515952856564129761e-10
-2.513931515984322027e-10
-2.511912509140288109e-10
-2.509894953003760636e-10
-2.507880145345810044e-10
-2.505867553535580659e-10
-2.503855830645250416e-10
-2.501846723325326207e-10
-2.499840224204024561e-10
-2.497835605717352218e-10
-2.495832467347543514e-10
-2.493832814077314342e-10
-2.491835393260765815e-10
-2.489839492531188969e-10
-2.487846344808694734e-10
-2.485855633430641850e-10
-2.483866281844304640e-10
-2.481878505974686638e-10
-2.479894133181665748e-10
-2.477911224504501913e-10
-2.475929791437301945e-10
-2.473951515023421774e-10
-2.471974093006247642e-10
-2.469998614646841321e-10
-2.468025493348467523e-10
-2.466054545767160243e-10
-2.464085163272685050e-10
-2.462118359701427821e-10
-2.460153536262281915e-10
-2.458189628942332099e-10
-2.456228305752517122e-10
-2.454269503475250544e-10
-2.452312525079381795e-10
-2.450356953454148209e-10
-2.448404783920301886e-10
-2.446454758495395453e-10
-2.444506218597360468e-10
-2.442560250518667750e-10
-2.440616758784772869e-10
-2.438674596296788017e-10
-2.436733824846339517e-10
-2.434796429288493904e-10
-2.432860463113561587e-10
-2.430925835466246614e-10
-2.428994291929746285e-10
-2.427063785468469810e-10
-2.425134898863875277e-10
-2.423208350368000186e-10
-2.421284015753749138e-10
-2.419360868117750678e-10
-2.417440389914579600e-10
-2.415522119807088745e-10
-2.413604687870601486e-10
-2.411689483565455461e-10
-2.409776722017252902e-10
-2.407865822198899465e-10
-2.405956329280813835e-10
-2.404049515634683893e-10
-2.402145600901654129e-10
-2.400243114220641797e-10
-2.398342301530960996e-10
-2.396444667899465688e-10
-2.394548461053907751e-10
-2.392653334347583287e-10
-2.390761107198202269e-10
-2.388870705161730229e-10
-2.386981798111001981e-10
-2.385094909494551116e-10
-2.383210501111881536e-10
-2.381326730306447874e-10
-2.379445110208261662e-10
-2.377565834570801154e-10
-2.375688130964168894e-10
-2.373812317945802921e-10
-2.371938845970178431e-10
-2.370066981123457429e-10
-2.368196050868603887e-10
-2.366327659752667263e-10
-2.364461591265135598e-10
-2.362597204447518157e-10
-2.360734103775071203e-10
-2.358874153032323277e-10
-2.357016400623907578e-10
-2.355160011502970532e-10
-2.353305653822800593e-10
-2.351454093332886363e-10
-2.349603719739123427e-10
-2.347754492557194668e-10
-2.345908286041635695e-10
-2.344063626187768791e-10
-2.342220324215693713e-10
-2.340379267565513358e-10
-2.338540301516181080e-10
-2.336702032383490176e-10
-2.334865878376008786e-10
-2.333032034971331496e-10
-2.331199605780371157e-10
-2.329369122746930847e-10
-2.327540844888112706e-10
-2.325714081380015301e-10
-2.323888233107450124e-10
-2.322064821771316456e-10
-2.320243689215298980e-10
-2.318424199305406863e-10
-2.316605922285199764e-10
-2.314790555019714420e-10
-2.312977528226586358e-10
-2.311165797292445430e-10
-2.309355744670729325e-10
-2.307548700655213235e-10
-2.305742824477669422e-10
-2.303937991342778519e-10
-2.302135917515123121e-10
-2.300335517298543809e-10
-2.298536535327261268e-10
-2.296739273686709793e-10
-2.294944586030367956e-10
-2.293150373782811072e-10
-2.291358169093341342e-10
-2.289568018186848587e-10
-2.287779717371341275e-10
-2.285992663662092397e-10
-2.284207911446783311e-10
-2.282425116129070103e-10
-2.280643032184214558e-10
-2.278863036753118735e-10
-2.277085226072999996e-10
-2.275309114085740286e-10
-2.273534402115247819e-10
-2.271761641074922174e-10
-2.269991919970879528e-10
-2.268223507220263608e-10
-2.266456422704422474e-10
-2.264692089244689976e-10
-2.262929476582366267e-10
-2.261168054782957609e-10
-2.259407887509123239e-10
-2.257650809034488779e-10
-2.255894897200883842e-10
-2.254140151288846377e-10
-2.252387938498604673e-10
-2.250637155130166680e-10
-2.248887209533030598e-10
-2.247139335387820055e-10
-2.245393612505117716e-10
-2.243649082263459586e-10
-2.241906460590135738e-10
-2.240165911248079275e-10
-2.238426830075064868e-10
-2.236688522824886395e-10
-2.234952500981219367e-10
-2.233218645502280074e-10
-2.231486288617197032e-10
-2.229755070666296435e-10
-2.228026314107052254e-10
-2.226300139593016083e-10
-2.224575175069211801e-10
-2.222851517647877890e-10
-2.221130697631049310e-10
-2.219411253422065918e-10
-2.217693027668335198e-10
-2.215976168926865279e-10
-2.214262168527755627e-10
-2.212549320555440817e-10
-2.210837555686629965e-10
-2.209128296956551091e-10
-2.207420367018667734e-10
-2.205713248290329373e-10
-2.204008095073685264e-10
-2.202305044699544758e-10
-2.200603255397434026e-10
-2.198903164202673899e-10
-2.197205061252877350e-10
-2.195508519265429055e-10
-2.193812638208562043e-10
-2.192118920770368216e-10
-2.190427266256422800e-10
-2.188737132412796736e-10
-2.187048254086435771e-10
-2.185361248755012347e-10
-2.183677088958230450e-10
-2.181994129146190348e-10
-2.180312397918044178e-10
-2.178633137237949565e-10
-2.176955700679073378e-10
-2.175279367239002580e-10
-2.173604077377399982e-10
-2.171931545870231974e-10
-2.170260265224351701e-10
-2.168590176780925089e-10
-2.166921895636702541e-10
-2.165255808185958563e-10
-2.163590129443612038e-10
-2.161926264028394229e-10
-2.160264241196263236e-10
-2.158603975862742189e-10
-2.156944576934244877e-10
-2.155287379356202094e-10
-2.153632235334279159e-10
-2.151977817945152721e-10
-2.150324706230375528e-10
-2.148673546949505325e-10
-2.147024329833465227e-10
-2.145376632564576213e-10
-2.143729895613179576e-10
-2.142085775286535871e-10
-2.140443830433483177e-10
-2.138802982600013422e-10
-2.137163417124276434e-10
-2.135526568959074407e-10
-2.133890879401990450e-10
-2.132256308971200202e-10
-2.130623119386648959e-10
-2.128992574455618843e-10
-2.127363094127333881e-10
-2.125734654372197020e-10
-2.124108411780376576e-10
-2.122483727419973796e-10
-2.120859594446130057e-10
-2.119237282765349414e-10
-2.117616870904850275e-10
-2.115997999194156373e-10
-2.114380156290275518e-10
-2.112764363753547392e-10
-2.111150398207243412e-10
-2.109537133738793267e-10
-2.107925343687685738e-10
-2.106315396807333681e-10
-2.104707199146378043e-10
-2.103100568830024845e-10
-2.101494841053833064e-10
-2.099891696567324429e-10
-2.098290612894210176e-10
-2.096690610243993778e-10
-2.095091819597638558e-10
-2.093495675728621189e-10
-2.091900662469201365e-10
-2.090306786914613329e-10
-2.088713993024605408e-10
-2.087124022128258163e-10
-2.085534980765939096e-10
-2.083947015528558914e-10
-2.082360916914665064e-10
-2.080776666669801592e-10
-2.079192791595174077e-10
-2.077610679139651879e-10
-2.076030266874246881e-10
-2.074451535425340428e-10
-2.072873555883301885e-10
-2.071297672064766508e-10
-2.069723697927246379e-10
-2.068150527528102025e-10
-2.066578229594313442e-10
-2.065007962487696886e-10
-2.063439628497541723e-10
-2.061872578072865060e-10
-2.060306487924630644e-10
-2.058742403614688293e-10
-2.057180784814403682e-10
-2.055620209698454239e-10
-2.054060737811498140e-10
-2.052503435031002827e-10
-2.050947965016071724e-10
-2.049393459551143520e-10
-2.047839768789364090e-10
-2.046288436501614085e-10
-2.044738470869635111e-10
-2.043189823250885390e-10
-2.041642169027593554e-10
-2.040096931438079334e-10
-2.038552442467081448e-10
-2.037008825365128966e-10
-2.035466971461307712e-10
-2.033926944340497908e-10
-2.032388086079598860e-10
-2.030850463919134339e-10
-2.029314633940531163e-10
-2.027780486902243257e-10
-2.026246962062421737e-10
-2.024714844786155980e-10
-2.023184421605106735e-10
-2.021655721814121737e-10
-2.020128430239177483e-10
-2.018601957193709621e-10
-2.017077829600658271e-10
-2.015555783944663750e-10
-2.014034708142813484e-10
-2.012514692207790723e-10
-2.010997011812597880e-10
-2.009480833016581385e-10
-2.007965612803138732e-10
-2.006451234159238689e-10
-2.004939244595668536e-10
-2.003428459357377385e-10
-2.001918897597609277e-10
-2.000410389551432622e-10
-1.998904224667493449e-10
-1.997398705704819786e-10
-1.995894061132548928e-10
-1.994391145163741187e-10
-1.992889993927052767e-10
-1.991389993010626403e-10
-1.989891105229298500e-10
-1.988393997090020460e-10
-1.986898567014704676e-10
-1.985403774972499557e-10
-1.983910176455002510e-10
-1.982418251001963282e-10
-1.980928189899515811e-10
-1.979439340176531456e-10
-1.977951310692015602e-10
-1.976465317019051990e-10
-1.974981576679288854e-10
-1.973498799439802310e-10
-1.972017072943156034e-10
-1.970537298212807546e-10
-1.969059377898858778e-10
-1.967582338500162859e-10
-1.966105981134104715e-10
-1.964631665747958569e-10
-1.963158998277510487e-10
-1.961687478163054752e-10
-1.960216767709032473e-10
-1.958748058262320620e-10
-1.957280759025834109e-10
-1.955813813814315926e-10
-1.954348503183603747e-10
-1.952884732812884500e-10
-1.951422502784259480e-10
-1.949960887722751963e-10
-1.948501276062440380e-10
-1.947043226723461126e-10
-1.945586196447230346e-10
-1.944129685075904501e-10
-1.942675063113187162e-10
-1.941222025340852559e-10
-1.939770272106241800e-10
-1.938319819237517947e-10
-1.936870231974415492e-10
-1.935423036738627663e-10
-1.933977568833740896e-10
-1.932533016198955010e-10
-1.931089449270242112e-10
-1.929648180097724161e-10
-1.928208203184723112e-10
-1.926769129090593714e-10
-1.925330812965825789e-10
-1.923894742826240544e-10
-1.922459808332486168e-10
-1.921026091440568783e-10
-1.919593202694719436e-10
-1.918162525935694767e-10
-1.916732724541479257e-10
-1.915303488648672235e-10
-1.913875812810784444e-10
-1.912449736170434155e-10
-1.911025063157124319e-10
-1.909600973145648478e-10
-1.908178817592333908e-10
-1.906758268681799637e-10
-1.905338579011917291e-10
-1.903919427069619541e-10
-1.902502112793005206e-10
-1.901086374187739224e-10
-1.899671832162193512e-10
-1.898258549720061630e-10
-1.896846082555783450e-10
-1.895435935893932236e-10
-1.894027532743313929e-10
-1.892619974647199784e-10
-1.891213360517563397e-10
-1.889808911229469373e-10
-1.888405831220049249e-10
-1.887003606484517553e-10
-1.885602048631872492e-10
-1.884202570156036703e-10
-1.882804389799119411e-10
-1.881407400385057195e-10
-1.880011114900770595e-10
-1.878616762396831008e-10
-1.877223734675113077e-10
-1.875830992199530365e-10
-1.874439779222259294e-10
-1.873049979343863715e-10
-1.871661690125976152e-10
-1.870274017383267500e-10
-1.868888074214107334e-10
-1.867503526319315026e-10
-1.866120243932154207e-10
-1.864737455085083901e-10
-1.863356055685388020e-10
-1.861976074630374401e-10
-1.860597714935783148e-10
-1.859220517852802350e-10
-1.857844023627965814e-10
-1.856469273467462190e-10
-1.855096711659566631e-10
-1.853724998574782773e-10
-1.852354379711674192e-10
-1.850984975002170456e-10
-1.849617772254556355e-10
-1.848251312166671759e-10
-1.846885781105086971e-10
-1.845521120242444857e-10
-1.844158782976132061e-10
-1.842797236875975653e-10
-1.841436695894401820e-10
-1.840077134031395104e-10
-1.838719664307545025e-10
-1.837362794239020506e-10
-1.836006560148927232e-10
-1.834651792598824447e-10
-1.833298541006889041e-10
-1.831946591962992109e-10
-1.830595141867033267e-10
-1.829245560483809345e-10
-1.827897408105403250e-10
-1.826550182277310676e-10
-1.825203412847355645e-10
-1.823858257894322416e-10
-1.822514451545694940e-10
-1.821171967142491304e-10
-1.819830769947447281e-10
-1.818490157869412009e-10
-1.817151482308538669e-10
-1.815814748951385333e-10
-1.814478802709363616e-10
-1.813143875091499825e-10
-1.811810220677133896e-10
-1.810478664915971929e-10
-1.809147807996498368e-10
-1.807817838007239096e-10
-1.806488706206267359e-10
-1.805161831348769308e-10
-1.803835723234611418e-10
-1.802510615574415996e-10
-1.801186383784597870e-10
-1.799864188035349863e-10
-1.798542709326072640e-10
-1.797221717057330183e-10
-1.795902170401525744e-10
-1.794584013629526043e-10
-1.793267194510122824e-10
-1.791950875803507706e-10
-1.790636329004186698e-10
-1.789323031579697457e-10
-1.788010901757680622e-10
-1.786699240069889491e-10
-1.785388790602013945e-10
-1.774685060373098644e-10
-1.773384806216774185e-10
-1.772085518312963515e-10
-1.770787005831407702e-10
-1.769489775163126880e-10
-1.730831342718934900e-10
-1.729565908941303356e-10
-1.728301388746386023e-10
-1.727037730196808585e-10
-1.725776175010426075e-10
-1.705942309291690367e-10
-1.704696788390664891e-10
-1.703451822475668687e-10
-1.702208725895644454e-10
-1.700966967473784584e-10
-1.662796950597747900e-10
-1.661584930361835947e-10
-1.660374340476762166e-10
-1.659165424204925223e-10
-1.639587746154235115e-10
-1.638393947979422067e-10
-1.637201536110548966e-10
-1.636010566335083936e-10
-1.634820622462657581e-10
-1.597113705607260265e-10
-1.595953649123793199e-10
-1.594795083637701245e-10
-1.593637214024707520e-10
-1.592479759709777356e-10
-1.573176085715402066e-10
-1.572035104734779315e-10
-1.570895239244250379e-10
-1.569756575449616100e-10
-1.568618467302138040e-10
-1.531409199142242286e-10
-1.530301479092507083e-10
-1.529194185804694587e-10
-1.528087853929772012e-10
-1.509044771797289601e-10
-1.507954900267469430e-10
-1.506865661425568176e-10
-1.505777102974289400e-10
-1.504689108648151357e-10
-1.467953175408137388e-10
-1.466894923919603382e-10
-1.465837004303956076e-10
-1.464779620467080659e-10
-1.463723664578516196e-10
-1.444957894262121365e-10
-1.443916948853766078e-10
-1.442876571247801031e-10
-1.441837549702287256e-10
-1.405578791682040246e-10
-1.404568464627336499e-10
-1.403558411739486289e-10
-1.402549513104092463e-10
-1.401541940495394911e-10
-1.383039416103593295e-10
-1.382046076016368440e-10
-1.381053933945627466e-10
-1.380062719311023853e-10
-1.379072842806497168e-10
-1.343322944319237136e-10
-1.342360513550765529e-10
