3.786518770877722335e-05
3.959818422318391100e-05
4.116717883001992558e-05
4.258231905290002565e-05
4.385300470417747225e-05
4.498792266587794665e-05
4.599518763553863315e-05
4.688227836025952105e-05
4.765629784111560715e-05
4.832385108570616739e-05
4.889123211014163005e-05
4.936440545766755276e-05
4.974904354520906546e-05
5.005056018557697232e-05
5.027409552774167548e-05
5.042455841874491013e-05
5.050667680609758280e-05
5.052488483356604930e-05
5.048351688987106511e-05
5.038674243169897940e-05
5.023848686902238867e-05
5.004258699085972035e-05
4.980275432200661318e-05
4.952256027257469055e-05
4.920543407622474010e-05
4.885467203240080771e-05
4.847351454108151026e-05
4.806496749827928562e-05
4.763199545846144161e-05
4.717746433799599714e-05
4.670396218817455744e-05
4.621414470036538648e-05
4.571038599408082229e-05
4.519504274785490132e-05
4.467027110680222055e-05
4.413816249131198756e-05
4.360064523487694438e-05
4.305958243350873932e-05
4.251664565883460855e-05
4.197347871800569271e-05
4.143153164909289707e-05
4.089222809582083036e-05
4.035679521669504222e-05
3.982646210477938333e-05
3.930222652314506725e-05
3.878510962872894858e-05
3.827593953412790812e-05
3.777550676265555100e-05
3.728453706133202916e-05
3.680356252155871837e-05
3.633317249026028100e-05
3.587379704646212930e-05
3.542576968899180260e-05
3.498944944783332738e-05
3.456504728025573176e-05
3.415271552500387208e-05
3.375261010919296885e-05
3.336475861378200282e-05
3.298916846610370286e-05
3.262582431782162307e-05
3.227461789935662283e-05
3.193543424033210611e-05
3.160809348090372898e-05
3.129243973538630574e-05
3.098820302584587283e-05
3.069512649647083323e-05
3.041293873123171075e-05
3.014128765343819359e-05
2.987985967018004662e-05
2.962832698819839439e-05
2.938630836821583928e-05
2.915341283266246808e-05
2.892926554188935366e-05
2.871341175772643028e-05
2.850547742823154401e-05
2.830506282087844397e-05
2.811173975369214644e-05
2.792503025224697398e-05
2.774454136279359023e-05
2.756987239429507208e-05
2.740061670470602854e-05
2.723627893777318327e-05
2.707649556554588455e-05
2.692089135565208590e-05
2.676903925783708735e-05
2.662053493042365940e-05
2.647503746010977180e-05
2.633216262806171103e-05
2.619156045583911774e-05
2.605293245324925462e-05
2.591590343202377291e-05
2.578017785418537276e-05
2.564550206596554271e-05
2.551156846967912275e-05
2.537812436096226629e-05
2.524494359026109309e-05
2.511178353424662005e-05
2.497846854931206806e-05
2.484479351803335712e-05
2.471059061690642102e-05
2.457573703122697454e-05
2.444007681706046722e-05
2.430351722995857452e-05
2.416594936814627124e-05
2.402730584099757645e-05
2.388751676725623502e-05
2.374655590181742979e-05
2.360439897684329943e-05
2.346102356022463763e-05
2.331642963564944652e-05
2.317065193827466638e-05
2.302371668231243366e-05
2.287567432851800580e-05
2.272658694765567592e-05
2.257649914104940396e-05
2.242551348161973498e-05
2.227370005552152895e-05
2.212118960028634502e-05
2.196805566721321006e-05
2.181443255313310415e-05
2.166040362895675102e-05
2.150613400277149890e-05
2.135171286620204524e-05
2.119731603822760141e-05
2.104303335094572500e-05
2.088903445245595303e-05
2.073541138533327341e-05
2.058233788559006894e-05
2.042994275230563143e-05
2.027834586417644186e-05
2.012770857769207133e-05
1.997812451772659173e-05
1.982974234032233661e-05
1.968266185425506231e-05
1.953705229904236475e-05
1.939298057074028743e-05
1.925058185421085318e-05
1.910993493485401893e-05
1.897118205263491160e-05
1.883437056068807067e-05
1.869959170973418695e-05
1.856697612650745518e-05
1.843652919953920523e-05
1.830838038859865951e-05
1.818253884087422636e-05
1.805910004395445861e-05
1.793808004780623346e-05
1.781951033770925620e-05
1.770346904061260675e-05
1.758995531398614470e-05
1.747897499466792570e-05
1.737057286635198264e-05
1.726470755768350757e-05
1.716146435602061574e-05
1.706074086883686304e-05
1.696256620971662942e-05
1.686695677879228598e-05
1.677381383924787163e-05
1.668319820776994930e-05
1.659500666827237571e-05
1.650920892363378194e-05
1.642581346795073452e-05
1.634469231466807886e-05
1.626587003759947828e-05
1.618927106883575706e-05
1.611479925011703612e-05
1.604246688742787868e-05
1.597212485123858248e-05
1.590373555601419257e-05
1.583729141410977330e-05
1.577263486986801199e-05
1.570974909399872280e-05
1.564856444987652122e-05
1.558894792105732256e-05
1.553087977087590313e-05
1.547429035225743953e-05
1.541903447981472406e-05
1.536513803483205505e-05
1.531244782264750011e-05
1.526090102991250192e-05
1.521048549384548721e-05
1.516104699428281688e-05
1.511253293340713027e-05
1.506492051444478128e-05
1.501808162856207677e-05
1.497195849459862653e-05
1.492654552252146896e-05
1.488171506648467266e-05
1.483741456865976998e-05
1.479364171181624364e-05
1.475026951496550680e-05
1.470725886468924474e-05
1.466460242654174223e-05
1.462219594351331526e-05
1.458001204075815188e-05
1.453804331487187872e-05
1.449620294342114181e-05
1.445445512027169947e-05
1.441281241450094780e-05
1.437120240811996188e-05
1.432958360723403301e-05
1.428796264623512752e-05
1.424630538385331202e-05
1.420457209676289200e-05
1.416276631700628822e-05
1.412088282077573196e-05
1.407886976049797956e-05
1.403674481040974576e-05
1.399450074381965627e-05
1.395211417602404766e-05
1.390958934568369999e-05
1.386693829059271633e-05
1.382413449328933205e-05
1.378119892065032625e-05
1.373813250330521104e-05
1.369494934879197308e-05
1.365163416354164647e-05
1.360822733687926219e-05
1.356471982626854040e-05
1.352112237358877236e-05
1.347745649774150554e-05
1.343373378943008043e-05
1.338997331210547284e-05
1.334618156888835996e-05
1.330240359185203712e-05
1.325862761625161517e-05
1.321487693296371011e-05
1.317119364113712479e-05
1.312757654427700427e-05
1.308404326275608789e-05
1.304062269178110029e-05
1.299733759334380765e-05
1.295420887748860535e-05
1.291124344788165616e-05
1.286847501516974732e-05
1.282593875661707861e-05
1.278361371650454627e-05
1.274154318354827802e-05
1.269976211626942525e-05
1.265826624083463232e-05
1.261706500247833790e-05
1.257618375035029778e-05
1.253566482095399115e-05
1.249549660640285037e-05
1.245569189925516991e-05
1.241627056705051587e-05
1.237725335754321425e-05
1.233865802839303676e-05
1.230047576686775877e-05
1.226272361278942287e-05
1.222540999538234795e-05
1.218856460311279694e-05
1.215216736403613112e-05
1.211623241376633006e-05
1.208076179123298617e-05
1.204578581762266032e-05
1.201128286795008244e-05
1.197725751555194172e-05
1.194371153823404941e-05
1.191066622273776212e-05
1.187810720373229282e-05
1.184601793708315906e-05
1.181441504753267612e-05
1.178329342135686353e-05
1.175265798925217876e-05
1.172247154744002368e-05
1.169276873821729273e-05
1.166352365495945354e-05
1.163473621995078427e-05
1.160640331435207127e-05
1.157850874856767402e-05
1.155104326620428916e-05
1.152401422630231098e-05
1.149741749158962075e-05
1.147121009904830615e-05
1.144539242220739133e-05
1.141998085891745585e-05
1.139496037113752733e-05
1.137028970441044266e-05
1.134597534727032116e-05
1.132201835400077637e-05
1.129840871034043582e-05
1.127513002762538690e-05
1.125215350427406548e-05
1.122947608198628322e-05
1.120711785825550665e-05
1.118504840807413815e-05
1.116324154128590743e-05
1.114168301475935317e-05
1.112038968247652033e-05
1.109935079829414025e-05
1.107854426369299243e-05
1.105793910498154603e-05
1.103754813889169415e-05
1.101736653369503225e-05
1.099739687728094087e-05
1.097759598119399709e-05
1.095795991287303538e-05
1.093849058191120924e-05
1.091919733451833616e-05
1.090005304579825726e-05
1.088103933386890836e-05
1.086215012265138789e-05
1.084339517493131260e-05
1.082477343074780861e-05
1.080626128041081980e-05
1.078783892715407925e-05
1.076952431537607350e-05
1.075130062149261351e-05
1.073318451068511236e-05
1.071514210312573787e-05
1.069716836417141814e-05
1.067927755303993566e-05
1.066145148957116957e-05
1.064371139252542987e-05
1.062602315844247893e-05
1.060838747881426849e-05
1.059081560565228404e-05
1.057329438558775226e-05
1.055583997047415353e-05
1.053842708414053395e-05
1.052105723526634097e-05
1.050373976857862871e-05
1.048646524977175198e-05
1.046924469375721600e-05
1.045206200196739206e-05
1.043491892520316823e-05
1.041782098666027078e-05
1.040076606491736309e-05
1.038375578373087912e-05
1.036678604926217459e-05
1.034985957248748704e-05
1.033297502578781215e-05
1.031613822921149299e-05
1.029934305424944222e-05
1.028259823274894311e-05
1.026589889574026800e-05
1.024925330516459860e-05
1.023265816141148060e-05
1.021611256387275337e-05
1.019962578734545919e-05
1.018319093933584563e-05
1.016682233026603114e-05
1.015051211820764056e-05
1.013426875534854893e-05
1.011808391990519146e-05
1.010196808488964703e-05
1.008592760560164702e-05
1.006995385483840829e-05
1.005406015961393458e-05
1.003823216588210306e-05
1.002249161586478415e-05
1.000682374643899601e-05
9.991251556712460146e-06
9.975758431954748366e-06
9.960355275131270659e-06
9.945035854973059071e-06
9.929808584978369642e-06
9.914677880248367356e-06
9.899638596564682859e-06
9.884700409323313844e-06
9.869850427421149864e-06
9.855108157666580770e-06
9.840457536210438740e-06
9.825920024571856531e-06
9.811475515445756393e-06
9.797145587427826240e-06
9.782909466045578207e-06
9.768790112160751702e-06
9.754767636608938013e-06
9.740862001219257761e-06
9.727056758762241199e-06
9.713366663636154694e-06
9.699782787441913392e-06
9.686309749440898028e-06
9.672940669766892828e-06
9.659682124267476044e-06
9.646529799213528623e-06
9.633489740625583611e-06
9.620561181231297121e-06
9.607736896300564077e-06
9.595016657079321462e-06
9.582402735571077460e-06
9.569895310310748209e-06
9.557496910693565387e-06
9.545208594081971767e-06
9.533018860780858764e-06
9.520928232985990928e-06
9.508939000885296541e-06
9.497050291904774634e-06
9.485266156868474844e-06
9.473587327838126927e-06
9.462000528583384208e-06
9.450503951177449186e-06
9.439100482914466748e-06
9.427787604419650722e-06
9.416571971640656596e-06
9.405452116431985463e-06
9.394419481929579743e-06
9.383467201664188133e-06
9.372598242974325091e-06
9.361814419963499753e-06
9.351116206513298421e-06
9.340503140337024811e-06
9.329970029497404056e-06
9.319508159249469774e-06
9.309121953086841906e-06
9.298811153285680420e-06
9.288574054839718395e-06
9.278412159842645875e-06
9.268323796795916393e-06
9.258298689331606360e-06
9.248335746538105528e-06
9.238436574739264349e-06
9.228599397869736257e-06
9.218828176004790261e-06
9.209124059891689139e-06
9.199476614255621678e-06
9.189881536441794419e-06
9.180339531840551816e-06
9.170853711084410277e-06
9.161421735513064621e-06
9.152044596209051321e-06
9.142721000941696173e-06
9.133443308140647764e-06
9.124210936103664652e-06
9.115024139388828333e-06
9.105882145416247509e-06
9.096788695721422252e-06
9.087741988958154027e-06
9.078738032087275628e-06
9.069771388485177869e-06
9.060845065688920722e-06
9.051957075720945466e-06
9.043108500554923254e-06
9.034298970365534019e-06
9.025530913152036522e-06
9.016799344378965039e-06
9.008099117167709416e-06
8.999435729776742853e-06
8.990806113402697257e-06
8.982212046214018992e-06
8.973651913793635672e-06
8.965127666087062413e-06
8.956636395416496188e-06
8.948173987869707932e-06
8.939746757554461234e-06
8.931350109307933659e-06
8.922987479485795369e-06
8.914655651364585554e-06
8.906356874287392372e-06
8.898089919548083623e-06
8.889850492624283383e-06
8.881646673296468328e-06
8.873471458890212413e-06
8.865330218883655885e-06
8.857218275217038634e-06
8.849138532750916859e-06
8.841091748052496633e-06
8.833072448154431235e-06
8.825090324174232617e-06
8.817136457363543409e-06
8.809216671603485027e-06
8.801327656727153505e-06
8.793469775174258299e-06
8.785649106072978922e-06
8.777855635596186213e-06
8.770099918402261051e-06
8.762374351329308602e-06
8.754681416527447987e-06
8.747024702388676626e-06
8.739398875576120438e-06
8.731810809101279430e-06
8.724253179311643899e-06
8.716730808178944036e-06
8.709242777630959965e-06
8.701787576606316444e-06
8.694372764976929704e-06
8.686988737699102156e-06
8.679641894499804086e-06
8.672329388766590491e-06
8.665049655611114225e-06
8.657810433760641916e-06
8.650603891771495876e-06
8.643434871731539245e-06
8.636301767369607022e-06
8.629204216885338687e-06
8.622146472648424068e-06
8.615120782806837956e-06
8.608132543891180942e-06
8.601179627713115999e-06
8.594262280516225497e-06
8.587385674716075361e-06
8.580542244774854495e-06
8.573736940232154288e-06
8.566967693627258290e-06
8.560230952385246945e-06
8.553533850255499977e-06
8.546870851627856076e-06
8.540242581577098979e-06
8.533654104059107320e-06
8.527099910781181166e-06
8.520583476469950805e-06
8.514099501040956719e-06
8.507648642240354627e-06
8.501234315361637421e-06
8.494853196649851111e-06
8.488507560289808534e-06
8.482197988359086680e-06
8.475922959095482197e-06
8.469683045363218525e-06
8.463474031687382351e-06
8.457295602484976590e-06
8.451150672933516994e-06
8.445037492494824455e-06
8.438957023443729714e-06
8.432909990085412475e-06
8.426895852482347505e-06
8.420913879102268402e-06
8.414960246297342346e-06
8.409034787606891020e-06
8.403139901173313809e-06
8.397273778211765448e-06
8.391438252400173182e-06
8.385633591142037477e-06
8.379858316193414047e-06
8.374113058802189902e-06
8.368393051965559634e-06
8.362698641464305386e-06
8.357032239732847340e-06
8.351392970755628677e-06
8.345778995876911114e-06
8.340194595978167390e-06
8.334635982165599258e-06
8.329104199976874730e-06
8.323596445880171354e-06
8.318111054137601880e-06
8.312651800308089293e-06
8.307215781343648279e-06
8.301802177308962501e-06
8.296415117298056052e-06
8.291049707494089466e-06
8.285709585714337263e-06
8.280394054364935869e-06
8.275097983781932290e-06
8.269823230305030742e-06
8.264570167518007576e-06
8.259338738831003247e-06
8.254129071697976735e-06
8.248942273657000523e-06
8.243776763158757105e-06
8.238633741763538038e-06
8.233509388953434463e-06
8.228403283335282759e-06
8.223319977964476231e-06
8.218255423805953039e-06
8.213209233377594920e-06
8.208186052256559762e-06
8.203180404808216116e-06
8.198195774123492156e-06
8.193232507582707039e-06
8.188285705617616767e-06
8.183355773439947057e-06
8.178446684201322642e-06
8.173555081639210005e-06
8.168680822285482633e-06
8.163828832944224114e-06
8.158992959742335141e-06
8.154175757277084638e-06
8.149378445406625694e-06
8.144596698890410781e-06
8.139832929346591371e-06
8.135087169988493151e-06
8.130358779586354095e-06
8.125648229241185121e-06
8.120957470320683215e-06
8.116283178837636257e-06
8.111627073981461132e-06
8.106988940471829283e-06
8.102366480651608134e-06
8.097762313797023041e-06
8.093174816557560273e-06
8.088604934374959727e-06
8.084052104411425216e-06
8.079518540500802532e-06
8.075001273432856326e-06
8.070501605095776408e-06
8.066019651549417510e-06
8.061552995163278186e-06
8.057103942465856702e-06
8.052671719769891544e-06
8.048256064855651039e-06
8.043857393942812996e-06
8.039478160427889107e-06
8.035114083005719059e-06
8.030766873689390638e-06
8.026438702243375359e-06
8.022125209911375364e-06
8.017827285840162135e-06
8.013548013120504849e-06
8.009284602528832700e-06
8.005036760412600713e-06
8.000809004183208741e-06
7.996594928274449728e-06
7.992399074793958441e-06
7.988221422457245340e-06
7.984058153329198147e-06
7.979909508814115348e-06
7.975779751458797796e-06
7.971665042137123921e-06
7.967566218628497409e-06
7.963484551708535902e-06
7.959419306372414045e-06
7.955370567089791161e-06
7.951338558355157426e-06
7.947321662039667542e-06
7.943319572789128176e-06
7.939333739194579607e-06
7.935363134675471261e-06
7.931408009719574531e-06
7.927467942733460102e-06
7.923546353949402320e-06
7.919637405208905859e-06
7.915745725203479372e-06
7.911870765053743548e-06
7.908008846791625597e-06
7.904160215916435284e-06
7.900329152468241783e-06
7.896511210438342430e-06
7.892708767554997142e-06
7.888920683989135150e-06
7.885149162045729972e-06
7.881391538746157307e-06
7.877648194272222719e-06
7.873921373639885572e-06
7.870207156576581854e-06
7.866505228457039387e-06
7.862819383151341103e-06
7.859146856916322352e-06
7.855487699311157512e-06
7.851842996492461196e-06
7.848213185951766411e-06
7.844597159503174626e-06
7.840994633564759523e-06
7.837406597453747738e-06
7.833830611590764442e-06
7.830266365078498864e-06
7.826716913721436391e-06
7.823180070336243949e-06
7.819655389984017364e-06
7.816144523070566577e-06
7.812647473383860198e-06
7.809163202100179272e-06
7.805691431992245325e-06
7.802233619489162060e-06
7.798786870986211257e-06
7.795350807517423524e-06
7.791929078500714755e-06
7.788518618676665438e-06
7.785120135790732460e-06
7.781733900796729473e-06
7.778361231085465210e-06
7.774999831752576083e-06
7.771650149636193705e-06
7.768314479965359557e-06
7.764988673427600100e-06
7.761672637165236118e-06
7.758370538194375189e-06
7.755078252956416210e-06
7.751797705417499664e-06
7.748528176037429693e-06
7.745272466047082381e-06
7.742025436200249702e-06
7.738791619321371617e-06
7.735569743825366834e-06
7.732357148176577418e-06
7.729154894002709348e-06
7.725963913975488119e-06
7.722783776082179564e-06
7.719614469191579830e-06
7.716454697786181285e-06
7.713307565302565815e-06
7.710170572965895251e-06
7.707044642737864815e-06
7.703928846142868916e-06
7.700825029642579606e-06
7.697730286503987960e-06
7.694644158748264963e-06
7.691570670470214129e-06
7.688505945362636852e-06
7.685451687204711895e-06
7.682407325098543515e-06
7.679375499354301036e-06
7.676351238789867789e-06
7.673339072340875852e-06
7.670337310896278691e-06
7.667344520487985823e-06
7.664361397016965528e-06
7.661386937001675831e-06
7.658423945939025126e-06
7.655469836581592377e-06
7.652525420803349225e-06
7.649590517574537160e-06
7.646667238003803966e-06
7.643751737934616292e-06
7.640847170726595427e-06
7.637953229529303298e-06
7.635067110175624110e-06
7.632190248779091322e-06
7.629322447951927558e-06
7.626464992801720725e-06
7.623616456495240396e-06
7.620776724225861130e-06
7.617946546372321395e-06
7.615127168013912967e-06
7.612315388310041448e-06
7.609514046021247051e-06
7.606722944299874818e-06
7.603939239158517862e-06
7.601164621188267101e-06
7.598398416566209481e-06
7.595642323244098870e-06
7.592894579447194114e-06
7.590155588894839509e-06
7.587425312267312483e-06
7.584705928808568227e-06
7.581993283159425031e-06
7.579291231442316860e-06
7.576598360092608225e-06
7.573913215218048090e-06
7.571236649663878053e-06
7.568567368196898788e-06
7.565908399086116496e-06
7.563256854060889440e-06
7.560614074283312296e-06
7.557979523648679684e-06
7.555355466401702552e-06
7.552737945009466039e-06
7.550130258293590302e-06
7.547530513112738592e-06
7.544939987228833430e-06
7.542356729096134045e-06
7.539780272906626600e-06
7.537214015983564637e-06
7.534654746530826229e-06
7.532103983838641395e-06
7.529560434132775087e-06
7.527026104838826817e-06
7.524500380364730502e-06
7.521981742070933278e-06
7.519471822648984175e-06
7.516971035405222520e-06
7.514476504296623431e-06
7.511990029109686076e-06
7.509510257410567981e-06
7.507039715853110877e-06
7.504575861273764123e-06
7.502119935686196348e-06
7.499671549492991369e-06
7.497232540085815306e-06
7.494799764319307918e-06
7.492375589254800964e-06
7.489958100213290856e-06
7.487550108155486414e-06
7.485147934798484563e-06
7.482752505922924281e-06
7.480364782364879696e-06
7.477984818682926247e-06
7.475611793942824699e-06
7.473245855597075092e-06
7.470886837531133192e-06
7.468537153789580537e-06
7.466192700161967915e-06
7.463856956131012223e-06
7.461527744707025496e-06
7.459206803151028401e-06
7.456891788185967763e-06
7.454582818237281765e-06
7.452281715183600796e-06
7.449987431545581194e-06
7.447700076881917712e-06
7.445419209366861422e-06
7.443145037778917673e-06
7.440879704765143761e-06
7.438619307898241245e-06
7.436367216426994546e-06
7.434121126383303884e-06
7.431883269100830088e-06
7.429650756024130145e-06
7.427424247577056230e-06
7.425204703882175799e-06
7.422992279823911026e-06
7.420785830965503012e-06
7.418585978398912033e-06
7.416392299486132498e-06
7.414207033236925795e-06
7.412026872488486019e-06
7.409854021999149857e-06
7.407686822880983808e-06
7.405528041158076724e-06
7.403373793747931191e-06
7.401225996576030085e-06
7.399083575298032192e-06
7.396948755837579426e-06
7.394819278161347667e-06
7.392696395052452637e-06
7.390579061382185690e-06
7.388468909766596420e-06
7.386365256322559764e-06
7.384266752515571442e-06
7.382175395828111102e-06
7.380090460676879684e-06
7.378011202176721673e-06
7.375937570841027157e-06
7.373868705645296077e-06
7.371807475637440142e-06
7.369751357656263961e-06
7.367701462175847641e-06
7.365656981237703876e-06
7.363618189889299804e-06
7.361587142332804440e-06
7.359560462303162999e-06
7.357540563446305196e-06
7.355525674251845646e-06
7.353518511647759028e-06
7.351515331593015038e-06
7.349518214983630460e-06
7.347525598213970961e-06
7.345540331164199130e-06
7.343559716940660016e-06
7.341585220459172646e-06
7.339615634142528287e-06
7.337652005193092520e-06
7.335695352046448742e-06
7.333742529313531137e-06
7.331796796006194847e-06
7.329855729388039911e-06
7.327921722932667543e-06
7.325991775775222504e-06
7.324067077766134314e-06
7.322147227306991908e-06
7.320233960798151704e-06
7.318325226128586073e-06
7.316422257910006994e-06
7.314523944868050006e-06
7.312631583189432976e-06
7.310745523982409366e-06
7.308863079989628430e-06
7.306987472381138529e-06
7.305116289491321310e-06
7.303251862131947508e-06
7.301391215962852939e-06
7.299535663448003811e-06
7.297684580747160981e-06
7.295839983238751879e-06
7.293999627806453700e-06
7.292164791326289062e-06
7.290334418825704253e-06
7.288509348182389274e-06
7.286690766972211508e-06
7.284875618586254989e-06
7.283066816258166005e-06
7.281262097129442837e-06
7.279464172545266855e-06
7.277669598033693961e-06
7.275880266536910752e-06
7.274094600250715240e-06
7.272315596715991927e-06
7.270540445269598900e-06
7.268770530700441410e-06
7.267005021742586531e-06
7.265244110626683724e-06
7.263489694600029764e-06
7.261739133979961049e-06
7.259993395278572853e-06
7.258252802083915687e-06
7.256517469879275734e-06
7.254786524005893879e-06
7.253059918213821330e-06
7.251337254019830065e-06
7.249619676196374237e-06
7.247907258481053259e-06
7.246198742802642556e-06
7.244495278354738110e-06
7.242795786868490930e-06
7.241101513040251739e-06
7.239412696825127813e-06
7.237726915542293871e-06
7.236047058083822455e-06
7.234370790542380456e-06
7.232700763589732848e-06
7.231033702205508359e-06
7.229371349548256388e-06
7.227712183258295177e-06
7.226059139794639144e-06
7.224409695489738292e-06
7.222764657244507625e-06
7.221123788667293073e-06
7.219487441136006119e-06
7.217856064698576696e-06
7.216229348667839517e-06
7.214605727146215303e-06
7.212987894933855242e-06
7.211373549201879904e-06
7.209764871410249538e-06
7.208159024467825918e-06
7.206557754147271525e-06
7.204959529510886747e-06
7.203367136876086748e-06
7.201777969832519292e-06
7.200193254453160503e-06
7.198612375922028070e-06
7.197035676304532176e-06
7.195463930880227527e-06
7.193896439492377880e-06
7.192331986734806516e-06
7.190773025137629006e-06
7.189217331685856980e-06
7.187667149565506269e-06
7.186119583656117755e-06
7.184576319815881581e-06
7.183035916825696120e-06
7.181501091253891792e-06
7.179969450647731819e-06
7.178441739424280985e-06
7.176917962883907248e-06
7.175398122020400484e-06
7.173882744386742665e-06
7.172371810892762724e-06
7.170863488555246968e-06
7.169360397671169996e-06
7.167860274180506226e-06
7.166365636298385116e-06
7.164873580038323249e-06
7.163385465543681647e-06
7.161900316972897672e-06
7.160419652066359750e-06
7.158943133995403317e-06
7.157469782843550316e-06
7.156000666883148158e-06
7.154534788313512569e-06
7.153072696157087574e-06
7.151615658624694531e-06
7.150161336657658502e-06
7.148710959732003648e-06
7.147264590626098629e-06
7.145822140354277988e-06
7.144383460292923771e-06
7.142947935436711309e-06
7.141515959494563181e-06
7.140086855280048475e-06
7.138662760025078481e-06
7.137241375399506361e-06
7.135823814457578766e-06
7.134409565890128827e-06
7.132999016543728201e-06
7.131592534647747969e-06
7.130190105399288725e-06
7.128790010533377720e-06
7.127394659603078080e-06
7.126002028982402565e-06
7.124614231728704137e-06
7.123229046322731789e-06
7.121847208150885665e-06
7.120468302653593758e-06
7.119092946828564013e-06
7.117721828182176074e-06
7.116353477138770116e-06
7.114988811721001884e-06
7.113627089173841940e-06
7.112268783835151211e-06
7.110914697954824902e-06
7.109564168666508325e-06
7.108215905295760580e-06
7.106872324112489010e-06
7.105531176614687996e-06
7.104194820562832162e-06
7.102860730253516813e-06
7.101529897177262007e-06
7.100201851905862194e-06
7.098877246074497142e-06
7.097556663920902321e-06
7.096238703655674891e-06
7.094924271005842080e-06
7.093612628536972944e-06
7.092304288957299846e-06
7.090999882073052096e-06
7.089699019551379490e-06
7.088400274128807149e-06
7.087105911852825205e-06
7.085813960006345777e-06
7.084526382307316982e-06
7.083241226483170090e-06
7.081959071825207019e-06
7.080679768788215097e-06
7.079403205973761798e-06
7.078130937742171047e-06
7.076860928826863075e-06
7.075594193947037119e-06
7.074330478311526005e-06
7.073069742687475468e-06
7.071812445843804834e-06
7.070558994630822516e-06
7.069307558519291243e-06
7.068059628630810652e-06
7.066814849059299733e-06
7.065573239092277220e-06
7.064335039150542329e-06
7.063099051462852924e-06
7.061866310332987359e-06
7.060635549360846935e-06
7.059408827530751329e-06
7.058185012215060692e-06
7.056963708011601394e-06
7.055745784293630866e-06
7.054530280507686677e-06
7.053317553169759295e-06
7.052108896614297808e-06
7.050902925281378452e-06
7.049698992622737960e-06
7.048499206837320255e-06
7.047301452225986730e-06
7.046107797216906064e-06
7.044916237558664409e-06
7.043727379528002545e-06
7.042541208752982112e-06
7.041357341850118885e-06
7.040177498950937907e-06
7.038999775312444617e-06
7.037824763859359736e-06
7.036652986295222568e-06
7.035483576392457840e-06
7.034316929473444444e-06
7.033154199140570453e-06
7.031993546851528002e-06
7.030835269272201259e-06
7.029680750836099929e-06
7.028528261423146794e-06
7.027379792276827531e-06
7.026233056236199597e-06
7.025089023781000349e-06
7.023947362842821777e-06
7.022808132523496198e-06
7.021672659344332518e-06
7.020539111799874444e-06
7.019408203493053941e-06
7.018280377451114998e-06
7.017154786682625139e-06
7.016031824642040457e-06
7.014912614396128272e-06
7.013795374006193538e-06
7.012680294625004952e-06
7.011568946401288350e-06
7.010459398207589501e-06
7.009353722362261397e-06
7.008249770227846779e-06
7.007148294350391551e-06
7.006049241986251843e-06
7.004952203872538168e-06
7.003858884404528866e-06
7.002767568360551629e-06
7.001678608285753903e-06
7.000592633377532117e-06
6.999508729767252896e-06
6.998427179942097365e-06
6.997349179971980154e-06
6.996273613317540936e-06
6.995199705440879431e-06
6.994129300052083702e-06
6.993060872983728348e-06
6.991995488539763143e-06
6.990932569033750175e-06
6.989871571044868272e-06
6.988813311452089024e-06
6.987756650729675172e-06
6.986703094186063447e-06
6.985652293909488433e-06
6.984603462503684827e-06
6.983557243376094856e-06
6.982513018804331538e-06
6.981471457247065215e-06
6.980432491110765997e-06
6.979396639723919910e-06
6.978362431888606758e-06
6.977330504349181496e-06
6.976301662529400582e-06
6.975274621867153472e-06
6.974251119578625684e-06
6.973229070409704114e-06
6.972209315089815924e-06
6.971191775563131832e-06
6.970175966092366449e-06
6.969163585991010395e-06
6.968153106473524856e-06
6.967144704029099103e-06
6.966139041780822661e-06
6.965135149019169994e-06
6.964133536719128061e-06
6.963134836665358815e-06
6.962138794450007982e-06
6.961144162660848374e-06
6.960152143610094555e-06
6.959162644694149240e-06
6.958175099903805460e-06
6.957190932095360448e-06
6.956207985873245282e-06
6.955227323149651274e-06
6.954248615275374762e-06
6.953271785820325597e-06
6.952298169361765170e-06
6.951326266334364598e-06
6.950356392760085626e-06
6.949389134552786918e-06
6.948423548144008006e-06
6.947460149702785929e-06
6.946499524484664496e-06
6.945541449315617754e-06
6.944584723825176246e-06
6.943630385090966574e-06
6.942678596045485143e-06
6.941728578613323930e-06
6.940781808459962367e-06
6.939836260814594824e-06
6.938892808673291164e-06
6.937951418245771751e-06
6.937011487905718445e-06
6.936074708035698748e-06
6.935139812839579793e-06
6.934206731010684042e-06
6.933276037771040083e-06
6.932346914849803833e-06
6.931420120651021440e-06
6.930495587419838815e-06
6.929573811221955328e-06
6.928653451000686162e-06
6.927734824762914825e-06
6.926819272090892495e-06
6.925905020300801773e-06
6.924993677786456979e-06
6.924084021702661973e-06
6.923176027761543202e-06
6.922270305916539571e-06
6.921365868716394828e-06
6.920463828438672150e-06
6.919564340132135893e-06
6.918666236076551719e-06
6.917770150495061535e-06
6.916876437926691923e-06
6.915984327970292275e-06
6.915093990758740441e-06
6.914206452138993784e-06
6.913321052509188006e-06
6.912436788765774666e-06
6.911554925533232543e-06
6.910675158960894985e-06
6.909797069136790483e-06
6.908921977549794296e-06
6.908047946113182913e-06
6.907175792475785159e-06
6.906305540275595333e-06
6.905436523517475741e-06
6.904570313725447426e-06
6.903706060773054815e-06
6.902843358488177435e-06
6.901982600511017236e-06
6.901123688317203928e-06
6.900266644657300475e-06
6.899411351083199549e-06
6.898558808610351591e-06
6.897707927232318797e-06
6.896858270969019684e-06
6.896011170370334018e-06
6.895165765169203167e-06
6.894322071403938490e-06
6.893481220189440827e-06
6.892641323561182150e-06
6.891803280796243857e-06
6.890967033763979587e-06
6.890131950531451728e-06
6.889299579297376860e-06
6.888469058168945358e-06
6.887640004701276134e-06
6.886812803145914800e-06
6.885987447764297844e-06
6.885163791550419162e-06
6.884341750704102416e-06
6.883522332495959332e-06
6.882704678348842477e-06
6.881888105557712399e-06
6.881073786198789795e-06
6.880261322307029214e-06
6.879450375357597862e-06
6.878642167085010613e-06
6.877834927249844006e-06
6.877029394406918100e-06
6.876225634085474031e-06
6.875423025364358258e-06
6.874622630998804665e-06
6.873824388108184849e-06
6.873027322930459654e-06
6.872231996461252271e-06
6.871438775194497952e-06
6.870646838187720066e-06
6.869856522942327236e-06
6.869068450692195875e-06
6.868282435458339562e-06
6.867497516997334485e-06
6.866714092230296106e-06
6.865933230158645283e-06
6.865153444622405772e-06
6.864375917904343693e-06
6.863600074491869360e-06
6.862825422143012898e-06
6.862052554847509364e-06
6.861281038636170759e-06
6.860510952563252901e-06
6.859743312258815296e-06
6.858977051195473786e-06
6.858212252001964921e-06
6.857449227652365863e-06
6.856687648180719576e-06
6.855927791616703079e-06
6.855169391785158522e-06
6.854413359890801510e-06
6.853658956132314064e-06
6.852905504608377730e-06
6.852153955568659127e-06
6.851404340826626468e-06
6.850655912497084311e-06
6.849910003198963191e-06
6.849165132828967154e-06
6.848421630807658038e-06
6.847679938234242261e-06
6.846939264394828906e-06
6.846200248675249411e-06
6.845463522486641140e-06
6.844727924325683269e-06
6.843993780346690502e-06
6.843261469219319776e-06
6.842530297238342604e-06
6.841800920901731188e-06
6.841072965091981533e-06
6.840347282713249769e-06
6.839623029107591944e-06
6.838899721045318818e-06
6.838178289591468217e-06
6.837458646284403476e-06
6.836740135234744719e-06
6.836024032899126531e-06
6.835308949363481927e-06
6.834595137062236808e-06
6.833883018690435966e-06
6.833171918751563921e-06
6.832462325961455069e-06
6.831754908402915656e-06
6.831048665776315160e-06
6.830343773051537644e-06
6.829640481063184847e-06
6.828938577988700507e-06
6.828238164725401624e-06
6.827539007849521532e-06
6.826842024566969538e-06
6.826146660947940852e-06
6.825452123114372518e-06
6.824759040105156533e-06
6.824068103478065859e-06
6.823378106510442128e-06
6.822690031275645555e-06
6.822003548034883174e-06
6.821317984390598481e-06
6.820633951721682648e-06
6.819951241555907275e-06
6.819269444501436508e-06
6.818589793184459169e-06
6.817911725721638666e-06
6.817234640906425213e-06
6.816558996292632948e-06
6.815885118010452229e-06
6.815212170169320492e-06
6.814540697236847638e-06
6.813870852946482908e-06
6.813202969542679946e-06
6.812536097579410735e-06
6.811870220889291342e-06
6.811206301400270493e-06
6.810543673114958233e-06
6.809882239558919202e-06
6.809223024151064561e-06
6.808564616703468371e-06
6.807907408334689240e-06
6.807251754349935710e-06
6.806597046473824997e-06
6.805943602149992501e-06
6.805292169149885610e-06
6.804641900906434508e-06
6.803992831872315538e-06
6.803345055524122182e-06
6.802698904435687856e-06
6.802053814097237711e-06
6.801409932847991615e-06
6.800767817423368883e-06
6.800127435709307942e-06
6.799487919460179219e-06
6.798849458274775446e-06
6.798212995209930555e-06
6.797577556104591887e-06
6.796943321210057405e-06
6.796311255368402906e-06
6.795679837073744832e-06
6.795049641100172793e-06
6.794420912266536872e-06
6.793793023657061950e-06
6.793166402988666510e-06
6.792541681325035848e-06
6.791918071391310743e-06
6.791295594065833515e-06
6.790674312238873498e-06
6.790054641652014309e-06
6.789435913444979333e-06
6.788818392189321951e-06
6.788202447434140549e-06
6.787588268882692436e-06
6.786974954550379115e-06
6.786362539722949079e-06
6.785751894735585950e-06
6.785142488703064048e-06
6.784534084389766852e-06
6.783927689243743399e-06
6.783322200263075710e-06
6.782717665345054439e-06
6.782114481564472235e-06
6.781512375385100029e-06
6.780911059347071902e-06
6.780311663588933294e-06
6.779713647955864531e-06
6.779116436457753479e-06
6.778520468220661939e-06
6.777926035396957373e-06
6.777332271567842588e-06
6.776740055054909744e-06
6.776148937425435189e-06
6.775559578133208308e-06
6.774971497901232661e-06
6.774384068619530177e-06
6.773797803947576630e-06
6.773213454579313469e-06
6.772629826319133799e-06
6.772047503660826911e-06
6.771466973256699088e-06
6.770886999366837902e-06
6.770308192286146648e-06
6.769730701467519881e-06
6.769153926506591211e-06
6.768578398937120482e-06
6.768004599032577412e-06
6.767431739539019407e-06
6.766859935128940009e-06
6.766289197802074563e-06
6.765720015147026018e-06
6.765151578373406367e-06
6.764584283066406801e-06
6.764018347328479920e-06
6.763454074920267176e-06
6.762890728459914655e-06
6.762328119646214641e-06
6.761766838284971089e-06
6.761207116151916774e-06
6.760648134115868627e-06
6.760090638818166915e-06
6.759534544489048221e-06
6.758979063815198028e-06
6.758424723799751950e-06
6.757871569666785835e-06
6.757319081611045071e-06
6.756767885332143341e-06
6.756218323548108538e-06
6.755669594283019958e-06
6.755121890192071836e-06
6.754575198975724902e-06
6.754029967064284734e-06
6.753485444937801781e-06
6.752942040286711546e-06
6.752399898335298185e-06
6.751859338568845501e-06
6.751319734379359655e-06
6.750780770410652727e-06
6.750242976598844898e-06
6.749706822200082219e-06
6.749171336085128399e-06
6.748637056476078911e-06
6.748104415644671115e-06
6.747572253394730512e-06
6.747041122050034062e-06
6.746511228475093349e-06
6.745982009241537098e-06
6.745453779744649731e-06
6.744927136734567057e-06
6.744401607356725141e-06
6.743876791483539042e-06
6.743353059754774722e-06
6.742830680077138827e-06
6.742308829589928340e-06
6.741788379978272937e-06
6.741268758672200801e-06
6.740750717865788545e-06
6.740233831989478344e-06
6.739717564400760728e-06
6.739202140391083928e-06
6.738688372333089059e-06
6.738175370794280942e-06
6.737663265792372145e-06
6.737152868385060517e-06
6.736643208848581370e-06
6.736134297819467085e-06
6.735626475838156831e-06
6.735119638737245180e-06
6.734613420747244680e-06
6.718796982184937159e-06
6.718294307597559200e-06
6.717792315168659133e-06
6.717291271914421443e-06
6.654976954380970711e-06
6.654481501547755144e-06
6.653986687342868601e-06
6.653492868566509060e-06
6.653000195857924570e-06
6.621317998505830174e-06
6.620829404027288579e-06
6.620341345672452161e-06
6.619854178327805499e-06
6.556412597921280766e-06
6.555931043766322824e-06
6.555450401157377166e-06
6.554971478106180669e-06
6.522726487398262482e-06
6.522250568502806854e-06
6.521775713435675907e-06
6.521301711439708033e-06
6.520828302317892167e-06
6.456246241841170250e-06
6.455778836585495406e-06
6.455312047213779283e-06
6.454846178246866931e-06
6.422034707525340312e-06
6.421572506407537687e-06
6.421110932158274541e-06
6.420650319798860579e-06
6.420190779965679889e-06
6.354456836446612113e-06
6.354002986678621720e-06
6.353549629539342045e-06
6.353097061369248374e-06
6.319713754458402744e-06
6.319264943347867318e-06
6.318816977997114934e-06
6.318370600830776278e-06
6.251467998611097371e-06
6.251026337768538495e-06
6.250585640413583665e-06
6.250145869069548118e-06
6.249706650237211413e-06
6.215744256729167543e-06
6.215309022366186246e-06
6.214874492211246417e-06
6.214440738213877861e-06
6.146361338202622428e-06
6.145932985871017114e-06
6.145505021310198892e-06
6.145078311535399818e-06
6.144652266110072854e-06
6.110105507423909416e-06
6.109683399876516207e-06
6.109261860557245431e-06
6.108840999499697801e-06
6.039573190170991495e-06
6.039157953256702619e-06
6.038743303770142207e-06
6.038329765755016940e-06
6.003189908738406684e-06
6.002779664555616629e-06
6.002370132407637977e-06
6.001961636648545650e-06
6.001553791361766969e-06
5.931084770053998642e-06
5.930682189859809915e-06
5.930280686364490376e-06
5.929879691874734196e-06
5.894142202052398746e-06
5.893744552482544335e-06
5.893347748777545711e-06
5.892951503100234594e-06
5.821265192628306603e-06
5.820874403313993460e-06
5.820484605991266948e-06
5.820095699356417216e-06
5.819707224981862275e-06
5.783366334375878104e-06
5.782981573849031430e-06
5.782597281955744652e-06
5.782213654128459395e-06
5.709302818622736474e-06
5.708925066890039950e-06
5.708547519317406711e-06
5.708170690733349289e-06
5.671218097462457876e-06
5.670844662328623796e-06
5.670471652452156607e-06
5.670099709661417364e-06
5.669728745400600515e-06
5.595580239579530038e-06
5.595214272855423991e-06
5.594848883146124797e-06
5.594484294501372736e-06
5.556915712723199624e-06
5.556554382824788370e-06
5.556193731360129266e-06
5.555834044056206207e-06
5.480431873111485601e-06
5.480077237237788158e-06
5.479723177472467281e-06
5.479370151837288933e-06
5.479017705520865688e-06
5.440827577360397320e-06
5.440478585116339524e-06
5.440130581202698041e-06
5.439782716671447652e-06
5.363118665919451510e-06
5.362776162603522260e-06
5.362434263535071548e-06
5.362092706771839599e-06
5.323272053473056549e-06
5.322934280015330602e-06
5.322596949118503641e-06
5.322260222407664012e-06
5.321924107496856948e-06
5.243986418916447051e-06
5.243655241656585245e-06
5.243325068529536342e-06
5.242995327954208152e-06
5.203540808464462933e-06
5.203214776088750237e-06
5.202889186176105068e-06
5.202564000084852186e-06
5.123335770342814230e-06
5.123016238403361903e-06
5.122696962806709821e-06
5.122378304162775528e-06
5.122060874861173105e-06
5.081966469426829246e-06
5.081651710835972749e-06
5.081337518731996444e-06
5.081024120721638582e-06
5.000497870770492429e-06
5.000189263980694444e-06
4.999881557169061098e-06
4.999574694920969032e-06
4.958830969091838557e-06
4.958527046465634449e-06
4.958223606745362414e-06
4.957920787429491144e-06
4.876079572966949738e-06
4.875781922028591001e-06
4.875484762977757814e-06
4.875188466500353177e-06
4.874892881417600392e-06
4.833496716788953508e-06
4.833203922610128195e-06
4.832911794217899370e-06
4.832620415563809007e-06
4.749457096423338829e-06
4.749170650696475631e-06
4.748885398516854572e-06
4.748600397454770515e-06
4.706542997192312659e-06
4.706260848961633550e-06
4.705979442166726674e-06
4.705698244486072914e-06
4.621195638126054134e-06
4.620919778596570013e-06
4.620644722668924456e-06
4.620369905904851674e-06
4.620095647596183310e-06
4.577373420146727425e-06
4.577102283745614834e-06
4.576831362739754536e-06
4.576561184207485121e-06
4.490712079198686328e-06
4.490447213460863301e-06
4.490183055098483523e-06
4.489919205411820737e-06
4.446523460040959641e-06
4.446262564850847390e-06
4.446002544301693857e-06
4.445742647750679420e-06
4.358530202425743261e-06
4.358275986558646371e-06
4.358022226348916990e-06
4.357768590574175476e-06
4.357515322059968758e-06
4.313442854237258892e-06
4.313192832936480362e-06
4.312942989092804122e-06
4.312693710345352768e-06
4.224110728707396056e-06
4.223866840372243354e-06
4.223623306194946478e-06
4.223380346996190097e-06
4.178621949150376301e-06
4.178381838840486297e-06
4.178142273541388940e-06
4.177903077575636279e-06
4.087932175387298827e-06
4.087698370355776356e-06
4.087465263702932448e-06
4.087232241463214342e-06
4.041781922028768054e-06
4.041552112131771553e-06
4.041322863564861063e-06
4.041093772477099786e-06
4.040865086752290950e-06
3.949499759822665207e-06
3.949276541251506062e-06
3.949053556412831679e-06
3.948830977264228778e-06
3.902685581213821635e-06
3.902465982645938816e-06
3.902246661641537940e-06
3.902027955811379585e-06
3.809250360887143798e-06
3.809036785914065657e-06
3.808823660623754345e-06
3.808610969255963328e-06
3.766034260874572744e-06
3.765824199547396967e-06
3.765614747042798691e-06
3.765405573208665906e-06
3.679790190308329415e-06
3.679586034879578754e-06
3.679382488298287187e-06
3.679179037995099331e-06
3.635932348314532789e-06
3.635731892326883401e-06
3.635531935356877932e-06
3.635332135292698956e-06
3.635132719622093961e-06
3.548167123963677041e-06
3.547972758630127104e-06
3.547778599023250335e-06
3.547584812272854398e-06
3.503664777857520101e-06
3.503473786366074074e-06
3.503283023476131111e-06
3.503092818533123770e-06
3.414759577791513445e-06
3.414574133868471741e-06
3.414389054489162136e-06
3.414204477621253246e-06
3.369602130850023604e-06
3.369420122987453458e-06
3.369238580407753240e-06
3.369057409933679804e-06
3.279344503461824662e-06
3.279168190491843974e-06
3.278992470299209169e-06
3.278816887480260704e-06
3.233526261812968154e-06
3.233353439455074393e-06
3.233181274246533876e-06
3.233009202418502813e-06
3.141904691672086881e-06
3.141737805552173736e-06
3.141571159147009565e-06
3.141404579005975281e-06
3.141238348375445103e-06
3.095255977242325653e-06
3.095092622098138023e-06
3.094929353337639478e-06
3.094766516969924384e-06
3.002262901940968511e-06
3.002105011761137971e-06
3.001947248075794924e-06
3.001789969195471204e-06
2.955106987672391613e-06
2.954952440830874454e-06
2.954797980557797818e-06
2.954644167611255259e-06
2.860724444810973203e-06
2.860575399388181643e-06
2.860426614457406630e-06
2.860278371038203258e-06
2.812888771529931578e-06
2.812743080552487168e-06
2.812597740380307874e-06
2.812452917586142096e-06
2.717105164834320137e-06
2.716965128927498236e-06
2.716825505721129185e-06
2.716686055493780920e-06
2.668583784932336152e-06
2.668446954240655200e-06
2.668310486397046335e-06
2.668174259788092200e-06
2.571386063229288865e-06
2.571254804043646981e-06
2.571123795877638642e-06
2.570992901157798013e-06
2.522171684982263405e-06
2.522043631049959842e-06
2.521915765296218707e-06
2.521788130007705536e-06
2.521660574259617988e-06
2.423424970783930376e-06
2.423302603589588261e-06
2.423180354007138831e-06
2.423058315451220190e-06
2.373515066604043795e-06
2.373395860136399649e-06
2.373276885545495686e-06
2.373158173145243485e-06
2.273458202241083066e-06
2.273344623803678507e-06
2.273231158892247407e-06
2.273118065062852052e-06
2.222843823185323571e-06
2.222733261518187410e-06
2.222622928577926623e-06
2.222512911350334771e-06
2.121336121328695767e-06
2.121231017837098395e-06
2.121126070396379894e-06
2.121021463124117574e-06
2.070009968121505005e-06
2.069907829187249971e-06
2.069805978194318197e-06
2.069704453840712193e-06
1.967038774186068379e-06
1.966942140466018618e-06
1.966845778198209307e-06
1.966749646198402690e-06
1.914994952548758118e-06
1.914901325738581089e-06
1.914808123213538487e-06
1.914715076431964053e-06
1.810548517750329727e-06
1.810460423403008085e-06
1.810372794036945090e-06
1.810285263780429756e-06
1.757781482494037774e-06
1.757696518485726588e-06
1.757611913946604454e-06
1.757527322562461127e-06
1.651847813707295506e-06
1.651768255308120248e-06
1.651689022003065824e-06
1.651609788698011399e-06
1.598350592317896275e-06
1.598274005692441864e-06
1.598197650946368262e-06
1.598121296200294872e-06
1.490916576797960073e-06
1.490845412091780221e-06
1.490774468356968598e-06
1.490703524622156764e-06
1.436682887021135181e-06
1.436614700556293653e-06
1.436546663693696585e-06
1.436478626831099518e-06
1.327736744778727255e-06
1.327674052283431740e-06
1.327611462446917741e-06
1.327548872610403742e-06
1.272760843389365439e-06
1.272701193659027520e-06
1.272641607981561419e-06
1.272582022304095317e-06
1.162291094312914258e-06
1.162236823984838775e-06
1.162182565175704738e-06
1.162128306366571124e-06
1.106566854286415891e-06
1.106515419986494848e-06
1.106463985686573804e-06
1.106412551386652973e-06
9.945602585316150462e-07
9.945141152959378809e-07
9.944679720602611392e-07
9.944218288245839739e-07
9.380807853276947418e-07
9.380374939204527166e-07
9.379942025132106914e-07
9.379509111059687721e-07
8.245252618558492370e-07
8.244873126030698129e-07
8.244493633502904947e-07
8.244114140975111765e-07
7.672848558069370097e-07
7.672497695758266036e-07
7.672146833447161975e-07
7.671795971136056855e-07
6.521686981723572663e-07
6.521390706670738390e-07
6.521094431617906236e-07
6.520798156565074081e-07
5.941617697375817646e-07
5.941348682802890425e-07
5.941079668229963204e-07
5.940810653657034924e-07
4.774727301271748535e-07
4.774511414564317374e-07
4.774295527856886213e-07
4.774079641149456111e-07
4.186921525958973896e-07
4.186732328994931395e-07
4.186543132030887836e-07
4.186353935066844805e-07
3.004175566549571766e-07
3.004040001328299279e-07
3.003904436107026262e-07
3.003768870885752716e-07
2.408573762100076958e-07
2.408465138981801777e-07
2.408356515863526596e-07
2.408247892745251415e-07
1.284471852036345239e-07
1.284413995132243533e-07
1.284356138228141827e-07
1.284298281324039856e-07
3.799419568999186943e-08
3.799248678595967120e-08
3.799077788192747296e-08
3.798906897789527472e-08
0.000000000000000000e+00
0.000000000000000000e+00
0.000000000000000000e+00
0.000000000000000000e+00
0.000000000000000000e+00
0.000000000000000000e+00
0.000000000000000000e+00
0.000000000000000000e+00
0.000000000000000000e+00
0.000000000000000000e+00
0.000000000000000000e+00
0.000000000000000000e+00
0.000000000000000000e+00
0.000000000000000000e+00
0.000000000000000000e+00
0.000000000000000000e+00
0.000000000000000000e+00
0.000000000000000000e+00
0.000000000000000000e+00
0.000000000000000000e+00
0.000000000000000000e+00
0.000000000000000000e+00
0.000000000000000000e+00
0.000000000000000000e+00
0.000000000000000000e+00
0.000000000000000000e+00
0.000000000000000000e+00
0.000000000000000000e+00
0.000000000000000000e+00
0.000000000000000000e+00
0.000000000000000000e+00
0.000000000000000000e+00
0.000000000000000000e+00
0.000000000000000000e+00
0.000000000000000000e+00
0.000000000000000000e+00
0.000000000000000000e+00
0.000000000000000000e+00
0.000000000000000000e+00
0.000000000000000000e+00
0.000000000000000000e+00
0.000000000000000000e+00
0.000000000000000000e+00
0.000000000000000000e+00
0.000000000000000000e+00
0.000000000000000000e+00
0.000000000000000000e+00
0.000000000000000000e+00
0.000000000000000000e+00
0.000000000000000000e+00
0.000000000000000000e+00
0.000000000000000000e+00
0.000000000000000000e+00
0.000000000000000000e+00
0.000000000000000000e+00
0.000000000000000000e+00
0.000000000000000000e+00
0.000000000000000000e+00
0.000000000000000000e+00
0.000000000000000000e+00
0.000000000000000000e+00
0.000000000000000000e+00
0.000000000000000000e+00
0.000000000000000000e+00
0.000000000000000000e+00
0.000000000000000000e+00
0.000000000000000000e+00
0.000000000000000000e+00
0.000000000000000000e+00
0.000000000000000000e+00
0.000000000000000000e+00
0.000000000000000000e+00
0.000000000000000000e+00
0.000000000000000000e+00
0.000000000000000000e+00
0.000000000000000000e+00
0.000000000000000000e+00
0.000000000000000000e+00
0.000000000000000000e+00
0.000000000000000000e+00
0.000000000000000000e+00
0.000000000000000000e+00
0.000000000000000000e+00
0.000000000000000000e+00
0.000000000000000000e+00
0.000000000000000000e+00
0.000000000000000000e+00
0.000000000000000000e+00
0.000000000000000000e+00
0.000000000000000000e+00
0.000000000000000000e+00
0.000000000000000000e+00
0.000000000000000000e+00
0.000000000000000000e+00
0.000000000000000000e+00
0.000000000000000000e+00
0.000000000000000000e+00
0.000000000000000000e+00
0.000000000000000000e+00
0.000000000000000000e+00
0.000000000000000000e+00
0.000000000000000000e+00
0.000000000000000000e+00
0.000000000000000000e+00
0.000000000000000000e+00
0.000000000000000000e+00
0.000000000000000000e+00
0.000000000000000000e+00
0.000000000000000000e+00
0.000000000000000000e+00
0.000000000000000000e+00
0.000000000000000000e+00
0.000000000000000000e+00
0.000000000000000000e+00
0.000000000000000000e+00
0.000000000000000000e+00
0.000000000000000000e+00
0.000000000000000000e+00
0.000000000000000000e+00
0.000000000000000000e+00
0.000000000000000000e+00
0.000000000000000000e+00
0.000000000000000000e+00
0.000000000000000000e+00
0.000000000000000000e+00
0.000000000000000000e+00
0.000000000000000000e+00
0.000000000000000000e+00
0.000000000000000000e+00
0.000000000000000000e+00
0.000000000000000000e+00
0.000000000000000000e+00
0.000000000000000000e+00
0.000000000000000000e+00
0.000000000000000000e+00
0.000000000000000000e+00
0.000000000000000000e+00
0.000000000000000000e+00
0.000000000000000000e+00
0.000000000000000000e+00
0.000000000000000000e+00
0.000000000000000000e+00
0.000000000000000000e+00
0.000000000000000000e+00
0.000000000000000000e+00
0.000000000000000000e+00
0.000000000000000000e+00
0.000000000000000000e+00
0.000000000000000000e+00
0.000000000000000000e+00
0.000000000000000000e+00
0.000000000000000000e+00
0.000000000000000000e+00
0.000000000000000000e+00
0.000000000000000000e+00
0.000000000000000000e+00
0.000000000000000000e+00
0.000000000000000000e+00
0.000000000000000000e+00
