8.036046177834769049e-12
1.022460821288451475e-11
1.281119959282275411e-11
1.583887709347101011e-11
1.935162828721561287e-11
2.339440433906461802e-11
2.801224118349525886e-11
3.325059610093647173e-11
3.915522848464666723e-11
4.577161618207353223e-11
5.314466172000510748e-11
6.131880542317292514e-11
7.033822135679547808e-11
8.024599242236677719e-11
9.108345665997923676e-11
1.028916814032892975e-10
1.157115574986979058e-10
1.295792587190623209e-10
1.445338826890945926e-10
1.606104369761022499e-10
1.778424105231975391e-10
1.962623592534664419e-10
2.159010892258050051e-10
2.367872739216109696e-10
2.589499036655439604e-10
2.824121941748503397e-10
3.071973258693253193e-10
3.333280717194468053e-10
3.608225529363301195e-10
3.897045013582191878e-10
4.199831201701394438e-10
4.516751209086237931e-10
4.847976931544246959e-10
5.193513608106549189e-10
5.553573790573950654e-10
5.928088829573053320e-10
6.317253761586805050e-10
6.720966468587780593e-10
7.139349196488511092e-10
7.572352217572850023e-10
8.019944592374212147e-10
8.482107388118039554e-10
8.958814212316485950e-10
9.449993469509685700e-10
9.955472530147824674e-10
1.047529020475114944e-09
1.100927224620161130e-09
1.155732407400623060e-09
1.211930126322414483e-09
1.269502067289136325e-09
1.328435298648783064e-09
1.388709658052594316e-09
1.450310182160631230e-09
1.513217301176620002e-09
1.577408144575710053e-09
1.642866028614637114e-09
1.709564897659971135e-09
1.777481268067356625e-09
1.846596874656547009e-09
1.916882776852833450e-09
1.988311703901083296e-09
2.060865097402066641e-09
2.134513001215041082e-09
2.209221100658883982e-09
2.284970603870909555e-09
2.361736181455795792e-09
2.439482520398213839e-09
2.518185777130979245e-09
2.597823911036241698e-09
2.678362129110727095e-09
2.759766155583889639e-09
2.842012631603149773e-09
2.925076804483508560e-09
3.008930193628852192e-09
3.093541612212505052e-09
3.178876458448881292e-09
3.264912278712158236e-09
3.351626666347138350e-09
3.438987448421976322e-09
3.526958378067519363e-09
3.615518267085463737e-09
3.704647030948201506e-09
3.794313711011792110e-09
3.884484067636938907e-09
3.975139983781516864e-09
4.066261940510933682e-09
4.157815970559924820e-09
4.249780770388122344e-09
4.342134753519684155e-09
4.434848996055862565e-09
4.527907136377376165e-09
4.621289992404047866e-09
4.714967512386290105e-09
4.808921473667558889e-09
4.903135588836599096e-09
4.997585660795850742e-09
5.092260014426980676e-09
5.187135459860482319e-09
5.282193274160975552e-09
5.377419889488536808e-09
5.472795846942033922e-09
5.568311255453044012e-09
5.663950019105933310e-09
5.759699037821487651e-09
5.855541927189947043e-09
5.951464820315817152e-09
6.047461656043085662e-09
6.143520942688992064e-09
6.239637012372274475e-09
6.335791572119417738e-09
6.431972997117904837e-09
6.528177439945565997e-09
6.624400450066302388e-09
6.720640386843471283e-09
6.816889597122635175e-09
6.913128599768047037e-09
7.009354619065973605e-09
7.105569450183632577e-09
7.201773144816503514e-09
7.297965344709354398e-09
7.394139423113157275e-09
7.490282494234799573e-09
7.586397013609559665e-09
7.682487087970805677e-09
7.778556228720086923e-09
7.874605109844168164e-09
7.970631517331275831e-09
8.066628110145376109e-09
8.162598787959987017e-09
8.258549364293094496e-09
8.354484454216949861e-09
8.450408088033426847e-09
8.546321137339431488e-09
8.642222365334508585e-09
8.738113983529040845e-09
8.834003688990830961e-09
8.929896229643947451e-09
9.025797683598299772e-09
9.121711492772265784e-09
9.217639926208295812e-09
9.313588961682593118e-09
9.409560733162322718e-09
9.505566240389387917e-09
9.601607452794803728e-09
9.697691918752380968e-09
9.793822868395795866e-09
9.890002840640135022e-09
9.986242769913120573e-09
1.008254181658011197e-08
1.017891560546083721e-08
1.027536580248381840e-08
1.037189594767767149e-08
1.046851223810749381e-08
1.056521190834306313e-08
1.066201199676974751e-08
1.075891058342855664e-08
1.085591689624052173e-08
1.095304286880137705e-08
1.105028218314530528e-08
1.114764349381821341e-08
1.124512342227036932e-08
1.134272513637852763e-08
1.144046531516109860e-08
1.153833507950256511e-08
1.163635226100818715e-08
1.173452003311336809e-08
1.183282878768516252e-08
1.193128545969994364e-08
1.202988348272007800e-08
1.212862463412509304e-08
1.222752528748537235e-08
1.232657423683295976e-08
1.242578445022903954e-08
1.252516028399053248e-08
1.262468936344253195e-08
1.272437141231994988e-08
1.282420308709257755e-08
1.292417285355395020e-08
1.302429995854256403e-08
1.312457791872265366e-08
1.322499911484757338e-08
1.332557539741117779e-08
1.342629789758146410e-08
1.352715329348893733e-08
1.362814222743603112e-08
1.372925598261992345e-08
1.383048631722474579e-08
1.393184265511407780e-08
1.403331557464780461e-08
1.413489685457707642e-08
1.423658873865246914e-08
1.433838163319353040e-08
1.444026084250950090e-08
1.454221913840501727e-08
1.464424975905576788e-08
1.474634156075071655e-08
1.484849168745358048e-08
1.495069489290698550e-08
1.505294075324554504e-08
1.515521746439016636e-08
1.525751815167586243e-08
1.535983431272487507e-08
1.546214413760347947e-08
1.556444002179546558e-08
1.566671784661635896e-08
1.576896035689329000e-08
1.587115668768171132e-08
1.597330510593235718e-08
1.607539204199874158e-08
1.617739045455916088e-08
1.627929883263257528e-08
1.638111285936850532e-08
1.648279635877062898e-08
1.658434352996690083e-08
1.668575782349161197e-08
1.678701466092355418e-08
1.688809323399841227e-08
1.698899807718795204e-08
1.708972363962057234e-08
1.719021993815998507e-08
1.729048510356991839e-08
1.739052995340740003e-08
1.749031566311657847e-08
1.758981788857350953e-08
1.768904501125522977e-08
1.778800088150220216e-08
1.788663269919140151e-08
1.798494135176190024e-08
1.808294433938422391e-08
1.818060592922571801e-08
1.827787533895466630e-08
1.837476595895096915e-08
1.847129624686325806e-08
1.856740551469991797e-08
1.866307949673205784e-08
1.875833718423906264e-08
1.885318648649033903e-08
1.894756119088730961e-08
1.904146733496171501e-08
1.913492468042234528e-08
1.922792145223406343e-08
1.932037583966010849e-08
1.941229816539836114e-08
1.950372560030518897e-08
1.959462142891692679e-08
1.968493785084164448e-08
1.977469491864468781e-08
1.986392597313104748e-08
1.995259232829431584e-08
2.004065000726252156e-08
2.012812348603867155e-08
2.021504782346865390e-08
2.030135750387010089e-08
2.038700109510467684e-08
2.047200733999798132e-08
2.055641194650769014e-08
2.064017394388175187e-08
2.072325257384766333e-08
2.080567607144800709e-08
2.088748637255608277e-08
2.096864823683595514e-08
2.104911204163003953e-08
2.112889787563493086e-08
2.120805695378457746e-08
2.128655515622866697e-08
2.136431822074321892e-08
2.144136870087085240e-08
2.151774294937307432e-08
2.159346409316763793e-08
2.166845154205916212e-08
2.174272370005527666e-08
2.181631870771948666e-08
2.188927709361293713e-08
2.196151733924507962e-08
2.203304068989330964e-08
2.210387393104229682e-08
2.217406636934016535e-08
2.224356770272287347e-08
2.231233175225777352e-08
2.238038297087945947e-08
2.244777007893706471e-08
2.251451258452580349e-08
2.258054249085822511e-08
2.264587422444728597e-08
2.271054639695239366e-08
2.277461261700275974e-08
2.283801039866022459e-08
2.290072468909052432e-08
2.296277972791491985e-08
2.302421855703983070e-08
2.308505936382435804e-08
2.314522406724940832e-08
2.320473487774970331e-08
2.326361957733755101e-08
2.332192926324240732e-08
2.337964078325464127e-08
2.343672966387264345e-08
2.349322252938011577e-08
2.354915082911115563e-08
2.360455767389949192e-08
2.365938413576224585e-08
2.371363683922498057e-08
2.376733664980615778e-08
2.382052057382599180e-08
2.387321078558795522e-08
2.392535267076341947e-08
2.397696411862867355e-08
2.402807069968564443e-08
2.407870851141466378e-08
2.412888950172500250e-08
2.417858820684088168e-08
2.422782031592344939e-08
2.427660997354098800e-08
2.432499647173212329e-08
2.437297290247994925e-08
2.442051614039533911e-08
2.446764235490712865e-08
2.451437279535880876e-08
2.456074148668667629e-08
2.460674395695381643e-08
2.465236661552982537e-08
2.469762543214889752e-08
2.474253939100313436e-08
2.478713929703970780e-08
2.483143205494032832e-08
2.487541182520030053e-08
2.491909021567824762e-08
2.496248316553576855e-08
2.500561692426434174e-08
2.504850034513174121e-08
2.509111679400568381e-08
2.513347565069742348e-08
2.517559109700018345e-08
2.521748247911339178e-08
2.525916640268122804e-08
2.530063535157006964e-08
2.534189831134364908e-08
2.538296580759071097e-08
2.542385116398731438e-08
2.546457523896462760e-08
2.550514201738254017e-08
2.554555637084516579e-08
2.558582508674662481e-08
2.562595808950726242e-08
2.566597265472799734e-08
2.570586983493991077e-08
2.574564570031379157e-08
2.578530668262888530e-08
2.582485990071404677e-08
2.586431518296387489e-08
2.590368402800944734e-08
2.594297008663555866e-08
2.598217733675377462e-08
2.602131175516753740e-08
2.606037876767873952e-08
2.609938857247142171e-08
2.613835019235229303e-08
2.617726714594916257e-08
2.621614272009396950e-08
2.625497980473078095e-08
2.629378329689455468e-08
2.633255925440611078e-08
2.637130237861776049e-08
2.641001273206435809e-08
2.644869306836398835e-08
2.648734620241888991e-08
2.652597472470066755e-08
2.656458290356054041e-08
2.660317418703140875e-08
2.664175009943508794e-08
2.668031228682790973e-08
2.671886163789963702e-08
2.675740126202219240e-08
2.679593257609640817e-08
2.683445623173546293e-08
2.687297184775468468e-08
2.691147948932928495e-08
2.694997962922276231e-08
2.698847372560895291e-08
2.702694983085652514e-08
2.706540114937234443e-08
2.710382726397944936e-08
2.714222918287865773e-08
2.718060691941073516e-08
2.721896009072341355e-08
2.725728284675055214e-08
2.729557092317095245e-08
2.733382518671769519e-08
2.737204606763057801e-08
2.741023230409520730e-08
2.744838601090138944e-08
2.748649490425820935e-08
2.752454926388687626e-08
2.756254901321694185e-08
2.760049389182547620e-08
2.763838354673796832e-08
2.767622083927141871e-08
2.771398551049545907e-08
2.775165444238618212e-08
2.778923171763577616e-08
2.782671475230406116e-08
2.786410799261917517e-08
2.790140981406457621e-08
2.793861402555071803e-08
2.797569746347273286e-08
2.801265765756490915e-08
2.804949821191935025e-08
2.808621701577627371e-08
2.812282090086006328e-08
2.815930811591686561e-08
2.819564272286074104e-08
2.823181907618400558e-08
2.826783368644179541e-08
2.830369229030370884e-08
2.833939377617796894e-08
2.837495030890030128e-08
2.841032732156567165e-08
2.844549383412932270e-08
2.848045191830149451e-08
2.851520466858471098e-08
2.854975596019440714e-08
2.858411221212493494e-08
2.861827479083234087e-08
2.865220068081380727e-08
2.868588697044651750e-08
2.871933067570619028e-08
2.875254110747676685e-08
2.878552002076419181e-08
2.881828232665705928e-08
2.885080705582905602e-08
2.888305330895683417e-08
2.891501565009395485e-08
2.894670322016852855e-08
2.897811764939472061e-08
2.900927064332449328e-08
2.904017353021618782e-08
2.907078790116228763e-08
2.910107455445228982e-08
2.913104424496940479e-08
2.916070305957841831e-08
2.919005217754771628e-08
2.921911350136260460e-08
2.924788621139958947e-08
2.927633998172849621e-08
2.930444880104615486e-08
2.933222628207861774e-08
2.935967058324390862e-08
2.938679448861177706e-08
2.941361491775137126e-08
2.944013751130654988e-08
2.946631495776897057e-08
2.949212513730996713e-08
2.951758295907260489e-08
2.954268439845262687e-08
2.956744533471713824e-08
2.959188364227302600e-08
2.961600340756457636e-08
2.963976765748452434e-08
2.966315082875719282e-08
2.968616463318802949e-08
2.970881673213048525e-08
2.973111042033758412e-08
2.975306928387187633e-08
2.977470632942719277e-08
2.979599757530380497e-08
2.981691868905093496e-08
2.983747011994676934e-08
2.985766895779422639e-08
2.987752101979390343e-08
2.989703495055561063e-08
2.991624204585563644e-08
2.993512147811333740e-08
2.995363561037923177e-08
2.997178737866472935e-08
2.998957988810327928e-08
3.000702802928594011e-08
3.002414630606043805e-08
3.004094138568449003e-08
3.005743921817710549e-08
3.007359189947745589e-08
3.008939080074841099e-08
3.010485693265877104e-08
3.011999265999878672e-08
3.013480350549938796e-08
3.014930902999351284e-08
3.016353492613450373e-08
3.017745549015171082e-08
3.019106917097229774e-08
3.020437423089162958e-08
3.021737176927244510e-08
3.023007833172546371e-08
3.024250664464940268e-08
3.025466376329600831e-08
3.026657593250138652e-08
3.027820632347482276e-08
3.028955162173007233e-08
3.030061924542948603e-08
3.031141469069192591e-08
3.032194929988081703e-08
3.033222888116394443e-08
3.034227648864069768e-08
3.035209822703303760e-08
3.036167166599200476e-08
3.037100319915058690e-08
3.038009979157137377e-08
3.038896875073002409e-08
3.039761427250681245e-08
3.040604888131287671e-08
3.041429377312863538e-08
3.042235030648905674e-08
3.043020519169535256e-08
3.043787129689190986e-08
3.044534889049221997e-08
3.045264231859917418e-08
3.045976090627128073e-08
3.046671310780394315e-08
3.047351747152133170e-08
3.048017134983668128e-08
3.048666271833975584e-08
3.049300079022115756e-08
3.049918620938143629e-08
3.050522431254505878e-08
3.051112218025564574e-08
3.051688583288258785e-08
3.052253095229130018e-08
3.052806064792318848e-08
3.053347118088879679e-08
3.053877129168471188e-08
3.054396313255216956e-08
3.054905135545898187e-08
3.055403892671122137e-08
3.055893160868726312e-08
3.056374077981229817e-08
3.056847397108934777e-08
3.057313360789799471e-08
3.057772118211141329e-08
3.058224042921438408e-08
3.058669436019065888e-08
3.059108488506313781e-08
3.059541690079729545e-08
3.059969586751971105e-08
3.060392887737769496e-08
3.060811602500732670e-08
3.061225684737275169e-08
3.061635303763989195e-08
3.062040774742643829e-08
3.062442323528287886e-08
3.062840180068528976e-08
3.063234607454447494e-08
3.063626182271296803e-08
3.064015300024237140e-08
3.064402473617195231e-08
3.064787963431407782e-08
3.065171947385483621e-08
3.065554499861157790e-08
3.065935781072727028e-08
3.066315942611626498e-08
3.066695289703531764e-08
3.067074099127707999e-08
3.067452812310743451e-08
3.067831645268869858e-08
3.068210649989396099e-08
3.068589850061858885e-08
3.068969283076653972e-08
3.069349013006937318e-08
3.069729146280082639e-08
3.070109790303176372e-08
3.070491061008890086e-08
3.070872665351948173e-08
3.071254513970043825e-08
3.071636699553727763e-08
3.072019312201828411e-08
3.072402361774007800e-08
3.072785813521731883e-08
3.073169673302432016e-08
3.073553934786191279e-08
3.073938612995271339e-08
3.074323842539420257e-08
3.074709561481338997e-08
3.075095811983415997e-08
3.075482555565870907e-08
3.075869776324005781e-08
3.076257459562129855e-08
3.076645564910520515e-08
3.077034093925600802e-08
3.077422934364255547e-08
3.077811565019319037e-08
3.078199859181279808e-08
3.078587737833875281e-08
3.078975145633759392e-08
3.079362043100594122e-08
3.079748396111193308e-08
3.080134206048273385e-08
3.080519350871591348e-08
3.080903667552782014e-08
3.081285762759704841e-08
3.081665335067413742e-08
3.082042380994801828e-08
3.082416909817872488e-08
3.082788901212798071e-08
3.083158342526693056e-08
3.083525185614667942e-08
3.083889372854328641e-08
3.084250810589308350e-08
3.084608628515091334e-08
3.084962288012029111e-08
3.085311767825219534e-08
3.085657037819811144e-08
3.085998066519927270e-08
3.086334849131229084e-08
3.086667426475079814e-08
3.086995824600720438e-08
3.087320094800628125e-08
3.087639555458787541e-08
3.087952608969482383e-08
3.088259139629335548e-08
3.088559053587427351e-08
3.088852359869621763e-08
3.089139074304185243e-08
3.089419297342938762e-08
3.089693130271501349e-08
3.089960637466031357e-08
3.090221794218313017e-08
3.090474679325603930e-08
3.090718284496758168e-08
3.090952665971454708e-08
3.091177887125294233e-08
3.091393960840456730e-08
3.091600949387760458e-08
3.091799051912923121e-08
3.091988412642163707e-08
3.092169229456606203e-08
3.092341386201232886e-08
3.092502869552512646e-08
3.092653533693061866e-08
3.092793435300303503e-08
3.092922660046987960e-08
3.093041277596942937e-08
3.093149443661955664e-08
3.093247369019226747e-08
3.093335270616062420e-08
3.093413583952136406e-08
3.093481846651684263e-08
3.093537652234545837e-08
3.093580945169770501e-08
3.093611723150516963e-08
3.093630152887758494e-08
3.093636364301129079e-08
3.093630557953803122e-08
3.093613020859916949e-08
3.093584029006627578e-08
3.093544064746111246e-08
3.093492765188608396e-08
3.093427708838645525e-08
3.093348833883993307e-08
3.093256340623790092e-08
3.093150435402210151e-08
3.093031297729026934e-08
3.092899169204175907e-08
3.092754354963004511e-08
3.092597170702302250e-08
3.092428211336983118e-08
3.092247551846337430e-08
3.092053452427338504e-08
3.091845847793598441e-08
3.091624970456653880e-08
3.091390981124132078e-08
3.091144031220708584e-08
3.090884304987960829e-08
3.090612075946393242e-08
3.090327768902219462e-08
3.090032082633798171e-08
3.089725391078713187e-08
3.089406252711296246e-08
3.089073785241184537e-08
3.088728170339078145e-08
3.088369645317800855e-08
3.087998312803996906e-08
3.087614391607121524e-08
3.087218232241981429e-08
3.086810101002831221e-08
3.086390483458917974e-08
3.085960092313027931e-08
3.085518745262164146e-08
3.085065146639731875e-08
3.084599218582889186e-08
3.084121354651267513e-08
3.083631714329590296e-08
3.083130545957660630e-08
3.082618103489521865e-08
3.082094607853865957e-08
3.081560471968335909e-08
3.081016385370028599e-08
3.080462807141206145e-08
3.079899343708340477e-08
3.079325556097599959e-08
3.078741606211721075e-08
3.078147838992960853e-08
3.077544385479632340e-08
3.076931374695036610e-08
3.076309133501908818e-08
3.075677968842158866e-08
3.075038153840237105e-08
3.074390434912164569e-08
3.073735130638282375e-08
3.073071570721383821e-08
3.072399537984868208e-08
3.071719179510712870e-08
3.071030632833907385e-08
3.070334029652854928e-08
3.069629575623846369e-08
3.068917506725628602e-08
3.068198189683432246e-08
3.067471888484670609e-08
3.066739131951864996e-08
3.066000164929814977e-08
3.065254836174501249e-08
3.064503174861907505e-08
3.063745324933371730e-08
3.062981336507105494e-08
3.062211450321452936e-08
3.061435842015974857e-08
3.060654737813980880e-08
3.059868353293958758e-08
3.059076852012345779e-08
3.058280794990164900e-08
3.057480474411100405e-08
3.056676047522517611e-08
3.055867665200175015e-08
3.055055294682757276e-08
3.054239203313714883e-08
3.053419505497089635e-08
3.052596281110735436e-08
3.051769632447777302e-08
3.050939729568277367e-08
3.050106717726805556e-08
3.049270994019686733e-08
3.048432818605811456e-08
3.047592239845467058e-08
3.046749208850294104e-08
3.045903763113411911e-08
3.045055982213896744e-08
3.044205994688667479e-08
3.043353887204083869e-08
3.042499757877332327e-08
3.041643726768384807e-08
3.040785849255328960e-08
3.039926253180251944e-08
3.039065221562007727e-08
3.038202868214031153e-08
3.037339432512796198e-08
3.036475030175576603e-08
3.035609712369779827e-08
3.034743537975445360e-08
3.033876611703712585e-08
3.033008991691151057e-08
3.032140697212392538e-08
3.031271811848743970e-08
3.030402346821737543e-08
3.029532483225363020e-08
3.028662387041020369e-08
3.027792163674680689e-08
3.026922106588518616e-08
3.026052235842325750e-08
3.025182533321839292e-08
3.024313046539651883e-08
3.023443786411569758e-08
3.022574743536519820e-08
3.021705984083326245e-08
3.020837499866871435e-08
3.019969335182677193e-08
3.019101548723178446e-08
3.018234208317847168e-08
3.017367280586967792e-08
3.016500539070987914e-08
3.015633905636081234e-08
3.014767512960363643e-08
3.013901310126567100e-08
3.013035329180330280e-08
3.012169633288804352e-08
3.011304114919833172e-08
3.010438830702202139e-08
3.009573770852679388e-08
3.008708913928758869e-08
3.007844272937690279e-08
3.006979786817662544e-08
3.006115453011694955e-08
3.005251273180435309e-08
3.004387243634327201e-08
3.003523352609869705e-08
3.002659567019176574e-08
3.001795963828756828e-08
3.000932479961787421e-08
3.000069071004625159e-08
2.999205762839751408e-08
2.998342545461589481e-08
2.997479358454521795e-08
2.996616203979474985e-08
2.995752825219699037e-08
2.994889198592605560e-08
2.994025304983374086e-08
2.993161109733798693e-08
2.992296555450779762e-08
2.991431649791362785e-08
2.990566395326425107e-08
2.989700779034820397e-08
2.988834798623603997e-08
2.987968361763537678e-08
2.987101507087264769e-08
2.986234157697759422e-08
2.985365675204487265e-08
2.984495716103493577e-08
2.983624419305534731e-08
2.982751531002482037e-08
2.981877257378698471e-08
2.981001530945179598e-08
2.980124411214261768e-08
2.979245700721720026e-08
2.978365572119338802e-08
2.977483985836451951e-08
2.976600945847496882e-08
2.975716291159965334e-08
2.974829935566086484e-08
2.973941432448879175e-08
2.973050805668864482e-08
2.972158097631621946e-08
2.971263100179466523e-08
2.970365947498298925e-08
2.969466653053957781e-08
2.968565249885691117e-08
2.967661702612668029e-08
2.966755882545106666e-08
2.965848012876850373e-08
2.964938062180660703e-08
2.964026165038492444e-08
2.963111576236383431e-08
2.962194217237504970e-08
2.961273834282366590e-08
2.960350666726597319e-08
2.959424594947969180e-08
2.958495436657382194e-08
2.957563409253782545e-08
2.956628484589537809e-08
2.955690789388056083e-08
2.954750148704608281e-08
2.953806676206714583e-08
2.952860534825463734e-08
2.951911797928136472e-08
2.950959649163899697e-08
2.950003792791530746e-08
2.949043904553913393e-08
2.948080451767065573e-08
2.947113226120439264e-08
2.946142163362945823e-08
2.945167487675089631e-08
2.944189102204277996e-08
2.943207263211395561e-08
2.942221607751096233e-08
2.941232588124084594e-08
2.940240185458731278e-08
2.939244526311684772e-08
2.938245067407924108e-08
2.937241799568722336e-08
2.936234689428260524e-08
2.935223867003449098e-08
2.934209019251755704e-08
2.933190476016743554e-08
2.932168180766904351e-08
2.931142331709932988e-08
2.930112589462226811e-08
2.929079394616576014e-08
2.928042758651600521e-08
2.927002803058625620e-08
2.925959442352505471e-08
2.924912901026418725e-08
2.923862710485857425e-08
2.922808702713564015e-08
2.921750865362379259e-08
2.920689248265633723e-08
2.919624058392850219e-08
2.918555232764482141e-08
2.917482549951558697e-08
2.916406484531089239e-08
2.915326891234607207e-08
2.914243921417304980e-08
2.913157470784942205e-08
2.912068014831706096e-08
2.910975598200534313e-08
2.909879709342421973e-08
2.908780186757633666e-08
2.907677132523896575e-08
2.906570609078788568e-08
2.905460540553634735e-08
2.904347028866350966e-08
2.903230213608628711e-08
2.902110122462563479e-08
2.900986616885659706e-08
2.899860113693566314e-08
2.898730500684858038e-08
2.897597801428226635e-08
2.896462333037918306e-08
2.895324191914885128e-08
2.894183293234071388e-08
2.893039583118225940e-08
2.891893203479778164e-08
2.890744372794664064e-08
2.889592720043593023e-08
2.888438653329024594e-08
2.887282022039235671e-08
2.886123064529297941e-08
2.884961526268457732e-08
2.883797824989541830e-08
2.882631879244376654e-08
2.881463748128399526e-08
2.880293692731575505e-08
2.879121854188122448e-08
2.877948060242310003e-08
2.876772299339086757e-08
2.875594561021235405e-08
2.874415081177174719e-08
2.873233618366780528e-08
2.872050392608515244e-08
2.870865351935914935e-08
2.869678647829241689e-08
2.868490142079519166e-08
2.867300103218360087e-08
2.866108491494442062e-08
2.864915351217183527e-08
2.863720885437256424e-08
2.862525192876350756e-08
2.861328165300530347e-08
2.860129781941275251e-08
2.858930192910029077e-08
2.857729367356263699e-08
2.856527377167268305e-08
2.855324168271238868e-08
2.854119921025643864e-08
2.852914571804742530e-08
2.851708224235737104e-08
2.850500844973653605e-08
2.849292513972777426e-08
2.848083279107013699e-08
2.846873290321046422e-08
2.845662483266510512e-08
2.844451039211103659e-08
2.843239204465720352e-08
2.842026981781894181e-08
2.840814423716696033e-08
2.839601553595626566e-08
2.838388372954263869e-08
2.837174946266042734e-08
2.835961219132588231e-08
2.834747265386718346e-08
2.833533100057643065e-08
2.832318754829688571e-08
2.831104183211664844e-08
2.829889565630523201e-08
2.828674905754975093e-08
2.827460228376616095e-08
2.826245641333328306e-08
2.825031048418712528e-08
2.823816493212613899e-08
2.822602061325247968e-08
2.821387664756178086e-08
2.820173313663844253e-08
2.818959122653788802e-08
2.817745005622465999e-08
2.816530931024516003e-08
2.815317071560361465e-08
2.814103301375133928e-08
2.812889635866304188e-08
2.811676216619730716e-08
2.810462925611298481e-08
2.809249809283559282e-08
2.808036957693651642e-08
2.806824274266915556e-08
2.805611790743263744e-08
2.804399595185667708e-08
2.803187602956676300e-08
2.801975846171411364e-08
2.800764382507853527e-08
2.799553177106295669e-08
2.798342221288289675e-08
2.797131548940778263e-08
2.795921145291639184e-08
2.794710983166004080e-08
2.793501073090573427e-08
2.792291465385059992e-08
2.791082109604681300e-08
2.789873049106936337e-08
2.788664522642950540e-08
2.787456388647710386e-08
2.786248651922503022e-08
2.785041410612308460e-08
2.783834549305578251e-08
2.782628108448466830e-08
2.781422075242174016e-08
2.780216422887040577e-08
2.779011204398726335e-08
2.777806337870468778e-08
2.776601851547177102e-08
2.775397769754909635e-08
2.774194036462436914e-08
2.772990704247674780e-08
2.771787705837016630e-08
2.770584873657897868e-08
2.769382244515554413e-08
2.768179735905668480e-08
2.766977357458607632e-08
2.765775180804573323e-08
2.764573098995068049e-08
2.763371132423402632e-08
2.762169300162707636e-08
2.760967571119263837e-08
2.759765976831482756e-08
2.758564427325605677e-08
2.757362991459455512e-08
2.756161639688787758e-08
2.754960293615740064e-08
2.753758964468792936e-08
2.752557607785664961e-08
2.751356088025533582e-08
2.750154438338820231e-08
2.748952673351731838e-08
2.747750740298748331e-08
2.746548668508716380e-08
2.745346471676769080e-08
2.744144129131662924e-08
2.742941634341979793e-08
2.741738982944176521e-08
2.740536208151209063e-08
2.739333196490110117e-08
2.738130043111134672e-08
2.736926734888911641e-08
2.735723151603657773e-08
2.734519399620211931e-08
2.733315419697222133e-08
2.732111193359113089e-08
2.730906745856069305e-08
2.729701986651518376e-08
2.728496995588572621e-08
2.727291775960734367e-08
2.726086186689372292e-08
2.724880361647712838e-08
2.723674253392646535e-08
2.722467808519407805e-08
2.721261120059014906e-08
2.720054096919030063e-08
2.718846790148739342e-08
2.717639215465236128e-08
2.716431319338685131e-08
2.715223131570418919e-08
2.714014475193747453e-08
2.712805207455495310e-08
2.711595383907458070e-08
2.710384973115448964e-08
2.709173917860076302e-08
2.707962335811090940e-08
2.706750112786797229e-08
2.705537311551343942e-08
2.704323945563621390e-08
2.703109971542562074e-08
2.701895443184760895e-08
2.700680269300503636e-08
2.699464587973696927e-08
2.698248331562473359e-08
2.697031434328804417e-08
2.695814034363545051e-08
2.694595941387030233e-08
2.693377183859566990e-08
2.692157795702839626e-08
2.690937715083773865e-08
2.689717043051745951e-08
2.688495653404471574e-08
2.687273644835847465e-08
2.686051029755568048e-08
2.684827768447052519e-08
2.683603928322873822e-08
2.682379399467603035e-08
2.681154328768664943e-08
2.679928645985520860e-08
2.678702349415833417e-08
2.677475563649877350e-08
2.676248123185686569e-08
2.675020195123340107e-08
2.673791781707144402e-08
2.672562827670184877e-08
2.671333434951222376e-08
2.670103471094487152e-08
2.668873070744468852e-08
2.667642207525355591e-08
2.666410818395065909e-08
2.665178983794267397e-08
2.663946613825632829e-08
2.662713811629981912e-08
2.661480584523892599e-08
2.660246845097535200e-08
2.659012728106572436e-08
2.657778179423613742e-08
2.656543257685507509e-08
2.655307986572118569e-08
2.654072296232014658e-08
2.652836173199357150e-08
2.651599605787076604e-08
2.650362522795767231e-08
2.649125031569980613e-08
2.647887059930598241e-08
2.646648689054809657e-08
2.645409876127083949e-08
2.644170620271933487e-08
2.642930988019494940e-08
2.641690951659879530e-08
2.640450539806257264e-08
2.639209696955470782e-08
2.637968521370621157e-08
2.636726985293181392e-08
2.635485116321867188e-08
2.634242914498368449e-08
2.633000387813249892e-08
2.631757692117265089e-08
2.630514749582313694e-08
2.629271668629936445e-08
2.628028393166369026e-08
2.626784981196162967e-08
2.625541404536943928e-08
2.624297715238555643e-08
2.623053878642792192e-08
2.621809917644358569e-08
2.620565843680184796e-08
2.619321636495926393e-08
2.618077369528347270e-08
2.616832953971005992e-08
2.615588499516985334e-08
2.614344004936433161e-08
2.613099448168442536e-08
2.611854888496055675e-08
2.610610392296545607e-08
2.609366091928405966e-08
2.608121937975205215e-08
2.606877936933619882e-08
2.605634104840365942e-08
2.604390430327996543e-08
2.603146938625851240e-08
2.601903593262213338e-08
2.600660441186861788e-08
2.599417448790786558e-08
2.598174649175770527e-08
2.596931997643289501e-08
2.595689584966158666e-08
2.594447329772635933e-08
2.593205326538989528e-08
2.591963517809584975e-08
2.590721934045844641e-08
2.589480606925146390e-08
2.588239463323400586e-08
2.586998665087758495e-08
2.585758039107846757e-08
2.584517725996759445e-08
2.583277620119230995e-08
2.582037790374774222e-08
2.580798239146661908e-08
2.579558908673533621e-08
2.578319919668503131e-08
2.577081129857828896e-08
2.575842692014159334e-08
2.574604483235661105e-08
2.573366565987705348e-08
2.572128918334454834e-08
2.570891515060466642e-08
2.569654412190021917e-08
2.568417537307759368e-08
2.567181003886646297e-08
2.565944916985237945e-08
2.564709286602162682e-08
2.563474152259448433e-08
2.562239437226828960e-08
2.561005243755739376e-08
2.559771449736454166e-08
2.558538181635293695e-08
2.557305307997045887e-08
2.556072999694725985e-08
2.554841090128533792e-08
2.553609679006820344e-08
2.552378693914224351e-08
2.551148157953900324e-08
2.549918073404896284e-08
2.548688406150975049e-08
2.547459257185926326e-08
2.546230490218509309e-08
2.545002248571661756e-08
2.543774524546648270e-08
2.542547420200351414e-08
2.541320870857834537e-08
2.540094886559416245e-08
2.538869490012196969e-08
2.537644614901437873e-08
2.536420319085775827e-08
2.535196529003377212e-08
2.533973304715495434e-08
2.532750582346250974e-08
2.531528431045296064e-08
2.530306756169602865e-08
2.529085653904725623e-08
2.527864983707053436e-08
2.526644910592170192e-08
2.525425235066942327e-08
2.524206125871251718e-08
2.522987432643515339e-08
2.521769237179322626e-08
2.520551488526663950e-08
2.519334181675802650e-08
2.518117367008986348e-08
2.516900953676968367e-08
2.515685057014865004e-08
2.514469526980715820e-08
2.513254546217985301e-08
2.512039926149346119e-08
2.510825829615558895e-08
2.509612110535203963e-08
2.508398864009898424e-08
2.507186002490845583e-08
2.505973564714913857e-08
2.504761537355230961e-08
2.503549857647648120e-08
2.502338582401606316e-08
2.501127619329557222e-08
2.499917066889154790e-08
2.498706956042100219e-08
2.497497359189858166e-08
2.496288225845956250e-08
2.495079592183333533e-08
2.493871432500164892e-08
2.492663753084677344e-08
2.491456562524990881e-08
2.490249825085910424e-08
2.489043560896710744e-08
2.487837741691637692e-08
2.486632384772000961e-08
2.485427454284484080e-08
2.484222972289993986e-08
2.483018898849603727e-08
2.481815275896407276e-08
2.480612022642321183e-08
2.479409225038028536e-08
2.478206764649463593e-08
2.477004755922358054e-08
2.475803147161232359e-08
2.474602040784281231e-08
2.473401342211012018e-08
2.472201118979066710e-08
2.471001300153075902e-08
2.469801924859013439e-08
2.468602959842233463e-08
2.467404426065808802e-08
2.466206286960746320e-08
2.465008576316712294e-08
2.463811228805628923e-08
2.462614309039897343e-08
2.461417728810631393e-08
2.460221575763903545e-08
2.459025751664405996e-08
2.457830331637343723e-08
2.456635204127484957e-08
2.455440440341183803e-08
2.454245980307514980e-08
2.453051860783076186e-08
2.451858062013801777e-08
2.450664580782620915e-08
2.449471437086790345e-08
2.448278591953199198e-08
2.447086098536473635e-08
2.445893887888462624e-08
2.444702030444257067e-08
2.443510446263468206e-08
2.442319220817345248e-08
2.441128255940063560e-08
2.439937648734355252e-08
2.438747297150286739e-08
2.437557286040706338e-08
2.436367514759240530e-08
2.435178060334933188e-08
2.433988818014955028e-08
2.432799852932830971e-08
2.431611097008949627e-08
2.430422648520308700e-08
2.429234600268631985e-08
2.428046949571869064e-08
2.426859703920305819e-08
2.425672855483188828e-08
2.424486403239115470e-08
2.423300347834279241e-08
2.422114681861774061e-08
2.420929413145405039e-08
2.419744522049227920e-08
2.418560029042985015e-08
2.417375891943442934e-08
2.416192156741512863e-08
2.415008755545187973e-08
2.413825757385999105e-08
2.412643072338825762e-08
2.411460791468312452e-08
2.410278806436298244e-08
2.409097226525915202e-08
2.407915924416199951e-08
2.406735060557692015e-08
2.405554587013951407e-08
2.404374581620027122e-08
2.403194957174538322e-08
2.402015797092032669e-08
2.400837011871237013e-08
2.399658678735748109e-08
2.398480716751567845e-08
2.397303198945509421e-08
2.396126042806306735e-08
2.394949327044496410e-08
2.393772962131012027e-08
2.392597040360350229e-08
2.391421447759264879e-08
2.390246304561435863e-08
2.389071475177402403e-08
2.387897093452597674e-08
2.386722984789708442e-08
2.385549311723769377e-08
2.384375904062700315e-08
2.383202947819899559e-08
2.382030330536854109e-08
2.380858205458698609e-08
2.379686424224965367e-08
2.378515134674998289e-08
2.377344187760446287e-08
2.376173731793138831e-08
2.375003618350073377e-08
2.373833996396221206e-08
2.372664715861828611e-08
2.371495928664901659e-08
2.370327483443299986e-08
2.369159521664760010e-08
2.367991897324293886e-08
2.366824732038296610e-08
2.365657904697600337e-08
2.364491518380489919e-08
2.363325453867739776e-08
2.362159797971624323e-08
2.360994459884586784e-08
2.359829535590680209e-08
2.358665045010729852e-08
2.357501208614838739e-08
2.356337841452701092e-08
2.355175151001066874e-08
2.354012935911601845e-08
2.352851334914406130e-08
2.351690246445928015e-08
2.350529724675247965e-08
2.349369751717397648e-08
2.348210303336646861e-08
2.347051435536431796e-08
2.345893050581723485e-08
2.344735263953552885e-08
2.343577921816178397e-08
2.342421193972574420e-08
2.341264877066343060e-08
2.340109197411122059e-08
2.338953918326384494e-08
2.337799229271893968e-08
2.336644956803757898e-08
2.335491259135158015e-08
2.334338079164823357e-08
2.333185545909107012e-08
2.332033550988158144e-08
2.330882187314873622e-08
2.329731370606166473e-08
2.328581165265988318e-08
2.327431524546061401e-08
2.326282440546149129e-08
2.325133956832200004e-08
2.323985981714220973e-08
2.322838651955938412e-08
2.321691794759653229e-08
2.320545577225444456e-08
2.319399810650915057e-08
2.318254676053623305e-08
2.317109989122508599e-08
2.315965919660545341e-08
2.314822274831087792e-08
2.313679179189669102e-08
2.312536528337824161e-08
2.311394404126728941e-08
2.310252815213986607e-08
2.309111826691432176e-08
2.307971405783853674e-08
2.306831579089409133e-08
2.305692347580862954e-08
2.304553647924304356e-08
2.303415590139387020e-08
2.302278026289490602e-08
2.301141134286275611e-08
2.300004699975659639e-08
2.298868959961737461e-08
2.297733666842729126e-08
2.296599046188802444e-08
2.295464883484562185e-08
2.294331331599933864e-08
2.293198259635570780e-08
2.292065744752534831e-08
2.290933722664995789e-08
2.289802182867098129e-08
2.288671157473963698e-08
2.287540562508231476e-08
2.286410590139508755e-08
2.285281288429305229e-08
2.284152705300164251e-08
2.283024738716048539e-08
2.281897500850590091e-08
2.280770846219924514e-08
2.279644934510276445e-08
2.278519585628213792e-08
2.277394998858420602e-08
2.276270989716128348e-08
2.275147647466367396e-08
2.274024943669675671e-08
2.272902829590556714e-08
2.271781411003242430e-08
2.270660514894635898e-08
2.269540330321498328e-08
2.268420649668113415e-08
2.267301676791157888e-08
2.266183191005131222e-08
2.265065334125185693e-08
2.263948008631690497e-08
2.262831239705346969e-08
2.261715088060550324e-08
2.260599548576390827e-08
2.259484708023452991e-08
2.258370413531811298e-08
2.257256865261637758e-08
2.256143824975982404e-08
2.255031484010654470e-08
2.253919669276125547e-08
2.252808522733463232e-08
2.251697943764086944e-08
2.250587959827746039e-08
2.249478594826651500e-08
2.248369741596907991e-08
2.247261581760577378e-08
2.246153888191068810e-08
2.245046857685568797e-08
2.243940299047234449e-08
2.242834368217147460e-08
2.241728897066877863e-08
2.240623952675479379e-08
2.239519510515392485e-08
2.238415521621826256e-08
2.237312136738521165e-08
2.236209295255306750e-08
2.235107177300356690e-08
2.234005547235391632e-08
2.232904602566326435e-08
2.231804150963742844e-08
2.230704362758686700e-08
2.229605104022345357e-08
2.228506466201520765e-08
2.227408402540986853e-08
2.226310874025942848e-08
2.225214001376450836e-08
2.224117594833969576e-08
2.223021862625667280e-08
2.221926598775630491e-08
2.220831966784709957e-08
2.219737814026171261e-08
2.218644203868666771e-08
2.217551112319657382e-08
2.216458457653036830e-08
2.215366377924918478e-08
2.214274691916242856e-08
2.213183626468719810e-08
2.212093113266495167e-08
2.211003325635340121e-08
2.209914076477918895e-08
2.208825587681791212e-08
2.207737667438662272e-08
2.206650415130312207e-08
2.205563815206407245e-08
2.204477786587034616e-08
2.203392433754039235e-08
2.202307618706894278e-08
2.201223500353612860e-08
2.200139939220624922e-08
2.199056955228755718e-08
2.197974609835870401e-08
2.196892766681245321e-08
2.195811594935557358e-08
2.194730915068188439e-08
2.193650881839006343e-08
2.192571347068199627e-08
2.191492324589867727e-08
2.190413883901078733e-08
2.189335849584617990e-08
2.188258538018210082e-08
2.187181718545519049e-08
2.186105598080481165e-08
2.185029974440964132e-08
2.183954994014113569e-08
2.182880576442641691e-08
2.181806723741560469e-08
2.180733524085014478e-08
2.179660827410198330e-08
2.178588800935312445e-08
2.177517248405139051e-08
2.176446331659881099e-08
2.175375948274395549e-08
2.174306075604116824e-08
2.173236832784890699e-08
2.172168042870872748e-08
2.171099889533878395e-08
2.170032183001469762e-08
2.168965070522383796e-08
2.167898419988266611e-08
2.166832201479664578e-08
2.165766533604351371e-08
2.164701238110198939e-08
2.163636593207825787e-08
2.162572436945856219e-08
2.161508934291235240e-08
2.160445945749548171e-08
2.159383606910255786e-08
2.158321862277149046e-08
2.157260653025774996e-08
2.156200148055826809e-08
2.155140103523062582e-08
2.154080733345322271e-08
2.153021882853066220e-08
2.151963613580591069e-08
2.150905945643274952e-08
2.149848762684598954e-08
2.148792244791046849e-08
2.147736208506201046e-08
2.146680800988470369e-08
2.145625887725383199e-08
2.144571469842566914e-08
2.143517641753754885e-08
2.142464211581169142e-08
2.141411412690989331e-08
2.140358989489369257e-08
2.139307144610081833e-08
2.138255818214219802e-08
2.137205225637079818e-08
2.136155318837997139e-08
2.135105999387111081e-08
2.134057393083703563e-08
2.133009303936592864e-08
2.131961976582129039e-08
2.130915212951583542e-08
2.129869079241573817e-08
2.128823636291564789e-08
2.127778719975357497e-08
2.126734526409202708e-08
2.125690886561389558e-08
2.124647819901102686e-08
2.123605421036628346e-08
2.122563504649399952e-08
2.121522304529444496e-08
2.120481622135547864e-08
2.119441518668487474e-08
2.118402014229744826e-08
2.117362934215058374e-08
2.116324564207211112e-08
2.115286606651469604e-08
2.114249274117700280e-08
2.113212474332251449e-08
2.112176293885051377e-08
2.111140797534415860e-08
2.110105853373492208e-08
2.109071627348938807e-08
2.108037884739654166e-08
2.107004812434524546e-08
2.105972324059019513e-08
2.104940376804557132e-08
2.103909157921336157e-08
2.102878415553705016e-08
2.101848346526643489e-08
2.100818821712625745e-08
2.099789805098524019e-08
2.098761491501254434e-08
2.097733604245776577e-08
2.096706414455425463e-08
2.095679718725164976e-08
2.094653540839084704e-08
2.093627956957688879e-08
2.092602772576735980e-08
2.091578227739737768e-08
2.090554062899255923e-08
2.089530445711234848e-08
2.088507374028644545e-08
2.087484945197408222e-08
2.086463267381978880e-08
2.085442088810084757e-08
2.084421600893966573e-08
2.083401673220659827e-08
2.082382375030144872e-08
2.081363783594656684e-08
2.080345707112848778e-08
2.079328337010858513e-08
2.078311511087170445e-08
2.077295280252104299e-08
2.076279707596379755e-08
2.075264615291716110e-08
2.074250296577941853e-08
2.073236475982075436e-08
2.072223212571760912e-08
2.071210571313763592e-08
2.070198366285013296e-08
2.069186886994092209e-08
2.068175843355707823e-08
2.067165344882286669e-08
2.066155403399864528e-08
2.065145889628052593e-08
2.064137076656559630e-08
2.063128778075933261e-08
2.062121217955504793e-08
2.061114302687545643e-08
2.060108053707614203e-08
2.059102539873533386e-08
2.058097535844430178e-08
2.057093290251936334e-08
2.056089623252759508e-08
2.055086594477357442e-08
2.054084291418939632e-08
2.053082515272255913e-08
2.052081442121559385e-08
2.051080956395490966e-08
2.050081028494219619e-08
2.049081795806820259e-08
2.048083146041539498e-08
2.047085096013304830e-08
2.046087659500629154e-08
2.045090700601377420e-08
2.044094473943579743e-08
2.043098695299374969e-08
2.042103478676750822e-08
2.041108843836721264e-08
2.040114627674489621e-08
2.039121174833534625e-08
2.038128186939221417e-08
2.037135837748116852e-08
2.036144129594855492e-08
2.035152978773060685e-08
2.034162573936491248e-08
2.033172630801699491e-08
2.032183347409620694e-08
2.031194660454137345e-08
2.030206530468808058e-08
2.029219106321327674e-08
2.028232177359565294e-08
2.027245828387731679e-08
2.026260115138278652e-08
2.025274877716532062e-08
2.024290366644066920e-08
2.023306353210075403e-08
2.022322828729161412e-08
2.021339975177750984e-08
2.020357536816083266e-08
2.019375759260221031e-08
2.018394440925587255e-08
2.017413539024444958e-08
2.016433294559174328e-08
2.015453408154582837e-08
2.014474089427502129e-08
2.013495282089615009e-08
2.012517142762938252e-08
2.011539750505424339e-08
2.010562836709029062e-08
2.009586601797960480e-08
2.008610950350979235e-08
2.007635911286981287e-08
2.006661589198984626e-08
2.005687730786087716e-08
2.004714572874732140e-08
2.003741983724824822e-08
2.002769932312129707e-08
2.001798624543077083e-08
2.000827829288845425e-08
1.999857583841052851e-08
1.998887987067304025e-08
1.997918838418321177e-08
1.996950425630865617e-08
1.995982512642810647e-08
1.995015064420741218e-08
1.994048288920841177e-08
1.993081916937511040e-08
1.992116147602571880e-08
1.991150878935572951e-08
1.990186032899964395e-08
1.989221884940934821e-08
1.988258201226766671e-08
1.987295240012511940e-08
1.986332946378671908e-08
1.985371235416811059e-08
1.984410226200240315e-08
1.983449732333403931e-08
1.982489901787663837e-08
1.981530792588416514e-08
1.980572156986465825e-08
1.979614233357728079e-08
1.978656855262214372e-08
1.977700049207754617e-08
1.976743955432233757e-08
1.975788402972308431e-08
1.974833386366601362e-08
1.973879037709569801e-08
1.972925150149812330e-08
1.971971959659127523e-08
1.971019312950690837e-08
1.970067113053788188e-08
1.969115624407473498e-08
1.968164557746355686e-08
1.967213999375482015e-08
1.966264040748602752e-08
1.965314491259481965e-08
1.964365589228449425e-08
1.963417158578200349e-08
1.962469289018457402e-08
1.961522204104376421e-08
1.960575560102708222e-08
1.959629542081879973e-08
1.958684099909783470e-08
1.957739205681977057e-08
1.956795007724186838e-08
1.955851263435919679e-08
1.954908088277361917e-08
1.953965585034968424e-08
1.953023557286762144e-08
1.952082178469687346e-08
1.951141312514849371e-08
1.950200925583943720e-08
1.949261231309929347e-08
1.948322031151592137e-08
1.947383297232283705e-08
1.946445213314147594e-08
1.945507519071533635e-08
1.944570466144695566e-08
1.943633882291799668e-08
1.942697683250603920e-08
1.941762117888983519e-08
1.940826906745622876e-08
1.939892151960784029e-08
1.938958048024812195e-08
1.938024479824937227e-08
1.937091554226276821e-08
1.936159183645293358e-08
1.935227454824778084e-08
1.934296410073034096e-08
1.933365806393514183e-08
1.932435884204939896e-08
1.931506608883846898e-08
1.930577821487480488e-08
1.929649726456176035e-08
1.928722144127297111e-08
1.927795089168741209e-08
1.926868779542268865e-08
1.925942962843311452e-08
1.925017657505754359e-08
1.924092995533726714e-08
1.923168841706028550e-08
1.922245294535900355e-08
1.921322291571867625e-08
1.920399700601352048e-08
1.919477817970079215e-08
1.918556385284031453e-08
1.917635368552041286e-08
1.916715028884918723e-08
1.915795040983299965e-08
1.914875583620436847e-08
1.913956737132772205e-08
1.913038471149211797e-08
1.912120857022024389e-08
1.911203785530612772e-08
1.910287354778266721e-08
1.909371620233402011e-08
1.908456331499513669e-08
1.907541692537503183e-08
1.906627756467255131e-08
1.905714264762733481e-08
1.904801452179781310e-08
1.903889184907707031e-08
1.902977465941235333e-08
1.902066426839803048e-08
1.901155895000263967e-08
1.900245856734433312e-08
1.899336490961477579e-08
1.898427677704804618e-08
1.897519312670174075e-08
1.896611629168179061e-08
1.895704378692256867e-08
1.894797706941669718e-08
1.893891594454181289e-08
1.892985872434323165e-08
1.892080764562320892e-08
1.891176099728916448e-08
1.890271806442874722e-08
1.889368277124303137e-08
1.888465132791139631e-08
1.887562564570743921e-08
1.886660720073165448e-08
1.885759323505800403e-08
1.884858527898384937e-08
1.883958308626083417e-08
1.883058629661871444e-08
1.882159579020082299e-08
1.881261027406430541e-08
1.880362973639702253e-08
1.879465658590259601e-08
1.878568773606906666e-08
1.877672385865973610e-08
1.876776674481179810e-08
1.875881446838225675e-08
1.874986755653993388e-08
1.874092634683407643e-08
1.873198922850580373e-08
1.872305883191005436e-08
1.871413311750729662e-08
1.870521146981559777e-08
1.869629644067391264e-08
1.868738549749012489e-08
1.867847843820717193e-08
1.866957768535582651e-08
1.866068020446702489e-08
1.865178719141563096e-08
1.864290081435452679e-08
1.863401916736031938e-08
1.862514371604154422e-08
1.861627450855003913e-08
1.860741094031272929e-08
1.859855360103329082e-08
1.858970142414504190e-08
1.858085542979990583e-08
1.857201586570538884e-08
1.856318103598572524e-08
1.855435183481984848e-08
1.854552968522310995e-08
1.853671214513996571e-08
1.852790006956084050e-08
1.851909424524368471e-08
1.851029375904066238e-08
1.850149892091619477e-08
1.849270962039204256e-08
1.848392470251892984e-08
1.847514659406610282e-08
1.846637340974667045e-08
1.845760417936710968e-08
1.844884184880544069e-08
1.844008403152317352e-08
1.843132993895579534e-08
1.842258266150632293e-08
1.841383913781570517e-08
1.840509951539671507e-08
1.839636738590396827e-08
1.838763902295497967e-08
1.837891701187959276e-08
1.837020211803494109e-08
1.836149157230819271e-08
1.835278720690109568e-08
1.834408919628589353e-08
1.833539602781394370e-08
1.832670919961190592e-08
1.831802762051605567e-08
1.830935168935979709e-08
1.830068194019078598e-08
1.829201701357077285e-08
1.828335738427826823e-08
1.827470455280235968e-08
1.826605639691854148e-08
1.825741282351936387e-08
1.824877601965713155e-08
1.824014424748824328e-08
1.823151658705550899e-08
1.822289550591479656e-08
1.821427915261751940e-08
1.820566703445850874e-08
1.819706163560011040e-08
1.818845979893546302e-08
1.817986232254827393e-08
1.817127103884874071e-08
1.816268317260951561e-08
1.815410007903036807e-08
1.814552268786561863e-08
1.813695055713281366e-08
1.812838395552337718e-08
1.811982284621122832e-08
1.811126716617513056e-08
1.810271745981573226e-08
1.809417253890131837e-08
1.808563304705450607e-08
1.807709973663907587e-08
1.806857100641534161e-08
1.806004723583090260e-08
1.805153029530325122e-08
1.804301760082272425e-08
1.803450948792355664e-08
1.802600838135998264e-08
1.801751168030741154e-08
1.800901924607743311e-08
1.800053319457158449e-08
1.799205203280496064e-08
1.798357488660978148e-08
1.797510391767699414e-08
1.796663723724554896e-08
1.795817499748359144e-08
1.794971877739619288e-08
1.794126586811243095e-08
1.793281753832553324e-08
1.792437473675872279e-08
1.791593500864103528e-08
1.790750015970113048e-08
1.789907095147456752e-08
1.789064683289031360e-08
1.788222846098123799e-08
1.787381625007549208e-08
1.786540915841188624e-08
1.785700795204238577e-08
1.784861224234761272e-08
1.784022196950255646e-08
1.783183770028144656e-08
1.782345828147208637e-08
1.781508448878460534e-08
1.780671687412382769e-08
1.779835383458247447e-08
1.778999589336882672e-08
1.778164476421582518e-08
1.777329799249147190e-08
1.776495551725902551e-08
1.775662049916898912e-08
1.774828968043338593e-08
1.773996266388640790e-08
1.773164282988434628e-08
1.772332747129335804e-08
1.771501565231409004e-08
1.770671077136845811e-08
1.769840996199770707e-08
1.769011269105746234e-08
1.768182186294429073e-08
1.767353479505190872e-08
1.766525144749697589e-08
1.765697478040156256e-08
1.764870171857946648e-08
1.764043470353036622e-08
1.763217458760432602e-08
1.762391802358852740e-08
1.761566758583447275e-08
1.760742370597162314e-08
1.759918359640462300e-08
1.759094922746776524e-08
1.758272141155829053e-08
1.757449755076990135e-08
1.756627882986015417e-08
1.755806688765913092e-08
1.754985906879795129e-08
1.754165589690179536e-08
1.753345946292774171e-08
1.752526744280267153e-08
1.751707955470284141e-08
1.750889821858814675e-08
1.750072155285430458e-08
1.749254863809999021e-08
1.748438207327374871e-08
1.747622015721909338e-08
1.746806186283578708e-08
1.745990997598209948e-08
1.745176193474401920e-08
1.744361727511292726e-08
1.743547900334771982e-08
1.742734404697203833e-08
1.741921258011071046e-08
1.741108776994565743e-08
1.740296627072320738e-08
1.739485040040196003e-08
1.738674119601824933e-08
1.737863543271912174e-08
1.737053530242070396e-08
1.736244150850114064e-08
1.735435138919909967e-08
1.734626667721642764e-08
1.733818813346333514e-08
1.733011360368357438e-08
1.732204391861794329e-08
1.731398065685461414e-08
1.730592133360589253e-08
1.729786647736078056e-08
1.728981839732299835e-08
1.728177416387358785e-08
1.727373383141787232e-08
