2.576943554658336526e-06
2.774804615330031145e-06
2.965242805519764145e-06
3.148451808273178819e-06
3.324647719119572987e-06
3.494027173378498071e-06
3.656802320036724199e-06
3.813166476640171534e-06
3.963315719029767892e-06
4.107424774142906451e-06
4.245686752971461319e-06
4.378265403146879791e-06
4.505325982729615017e-06
4.627028069790032697e-06
4.743527500458867185e-06
4.854985170076168050e-06
4.961524438893773687e-06
5.063310092189621088e-06
5.160453765540388249e-06
5.253098800906414652e-06
5.341370342921296985e-06
5.425382077008295699e-06
5.505258185069202465e-06
5.581113514397480713e-06
5.653050423282571434e-06
5.721180135095639339e-06
5.785607141346415825e-06
5.846429754782626874e-06
5.903758913719627811e-06
5.957661388154779871e-06
6.008234805110016313e-06
6.055596060050863259e-06
6.099782010006679056e-06
6.140929626990912126e-06
6.179070905888806569e-06
6.214337324229446216e-06
6.246752777177981280e-06
6.276457976472394495e-06
6.303466751683143153e-06
6.327894966667423596e-06
6.349804838186803524e-06
6.369256748651211173e-06
6.386319892223612363e-06
6.401084094482885552e-06
6.413607131679093019e-06
6.423931294729135107e-06
6.432142266789596078e-06
6.438293756816466548e-06
6.442461015171527853e-06
6.444698724539517982e-06
6.445055812372475682e-06
6.443607105699641869e-06
6.440389803046721234e-06
6.435467903929930134e-06
6.428908538460040353e-06
6.420744657544539581e-06
6.411043776586935055e-06
6.399863195713907238e-06
6.387233031815857566e-06
6.373220300291135149e-06
6.357876035052307814e-06
6.341230681107280290e-06
6.323350968357309312e-06
6.304285931822451029e-06
6.284067752791695034e-06
6.262750541159842360e-06
6.240388966229802155e-06
6.217010949873072173e-06
6.192652041145176371e-06
6.167377295835093947e-06
6.141222467366286731e-06
6.114225697120189938e-06
6.086434429541853044e-06
6.057888995555314004e-06
6.028610076589926995e-06
5.998646568224537412e-06
5.968055680452096886e-06
5.936868832509049313e-06
5.905094699457177508e-06
5.872782798768504928e-06
5.839988029931696936e-06
5.806734230953038805e-06
5.773031132330675200e-06
5.738932369579917947e-06
5.704477950509370072e-06
5.669688947100941698e-06
5.634586161202531827e-06
5.599210460262696194e-06
5.563584148928899600e-06
5.527744118808566409e-06
5.491715495573482241e-06
5.455508182187906572e-06
5.419167916750753052e-06
5.382721829665658237e-06
5.346183634079777248e-06
5.309575317866049778e-06
5.272921134881755959e-06
5.236252833787138036e-06
5.199588424045015237e-06
5.162946021126161446e-06
5.126344073072700462e-06
5.089801332188571686e-06
5.053352501794301907e-06
5.017001693611539675e-06
4.980770882416231846e-06
4.944668672326895563e-06
4.908712660294720754e-06
4.872936954183250893e-06
4.837339266341000398e-06
4.801943741658801781e-06
4.766743349670845064e-06
4.731775422008535709e-06
4.697036475101324995e-06
4.662565391422325940e-06
4.628339075877903683e-06
4.594385742707991385e-06
4.560707195142247500e-06
4.527322272938370363e-06
4.494244007308470095e-06
4.461478089478333065e-06
4.429027480827502928e-06
4.396893656275583077e-06
4.365094208596938096e-06
4.333629882773773998e-06
4.302517854921835764e-06
4.271757436057939264e-06
4.241344827646610162e-06
4.211294508952313008e-06
4.181599036736530101e-06
4.152287449363415818e-06
4.123330739733161853e-06
4.094775506415743292e-06
4.066567886662891298e-06
4.038767435308780686e-06
4.011316206911270818e-06
3.984281433305025885e-06
3.957603873412989537e-06
3.931336849055823814e-06
3.905442121341279449e-06
3.879931853961989864e-06
3.854819622326647406e-06
3.830068276290904662e-06
3.805736668900497952e-06
3.781753760912090927e-06
3.758185874389427712e-06
3.734975519879225760e-06
3.712148989477968982e-06
3.689711253734572875e-06
3.667620499908451490e-06
3.645940570160117707e-06
3.624596193548997680e-06
3.603640152706088851e-06
3.583044073341893348e-06
3.562787571388815571e-06
3.542919169356137087e-06
3.523367390264694500e-06
3.504191999248583986e-06
3.485360478554861753e-06
3.466847734110285103e-06
3.448704217571934072e-06
3.430858211004314124e-06
3.413352130506562548e-06
3.396177017362587852e-06
3.379289154586309246e-06
3.362751131393064460e-06
3.346500400588756750e-06
3.330541743587954831e-06
3.314905033462287458e-06
3.299525768473567869e-06
3.284444696136987445e-06
3.269653618779993573e-06
3.255108254856361799e-06
3.240862493013430940e-06
3.226872135044971737e-06
3.213117524310582239e-06
3.199639304095275635e-06
3.186384959743148027e-06
3.173359848267911028e-06
3.160591707130703065e-06
3.148026168089450731e-06
3.135682595669828117e-06
3.123576419310267059e-06
3.111651560580607457e-06
3.099930357248551723e-06
3.088419148916587425e-06
3.077072430526226721e-06
3.065913314192147267e-06
3.054944965670597383e-06
3.044125185796344364e-06
3.033475428294330464e-06
3.022998619340118322e-06
3.012652764966505398e-06
3.002453580145247739e-06
2.992406390505982781e-06
2.982474677916599098e-06
2.972669531886326854e-06
2.962999852708832893e-06
2.953432653438299884e-06
2.943971284604246745e-06
2.934627588664136881e-06
2.925372817172822618e-06
2.916201742420555134e-06
2.907125993487108143e-06
2.898127567312065136e-06
2.889195149495486205e-06
2.880338567310480786e-06
2.871550313900427606e-06
2.862812253396697945e-06
2.854129165620422136e-06
2.845501261852480988e-06
2.836911008385886625e-06
2.828356927262580239e-06
2.819840441604406436e-06
2.811351261186532755e-06
2.802883793255665735e-06
2.794438358993644080e-06
2.786011482332439283e-06
2.777593622916572065e-06
2.769182260656158854e-06
2.760775126718869746e-06
2.752366479370640185e-06
2.743953015064465383e-06
2.735528523290761556e-06
2.727091459929027585e-06
2.718640409202549769e-06
2.710170865998504450e-06
2.701678071420270299e-06
2.693161704329673161e-06
2.684620445708330495e-06
2.676044905449563615e-06
2.667433109565397674e-06
2.658788614386511565e-06
2.650107411336565719e-06
2.641379059783129585e-06
2.632606222387063055e-06
2.623794534571145476e-06
2.614936057218541255e-06
2.606023802862887140e-06
2.597063702965263843e-06
2.588058239983119874e-06
2.578995736396360163e-06
2.569871624352345944e-06
2.560696162875112249e-06
2.551470137786939808e-06
2.542180718274957616e-06
2.532826223072066053e-06
2.523419271491434940e-06
2.513959208457603441e-06
2.504434381006512198e-06
2.494845140376646411e-06
2.485203039134753683e-06
2.475505815729101691e-06
2.465741235065557103e-06
2.455910720188948054e-06
2.446028105347683044e-06
2.436091502682871339e-06
2.426089867896799238e-06
2.416024517551612557e-06
2.405909444975812948e-06
2.395744268739188138e-06
2.385520054277975858e-06
2.375236257130641975e-06
2.364905759430449690e-06
2.354529116893279911e-06
2.344097913319025304e-06
2.333610141554400671e-06
2.323078880248484614e-06
2.312507859320675360e-06
2.301891355933196969e-06
2.291226053122794511e-06
2.280521488438981217e-06
2.269784168485662452e-06
2.259011677184651275e-06
2.248200878254561283e-06
2.237355748562185454e-06
2.226484903479953604e-06
2.215587618056252508e-06
2.204661227592970391e-06
2.193706391186380553e-06
2.182732942820877989e-06
2.171742506492223685e-06
2.160735482944622240e-06
2.149711720146078127e-06
2.138676141266454663e-06
2.127633223730200521e-06
2.116584157376906166e-06
2.105531550937955468e-06
2.094476250949733205e-06
2.083422305879299133e-06
2.072370549556273272e-06
2.061325253015786664e-06
2.050288174396831724e-06
2.039261267437186634e-06
2.028246666014513482e-06
2.017246851059145081e-06
2.006269163907935687e-06
1.995314428627603570e-06
1.984382199951901894e-06
1.973472697152525003e-06
1.962592714268344377e-06
1.951748762242816340e-06
1.940940328128616964e-06
1.930164107605929773e-06
1.919420789256732002e-06
1.908721032040008006e-06
1.898069710963157891e-06
1.887464350434993974e-06
1.876900787292159214e-06
1.866381727017306503e-06
1.855921127088532701e-06
1.845522738871284404e-06
1.835180315097913704e-06
1.824888998559374413e-06
1.814652641086759267e-06
1.804486730608634443e-06
1.794393773659179983e-06
1.784365016210727989e-06
1.774395218553221700e-06
1.764489542935109947e-06
1.754664059503251361e-06
1.744921515311511216e-06
1.735251379766800137e-06
1.725647617220168938e-06
1.716115137536625791e-06
1.706672579927796752e-06
1.697322850687528302e-06
1.688054794156821696e-06
1.678858881545987859e-06
1.669739323737827214e-06
1.660714301604591297e-06
1.651788947902089706e-06
1.642954030897406723e-06
1.634195558134008172e-06
1.625516796689482368e-06
1.616934794767847794e-06
1.608457214369074433e-06
1.600079776667477474e-06
1.591783926071370445e-06
1.583568759785551944e-06
1.575450169743700188e-06
1.567440596130056089e-06
1.559539636526773235e-06
1.551726824336712119e-06
1.543996732814068078e-06
1.536356895738181842e-06
1.528825101808004610e-06
1.521404360429181104e-06
1.514082030015492518e-06
1.506842425612484621e-06
1.499688778050071894e-06
1.492637350693196173e-06
1.485696825775997634e-06
1.478864511178276349e-06
1.472118055375466639e-06
1.465455152230128831e-06
1.458883342724242867e-06
1.452420462375648273e-06
1.446068654075051797e-06
1.439815219561143663e-06
1.433642181830644278e-06
1.427551393131051103e-06
1.421557044992012062e-06
1.415668287850888751e-06
1.409885147894075310e-06
1.404186592453838243e-06
1.398566162730185927e-06
1.393026897921421175e-06
1.387585282329277531e-06
1.382244685730456513e-06
1.377002432322223234e-06
1.371835957871753636e-06
1.366744148943354179e-06
1.361732322123251510e-06
1.356814905788763900e-06
1.351994637346898384e-06
1.347262879525675340e-06
1.342600069315555987e-06
1.338005855060510234e-06
1.333486972023719238e-06
1.329054371909119489e-06
1.324709685718694410e-06
1.320443519544493204e-06
1.316239975157477032e-06
1.312099185372697896e-06
1.308027291484569563e-06
1.304034232592348361e-06
1.300120517161283590e-06
1.296277554238068859e-06
1.292490440715606213e-06
1.288759184313542175e-06
1.285089186758138891e-06
1.281488243946301769e-06
1.277958269083683689e-06
1.274491848004394095e-06
1.271073522600656980e-06
1.267703335746580217e-06
1.264383726995000670e-06
1.261122291333776673e-06
1.257919672374963968e-06
1.254773664124462395e-06
1.251668670969920147e-06
1.248603798778974707e-06
1.245580044388131051e-06
1.242603387051329430e-06
1.239675312150501855e-06
1.236795129011827938e-06
1.233950675520474292e-06
1.231138067073166998e-06
1.228358071359953652e-06
1.225613475071648645e-06
1.222906563931223532e-06
1.220237761574816520e-06
1.217600662276959303e-06
1.214986844311723943e-06
1.212396647551768740e-06
1.209830825757070375e-06
1.207291219500990006e-06
1.204778077811605878e-06
1.202290548119159884e-06
1.199819808645397176e-06
1.197364533252517411e-06
1.194924760039374344e-06
1.192500915773682278e-06
1.190093084173403687e-06
1.187701536692258787e-06
1.185322765853136243e-06
1.182951807863415337e-06
1.180588648346448206e-06
1.178233162031228852e-06
1.175884117281760557e-06
1.173541585092766245e-06
1.171205342097009632e-06
1.168871486835483495e-06
1.166538296889273608e-06
1.164205841792002826e-06
1.161872780510987012e-06
1.159537003649700899e-06
1.157198439258815431e-06
1.154856774006581502e-06
1.152509998448150979e-06
1.150157667537389126e-06
1.147799695273314980e-06
1.145433705572985655e-06
1.143057586392739106e-06
1.140671243769272906e-06
1.138274540289215528e-06
1.135867312463910849e-06
1.133449410431673512e-06
1.131020657931617578e-06
1.128577927538636678e-06
1.126119034904854081e-06
1.123643689953323204e-06
1.121152198075039267e-06
1.118646049888461371e-06
1.116125223311080591e-06
1.113589492802714084e-06
1.111035557568991793e-06
1.108460653946928784e-06
1.105864650267625100e-06
1.103247829212032088e-06
1.100613533311295366e-06
1.097961942302693494e-06
1.095292963684405279e-06
1.092604097317052971e-06
1.089892211075047914e-06
1.087156834324099428e-06
1.084398069039266362e-06
1.081619829330077710e-06
1.078823240465954911e-06
1.076008055699582984e-06
1.073172960368372205e-06
1.070314271930537202e-06
1.067431360999368415e-06
1.064523877701363861e-06
1.061595221215316257e-06
1.058648320079279598e-06
1.055683116040818162e-06
1.052699210433033302e-06
1.049693182529609388e-06
1.046663971897336046e-06
1.043611323056465063e-06
1.040536166565449696e-06
1.037443955234410337e-06
1.034335021864836601e-06
1.031209334353216286e-06
1.028065703260764754e-06
1.024901945832546024e-06
1.021718006187880152e-06
1.018513515476391736e-06
1.015292216273220614e-06
1.012057046788277080e-06
1.008807965551495074e-06
1.005544612980924283e-06
1.002265783720019288e-06
9.989708656642112276e-07
9.956595843517117797e-07
9.923322680845821302e-07
9.889936714150539719e-07
9.856448633557808786e-07
9.822857568290600732e-07
9.789160744522795216e-07
9.755354909880120629e-07
9.721439298615675894e-07
9.687412560304992025e-07
9.653284453590990353e-07
9.619095106636306585e-07
9.584848224860736807e-07
9.550542493544633039e-07
9.516181305023344115e-07
9.481774696847200352e-07
9.447321844468749932e-07
9.412823887221316416e-07
9.378289479597546288e-07
9.343745064439170062e-07
9.309192154976794874e-07
9.274630428632481141e-07
9.240067011111766982e-07
9.205519641501729578e-07
9.170989538864839174e-07
9.136477586434801821e-07
9.101988597610700893e-07
9.067539026469010942e-07
9.033131163706893920e-07
8.998764004942062426e-07
8.964447479123099781e-07
8.930210486931634586e-07
8.896054909296068358e-07
8.861982219543393028e-07
8.827993531552639179e-07
8.794093402667053693e-07
8.760282921928702374e-07
8.726561724753905359e-07
8.692940397465575394e-07
8.659456094125163760e-07
8.626119094733317611e-07
8.592930903826221458e-07
8.559892687532927330e-07
8.526989010953896106e-07
8.494218215702272720e-07
8.461582805163233414e-07
8.429084587885740023e-07
8.396761239890151282e-07
8.364635442781630310e-07
8.332709525267360231e-07
8.300984312368284280e-07
8.269447760467985495e-07
8.238079917875380225e-07
8.206884452375955437e-07
8.175862167529168821e-07
8.145033548462519678e-07
8.114444082390581295e-07
8.084098538910722219e-07
8.053997476199866998e-07
8.024142204823231705e-07
7.994493902793330821e-07
7.965044196311636967e-07
7.935799723062638143e-07
7.906761852133268508e-07
7.877974875694414997e-07
7.849466612834658843e-07
7.821238402238857085e-07
7.793297985176801598e-07
7.765619586504199463e-07
7.738159729999967510e-07
7.710921987891780399e-07
7.683903839379042036e-07
7.657121880232651246e-07
7.630619962055506956e-07
7.604415621910869803e-07
7.578511768896762958e-07
7.552907869699484671e-07
7.527569198344548447e-07
7.502458568023997511e-07
7.477580849220106675e-07
7.452936446854541157e-07
7.428538693456601338e-07
7.404439214983661422e-07
7.380643655023548969e-07
7.357158828339554109e-07
7.333982574291341744e-07
7.311066431653786685e-07
7.288382170270094961e-07
7.265928431773751971e-07
7.243709511562377444e-07
7.221737917779920873e-07
7.200062120108390274e-07
7.178686186207839072e-07
7.157617223678105557e-07
7.136852152587485412e-07
7.116344649027871644e-07
7.096054810156921637e-07
7.075986991564904509e-07
7.056142204624723513e-07
7.036529956901476119e-07
7.017187748557822807e-07
6.998128573096909208e-07
6.979353205003840041e-07
6.960862363640880459e-07
6.942627234651448099e-07
6.924591409903896193e-07
6.906760792507259401e-07
6.889133316053670945e-07
6.871714015439953480e-07
6.854534457438146139e-07
6.837607398334682542e-07
6.820935337075651011e-07
6.804521764778176785e-07
6.788351577792318945e-07
6.772369280956445995e-07
6.756561949533464489e-07
6.740935054272646791e-07
6.725488606677229720e-07
6.710235820309359789e-07
6.695200150623447787e-07
6.680380587899681140e-07
6.665785511378244518e-07
6.651409808551227409e-07
6.637212093154675298e-07
6.623158457242311493e-07
6.609252883539019423e-07
6.595494708779514329e-07
6.581887636919442907e-07
6.568449445188728870e-07
6.555184814080369780e-07
6.542096539473833674e-07
6.529185647719367315e-07
6.516445789089697573e-07
6.503826071900512821e-07
6.491319674686110038e-07
6.478925841793203324e-07
6.466647557553335163e-07
6.454487332904462832e-07
6.442454687871379635e-07
6.430553889346134951e-07
6.418783491461222568e-07
6.407148250006050503e-07
6.395630611049067549e-07
6.384194455264270794e-07
6.372836684566504612e-07
6.361559398242437237e-07
6.350362399141550305e-07
6.339247445359870484e-07
6.328219293186237590e-07
6.317277246684723754e-07
6.306422980812530771e-07
6.295656677315029974e-07
6.284964274028475518e-07
6.274319401991997529e-07
6.263720551755985126e-07
6.253168798969854429e-07
6.242664099688794980e-07
6.232204977562596500e-07
6.221788811332236654e-07
6.211415233962510466e-07
6.201084632896134771e-07
6.190797766312141835e-07
6.180546020402359940e-07
6.170309819558492834e-07
6.160087834434168784e-07
6.149880844189479100e-07
6.139688240945670533e-07
6.129508571483361466e-07
6.119332782866083483e-07
6.109161296224377217e-07
6.098992606615429402e-07
6.088828159992508335e-07
6.078664923120730202e-07
6.068490060352179940e-07
6.058301067419125916e-07
6.048098299510593821e-07
6.037881936854124883e-07
6.027649902850881304e-07
6.017391596185467166e-07
6.007104469200094020e-07
5.996787145841722871e-07
5.986440588514799982e-07
5.976063258201488351e-07
5.965652189710013728e-07
5.955205931944982551e-07
5.944723086373948438e-07
5.934203879639264092e-07
5.923647834339131457e-07
5.913048192856979316e-07
5.902394888236934496e-07
5.891687293817976354e-07
5.880925551930545030e-07
5.870107908449239614e-07
5.859237510666112496e-07
5.848317565643619529e-07
5.837348722088666693e-07
5.826331463794445026e-07
5.815265574173729943e-07
5.804147626946486064e-07
5.792969608453219304e-07
5.781727384765512456e-07
5.770419192335358348e-07
5.759045344985128746e-07
5.747605931588008635e-07
5.736105388467836072e-07
5.724552842261839732e-07
5.712948654848117429e-07
5.701291936076515579e-07
5.689580740442479776e-07
5.677815365862691222e-07
5.665986742018188996e-07
5.654093024172699112e-07
5.642132877625913394e-07
5.630107696513171378e-07
5.618015324681136186e-07
5.605866948817973937e-07
5.593671527304435778e-07
5.581428118669700644e-07
5.569136656905496807e-07
5.556796263277821928e-07
5.544405799001171005e-07
5.531961657679299322e-07
5.519461654717038878e-07
5.506905005466424836e-07
5.494292929086171557e-07
5.481623906389283280e-07
5.468909308488992065e-07
5.456159217551447599e-07
5.443373644528203553e-07
5.430552093078175749e-07
5.417693529804386697e-07
5.404799195814980217e-07
5.391868160570307186e-07
5.378901656055860706e-07
5.365898061440373707e-07
5.352857639206069770e-07
5.339780445624257142e-07
5.326672797985242115e-07
5.313546231011329195e-07
5.300400818778831871e-07
5.287236814955959576e-07
5.274053571866433672e-07
5.260851462441655477e-07
5.247634368270933338e-07
5.234403394461212877e-07
5.221159919945445112e-07
5.207903076635720119e-07
5.194632092934415560e-07
5.181349471887894496e-07
5.168065594633702656e-07
5.154781855385159544e-07
5.141499214545701965e-07
5.128217067077419294e-07
5.114935487702328825e-07
5.101657471001918736e-07
5.088390522339311220e-07
5.075136298208401524e-07
5.061893336821593316e-07
5.048662418696718780e-07
5.035443841671949755e-07
5.022241077692985388e-07
5.009058377399483321e-07
4.995895672019726833e-07
4.982753344490799815e-07
4.969631294817286468e-07
4.956529912439895529e-07
4.943459803115598990e-07
4.930426415012459058e-07
4.917430456964227229e-07
4.904473156616040964e-07
4.891553870721656877e-07
4.878673209891985929e-07
4.865830416466485895e-07
4.853025217126418239e-07
4.840257974065241728e-07
4.827528710734334058e-07
4.814838473587050326e-07
4.802188497457720131e-07
4.789590098549552998e-07
4.777049724098455003e-07
4.764567579580166648e-07
4.752143272019998923e-07
4.739778162996997700e-07
4.727472097548549922e-07
4.715219457193255161e-07
4.703017644753820107e-07
4.690868318541819775e-07
4.678770664797508082e-07
4.666726937133938699e-07
4.654737439788776195e-07
4.642815057736581679e-07
4.630966541182123381e-07
4.619192491157587239e-07
4.607492090375917283e-07
4.595867204377787231e-07
4.584318259773723247e-07
4.572834295157365244e-07
4.561411749673671368e-07
4.550050301668073828e-07
4.538752414738652570e-07
4.527516109752162874e-07
4.516343909945480410e-07
4.505248549125684346e-07
4.494236696697587768e-07
4.483310135191788531e-07
4.472468522079333011e-07
4.461713296751155216e-07
4.451045258150435156e-07
4.440454469294270780e-07
4.429929387093789645e-07
4.419470935308036255e-07
4.409078473553897401e-07
4.398752443588489474e-07
4.388495946740469010e-07
4.378311927791927879e-07
4.368213048490311331e-07
4.358201584564703285e-07
4.348278379105800840e-07
4.338445054195197577e-07
4.328699544549198259e-07
4.319040756359694444e-07
4.309450061172431445e-07
4.299925851639318527e-07
4.290469150351522112e-07
4.281078809863948802e-07
4.271756444095547423e-07
4.262504167313346214e-07
4.253330020396984176e-07
4.244240537722681776e-07
4.235236682951564535e-07
4.226318195254288845e-07
4.217486372883493980e-07
4.208741059558107160e-07
4.200074359205865619e-07
4.191470149916594412e-07
4.182927606578241322e-07
4.174448504646720330e-07
4.166032666737397475e-07
4.157679703574153109e-07
4.149391172606155290e-07
4.141179412015322204e-07
4.133045218466157474e-07
4.124988275486346760e-07
4.117009995687929851e-07
4.109109974961387310e-07
4.101290835028539099e-07
4.093537222766483173e-07
4.085836709118577503e-07
4.078190070074098503e-07
4.070597564159942471e-07
4.063058901671465568e-07
4.055574415480492905e-07
4.048146262129096545e-07
4.040781871468205522e-07
4.033481239940546157e-07
4.026244658024791585e-07
4.019073228358839326e-07
4.011966554812485006e-07
4.004926719736608351e-07
3.997941227777245613e-07
3.990997790028249733e-07
3.984096777938555555e-07
3.977238913355675837e-07
3.970424192305490810e-07
3.963652520936696979e-07
3.956924456195480020e-07
3.950244102660036122e-07
3.943613062777364570e-07
3.937031010051680764e-07
3.930498029222701844e-07
3.924014786481311431e-07
3.917581663302138090e-07
3.911192576926547099e-07
3.904834174503541242e-07
3.898506110385179826e-07
3.892207935615201687e-07
3.885939834004838577e-07
3.879701989989850227e-07
3.873494733699846052e-07
3.867319273441882629e-07
3.861176307932591646e-07
3.855065764651023861e-07
3.848987813416591409e-07
3.842943487925486167e-07
3.836932252746476958e-07
3.830953519933507483e-07
3.824995653049698195e-07
3.819054788470833103e-07
3.813130848661263221e-07
3.807223937131379319e-07
3.801334157744731965e-07
3.795461614716866859e-07
3.789606460997317378e-07
3.783767970456925095e-07
3.777945814944061875e-07
3.772140085915680830e-07
3.766350845252673893e-07
3.760578224315557504e-07
3.754822510806166097e-07
3.749081225203629687e-07
3.743346462108688088e-07
3.737617515772907313e-07
3.731894420980648253e-07
3.726177437644606047e-07
3.720466386904880038e-07
3.714761300785509559e-07
3.709061509808964338e-07
3.703365430004045370e-07
3.697672975362921313e-07
3.691984199761228657e-07
3.686299195559863485e-07
3.680617857367016035e-07
3.674940246497336715e-07
3.669264338058955169e-07
3.663586350680113239e-07
3.657906068840953732e-07
3.652223447704369921e-07
3.646538462988891822e-07
3.640851099195934084e-07
3.635161340759042839e-07
3.629468320608335888e-07
3.623770328215198119e-07
3.618067230696836068e-07
3.612358994878569081e-07
3.606645610891563351e-07
3.600926918838603628e-07
3.595202999458499866e-07
3.589473308509501808e-07
3.583736595061853910e-07
3.577992716566899172e-07
3.572241628303256741e-07
3.566483285375692255e-07
3.560717611944316687e-07
3.554944583908131012e-07
3.549163816793057120e-07
3.543373538871978882e-07
3.537573486923425768e-07
3.531763714823987180e-07
3.525944162271481779e-07
3.520114768728041307e-07
3.514275499331801359e-07
3.508426388171602897e-07
3.502568696365049056e-07
3.496702602618304015e-07
3.490828101650699682e-07
3.484945141588403121e-07
3.479053670356622828e-07
3.473153635680826341e-07
3.467244964857264124e-07
3.461327279529765284e-07
3.455400361825309223e-07
3.449464077986223322e-07
3.443518418776407385e-07
3.437563360189147742e-07
3.431598845239508772e-07
3.425624717237353723e-07
3.419642548696013980e-07
3.413653974701421142e-07
3.407659035171326339e-07
3.401657691929848758e-07
3.395649905999496782e-07
3.389635638254759786e-07
3.383614849423378688e-07
3.377587660601524669e-07
3.371555105376387059e-07
3.365517231446455758e-07
3.359473969977227731e-07
3.353425289299199873e-07
3.347371157636778198e-07
3.341311609959506178e-07
3.335246601599577793e-07
3.329178506282071491e-07
3.323108431005092768e-07
3.317036379493998405e-07
3.310962384466918298e-07
3.304886444564523385e-07
3.298808492872322564e-07
3.292728517848062561e-07
3.286647422788060056e-07
3.280567274953408703e-07
3.274488446833729728e-07
3.268410877837526042e-07
3.262334416937606070e-07
3.256259081707997642e-07
3.250184942240041869e-07
3.244112130802698026e-07
3.238042592513214703e-07
3.231977260813387660e-07
3.225916087576551839e-07
3.219859256188940210e-07
3.213806762477274383e-07
3.207758500617916607e-07
3.201714497244123844e-07
3.195675888609672556e-07
3.189646498915430149e-07
3.183626975449045960e-07
3.177616848804554135e-07
3.171616178409733315e-07
3.165625136054458967e-07
3.159643876965883125e-07
3.153672455047594365e-07
3.147711133504175498e-07
3.141760449059588799e-07
3.135820648903935720e-07
3.129891427981053166e-07
3.123972911103787012e-07
3.118065223296900192e-07
3.112168555097913092e-07
3.106283179389395217e-07
3.100413701433258979e-07
3.094561055942220134e-07
3.088725905426274750e-07
3.082908190574217096e-07
3.077107759057336005e-07
3.071324689446195905e-07
3.065559617278881544e-07
3.059811788188644192e-07
3.054079957985834163e-07
3.048364204276721817e-07
3.042664648912343511e-07
3.036981200529396214e-07
3.031314262014019089e-07
3.025664267274191841e-07
3.020030924442530816e-07
3.014416432404814506e-07
3.008824448795687035e-07
3.003256088935670244e-07
2.997711363406799684e-07
2.992189769046464274e-07
2.986691595849151940e-07
2.981217361727599626e-07
2.975767267065821034e-07
2.970338587163171544e-07
2.964930420729214372e-07
2.959542008241946513e-07
2.954173601275817832e-07
2.948825290067471663e-07
2.943497082612951968e-07
2.938188931707377293e-07
2.932901258015526030e-07
2.927638668922610429e-07
2.922402741993878133e-07
2.917193307567571013e-07
2.912011360563136141e-07
2.906856867104179006e-07
2.901729581779049705e-07
2.896629713148965073e-07
2.891557918389678253e-07
2.886509790427092921e-07
2.881482938446129191e-07
2.876477681429601179e-07
2.871493778677373875e-07
2.866531334215257596e-07
2.861590388332162721e-07
2.856670783763717097e-07
2.851773108852494321e-07
2.846901251888415689e-07
2.842056137811024931e-07
2.837237681269470634e-07
2.832447302093254452e-07
2.827684337158175550e-07
2.822948627513948575e-07
2.818240877754078090e-07
2.813561773543052809e-07
2.808906567025145879e-07
2.804272202063290776e-07
2.799657934676845010e-07
2.795063847645015028e-07
2.790490013551801085e-07
2.785936392191672610e-07
2.781404483696719242e-07
2.776893398968484684e-07
2.772404018662836091e-07
2.767939163953606186e-07
2.763499844744519573e-07
2.759085429776331379e-07
2.754696378235713765e-07
2.750332959640715493e-07
2.745995201116243209e-07
2.741683233538945781e-07
2.737395551292777569e-07
2.733125711255924463e-07
2.728873428301055730e-07
2.724638897029173502e-07
2.720422197656574286e-07
2.716223031129223389e-07
2.712041727765723921e-07
2.707878868791931596e-07
2.703733809307982958e-07
2.699608508967906037e-07
2.695505260874065778e-07
2.691422893124510039e-07
2.687361640238521478e-07
2.683321891325142490e-07
2.679303314138664661e-07
2.675306219083998393e-07
2.671331566655584121e-07
2.667374741314988082e-07
2.663431850746447264e-07
2.659502399235152472e-07
2.655586490091912337e-07
2.651684210047289066e-07
2.647796304709657775e-07
2.643922238617982314e-07
2.640061738366067995e-07
2.636215918116383803e-07
2.632385642031159585e-07
2.628570607330103897e-07
2.624771930538907644e-07
2.620988821039664837e-07
2.617221795599076843e-07
2.613470618271775161e-07
2.609735272601921329e-07
2.606016414301172041e-07
2.602309875182756659e-07
2.598613326236995420e-07
2.594926259652760427e-07
2.591248603741100552e-07
2.587580388104017358e-07
2.583922363938926984e-07
2.580273991086195642e-07
2.576635089878700275e-07
2.573006541192801304e-07
2.569388383115494019e-07
2.565780577713519609e-07
2.562183795836019388e-07
2.558597562444946617e-07
2.555022032085591810e-07
2.551457209017471899e-07
2.547903031267844816e-07
2.544360281711623681e-07
2.540826248905870625e-07
2.537298115824249753e-07
2.533775638339213111e-07
2.530258944708330754e-07
2.526748319387448045e-07
2.523243489519935860e-07
2.519744522136487635e-07
2.516251825181299778e-07
2.512764910919195793e-07
2.509284207918247925e-07
2.505810016503781443e-07
2.502341997884163845e-07
2.498880343156380778e-07
2.495425047100485826e-07
2.491976436447209355e-07
2.488534356835649336e-07
2.485098628104386048e-07
2.481669059166492360e-07
2.478242768251927898e-07
2.474819274639054848e-07
2.471398524707246578e-07
2.467980762924611225e-07
2.464565793528388031e-07
2.461153551069029376e-07
2.457744312499574535e-07
2.454337904562663459e-07
2.450934307878764652e-07
2.447533926227689974e-07
2.444136550111510034e-07
2.440742297222911753e-07
2.437351117818932391e-07
2.433963051259446001e-07
2.430578053111380573e-07
2.427196160482031915e-07
2.423817646340896290e-07
2.420441549234163100e-07
2.417066722603529502e-07
2.413693101956383348e-07
2.410320727893925475e-07
2.406949572671697576e-07
2.403579697567768824e-07
2.400211080919906868e-07
2.396843652169314290e-07
2.393477569602096733e-07
2.390112893492218752e-07
2.386749981570440153e-07
2.383388959746408601e-07
2.380029715528960624e-07
2.376672272662070858e-07
2.373316717165746747e-07
2.369962958234191756e-07
2.366611008300314305e-07
2.363260974873665344e-07
2.359912543558008286e-07
2.356565129537708847e-07
2.353218759577208216e-07
2.349873401398251294e-07
2.346529178042643945e-07
2.343185990528604112e-07
2.339843880846519605e-07
2.336502767446175845e-07
2.333162861603424383e-07
2.329824229530036612e-07
2.326487960087289744e-07
2.323153789865354297e-07
2.319822001457873701e-07
2.316492329237697976e-07
2.313165101759325303e-07
2.309839993921822585e-07
2.306517254576746403e-07
2.303196839741540392e-07
2.299878691000047951e-07
2.296562467561691762e-07
2.293248182945858816e-07
2.289936014769640681e-07
2.286625787978061637e-07
2.283317551215588570e-07
2.280011204024113936e-07
2.276707150781507796e-07
2.273404949695396018e-07
2.270104994674744953e-07
2.266808188939214800e-07
2.263515321825521278e-07
2.260225846258535978e-07
2.256940221856229653e-07
2.253658114309150521e-07
2.250379776363089136e-07
2.247105263176195749e-07
2.243834347289736714e-07
2.240567197063157002e-07
2.237303661191596519e-07
2.234043944365490613e-07
2.230787652260614500e-07
2.227534889817839046e-07
2.224285981458988678e-07
2.221040646011794195e-07
2.217799018925294191e-07
2.214560798347280632e-07
2.211326799700119395e-07
2.208096609631732221e-07
2.204872498727119001e-07
2.201653732840695615e-07
2.198441083872686924e-07
2.195234083575021113e-07
2.192032845400032292e-07
2.188837470118806679e-07
2.185648004616841367e-07
2.182464624024921524e-07
2.179286882995569856e-07
2.176114545182294823e-07
2.172947694306944661e-07
2.169786098684356017e-07
2.166629641342031733e-07
2.163478678153558937e-07
2.160333083566579051e-07
2.157193024594972267e-07
2.154057940714209286e-07
2.150928888535158428e-07
2.147805552104948307e-07
2.144690333569947943e-07
2.141582411480410884e-07
2.138482775491845010e-07
2.135390745880321304e-07
2.132306418387720798e-07
2.129230145035642417e-07
2.126161905792392232e-07
2.123101666467697084e-07
2.120049119773779701e-07
2.117003524898747845e-07
2.113964963683295459e-07
2.110932656349526574e-07
2.107906728957013687e-07
2.104887750189119205e-07
2.101875319345207787e-07
2.098869557417265564e-07
2.095870384353320421e-07
2.092878259764513907e-07
2.089892985016061237e-07
2.086916458154848970e-07
2.083949309618605900e-07
2.080990773829308147e-07
2.078041470692200384e-07
2.075101179218504254e-07
2.072170161268720098e-07
2.069248556414131170e-07
2.066335631375615112e-07
2.063432201260018030e-07
2.060537691033295054e-07
2.057650056961274978e-07
2.054769640686120867e-07
2.051896601298407909e-07
2.049031139795189900e-07
2.046172608600879239e-07
2.043321839313471180e-07
2.040478186841672819e-07
2.037642413173570648e-07
2.034813510931345252e-07
2.031994026719234911e-07
2.029183274489521444e-07
2.026382239271589349e-07
2.023590978753782168e-07
2.020809111810025395e-07
2.018036803581779954e-07
2.015274079262452675e-07
2.012521395608101737e-07
2.009778337634575210e-07
2.007044808371317832e-07
2.004319316023532320e-07
2.001601626764226635e-07
1.998890584719323700e-07
1.996186842349938337e-07
1.993490584742563338e-07
1.990801818685320742e-07
1.988119824246686316e-07
1.985445906535448707e-07
1.982779004173902863e-07
1.980119612750385370e-07
1.977469087935040261e-07
1.974827096138711396e-07
1.972194572090684613e-07
1.969571034490745656e-07
1.966956716925540968e-07
1.964351618946407783e-07
1.961755394084736361e-07
1.959168918766787778e-07
1.956591638844867334e-07
1.954023396732571539e-07
1.951462470091316655e-07
1.948908531850553287e-07
1.946360459651498135e-07
1.943818948548741289e-07
1.941284051695770711e-07
1.938755751192080308e-07
1.936233652641765928e-07
1.933718456165309429e-07
1.931209844596782631e-07
1.928707424674828810e-07
1.926213131413552259e-07
1.923725886167528387e-07
1.921246688335843883e-07
1.918775570423970434e-07
1.916312169208563088e-07
1.913856313472181831e-07
1.911408940940491552e-07
1.908969490427483159e-07
1.906537791272693739e-07
1.904114154354155595e-07
1.901697565505715512e-07
1.899286016623484392e-07
1.896879669459309061e-07
1.894478628430329061e-07
1.892083035056638695e-07
1.889692375932245694e-07
1.887307289090382111e-07
1.884927588406516274e-07
1.882552838738276780e-07
1.880184107999868992e-07
1.877820398551334834e-07
1.875463153125523337e-07
1.873112334704818304e-07
1.870767490637830278e-07
1.868428917341674507e-07
1.866096999523521982e-07
1.863771341995068961e-07
1.861451730937565110e-07
1.859138855016378056e-07
1.856832481543775073e-07
1.854532313302565354e-07
1.852236485903245894e-07
1.849944995071635503e-07
1.847657167226964552e-07
1.845373363811320645e-07
1.843093646301402182e-07
1.840817944619632337e-07
1.838546218638725206e-07
1.836278410974845592e-07
1.834015028182918589e-07
1.831755475011175788e-07
1.829500331863639187e-07
1.827250028209571148e-07
1.825004421968088613e-07
1.822763652214537045e-07
1.820527555437358668e-07
1.818296515399070978e-07
1.816070327129770957e-07
1.813848891479064054e-07
1.811632264565688820e-07
1.809420860640266655e-07
1.807214003241268874e-07
1.805010328406045956e-07
1.802809778020779118e-07
1.800612023485389221e-07
1.798417216761610408e-07
1.796225453575335967e-07
1.794036661088614576e-07
1.791850816442885725e-07
1.789667879569097025e-07
1.787488175426356493e-07
1.785311390543069883e-07
1.783137723593673710e-07
1.780967922102266918e-07
1.778801671349152215e-07
1.776639040072959094e-07
1.774480043350821077e-07
1.772324909769084420e-07
1.770173429894247172e-07
1.768025408962412178e-07
1.765881452699227876e-07
1.763741198429167872e-07
1.761604569180601244e-07
1.759470743177091521e-07
1.757339380195361703e-07
1.755210179908180698e-07
1.753083357158308737e-07
1.750959044632398216e-07
1.748836879145538302e-07
1.746717208632235129e-07
1.744599988006513102e-07
1.742484976726208853e-07
1.740372520011829075e-07
1.738262542651506732e-07
1.736155482777374836e-07
1.734051523283381396e-07
1.731950787335104965e-07
1.729853160951662874e-07
1.727758654803446798e-07
1.725667160624452423e-07
1.723579064607228892e-07
1.721494138466391343e-07
1.719412162418383424e-07
1.717333646721728852e-07
1.715258065740656028e-07
1.713184617115529429e-07
1.711113392525595375e-07
1.709044367936188110e-07
1.706977386121422540e-07
1.704912721759525082e-07
1.702850250989238435e-07
1.700789917275666173e-07
1.698731783407825427e-07
1.696675927587821296e-07
1.694622349893104354e-07
1.692571017460013857e-07
1.690522828472969713e-07
1.688477781060770260e-07
1.686435571739504371e-07
1.684396417075432567e-07
1.682360391352391408e-07
1.680327440384624470e-07
1.678297498404099742e-07
1.676270787549495747e-07
1.674247011902970219e-07
1.672226371758433728e-07
1.670208817114102030e-07
1.668193325643982952e-07
1.666180218526664710e-07
1.664169483187413804e-07
1.662160878306120048e-07
1.660154735610372918e-07
1.658150922738463035e-07
1.656149364286405701e-07
1.654150158570320958e-07
1.652153312120462251e-07
1.650158956213542696e-07
1.648166977310301428e-07
1.646178202060261342e-07
1.644192942744617756e-07
1.642210765634538435e-07
1.640231880182265934e-07
1.638256310058718562e-07
1.636283908535766471e-07
1.634315021999433951e-07
1.632349488250799598e-07
1.630387020240879620e-07
1.628428200930782601e-07
1.626472513700608574e-07
1.624519427492622163e-07
1.622569159302000197e-07
1.620621306042386100e-07
1.618676129944857126e-07
1.616733699210388608e-07
1.614793692035123195e-07
1.612856557379716038e-07
1.610922080407547894e-07
1.608990134872593139e-07
1.607060905611893365e-07
1.605134534330831333e-07
1.603211637423541332e-07
1.601292152687523605e-07
1.599376414383154964e-07
1.597464517452082064e-07
1.595556255972442735e-07
1.593651761276642511e-07
1.591751026409958559e-07
1.589853743466756008e-07
1.587960565439451094e-07
1.586071120831833947e-07
1.584185314226384214e-07
1.582303083899175754e-07
1.580423581051303495e-07
1.578546980027347213e-07
1.576673553325588156e-07
1.574802803107493772e-07
1.572935166802000906e-07
1.571070540973840025e-07
1.569208781467638505e-07
1.567350037506725911e-07
1.565494163676826902e-07
1.563641673916664533e-07
1.561792100169702315e-07
1.559946314184461871e-07
1.558104451793317144e-07
1.556266623373872644e-07
1.554432825369225269e-07
1.552602891706389609e-07
1.550776791728808085e-07
1.548954938952883348e-07
1.547136873312828916e-07
1.545322935111225249e-07
1.543513173087459862e-07
1.541707239165625060e-07
1.539904949206528521e-07
1.538105630698197377e-07
1.536309285564402270e-07
1.534516294767952107e-07
1.532726083769892776e-07
1.530939133775464964e-07
1.529155354247963916e-07
1.527374603295183166e-07
1.525596996048117306e-07
1.523822318469375618e-07
1.522051260479840318e-07
1.520283235657267379e-07
1.518519082306194231e-07
1.516758796004473615e-07
1.515002526645438158e-07
1.513250546325928428e-07
1.511502347151913181e-07
1.509758351286307395e-07
1.508018423122418466e-07
1.506282276092483196e-07
1.504550598884580285e-07
1.502822865472720640e-07
1.501099116495162793e-07
1.499379499828242162e-07
1.497662540516652915e-07
1.495948739506056211e-07
1.494237918895233870e-07
1.492530070545946272e-07
1.490825417390541813e-07
1.489123548589136074e-07
1.487424877648708465e-07
1.485729397385360802e-07
1.484036925409076741e-07
1.482347464079319495e-07
1.480660980903905208e-07
1.478978277322644560e-07
1.477299394766301283e-07
1.475624440784607453e-07
1.473953183570585791e-07
1.472285926025071118e-07
1.470622711293486550e-07
1.468963150755739456e-07
1.467307856803839329e-07
1.465656524617468808e-07
1.464008871564444464e-07
1.462365582709026292e-07
1.460726052085061434e-07
1.459089791958591005e-07
1.457456276122254985e-07
1.455825396709478034e-07
1.454197589474771682e-07
1.452572283204844926e-07
1.450949923597370242e-07
1.449330369805168063e-07
1.447713683174493714e-07
1.446099815222345966e-07
1.444488632857825947e-07
1.442880365659049616e-07
1.441275081263185997e-07
1.439673218551780502e-07
1.438074596222512969e-07
1.436479524807826257e-07
1.434887944763421755e-07
1.433299775958923863e-07
1.431715342332607077e-07
1.430134168276424425e-07
1.428556867642829019e-07
1.426983052124812783e-07
1.425412532122361986e-07
1.423845931536758047e-07
1.422282700302369800e-07
1.420722375654022638e-07
1.419164466465867179e-07
1.417608900061258938e-07
1.416056043665085329e-07
1.414505403121130720e-07
1.412957406774803571e-07
1.411411756234660712e-07
1.409868781480809712e-07
1.408328286728519897e-07
1.406790222096285700e-07
1.405254665671121616e-07
1.403721573813466687e-07
1.402191541239658618e-07
1.400664463515934849e-07
1.399140521018120316e-07
1.397619428956162217e-07
1.396101599837699906e-07
1.394586834447042813e-07
1.393075016778052494e-07
1.391566540553242172e-07
1.390060979344780101e-07
1.388558719190684851e-07
1.387059588785530860e-07
1.385563477254981733e-07
1.384070364953114112e-07
1.382579131914806866e-07
1.381090147426784424e-07
1.379603203878253858e-07
1.378118366621353999e-07
1.376635853452501904e-07
1.375155291270572027e-07
1.373676982966605373e-07
1.372200673895710579e-07
1.370726633404094599e-07
1.369254841390342104e-07
1.367785261476505593e-07
1.366317834872092840e-07
1.364853095100869765e-07
1.363390906746143844e-07
1.361931577369178115e-07
1.360474983005112561e-07
1.359020993471230056e-07
1.357569897296969165e-07
1.356121436758526704e-07
1.354675840164527999e-07
1.353233019892696911e-07
1.351792738939614908e-07
1.350355523214115836e-07
1.348920943283306810e-07
1.347488610660238192e-07
1.346058013005861590e-07
1.344629207711741377e-07
1.343202353439959947e-07
1.341777173785667161e-07
1.340353979024708099e-07
1.338932426299162189e-07
1.337512877932190382e-07
1.336095034719833154e-07
1.334679246353342972e-07
1.333265240882627725e-07
1.331853130656231712e-07
1.330442904988357847e-07
1.329035020546814066e-07
1.327629396296752398e-07
1.326226158235435479e-07
1.324825343566773812e-07
1.323426748493846197e-07
1.322030667444405124e-07
1.320636834744078530e-07
1.319245506840296826e-07
1.317856554378317594e-07
1.316469805495049957e-07
1.315085715380282297e-07
1.313703857058258429e-07
1.312324135382296786e-07
1.310945883018760421e-07
1.309569392694877307e-07
1.308194512605561455e-07
1.306821257536937632e-07
1.305449784010741851e-07
1.304079841887450998e-07
1.302711670471025089e-07
1.301345032193604012e-07
1.299980186084056967e-07
1.298616925052886865e-07
1.297255561671238990e-07
1.295895817712454153e-07
1.294538204463459947e-07
1.293182638845623779e-07
1.291829317384089001e-07
1.290478083756754673e-07
1.289129118682123501e-07
1.287782358255318321e-07
1.286437678646580871e-07
1.285095399448377233e-07
1.283755080301618899e-07
1.282417260178293585e-07
1.281081510533622451e-07
1.279748068312737575e-07
1.278416747977042328e-07
1.277086937677263579e-07
1.275758994611642108e-07
1.274432402746160047e-07
1.273107635271326457e-07
1.271784265739510198e-07
1.270462657523239898e-07
1.269142522922639887e-07
1.267824106506879919e-07
1.266507341572115400e-07
1.265192234496186785e-07
1.263878716660160922e-07
1.262566866389174445e-07
1.261256719867998405e-07
1.259948755052708041e-07
1.258642842594966622e-07
1.257339206932511846e-07
1.256037722945236635e-07
1.254738354928267042e-07
1.253441297378420148e-07
1.252146244784782040e-07
1.250853591675553096e-07
1.249563024969144802e-07
1.248274752373494175e-07
1.246988685542694240e-07
1.245704761504292291e-07
1.244423039600675461e-07
1.243142761557679091e-07
1.241864319784809458e-07
1.240587213338522986e-07
1.239311904755983598e-07
1.238037988169443218e-07
1.236765831731607973e-07
1.235495125575749963e-07
1.234226151774481474e-07
1.232958770069416715e-07
1.231693072877514764e-07
1.230428929828176002e-07
1.229166470799238631e-07
1.227905669153422285e-07
1.226646994826300165e-07
1.225390329397584049e-07
1.224135877103699360e-07
1.222883529567892226e-07
1.221633289771771563e-07
1.220385277085414225e-07
1.219139275248709163e-07
1.217895624842010705e-07
1.216653887220095632e-07
1.215414578558542193e-07
1.214177226419959497e-07
1.212942282331724281e-07
1.211709331990010889e-07
1.210478112735513970e-07
1.209248545207334417e-07
1.208020479607377870e-07
1.206794219354545678e-07
1.205569421145113769e-07
1.204346400752064909e-07
1.203124859816672573e-07
1.201905095190526974e-07
1.200686831129251913e-07
1.199470343142171946e-07
1.198255375618354634e-07
1.197042185220059122e-07
1.195830582475755988e-07
1.194621036060633410e-07
1.193413546785778373e-07
1.192208297577008501e-07
1.191005062678338133e-07
1.189804080174158660e-07
1.188605126244537037e-07
1.187408436873752344e-07
1.186213826549413033e-07
1.185021478561984411e-07
1.183831304700925957e-07
1.182643224022763378e-07
1.181457471636049564e-07
1.180273748859285501e-07
1.179092273673170851e-07
1.177912205670779468e-07
1.176734024604743476e-07
1.175557191656811636e-07
1.174382223033373021e-07
1.173208645952823726e-07
1.172036909112868109e-07
1.170866608790816091e-07
1.169698123139868293e-07
1.168531120544508283e-07
1.167365905553314663e-07
1.166202230902705872e-07
1.165040387275701743e-07
1.163880108523274123e-07
1.162721905842882751e-07
1.161565691205516852e-07
1.160411683657125901e-07
1.159259666941304616e-07
1.158109880573347735e-07
1.156962087841374878e-07
1.155816548795459342e-07
1.154673041685234271e-07
1.153531797094931946e-07
1.152392666462596715e-07
1.151255657379814307e-07
1.150120886107256569e-07
1.148988192995941842e-07
1.147857640354937217e-07
1.146728472979196042e-07
1.145601094842818362e-07
1.144475015485934448e-07
1.143350683683169838e-07
1.142227691127056868e-07
1.141106418212310034e-07
1.139986531107310017e-07
1.138868336552597868e-07
1.137751573611733252e-07
1.136636476963611595e-07
1.135522856962532325e-07
1.134410877841937048e-07
1.133300419618814691e-07
1.132191696260252236e-07
1.131085018745025966e-07
1.129980254937107840e-07
1.128877440708501991e-07
1.127776646196024614e-07
1.126677705501655542e-07
1.125580920602487230e-07
1.124485920249961066e-07
1.123393128351879900e-07
1.122302078388595587e-07
1.121213303654698695e-07
1.120126228200237041e-07
1.119041479762968962e-07
1.117958559373096467e-07
1.116877404075160581e-07
1.115797498100476242e-07
1.114719148328021580e-07
1.113642069653123997e-07
1.112566542284976233e-07
1.111492308991477731e-07
1.110419620965648832e-07
1.109348251204724316e-07
1.108278419518412676e-07
1.107209931510746693e-07
1.106142981686431442e-07
1.105077414627097199e-07
1.104013421114580416e-07
1.102950776569583013e-07
1.101889924942189679e-07
1.100830778186660738e-07
1.099773537421599214e-07
1.098718000462093483e-07
1.097664421810574551e-07
1.096612525874814514e-07
1.095562625526073017e-07
1.094514363370074091e-07
1.093468159350559331e-07
1.092423553174313910e-07
1.091381068279641263e-07
1.090340187944521011e-07
1.089301426968738140e-07
1.088264336622030461e-07
1.087228825464385523e-07
1.086194467033084411e-07
1.085161509611536353e-07
1.084129716784957777e-07
1.083099328371563577e-07
1.082070117592999324e-07
1.081042313514449587e-07
1.080015701291883585e-07
1.078990496928231989e-07
1.077966499835452038e-07
1.076943910620750613e-07
1.075922545295919016e-07
1.074902598459365341e-07
1.073883931247767061e-07
1.072866788164595938e-07
1.071851333225764930e-07
1.070837535673125440e-07
1.069825376969784936e-07
1.068814934116755793e-07
1.067806080522528827e-07
1.066799014237541966e-07
1.065793484876473723e-07
1.064789818374161130e-07
1.063787642597478480e-07
1.062787394424897084e-07
1.061788591626848722e-07
1.060791744310132337e-07
1.059796432487013559e-07
1.058802785475177115e-07
1.057810108613585600e-07
1.056818819866835188e-07
1.055828499674307875e-07
1.054839540514754879e-07
1.053851587068760378e-07
1.052864950516006280e-07
1.051879378060674148e-07
1.050895078820640280e-07
1.049911901650869113e-07
1.048929954489139691e-07
1.047949186950067725e-07
1.046969606692525122e-07
1.045991263179953751e-07
1.045014121808781315e-07
1.044038512975961472e-07
1.043064326018227851e-07
1.042091740219685798e-07
1.041120577051253960e-07
1.040151032930290745e-07
1.039182916285419115e-07
1.038216475145938417e-07
1.037251416700711475e-07
1.036288100441585473e-07
1.035326112221700549e-07
1.034365909898257715e-07
1.033407002439851760e-07
1.032449908241710772e-07
1.031494221344765934e-07
1.030539950449633801e-07
1.029586605533566584e-07
1.028634518866784244e-07
1.027683350791668972e-07
1.026733462256594041e-07
1.025784519809040316e-07
1.024836839856365297e-07
1.023890135404483516e-07
1.022944645125362532e-07
1.022000192071278565e-07
1.021056905283413024e-07
1.020114717078063012e-07
1.019173647656487864e-07
1.018233737798453553e-07
1.017294955644245134e-07
1.016357621924582151e-07
1.015421632869140600e-07
1.014487158440110605e-07
1.013554031646799498e-07
1.012622444005156600e-07
1.011692229504982820e-07
1.010763607298159688e-07
1.009836279078847303e-07
1.008910585985541764e-07
1.007986154478672096e-07
1.007063408495475543e-07
1.006141891329498290e-07
1.005222082206359149e-07
1.004303578833424353e-07
1.003386552724330748e-07
1.002470383519559305e-07
1.001555486776015045e-07
1.000641443314880063e-07
9.997286024519065335e-08
9.988166828013729489e-08
9.979059108328372906e-08
9.969961277304806845e-08
9.960874377267365486e-08
9.951798039569840128e-08
9.942732090439186477e-08
9.933677406547622798e-08
9.924632776676680397e-08
9.915599822248061247e-08
9.906577101839329227e-08
9.897566795284480138e-08
9.888570977066198783e-08
9.879588096198866708e-08
9.870619644420265289e-08
9.861664226708952648e-08
9.852723299623843677e-08
9.843795523680799873e-08
9.834882280138565906e-08
9.825982325348957902e-08
9.817097121055791181e-08
9.808225326746841000e-08
9.799368797022450592e-08
9.790524769880761924e-08
9.781696859293723573e-08
9.772881582452968240e-08
9.764078959952513850e-08
9.755284815770111487e-08
9.746502204894198056e-08
9.737727833585277393e-08
9.728965510920867145e-08
9.720211679652697630e-08
9.711469291499478219e-08
9.702735963402303845e-08
9.694013463344987345e-08
9.685300760584253836e-08
9.676598274117653524e-08
9.667906319315671029e-08
9.659223972485700995e-08
9.650552888717416865e-08
9.641891251101853370e-08
9.633242465454200489e-08
9.624607115617857502e-08
9.615984555475033451e-08
9.607375479166581633e-08
9.598779047271204616e-08
9.590196335133227841e-08
9.581626201379990045e-08
9.573070005095442736e-08
9.564526340135542650e-08
9.555997257650393264e-08
9.547480293936670788e-08
9.538978775967209074e-08
9.530488573852349888e-08
9.522014060637911445e-08
9.513551589465890990e-08
9.505101895918228765e-08
9.496659997084855132e-08
9.488229741045978591e-08
9.479807521653588016e-08
9.471396615599582719e-08
9.462994124682912518e-08
