2.598648858932435236e-12
3.363724975552653356e-12
4.255901401754130264e-12
5.281861957005183983e-12
6.447923312923922539e-12
7.759654972915687018e-12
9.222031459884206982e-12
1.083966030032432836e-11
1.261676240185360131e-11
1.455712159080040600e-11
1.666385151155801777e-11
1.893982668267259353e-11
2.138770386088679631e-11
2.400960579920817966e-11
2.680711528661144312e-11
2.978167162141890005e-11
3.293508468968450941e-11
3.626683987216235702e-11
3.977865143052893010e-11
4.347034957742802573e-11
4.734169793459080875e-11
5.139255592120170068e-11
5.562232220704081322e-11
6.003050960537595849e-11
6.461633278478125481e-11
6.937813508536869671e-11
7.431435540672429355e-11
7.942370913701871796e-11
8.470368652576381420e-11
9.015441474040094792e-11
9.577140408660085222e-11
1.015528267757818878e-10
1.074981881573181248e-10
1.136013876988093611e-10
1.198639859381732387e-10
1.262783885690803598e-10
1.328464950334920630e-10
1.395607789789634509e-10
1.464206778875220100e-10
1.534226417582401665e-10
1.605619925254188425e-10
1.678357774943381241e-10
1.752418604986162481e-10
1.827750185217748749e-10
1.904303147497994129e-10
1.982067730135640799e-10
2.060988541736485674e-10
2.141041303444163538e-10
2.222171433426508524e-10
2.304334243512907704e-10
2.387513571452809921e-10
2.471641678408356948e-10
2.556694415762720091e-10
2.642638062509466554e-10
2.729407870127807791e-10
2.816987265528522323e-10
2.905330617926940636e-10
2.994375644699684211e-10
3.084110845392775602e-10
3.174490420905333955e-10
3.265443630616159172e-10
3.356966041837761310e-10
3.449011570326885057e-10
3.541509189670921512e-10
3.634455699698395839e-10
3.727803447666648762e-10
3.821498697867813330e-10
3.915515621768113726e-10
4.009828567587429863e-10
4.104380015964643876e-10
4.199121710338910827e-10
4.294053715180964763e-10
4.389121134093380402e-10
4.484285343697792697e-10
4.579509513897431470e-10
4.674788304871290223e-10
4.770053193315463794e-10
4.865282525500727532e-10
4.960449425135704347e-10
5.055547818341665815e-10
5.150506092844431955e-10
5.245308347521559517e-10
5.339937960389913584e-10
5.434390999167400936e-10
5.528592383789917490e-10
5.622514598451016284e-10
5.716179971226494685e-10
5.809571583957258971e-10
5.902633265326300296e-10
5.995323244571897237e-10
6.087667285757092082e-10
6.179623167257712909e-10
6.271215014109011507e-10
6.362375313769733676e-10
6.453065191036229633e-10
6.543345317628904961e-10
6.633159302857175989e-10
6.722511927723574032e-10
6.811382761063029447e-10
6.899718002264252881e-10
6.987586105184485657e-10
7.074930378197605630e-10
7.161751007143747783e-10
7.248055883630191865e-10
7.333779308084649135e-10
7.419011092133974297e-10
7.503667578726631108e-10
7.587798379823292114e-10
7.671373848405426704e-10
7.754386010871095372e-10
7.836871700778585997e-10
7.918773012591408703e-10
8.000154676873735901e-10
8.080941355245837407e-10
8.161236399919494156e-10
8.240945726026439576e-10
8.320172672148734948e-10
8.398817940158785467e-10
8.476963892933860550e-10
8.554552351045021025e-10
8.631679667951535287e-10
8.708269448213245610e-10
8.784413917864364367e-10
8.860023330397806793e-10
8.935170330052188574e-10
9.009812564531112135e-10
9.084058923822806419e-10
9.157824974630789231e-10
9.231223086199483736e-10
9.304158507751499172e-10
9.376702738196368552e-10
9.448798787352220574e-10
9.520567357630380828e-10
9.591949196099289928e-10
9.663024813725194361e-10
9.733771178446495942e-10
9.804192949788151541e-10
9.874305563082364544e-10
9.944108768342783350e-10
1.001367608708596870e-09
1.008296457585350264e-09
1.015206198515585183e-09
1.022092702841083507e-09
1.028959826301167178e-09
1.035807130494843843e-09
1.042636324848484807e-09
1.049451724336403310e-09
1.056252830294778157e-09
1.063045583463780684e-09
1.069828780036344000e-09
1.076604954015202016e-09
1.083375435606839414e-09
1.090140373148030741e-09
1.096901569947949630e-09
1.103661706312464459e-09
1.110424263120356603e-09
1.117190825735103003e-09
1.123963460432915749e-09
1.130743157088359999e-09
1.137532549471549344e-09
1.144329968774838174e-09
1.151135819389824854e-09
1.157956522136487796e-09
1.164791144406715562e-09
1.171643558879623603e-09
1.178516045569215075e-09
1.185407327922502019e-09
1.192323805362968059e-09
1.199260340503385019e-09
1.206217222401967084e-09
1.213203033855002828e-09
1.220212819161581329e-09
1.227251274517091410e-09
1.234323504034939271e-09
1.241423779295686857e-09
1.248560253132075503e-09
1.255731419427708148e-09
1.262931142537432790e-09
1.270170852116408010e-09
1.277446334223317191e-09
1.284754524691810215e-09
1.292108132120643289e-09
1.299500687553131591e-09
1.306930928314803302e-09
1.314410996819398440e-09
1.321930682806463484e-09
1.329489117749200955e-09
1.337098897000709816e-09
1.344748562553852240e-09
1.352437388561190142e-09
1.360179878590563267e-09
1.367965727936219719e-09
1.375793555247777277e-09
1.383677373715258759e-09
1.391607098655518232e-09
1.399579371327200256e-09
1.407607954263305658e-09
1.415683542725130054e-09
1.423798987297679142e-09
1.431967798266796769e-09
1.440187160976528415e-09
1.448446818208793527e-09
1.456756610231261954e-09
1.465121119020113810e-09
1.473526758082068239e-09
1.481978764106591444e-09
1.490486927818405911e-09
1.499035664185558847e-09
1.507624760249100187e-09
1.516267323504227033e-09
1.524952873854502998e-09
1.533675118058445593e-09
1.542444280038678904e-09
1.551261436510548803e-09
1.560114433009913161e-09
1.569007079973504332e-09
1.577948107625737049e-09
1.586924089957862755e-09
1.595932619518005969e-09
1.604982806561761828e-09
1.614070859690735673e-09
1.623186434088860138e-09
1.632333211089140562e-09
1.641518161546436082e-09
1.650730662306347041e-09
1.659968738325240892e-09
1.669237800450103753e-09
1.678536120108054355e-09
1.687854589163676036e-09
1.697194390276337181e-09
1.706559582538602761e-09
1.715942505940244067e-09
1.725339182063651874e-09
1.734751188364902527e-09
1.744179479097399157e-09
1.753617526858924465e-09
1.763064479521612512e-09
1.772520356015628513e-09
1.781983512910565271e-09
1.791449818865530348e-09
1.800918890106579574e-09
1.810388203026343912e-09
1.819855451681902780e-09
1.829318577920789226e-09
1.838776320344965416e-09
1.848222997827954384e-09
1.857657792554167109e-09
1.867080590412567157e-09
1.876488995482454509e-09
1.885875937714904266e-09
1.895243236947828156e-09
1.904591903922242437e-09
1.913918018395639582e-09
1.923211276213947533e-09
1.932476439838949788e-09
1.941715900139696875e-09
1.950924608852179141e-09
1.960088751217774487e-09
1.969213779838004485e-09
1.978302982904203960e-09
1.987351971430521659e-09
1.996345655425051533e-09
2.005290925284042340e-09
2.014194636961658532e-09
2.023052937098370585e-09
2.031846287405509943e-09
2.040578557814613425e-09
2.049262593849026665e-09
2.057896211422006572e-09
2.066458284339356102e-09
2.074944252865135248e-09
2.083369776648599027e-09
2.091734956419861747e-09
2.100024727142382700e-09
2.108224772797581841e-09
2.116356209995584294e-09
2.124423989180123166e-09
2.132419006120804891e-09
2.140314703299416124e-09
2.148124669242878009e-09
2.155865893168714701e-09
2.163535360031650170e-09
2.171106056518361840e-09
2.178570676439634716e-09
2.185953643451371780e-09
2.193256065995876323e-09
2.200465860451092727e-09
2.207557095962998044e-09
2.214551228694794057e-09
2.221465160936685398e-09
2.228295782700504887e-09
2.235013386575084444e-09
2.241609570974493646e-09
2.248117166657357246e-09
2.254540261554993954e-09
2.260868127737244140e-09
2.267069123443753397e-09
2.273154006817225755e-09
2.279148141758644216e-09
2.285049272538703677e-09
2.290838278089576859e-09
2.296491811968300458e-09
2.302040260378498372e-09
2.307499515377769409e-09
2.312866735277882362e-09
2.318112468441243909e-09
2.323224310136110642e-09
2.328238204408530689e-09
2.333162268718879020e-09
2.337991114341420109e-09
2.342693602246901110e-09
2.347265838413798022e-09
2.351742559305875749e-09
2.356126988816810201e-09
2.360412920426910292e-09
2.364570134518005699e-09
2.368600618086775643e-09
2.372541115698095627e-09
2.376394137913746412e-09
2.380153167997306560e-09
2.383788342498959929e-09
2.387302188303698911e-09
2.390730012127585378e-09
2.394074410334726684e-09
2.397329996384468850e-09
2.400469688987969903e-09
2.403492252416495491e-09
2.406431637369695724e-09
2.409291480862355265e-09
2.412068373377006109e-09
2.414738579742446728e-09
2.417296210124423875e-09
2.419773420112879697e-09
2.422178130564902886e-09
2.424508745094251057e-09
2.426747901483425874e-09
2.428884334185574480e-09
2.430942519904331537e-09
2.432937508521288044e-09
2.434867991972844610e-09
2.436724495073088959e-09
2.438491096114375592e-09
2.440178817255718159e-09
2.441811645212354277e-09
2.443389296118344093e-09
2.444908567022182910e-09
2.446354079090094618e-09
2.447724588545320460e-09
2.449043286625104370e-09
2.450314796367858894e-09
2.451538118423119433e-09
2.452706684077638526e-09
2.453813850509277954e-09
2.454871537967357973e-09
2.455895146833592188e-09
2.456884060817520581e-09
2.457836727234540386e-09
2.458745898903466167e-09
2.459611231749615051e-09
2.460449807164188596e-09
2.461265955406255689e-09
2.462059273111856287e-09
2.462827807656082227e-09
2.463568578700763010e-09
2.464284751937429419e-09
2.464986102535616891e-09
2.465672835849757825e-09
2.466344789962036568e-09
2.467004338655676572e-09
2.467652622743564471e-09
2.468294938155765304e-09
2.468936840636159320e-09
2.469578401892212433e-09
2.470220008326456890e-09
2.470866286162982506e-09
2.471518616952290066e-09
2.472180402504564922e-09
2.472853688840742658e-09
2.473538612550077817e-09
2.474236790084787976e-09
2.474956691482279784e-09
2.475699984522561150e-09
2.476463422595758814e-09
2.477245885106403213e-09
2.478047589107768618e-09
2.478871510941056135e-09
2.479730909272353408e-09
2.480628353303685164e-09
2.481558892445284938e-09
2.482520899687312599e-09
2.483514790536076601e-09
2.484543136135296075e-09
2.485620854234008138e-09
2.486751221324704497e-09
2.487926595278050084e-09
2.489142168145777771e-09
2.490399088518366373e-09
2.491698754085635714e-09
2.493058321753921132e-09
2.494484572946622629e-09
2.495968192567531416e-09
2.497498094116706765e-09
2.499074901337683860e-09
2.500699451522488461e-09
2.502386919313316852e-09
2.504150050666254172e-09
2.505984852030375570e-09
2.507874765936549166e-09
2.509819546352121696e-09
2.511819928616657488e-09
2.513883439563967900e-09
2.516030144303811886e-09
2.518261176342030554e-09
2.520557218683587398e-09
2.522911816791174672e-09
2.525326129012419897e-09
2.527801736838229282e-09
2.530359725470879029e-09
2.533009530386202665e-09
2.535741652313709664e-09
2.538535571419438745e-09
2.541391370606696191e-09
2.544310108082535111e-09
2.547300214006617615e-09
2.550382779806539839e-09
2.553559605173110102e-09
2.556809116538240237e-09
2.560122125740593312e-09
2.563499704622349365e-09
2.566942821228889688e-09
2.570468223710196264e-09
2.574088123077518490e-09
2.577798837419129625e-09
2.581573898112872024e-09
2.585410380215648163e-09
2.589309377409640644e-09
2.593273291262147804e-09
2.597322649828231705e-09
2.601465144504334658e-09
2.605691402105684157e-09
2.609977890798094902e-09
2.614324506654960345e-09
2.618732372018733172e-09
2.623204868206343401e-09
2.627760047358682486e-09
2.632402065928859437e-09
2.637119394180637053e-09
2.641892195258779960e-09
2.646720947420390555e-09
2.651606498893721854e-09
2.656552337421091533e-09
2.661574035032133719e-09
2.666674644697357948e-09
2.671841948958440591e-09
2.677055915287141644e-09
2.682316852218111827e-09
2.687625480806752435e-09
2.692984405329979736e-09
2.698407042850687769e-09
2.703896433704852379e-09
2.709444916827564758e-09
2.715033715301401440e-09
2.720662928244706626e-09
2.726332918105242112e-09
2.732044785996631997e-09
2.737806192707946408e-09
2.743620303097788267e-09
2.749483825545759583e-09
2.755379225169619808e-09
2.761304647424351687e-09
2.767260566029226250e-09
2.773247396733941573e-09
2.779268091654494432e-09
2.785325544120607585e-09
2.791419647414826241e-09
2.797536210262950491e-09
2.803669511633715403e-09
2.809819781052670434e-09
2.815987221370057527e-09
2.822171926068440431e-09
2.828373666076594918e-09
2.834592636510437674e-09
2.840825023828689575e-09
2.847062613010312633e-09
2.853305294492918611e-09
2.859553149854702712e-09
2.865806176807819020e-09
2.872059870146020276e-09
2.878311582745313364e-09
2.884560887405955652e-09
2.890803467687898599e-09
2.897037529211597320e-09
2.903262793076223882e-09
2.909479308662466521e-09
2.915685274018714019e-09
2.921870829936315094e-09
2.928034495037894525e-09
2.934175809569233333e-09
2.940295334349998447e-09
2.946392707462473412e-09
2.952467702036740695e-09
2.958520098834444476e-09
2.964543240343637441e-09
2.970523717825289873e-09
2.976460151946434071e-09
2.982355223797187733e-09
2.988214566637753434e-09
2.994038016051532344e-09
2.999824860886303994e-09
3.005574655634151139e-09
3.011276969373797716e-09
3.016917410079345441e-09
3.022495259886478389e-09
3.028016823795014852e-09
3.033490335420824393e-09
3.038915334928559397e-09
3.044291494382854794e-09
3.049617434396656436e-09
3.054880518825064326e-09
3.060064120584615717e-09
3.065167126138088427e-09
3.070199295651510062e-09
3.075174358773479981e-09
3.080092021783554598e-09
3.084951071831456243e-09
3.089751178553350744e-09
3.094479568036002941e-09
3.099114166273477544e-09
3.103653503084240530e-09
3.108105230684700801e-09
3.112489036181669086e-09
3.116804392748646465e-09
3.121051083359402508e-09
3.125227828610607082e-09
3.129327705827375827e-09
3.133325253234362336e-09
3.137217269984014411e-09
3.141007036041157987e-09
3.144719995776203903e-09
3.148360391363459126e-09
3.151926257300093419e-09
3.155417915355647302e-09
3.158831942090869291e-09
3.162144238750985677e-09
3.165343829896631428e-09
3.168430131829682929e-09
3.171426398922189212e-09
3.174349255980584559e-09
3.177197083280436977e-09
3.179969663281696667e-09
3.182665900365895142e-09
3.185273467517729884e-09
3.187769574532803338e-09
3.190151697733434871e-09
3.192424733266234941e-09
3.194619074490430678e-09
3.196738041519023125e-09
3.198779356766479469e-09
3.200743261424738676e-09
3.202628096226958683e-09
3.204412612192482276e-09
3.206087302305677456e-09
3.207650049568307050e-09
3.209118619367119805e-09
3.210516700883834188e-09
3.211843701036373231e-09
3.213099534179261569e-09
3.214281610752433807e-09
3.215387858795220101e-09
3.216396278556610933e-09
3.217301904080954107e-09
3.218103414351008872e-09
3.218826790996909915e-09
3.219487494284596017e-09
3.220085177353945408e-09
3.220618135013535213e-09
3.221086634633018935e-09
3.221486008866578945e-09
3.221798415665706945e-09
3.222021691577538776e-09
3.222155354077572492e-09
3.222222804587380028e-09
3.222236068364613366e-09
3.222194185822970621e-09
3.222095810200186411e-09
3.221941235487134895e-09
3.221727163540624152e-09
3.221441166166322712e-09
3.221081734813955687e-09
3.220647772420952751e-09
3.220160707187958802e-09
3.219632340991266422e-09
3.219062651379700312e-09
3.218450928125912713e-09
3.217796390328136800e-09
3.217098115816894585e-09
3.216348419610365626e-09
3.215544900974179038e-09
3.214686968454252694e-09
3.213786811324597795e-09
3.212859160596285127e-09
3.211903807696754728e-09
3.210920594802514119e-09
3.209909098786510589e-09
3.208869173902697820e-09
3.207798521228541933e-09
3.206696356227684194e-09
3.205562340066392746e-09
3.204399224357763716e-09
3.203221188493262137e-09
3.202029357784672178e-09
3.200823782580825019e-09
3.199604246996707481e-09
3.198370585431234906e-09
3.197123437394065334e-09
3.195865581087064429e-09
3.194597035445806341e-09
3.193317462950853665e-09
3.192034399473820016e-09
3.190752486518142543e-09
3.189471789117051761e-09
3.188192324502406448e-09
3.186914081267429799e-09
3.185637196791035645e-09
3.184368243772621730e-09
3.183111245764720872e-09
3.181866266183386611e-09
3.180633798051250135e-09
3.179416399201419423e-09
3.178214490759759057e-09
3.177028281655797550e-09
3.175857958292168416e-09
3.174703615498181396e-09
3.173566897331643636e-09
3.172459140424882064e-09
3.171383194276173255e-09
3.170339371119661668e-09
3.169326783876988067e-09
3.168342575358820439e-09
3.167386631854360924e-09
3.166459250096653171e-09
3.165560789845374693e-09
3.164691513164323664e-09
3.163854478048616921e-09
3.163063621086011248e-09
3.162321147467678629e-09
3.161627505779040687e-09
3.160979426661573619e-09
3.160367920780169203e-09
3.159793084143216553e-09
3.159255294683351473e-09
3.158755070686864020e-09
3.158292700746826521e-09
3.157871882362605336e-09
3.157510612307064027e-09
3.157212443977742212e-09
3.156977564983394969e-09
3.156802054481157010e-09
3.156672766650359978e-09
3.156589474442602269e-09
3.156552460793541267e-09
3.156562200574485191e-09
3.156619171420545419e-09
3.156725289470089099e-09
3.156897466467585813e-09
3.157140953402889943e-09
3.157456606828117178e-09
3.157842821227277613e-09
3.158282677197297351e-09
3.158773516391299474e-09
3.159315846770520755e-09
3.159910158707369395e-09
3.160556982781925323e-09
3.161256898857600858e-09
3.162021637205987037e-09
3.162862163682378214e-09
3.163779410781304003e-09
3.164774036958814878e-09
3.165829370218278800e-09
3.166933367210214954e-09
3.168086641688440539e-09
3.169289465024986146e-09
3.170542343385427502e-09
3.171845785953348923e-09
3.173203555867111493e-09
3.174633369587101367e-09
3.176138244311223344e-09
3.177719003442170418e-09
3.179372854569635663e-09
3.181078707785844897e-09
3.182833620585915866e-09
3.184638082363296787e-09
3.186492586627395201e-09
3.188397686387831842e-09
3.190354005507132651e-09
3.192368365930067679e-09
3.194451426188811885e-09
3.196604289295415192e-09
3.198827228666366137e-09
3.201111904958119049e-09
3.203441118076518746e-09
3.205814651168409107e-09
3.208232927101229727e-09
3.210696373669672066e-09
3.213205707553564978e-09
3.215761121115839446e-09
3.218370034050980412e-09
3.221038538529663698e-09
3.223767164996753327e-09
3.226557005025071295e-09
3.229395156008711251e-09
3.232265872047175290e-09
3.235169446914993858e-09
3.238106095712930193e-09
3.241076105427697105e-09
3.244080176199568932e-09
3.247118543503574730e-09
3.250196562672639362e-09
3.253318542001431942e-09
3.256484913378967105e-09
3.259696480974890108e-09
3.262944524165083284e-09
3.266216951247015075e-09
3.269513860516920926e-09
3.272835456842457299e-09
3.276182119319112571e-09
3.279553848363351089e-09
3.282950838636765963e-09
3.286374466502992583e-09
3.289826109677822088e-09
3.293306099011864590e-09
3.296814772332848950e-09
3.300348721123902466e-09
3.303896387026377084e-09
3.307457160148209917e-09
3.311031162599783262e-09
3.314618457321192586e-09
3.318219145080411841e-09
3.321833386037455692e-09
3.325460958049539908e-09
3.329099551252494832e-09
3.332749113128634126e-09
3.336409586124846284e-09
3.340080700464642368e-09
3.343754300784047986e-09
3.347427380459006453e-09
3.351099759333839921e-09
3.354771627391686126e-09
3.358442885568286486e-09
3.362113585429410786e-09
3.365783513166956158e-09
3.369446702073972956e-09
3.373099134309430580e-09
3.376740499716093228e-09
3.380370897823360926e-09
3.383989342088377073e-09
3.387594015123334368e-09
3.391184169987181631e-09
3.394760169403518926e-09
3.398321751806140643e-09
3.401868728618149590e-09
3.405400788416693021e-09
3.408916586143219688e-09
3.412405036314608902e-09
3.415863111970399049e-09
3.419290816604556782e-09
3.422688286005861559e-09
3.426056180225906746e-09
3.429397219913446085e-09
3.432710600493189083e-09
3.435995964320228184e-09
3.439253507651699393e-09
3.442482711330525560e-09
3.445683703616689213e-09
3.448851864776442933e-09
3.451974063105612298e-09
3.455048086176293044e-09
3.458073337136601629e-09
3.461049630000368470e-09
3.463983640279423624e-09
3.466881085646280865e-09
3.469741343092975783e-09
3.472563862249294007e-09
3.475348799705562195e-09
3.478095586567045583e-09
3.480804206326641191e-09
3.483469714960645062e-09
3.486077070716620477e-09
3.488622612868399465e-09
3.491105844104315135e-09
3.493527038554794783e-09
3.495893595410250151e-09
3.498215887222145560e-09
3.500493178905122520e-09
3.502725017492778036e-09
3.504911514602775332e-09
3.507051749201447221e-09
3.509145244210769854e-09
3.511190972279858381e-09
3.513173249620793089e-09
3.515087213166073796e-09
3.516932559654453574e-09
3.518709061383088679e-09
3.520420517841666133e-09
3.522084488326931098e-09
3.523702229428659681e-09
3.525272557773546184e-09
3.526794899988520273e-09
3.528269597903688306e-09
3.529696279330367407e-09
3.531073354821573877e-09
3.532393205250826957e-09
3.533643339775765605e-09
3.534823807733809067e-09
3.535933515848420805e-09
3.536973129888103270e-09
3.537960452688881059e-09
3.538903307525544941e-09
3.539802112500540737e-09
3.540655692326448041e-09
3.541464355370249716e-09
3.542228133326451229e-09
3.542944760265091820e-09
3.543614913772505747e-09
3.544225544977513280e-09
3.544772526368523103e-09
3.545256075382821884e-09
3.545674973323415072e-09
3.546032986238502341e-09
3.546349146418843960e-09
3.546625279478757357e-09
3.546861147947432629e-09
3.547057558861082145e-09
3.547212207369326098e-09
3.547326390410235922e-09
3.547399933923646730e-09
3.547428732524625902e-09
3.547406679628529267e-09
3.547331362931951040e-09
3.547202233086904168e-09
3.547019553395761994e-09
3.546787495753239371e-09
3.546524502423890305e-09
3.546231793613713845e-09
3.545908601071702004e-09
3.545555155735052475e-09
3.545170750718944342e-09
3.544755398679545792e-09
3.544309348186151255e-09
3.543829768367767679e-09
3.543313366365422732e-09
3.542758715769532369e-09
3.542164986010984978e-09
3.541532752664158004e-09
3.540865082453678671e-09
3.540177062250679662e-09
3.539469966996380690e-09
3.538743628996561222e-09
3.537998293137247099e-09
3.537233101990125779e-09
3.536448541151795478e-09
3.535643977402821571e-09
3.534819551946009663e-09
3.533974836618883944e-09
3.533108828706817648e-09
3.532222208419324593e-09
3.531314514898829019e-09
3.530386218830366573e-09
3.529447320960731095e-09
3.528500746995635137e-09
3.527546310884006459e-09
3.526583923172700999e-09
3.525613716421553613e-09
3.524635207824812675e-09
3.523648743988394941e-09
3.522654036281366787e-09
3.521653079575356703e-09
3.520648106158717469e-09
3.519638395495274022e-09
3.518624545388826458e-09
3.517606135860138449e-09
3.516586656517501961e-09
3.515570570709864012e-09
3.514558116827500352e-09
3.513549230442945099e-09
3.512544011983430038e-09
3.511542443394985153e-09
3.510544580548641903e-09
3.509550441790433718e-09
3.508560733091125844e-09
3.507581851775657511e-09
3.506614883813521389e-09
3.505660530799909040e-09
3.504718304639441141e-09
3.503788670765385284e-09
3.502871985859915018e-09
3.501968571925140137e-09
3.501078668687264927e-09
3.500202090538723681e-09
3.499339381846164313e-09
3.498490122008359475e-09
3.497655018710605173e-09
3.496833512517841762e-09
3.496028567223274637e-09
3.495247619618032445e-09
3.494492420358386777e-09
3.493762584740111408e-09
3.493058535235816082e-09
3.492380329404020414e-09
3.491724321229999607e-09
3.491089527340346699e-09
3.490476224299367850e-09
3.489884257517924943e-09
3.489314297058963411e-09
3.488765841532718750e-09
3.488239866632357870e-09
3.487735613187943617e-09
3.487256558643784643e-09
3.486810492649289298e-09
3.486399584709564467e-09
3.486023444657679850e-09
3.485682532399294238e-09
3.485377039940369647e-09
3.485099576863273712e-09
3.484847226121491020e-09
3.484620632443998614e-09
3.484419244843997558e-09
3.484244424411185667e-09
3.484095210818280932e-09
3.483972595892359959e-09
3.483876200619063001e-09
3.483807266416991724e-09
3.483776622362882341e-09
3.483786039903736196e-09
3.483836470448023797e-09
3.483928081254571302e-09
3.484061270865556141e-09
3.484229851272284459e-09
3.484426350002970619e-09
3.484650485084690418e-09
3.484903223548708333e-09
3.485184155359532559e-09
3.485493960575236274e-09
3.485832512907278424e-09
3.486199810619492516e-09
3.486596831546858846e-09
3.487027637775612832e-09
3.487499768357636421e-09
3.488012470429440612e-09
3.488566747984790619e-09
3.489162408133415412e-09
3.489798651419281116e-09
3.490464481852976040e-09
3.491157427211711980e-09
3.491878023897946787e-09
3.492625473037073078e-09
3.493401279190510162e-09
3.494204600512176182e-09
3.495036110588731119e-09
3.495896003151486853e-09
3.496784111555493603e-09
3.497707952615097674e-09
3.498668148640551107e-09
3.499666212679394801e-09
3.500701575647593709e-09
3.501774932282211406e-09
3.502883273971524174e-09
3.504013481681046458e-09
3.505165132278317027e-09
3.506338060746381355e-09
3.507532869375488511e-09
3.508749598159669324e-09
3.509987755428446700e-09
3.511249015078976004e-09
3.512532001218171812e-09
3.513837853823288011e-09
3.515171010549629384e-09
3.516532080937699197e-09
3.517921834577138439e-09
3.519340081325254921e-09
3.520787131682731487e-09
3.522260209889693914e-09
3.523748999709215872e-09
3.525253029098697031e-09
3.526772287603277550e-09
3.528306913112985334e-09
3.529857400849055453e-09
3.531423213695093367e-09
3.533005136063058944e-09
3.534602768015351666e-09
3.536216112624067390e-09
3.537846266037718291e-09
3.539492514429522360e-09
3.541155585859041832e-09
3.542835379266237273e-09
3.544531920231171580e-09
3.546244191617136237e-09
3.547964494423171064e-09
3.549691332295436025e-09
3.551424937114933618e-09
3.553165154281708275e-09
3.554911958989130826e-09
3.556665823512372119e-09
3.558426362065481986e-09
3.560193815899894775e-09
3.561968202753175233e-09
3.563747974608357689e-09
3.565531883183304385e-09
3.567319174630158643e-09
3.569110295811695858e-09
3.570905157761548734e-09
3.572703821064358870e-09
3.574502431670997359e-09
3.576297960549501206e-09
3.578090350071038793e-09
3.579879400027478592e-09
3.581665283930010533e-09
3.583447883116245932e-09
3.585227226224820374e-09
3.587003202103212904e-09
3.588775883343198033e-09
3.590545015436817121e-09
3.592305184205375077e-09
3.594055051118523518e-09
3.595794661213829775e-09
3.597523693265320179e-09
3.599242011846592345e-09
3.600949853016806703e-09
3.602646499379492411e-09
3.604332369034390414e-09
3.606006668212630917e-09
3.607669742990085336e-09
3.609321555398250760e-09
3.610962100580187745e-09
3.612590719822937165e-09
3.614207981123402437e-09
3.615813878897184261e-09
3.617406462174411920e-09
3.618979406765487547e-09
3.620531578929293811e-09
3.622062508356693232e-09
3.623572254472178889e-09
3.625060180327072867e-09
3.626527376409768755e-09
3.627976132199351699e-09
3.629407687970500403e-09
3.630821397574476603e-09
3.632217105232245766e-09
3.633595175271063837e-09
3.634955536186288349e-09
3.636297010648744999e-09
3.637620655345664529e-09
3.638926267251025393e-09
3.640212179306870186e-09
3.641470900324888128e-09
3.642701556818578335e-09
3.643903207628803053e-09
3.645075631843238574e-09
3.646219261870127835e-09
3.647333274623182698e-09
3.648424593840080607e-09
3.649494967391654260e-09
3.650544656384377585e-09
3.651573020732573326e-09
3.652579910636435687e-09
3.653565605689096452e-09
3.654530413738311009e-09
3.655472414216053323e-09
3.656393266364827323e-09
3.657291988817824349e-09
3.658163219362357468e-09
3.659002014718407723e-09
3.659808443783663584e-09
3.660582642463190797e-09
3.661324432396971733e-09
3.662032875203194958e-09
3.662713276907113158e-09
3.663371489601638250e-09
3.664008184444961113e-09
3.664622785692332394e-09
3.665215752508430765e-09
3.665786659962429068e-09
3.666334544673880296e-09
3.666860517748832235e-09
3.667363992560394722e-09
3.667844863118572819e-09
3.668301217568625317e-09
3.668728081436326067e-09
3.669124563646346027e-09
3.669489701245519162e-09
3.669823440869709763e-09
3.670126552330312706e-09
3.670397397489254613e-09
3.670645946399417094e-09
3.670874510382592324e-09
3.671084238004921396e-09
3.671274489659389589e-09
3.671445079495043642e-09
3.671595531042329214e-09
3.671726485709330177e-09
3.671837595995003304e-09
3.671928690759838507e-09
3.671998934883370065e-09
3.672047904811264707e-09
3.672071625406240205e-09
3.672069196949994282e-09
3.672040783594103307e-09
3.671986225519294775e-09
3.671905385011321215e-09
3.671798285035177291e-09
3.671674138082871448e-09
3.671535336299889023e-09
3.671382564347036387e-09
3.671215339145427703e-09
3.671033602893155388e-09
3.670836905301083691e-09
3.670625829972685260e-09
3.670399916739981238e-09
3.670159557397898010e-09
3.669903365987909572e-09
3.669632279071827765e-09
3.669344815769870347e-09
3.669040974640640357e-09
3.668720199050742196e-09
3.668382553781905421e-09
3.668028266417985084e-09
3.667656884368478424e-09
3.667274320995128991e-09
3.666884431850660845e-09
3.666486801999374159e-09
3.666081867224489419e-09
3.665669323918608184e-09
3.665249334754049393e-09
3.664821441044795671e-09
3.664385920052865135e-09
3.663942698526630957e-09
3.663491777555929238e-09
3.663033072877187021e-09
3.662567306914185674e-09
3.662095233195674622e-09
3.661616701356645894e-09
3.661131606042618321e-09
3.660639687309970960e-09
3.660141324711221060e-09
3.659637612523499636e-09
3.659133516678119509e-09
3.658629377647624006e-09
3.658125306324920969e-09
3.657621169766163973e-09
3.657116937350458916e-09
3.656612746094341729e-09
3.656108481927341119e-09
3.655604207846342640e-09
3.655099901765251706e-09
3.654595578517205476e-09
3.654092171967818932e-09
3.653592461070755311e-09
3.653096698078579287e-09
3.652604830084183195e-09
3.652117025571446437e-09
3.651633207372902667e-09
3.651153356953215692e-09
3.650678444659133399e-09
3.650209364692165889e-09
3.649746013323121127e-09
3.649288545103276344e-09
3.648836972523835925e-09
3.648391296109436694e-09
3.647951538624953924e-09
3.647517666036655080e-09
3.647090051666328132e-09
3.646668512710776708e-09
3.646252959232785277e-09
3.645845576582009820e-09
3.645450228854087311e-09
3.645067254871932569e-09
3.644696644218545811e-09
3.644338668841976425e-09
3.643993161529370472e-09
3.643660136532438619e-09
3.643339171492150878e-09
3.643029170917142094e-09
3.642730010292898178e-09
3.642441985835939772e-09
3.642165075508851040e-09
3.641899364397315349e-09
3.641644862461304438e-09
3.641401562223402942e-09
3.641169455819479046e-09
3.640949304985859793e-09
3.640740619717922988e-09
3.640544497965251613e-09
3.640365149198938874e-09
3.640202961130403369e-09
3.640058011851984980e-09
3.639930500552290728e-09
3.639820403652447917e-09
3.639728223645579486e-09
3.639652252241123688e-09
3.639589101383012446e-09
3.639538747224646133e-09
3.639501346272517893e-09
3.639476866223652749e-09
3.639465373019929192e-09
3.639467201100576195e-09
3.639482011777894848e-09
3.639509958199626306e-09
3.639551398256769738e-09
3.639606029456102178e-09
3.639674086969770574e-09
3.639759392197776933e-09
3.639863321866134129e-09
3.639985737238366542e-09
3.640126977472722220e-09
3.640286956196265945e-09
3.640465892239003420e-09
3.640664169264001869e-09
3.640876189721464020e-09
3.641099541467538128e-09
3.641334503335445001e-09
3.641581132204921909e-09
3.641839373300184493e-09
3.642109216504411027e-09
3.642390869954767924e-09
3.642684284294906737e-09
3.642989460717427108e-09
3.643306546169088812e-09
3.643636166397320868e-09
3.643978089453513238e-09
3.644335071188414120e-09
3.644707654865314645e-09
3.645095775053450399e-09
3.645499554882728596e-09
3.645919326912884068e-09
3.646355023820135916e-09
3.646806150683427124e-09
3.647267778874687774e-09
3.647738784345045344e-09
3.648219007678170171e-09
3.648708429773525127e-09
3.649207080540771678e-09
3.649715096882864342e-09
3.650232534938560684e-09
3.650759348039594475e-09
3.651295583992745554e-09
3.651841474151676786e-09
3.652397259729962047e-09
3.652962721986836842e-09
3.653538796899982880e-09
3.654125741511296328e-09
3.654723593516144644e-09
3.655332311614315533e-09
3.655952029174232337e-09
3.656583125924191905e-09
3.657225118333688052e-09
3.657873769799292014e-09
3.658527345298344858e-09
3.659185935519859692e-09
3.659849644585153106e-09
3.660518358988955154e-09
3.661192109268326426e-09
3.661870928999971414e-09
3.662554869195276839e-09
3.663243997207770666e-09
3.663938262653465712e-09
3.664637691555930579e-09
3.665342274969309926e-09
3.666051576161170767e-09
3.666765160900566104e-09
3.667483012891327737e-09
3.668205152166978903e-09
3.668931647535966447e-09
3.669662518628871185e-09
3.670397782407121326e-09
3.671135878681654895e-09
3.671874276262220307e-09
3.672612860050707535e-09
3.673351630980103932e-09
3.674090576218462120e-09
3.674829696566256772e-09
3.675568972003486573e-09
3.676308420546260241e-09
3.677048077883347758e-09
3.677787945880722587e-09
3.678527993333359253e-09
3.679268221052550711e-09
3.680008084349835669e-09
3.680745317254689672e-09
3.681479737680557509e-09
3.682211300573646287e-09
3.682939990673537872e-09
3.683665786494495026e-09
3.684388690762462093e-09
3.685108725479698904e-09
3.685824946228375618e-09
3.686536847854329265e-09
3.687244407925313334e-09
3.687947603952292467e-09
3.688646413373213182e-09
3.689340809580376745e-09
3.690030728687179241e-09
3.690716191646609752e-09
3.691397175631593158e-09
3.692073657742037863e-09
3.692745615015654083e-09
3.693413024427951771e-09
3.694074815018355022e-09
3.694728347975918004e-09
3.695373423222315746e-09
3.696009997172194918e-09
3.696638021061449779e-09
3.697257421538394840e-09
3.697868155853307859e-09
3.698470175658547440e-09
3.699064303726701332e-09
3.699650968972044990e-09
3.700230132785154047e-09
3.700801756456545057e-09
3.701365801152336124e-09
3.701922227922360302e-09
3.702470997710982221e-09
3.703012053468092700e-09
3.703545269702922134e-09
3.704070706840557666e-09
3.704588325338588815e-09
3.705098085535615169e-09
3.705599516616792455e-09
3.706089080412547238e-09
3.706566390187716438e-09
3.707031419875462464e-09
3.707484045126235029e-09
3.707924270412960769e-09
3.708352032216822603e-09
3.708767211421108684e-09
3.709171161662438769e-09
3.709566170486317826e-09
3.709952331542976633e-09
3.710329599232352221e-09
3.710697927778600777e-09
3.711057271284184089e-09
3.711407560545827117e-09
3.711748742231845686e-09
3.712080797777156121e-09
3.712403680697386023e-09
3.712717344413511200e-09
3.713021742181545724e-09
3.713316811045167737e-09
3.713600759250718038e-09
3.713871892031885692e-09
3.714130176482635147e-09
3.714375547299304907e-09
3.714607864182327166e-09
3.714827046875914988e-09
3.715033137824202387e-09
3.715226104388881156e-09
3.715409145805733381e-09
3.715583779094931637e-09
3.715749960917215441e-09
3.715907647825150179e-09
3.716056796227974413e-09
3.716197326500004798e-09
3.716329196783941921e-09
3.716452400616485575e-09
3.716566893925507730e-09
3.716672632482029129e-09
3.716769571943489930e-09
3.716857667829410333e-09
3.716936801956065016e-09
3.717005661797743338e-09
3.717063476577612363e-09
3.717110204765593746e-09
3.717145800328934611e-09
3.717170235967631961e-09
3.717183463693717419e-09
3.717185471170131707e-09
3.717176291646357835e-09
3.717159627183932074e-09
3.717136961323677112e-09
3.717108263209423453e-09
3.717073501893055509e-09
3.717032639081552941e-09
3.716985590208459858e-09
3.716932386743822960e-09
3.716872997377149588e-09
3.716807390703294873e-09
3.716735535219760581e-09
3.716657399323987331e-09
3.716572951332287522e-09
3.716482155304389806e-09
3.716384795268743847e-09
3.716280676834187520e-09
3.716169774431475384e-09
3.716052054097187739e-09
3.715927481757026283e-09
3.715796023133871340e-09
3.715657642479457137e-09
3.715512123273258795e-09
3.715361848214607627e-09
3.715208886365154824e-09
3.715053235512775409e-09
3.714894881922281722e-09
3.714733811798991964e-09
3.714570011307660226e-09
3.714403466591405277e-09
3.714234163725738346e-09
3.714062081487239779e-09
3.713887213074572086e-09
3.713709544701166042e-09
3.713529062264048393e-09
3.713345751671063752e-09
3.713159718763470057e-09
3.712971597415145314e-09
3.712781439129660699e-09
3.712589202752836866e-09
3.712394878184078472e-09
3.712198451085137697e-09
3.711999908859341732e-09
3.711799306631331327e-09
3.711596736285424525e-09
3.711394147214880418e-09
3.711191996296531761e-09
3.710990285834450032e-09
3.710789018130003069e-09
3.710588206496504839e-09
3.710387879537435754e-09
3.710188001569434353e-09
3.709988574923614717e-09
3.709789601944613261e-09
3.709591084993291961e-09
3.709393026406174245e-09
3.709195428571165105e-09
3.708998312681936714e-09
3.708802205278330615e-09
3.708608096243024955e-09
3.708416053394688729e-09
3.708226198478623519e-09
3.708038454154286604e-09
3.707852806948809147e-09
3.707669268371731911e-09
3.707487861623324132e-09
3.707308696587786596e-09
3.707132079944612771e-09
3.706958059159840334e-09
3.706786647571122627e-09
3.706617858586424999e-09
3.706451731496657804e-09
3.706288346492705317e-09
3.706127623164634254e-09
3.705969575071851020e-09
3.705814215814327783e-09
3.705661559046122328e-09
3.705511632205156372e-09
3.705364487114110004e-09
3.705220084525341449e-09
3.705078990204699531e-09
3.704943083455153579e-09
3.704812727835935160e-09
3.704687729672524546e-09
3.704568165675359627e-09
3.704454060967473189e-09
3.704345489165574839e-09
3.704242401602912618e-09
3.704144794847719306e-09
3.704051985015323414e-09
3.703963717833042109e-09
3.703880183227223043e-09
3.703801233493899517e-09
3.703726868449178528e-09
3.703657101857994392e-09
3.703591985145493708e-09
3.703531597347819925e-09
3.703475877515250320e-09
3.703424849332125184e-09
3.703378536526055042e-09
3.703336966042777565e-09
3.703300382633103100e-09
3.703268698352893327e-09
3.703242910143073358e-09
3.703223619177013146e-09
3.703210840450107946e-09
3.703204602500933857e-09
3.703204965816777868e-09
3.703212023604364637e-09
3.703225744196231710e-09
3.703246093428839996e-09
3.703272699540787173e-09
3.703304186484841883e-09
3.703340521411759071e-09
3.703381537763126938e-09
3.703427259399067446e-09
3.703477769230999868e-09
3.703533142922794158e-09
3.703593292776404018e-09
3.703658254012753519e-09
3.703728106901151931e-09
3.703802879268942301e-09
3.703882532631098712e-09
3.703967081855913915e-09
3.704056551520150616e-09
3.704151057635974100e-09
3.704251358783783279e-09
3.704357461305182722e-09
3.704469552568244004e-09
3.704587527502436794e-09
3.704711400781343797e-09
3.704841253747884408e-09
3.704977151613774452e-09
3.705119036111964488e-09
3.705266081408588782e-09
3.705416096950899981e-09
3.705568991784863757e-09
3.705724660737185819e-09
3.705883091138176886e-09
3.706044348561929854e-09
3.706208442600629629e-09
3.706375339761405231e-09
3.706545116478855047e-09
3.706717751402457331e-09
3.706893252463951024e-09
3.707071612488804108e-09
3.707252845812559524e-09
3.707437005953498916e-09
3.707624195047977134e-09
3.707814498370979067e-09
3.708007953712523557e-09
3.708204573915375434e-09
3.708404405453090469e-09
3.708607439647539838e-09
3.708813692540686734e-09
3.709023177105102547e-09
3.709235942745814476e-09
3.709451903373839796e-09
3.709669409463258351e-09
3.709888084403841365e-09
3.710107957375086807e-09
3.710329049359730002e-09
3.710551336635570602e-09
3.710774820081508272e-09
3.710999512594394704e-09
3.711225409349741987e-09
3.711452568125118330e-09
3.711680986091816258e-09
3.711910635619908064e-09
3.712141512855752008e-09
3.712373623948948321e-09
3.712606994952812673e-09
3.712841395671127491e-09
3.713076036697072263e-09
3.713310840427787094e-09
3.713545927940609093e-09
3.713781236495561771e-09
3.714016774549020063e-09
3.714252625171958110e-09
3.714488681795658537e-09
3.714724917252629783e-09
3.714961091208198466e-09
3.715196511072522502e-09
3.715431098296233551e-09
3.715664886234282633e-09
3.715897847700248159e-09
3.716129858904371015e-09
3.716361061931063421e-09
3.716591452412864683e-09
3.716820952138445813e-09
3.717049614869476009e-09
3.717277446690651191e-09
3.717504383323242887e-09
3.717730410734590263e-09
3.717955594920658255e-09
3.718179924047388669e-09
3.718402832127180035e-09
3.718623597268999553e-09
3.718841899858641593e-09
3.719057891683578988e-09
3.719271562518818774e-09
3.719482888260851845e-09
3.719691976741307640e-09
3.719898640451491398e-09
3.720102867765577306e-09
3.720304723665414311e-09
3.720503932016681281e-09
3.720700371520288873e-09
3.720894205673369662e-09
3.721085285344081912e-09
3.721273606922173092e-09
3.721459236357633852e-09
3.721642140314443613e-09
3.721822321810611374e-09
3.721999786138470952e-09
3.722174334661093925e-09
3.722346058849038457e-09
3.722515059702849428e-09
3.722681275296547769e-09
3.722844610211283021e-09
3.723005023922980666e-09
3.723161283921034325e-09
3.723313354952067564e-09
3.723461252376557592e-09
3.723605000206067012e-09
3.723744576876432766e-09
3.723879825545827652e-09
3.724010947233676564e-09
3.724137749628430500e-09
3.724260259892172085e-09
3.724379623997609919e-09
3.724495966342971800e-09
3.724609232214672389e-09
3.724719604959474079e-09
3.724826968056801568e-09
3.724931262720379183e-09
3.725032526510358890e-09
3.725130609507944960e-09
3.725225727292563172e-09
3.725317742366310592e-09
3.725406664648593609e-09
3.725492577653893726e-09
3.725575351724099207e-09
3.725654768369948168e-09
3.725731132015540111e-09
3.725803809411692513e-09
3.725872229416390045e-09
3.725936221704120040e-09
3.725995834636044989e-09
3.726051053089667131e-09
3.726101883628345334e-09
3.726148263452609385e-09
3.726190091564618043e-09
3.726227561747065168e-09
3.726260881517829796e-09
3.726291181483734798e-09
3.726318901798163754e-09
3.726343855934087178e-09
3.726366024739585552e-09
3.726385560732295617e-09
3.726402358536100877e-09
3.726416351243684368e-09
3.726427513431834425e-09
3.726435886219574393e-09
3.726441533585453448e-09
3.726444321025239517e-09
3.726444380595765542e-09
3.726441680753967109e-09
3.726435849854726950e-09
3.726427261103549223e-09
3.726415543950562520e-09
3.726400354618557969e-09
3.726381604673915191e-09
3.726359279456575053e-09
3.726333418433226271e-09
3.726303936263980881e-09
3.726270848330949762e-09
3.726234144985157094e-09
3.726194004010602122e-09
3.726150092485172942e-09
3.726104020608724183e-09
3.726055980974052046e-09
3.726005826445095647e-09
3.725953743167577370e-09
3.725899650523332377e-09
3.725843394612821938e-09
3.725785102955048044e-09
3.725724779157558760e-09
3.725662374423796808e-09
3.725597911572724737e-09
3.725531453895996804e-09
3.725462737669368870e-09
3.725391908663226627e-09
3.725319054075318929e-09
3.725244030309525829e-09
3.725166954649038072e-09
3.725087992797704274e-09
3.725007016030401293e-09
3.724924073259971868e-09
3.724839193922823035e-09
3.724752458407253167e-09
3.724663715701925557e-09
3.724572973427584466e-09
3.724480332633451041e-09
3.724385563999504567e-09
3.724289537009868010e-09
3.724192987285353311e-09
3.724095867551929198e-09
3.723998224061397555e-09
3.723900130617065046e-09
3.723801482283616004e-09
3.723702347663970190e-09
3.723602699404038161e-09
3.723502448910647149e-09
3.723401734674181166e-09
3.723300489860340135e-09
3.723198710542466667e-09
3.723096420126357910e-09
3.722993587244730294e-09
3.722890185241207160e-09
3.722786261968540976e-09
3.722681939923831730e-09
3.722577434359283300e-09
3.722472835152616253e-09
3.722368046417135045e-09
3.722263031687932744e-09
3.722157885986325907e-09
3.722052611097158539e-09
3.721947149705298994e-09
3.721841567346979285e-09
3.721735735115887732e-09
3.721630220189520983e-09
3.721525305741516695e-09
3.721421076830516046e-09
3.721317484568014843e-09
3.721214585622814753e-09
3.721112353197915103e-09
3.721010771302735094e-09
3.720909851373798187e-09
3.720809629302697810e-09
3.720710101243906448e-09
3.720611229537212234e-09
3.720513045349780173e-09
3.720415499649778422e-09
3.720318734440488500e-09
3.720222626532508226e-09
3.720127203347534583e-09
3.720032548894936344e-09
3.719939176017227451e-09
3.719847024932947514e-09
3.719756120421681444e-09
3.719666417697363695e-09
3.719578030681727730e-09
3.719490882118065582e-09
3.719405002900406392e-09
3.719320341909191790e-09
3.719237062176412905e-09
3.719154889888046472e-09
3.719073822415504823e-09
3.718993677942663730e-09
3.718914628723208757e-09
3.718836536185626844e-09
3.718759447871675367e-09
3.718683393804596785e-09
3.718608404697232118e-09
3.718534416952338463e-09
3.718461452772295871e-09
3.718389470037486517e-09
3.718318625267925055e-09
3.718248806451119649e-09
3.718180013984603373e-09
3.718112257928407873e-09
3.718045524944878564e-09
3.717979980337627344e-09
3.717915772121616006e-09
3.717853161798146673e-09
3.717792238525593872e-09
3.717732994131534334e-09
3.717675421463069707e-09
3.717619465195440678e-09
3.717565239069192173e-09
3.717512677399355594e-09
3.717461815095859916e-09
3.717412610085060360e-09
3.717364958894674366e-09
3.717318431087900473e-09
3.717273220707045242e-09
3.717229169157888176e-09
3.717186417251111981e-09
3.717144833770924152e-09
3.717104491054893778e-09
3.717065425765343543e-09
3.717027626995792847e-09
3.716991066502435952e-09
3.716955719297453911e-09
3.716921659560052384e-09
3.716888947888393650e-09
3.716857435399433290e-09
3.716827219075111468e-09
3.716798207899194007e-09
3.716770645513724300e-09
3.716744442817119559e-09
3.716719740200893264e-09
3.716696545072148773e-09
3.716674934498292945e-09
3.716654883267049718e-09
3.716636361601269896e-09
3.716619350062377414e-09
3.716603963264410414e-09
3.716590067995795542e-09
3.716577842286624477e-09
3.716566869359562063e-09
3.716556844950062427e-09
3.716547729072208554e-09
3.716539512469148768e-09
3.716532188152948935e-09
3.716525740506221955e-09
3.716520270645797758e-09
3.716515704103110499e-09
3.716512052590523972e-09
3.716509280497693604e-09
3.716507475676810801e-09
3.716506634715037957e-09
3.716506686729723209e-09
3.716507670573678895e-09
3.716509555972162010e-09
3.716512501705989694e-09
3.716516324560910167e-09
3.716521097458624304e-09
3.716526686446578216e-09
3.716533214987309951e-09
3.716540632956445856e-09
3.716548892655378569e-09
3.716558044557336893e-09
3.716568060396880183e-09
3.716579038121387490e-09
3.716590878788293805e-09
3.716603579977242184e-09
3.716617216186545957e-09
3.716631194899328671e-09
3.716645337477030792e-09
3.716659639625208098e-09
3.716674154548442671e-09
3.716688808624617211e-09
3.716703647037332408e-09
3.716718632242661445e-09
3.716733844017729548e-09
3.716749191422023068e-09
3.716764728430851275e-09
3.716780422495147170e-09
3.716796320123622941e-09
3.716812383994105243e-09
3.716828625810845297e-09
3.716845042401687757e-09
3.716861634440005620e-09
3.716878426635073446e-09
3.716895214054331287e-09
3.716911795183465323e-09
3.716928110462767809e-09
3.716944263878340260e-09
3.716960209689495277e-09
3.716975876808053087e-09
3.716991326397378555e-09
3.717006598678663262e-09
3.717021613304173358e-09
3.717036411138727180e-09
3.717050963881727663e-09
3.717065103565818411e-09
3.717078680961803081e-09
3.717091773526508619e-09
3.717104366986591103e-09
3.717116390188967683e-09
3.717127922689010113e-09
3.717138928684367000e-09
3.717149417718545741e-09
3.717159342247084907e-09
3.717168761361847159e-09
3.717177683689579342e-09
3.717186007559067635e-09
3.717193830631035372e-09
3.717201104073768445e-09
3.717207883149827977e-09
3.717214038352545354e-09
3.717219696754711155e-09
3.717224741957443234e-09
3.717228699946700197e-09
3.717231663058419609e-09
3.717233653365174135e-09
3.717234583039109678e-09
3.717234451569112163e-09
3.717233327157862569e-09
3.717231133819677563e-09
3.717227933055959708e-09
3.717223626181053058e-09
3.717218330042755225e-09
3.717211974496690414e-09
3.717204693176304432e-09
3.717196478566321029e-09
3.717187235045067126e-09
3.717177102168425113e-09
3.717165978741140479e-09
3.717153873441341633e-09
3.717140796185730913e-09
3.717126785232172241e-09
3.717111777670317632e-09
3.717095731880847536e-09
3.717078737130307301e-09
3.717060828939800706e-09
3.717041794961550630e-09
3.717021835203570036e-09
3.717000849262967752e-09
3.716978944214165881e-09
3.716955880233605942e-09
3.716931673850026238e-09
3.716906072805454400e-09
3.716879001087163254e-09
3.716850453924751336e-09
3.716820526193502670e-09
3.716789117560837264e-09
3.716756264951394147e-09
3.716721957447876916e-09
3.716686164653848997e-09
3.716648901524140707e-09
3.716610213604729400e-09
3.716570257467012118e-09
3.716529422793848518e-09
3.716487528648014455e-09
3.716444680408331715e-09
3.716400872763536866e-09
3.716356072880610000e-09
3.716310264412001353e-09
3.716263456314383719e-09
3.716215704174835238e-09
3.716166932810852131e-09
3.716117101100707415e-09
3.716066297859326916e-09
3.716014579971857666e-09
3.715961671103860794e-09
3.715907840666743284e-09
3.715852983189737258e-09
3.715797128728536715e-09
3.715740157933858466e-09
3.715682103460237104e-09
3.715622788572946618e-09
3.715562094212064418e-09
3.715500105490317712e-09
3.715436842557515615e-09
3.715372244991274625e-09
3.715306326048119036e-09
3.715239048830452425e-09
3.715170487293022095e-09
3.715100572140605677e-09
3.715029271681402997e-09
3.714956905075294453e-09
3.714883690230116678e-09
3.714809775193283413e-09
3.714735078356852386e-09
3.714659655932596805e-09
3.714583452144137008e-09
3.714506471799735342e-09
3.714428785727956813e-09
3.714350297022581368e-09
3.714271015465095854e-09
3.714190980968401637e-09
3.714110228772352818e-09
3.714028589790010245e-09
3.713946229901002548e-09
3.713863122900572590e-09
3.713779168496704904e-09
3.713694445955409815e-09
3.713608929899449114e-09
3.713522676527074505e-09
3.713435462651638286e-09
3.713347459350451523e-09
3.713258606476971047e-09
3.713168861186824472e-09
3.713078228923786260e-09
3.712986770726821995e-09
3.712894415226504704e-09
3.712801181106907168e-09
3.712707060501193931e-09
3.712612068631921830e-09
3.712516188732373528e-09
3.712419702913391944e-09
3.712322880870337381e-09
3.712225657177854358e-09
3.712128078036363605e-09
3.712030161856802039e-09
3.711931833191644657e-09
3.711833149756261062e-09
3.711734100695553044e-09
3.711634682913087025e-09
3.711534867415962921e-09
3.711434689206055380e-09
3.711334172286814432e-09
3.711233203393653221e-09
3.711131893200430164e-09
3.711030211199831744e-09
3.710928131938898813e-09
3.710825665602060637e-09
3.710722817497875771e-09
3.710619639641030293e-09
3.710516186128527046e-09
3.710412589536426860e-09
3.710308900992400678e-09
3.710205016234508308e-09
3.710100941877488945e-09
3.709996782864771241e-09
3.709892459354326073e-09
3.709787903659996298e-09
3.709683274010919218e-09
3.709578454056891026e-09
3.709473447859784601e-09
3.709368469879441725e-09
3.709263634643361731e-09
3.709158968624028688e-09
