5.393131346989569532e-08
5.801206807694197031e-08
6.192935087021245113e-08
6.568824435635055668e-08
6.929355770010804759e-08
7.275009506534824790e-08
7.606257584785162222e-08
7.923554585197343845e-08
8.227343214178226787e-08
8.518046949675073681e-08
8.796069849358713421e-08
9.061803493877420114e-08
9.315629426393856159e-08
9.557911919581939944e-08
9.789000291822027526e-08
1.000923948312730857e-07
1.021894847689066101e-07
1.041843078107663220e-07
1.060800135899494895e-07
1.078795695963180990e-07
1.095857190980599844e-07
1.112012200697223871e-07
1.127286931188368708e-07
1.141707091850604468e-07
1.155297425269180405e-07
1.168080447420576100e-07
1.180079978063652504e-07
1.191317685993380305e-07
1.201814222207174679e-07
1.211593643755961439e-07
1.220672003583632698e-07
1.229072391517725514e-07
1.236812861839564576e-07
1.243912197225829944e-07
1.250390576796375123e-07
1.256264161480966861e-07
1.261552946617449547e-07
1.266271824383797955e-07
1.270439590904147513e-07
1.274072293290422907e-07
1.277184757851544989e-07
1.279795156774540919e-07
1.281916362507280957e-07
1.283567492406592973e-07
1.284756955921522603e-07
1.285506529168490613e-07
1.285825922228841565e-07
1.285729465374920477e-07
1.285234649182834607e-07
1.284348562046042813e-07
1.283089539042784275e-07
1.281468659918828895e-07
1.279497375586184171e-07
1.277192198942720350e-07
1.274560685644127630e-07
1.271616719263435621e-07
1.268374332784541886e-07
1.264840612064160720e-07
1.261030375820487511e-07
1.256955788198624800e-07
1.252623163529172652e-07
1.248047001298947873e-07
1.243238930694413271e-07
1.238205034102501687e-07
1.232957552732723162e-07
1.227511508047319101e-07
1.221870848151282018e-07
1.216043993645666859e-07
1.210048863169887669e-07
1.203890261227838532e-07
1.197573209499736300e-07
1.191110756183662332e-07
1.184517292688443966e-07
1.177793155593832747e-07
1.170947148458805842e-07
1.163991898780958486e-07
1.156936868273661684e-07
1.149782985224019401e-07
1.142540564848483855e-07
1.135220707915123908e-07
1.127830441650032479e-07
1.120370679110998633e-07
1.112852224042493906e-07
1.105283336149249283e-07
1.097671241952947413e-07
1.090016950342150531e-07
1.082329321043702271e-07
1.074617112946100335e-07
1.066885887421322158e-07
1.059137681077139739e-07
1.051376693505354021e-07
1.043614392070945610e-07
1.035854809675745947e-07
1.028100331439742724e-07
1.020353526476664516e-07
1.012622122577117182e-07
1.004914431952477931e-07
9.972316505686865586e-08
9.895750084052437706e-08
9.819465977503007180e-08
9.743560615776469061e-08
9.668098497704510519e-08
9.593063111814351892e-08
9.518462900060657405e-08
9.444325292042714277e-08
9.370728948891765707e-08
9.297739565729738463e-08
9.225336687695367457e-08
9.153502165759784239e-08
9.082280383916852969e-08
9.011708823488045004e-08
8.941859291847569353e-08
8.872741156216057973e-08
8.804300755335898979e-08
8.736574893459990355e-08
8.669581290206436402e-08
8.603379424025174538e-08
8.537984778552021199e-08
8.473392696630756663e-08
8.409557890062691079e-08
8.346532543099146095e-08
8.284323709680687492e-08
8.222975708230506099e-08
8.162483053667043716e-08
8.102840820521304156e-08
8.044006246515867554e-08
7.986031232149922521e-08
7.928912183816971857e-08
7.872685043499505315e-08
7.817323013747659241e-08
7.762839896964566459e-08
7.709180379747704624e-08
7.656381086365859816e-08
7.604448598144197658e-08
7.553403402756914649e-08
7.503215993813146070e-08
7.453888134214110029e-08
7.405394710486880883e-08
7.357714229367291043e-08
7.310890027618763014e-08
7.264907388478802906e-08
7.219783530628906526e-08
7.175463561777253061e-08
7.131960433691689601e-08
7.089236497334250765e-08
7.047285620255947776e-08
7.006141464626005356e-08
6.965787178359250490e-08
6.926234849763570142e-08
6.887417064112768803e-08
6.849342259192585265e-08
6.811985610589550082e-08
6.775324310951390153e-08
6.739394395335619501e-08
6.704175980022849897e-08
6.669680649827972023e-08
6.635852261907266951e-08
6.602663010360178504e-08
6.570125673112952748e-08
6.538196035871401607e-08
6.506887309617423948e-08
6.476205430610700524e-08
6.446133475214405940e-08
6.416677687819285700e-08
6.387761960499619984e-08
6.359380941293878132e-08
6.331539531217741891e-08
6.304200844588337672e-08
6.277377363380585002e-08
6.251059494208047898e-08
6.225230089084585568e-08
6.199893650200813589e-08
6.174986467800756569e-08
6.150497124956612932e-08
6.126432520090125924e-08
6.102758324107577264e-08
6.079476718747066351e-08
6.056588478514079632e-08
6.034058571400967953e-08
6.011892297298341677e-08
5.990061678094151891e-08
5.968526190926395686e-08
5.947292077209788154e-08
5.926345378321487260e-08
5.905667358075208869e-08
5.885262892202800514e-08
5.865109045070040371e-08
5.845185941263954252e-08
5.825496764333257516e-08
5.806006847146782960e-08
5.786693298848010685e-08
5.767559300661576314e-08
5.748590280070230099e-08
5.729771693707592784e-08
5.711106252608590434e-08
5.692573321132561532e-08
5.674150542488839950e-08
5.655839390837486699e-08
5.637622476675540627e-08
5.619472770523516868e-08
5.601390932238874877e-08
5.583371683478695950e-08
5.565397377617078425e-08
5.547467405863716677e-08
5.529576844503537853e-08
5.511697745058767881e-08
5.493825918456530797e-08
5.475959526689296323e-08
5.458075593191662906e-08
5.440166013504778702e-08
5.422230406595173728e-08
5.404259111634457600e-08
5.386245019039576877e-08
5.368187721997051343e-08
5.350079966021140265e-08
5.331902582761177273e-08
5.313653186891087589e-08
5.295330062090145544e-08
5.276917827476498581e-08
5.258413469464580993e-08
5.239815555965995039e-08
5.221118355593415227e-08
5.202318957137582147e-08
5.183417832882858278e-08
5.164413075931630387e-08
5.145290619584946322e-08
5.126049187580247236e-08
5.106688008938284545e-08
5.087200666342367573e-08
5.067583758496392554e-08
5.047839706220258042e-08
5.027967201799086622e-08
5.007959851956570852e-08
4.987827011301286800e-08
4.967568341136290985e-08
4.947181152420165601e-08
4.926658283238639711e-08
4.906004618726222134e-08
4.885218842233426048e-08
4.864297409351876286e-08
4.843243725229757465e-08
4.822064500464485221e-08
4.800757943167685219e-08
4.779321040177242714e-08
4.757766583498712630e-08
4.736098727065511327e-08
4.714316122041363212e-08
4.692415243026900637e-08
4.670404721032323490e-08
4.648286467490974088e-08
4.626059563628034342e-08
4.603723334410655453e-08
4.581293677882777064e-08
4.558772870079665652e-08
4.536159849344750421e-08
4.513456827870273945e-08
4.490682154387316410e-08
4.467838009956913337e-08
4.444923727185824458e-08
4.421939678392113209e-08
4.398899155431325470e-08
4.375804120953378633e-08
4.352653853501070072e-08
4.329450516077520057e-08
4.306213517372740254e-08
4.282947087774664333e-08
4.259650887948658734e-08
4.236326405152163764e-08
4.212993045016343357e-08
4.189657402590778424e-08
4.166319438718988697e-08
4.142979639726892989e-08
4.119649038097728568e-08
4.096335058793470076e-08
4.073037848838687189e-08
4.049757679568639256e-08
4.026505645088772943e-08
4.003299650227034517e-08
3.980140115541138729e-08
3.957027830484288176e-08
3.933967316776237132e-08
3.910977558463308071e-08
3.888060777286650384e-08
3.865217976539386214e-08
3.842449586536752080e-08
3.819769229884943330e-08
3.797180273714261886e-08
3.774683228509726751e-08
3.752278860594386843e-08
3.729974669370747178e-08
3.707791409890898546e-08
3.685729496001341602e-08
3.663790344347475272e-08
3.641974308132873401e-08
3.620298061990199905e-08
3.598764238352105628e-08
3.577372320709645298e-08
3.556123632652715035e-08
3.535021873410967678e-08
3.514081149995671656e-08
3.493295091837289084e-08
3.472666274629505612e-08
3.452194206227451516e-08
3.431890814488705846e-08
3.411771014834138468e-08
3.391832274769505050e-08
3.372074608097405989e-08
3.352501550823948064e-08
3.333123758908719026e-08
3.313940493056730960e-08
3.294946770255509272e-08
3.276145310167010596e-08
3.257536324541927859e-08
3.239135242320678552e-08
3.220932550971812510e-08
3.202926750291818008e-08
3.185120159212456215e-08
3.167512262100799216e-08
3.150125623978916516e-08
3.132952630327264696e-08
3.115993580788513408e-08
3.099250586518300648e-08
3.082723214457466372e-08
3.066427482656023088e-08
3.050343741753708499e-08
3.034470119060136423e-08
3.018808738665038699e-08
3.003360237626527171e-08
2.988136686371904523e-08
2.973126724061359778e-08
2.958324407823077779e-08
2.943730802749472891e-08
2.929350061327983590e-08
2.915190787531700067e-08
2.901255480222530129e-08
2.887533498173004500e-08
2.874028176905927454e-08
2.860740339734428590e-08
2.847675019463698503e-08
2.834829701625114982e-08
2.822183389531298076e-08
2.809736952208752931e-08
2.797490988273795170e-08
2.785448923464855727e-08
2.773621339013596338e-08
2.761984652335116397e-08
2.750539494069946223e-08
2.739286311579380633e-08
2.728227648659300320e-08
2.717371090031704956e-08
2.706709745156906458e-08
2.696235353914872662e-08
2.685946980822746266e-08
2.675847183133329585e-08
2.665938286673612478e-08
2.656222466766710173e-08
2.646669604648237598e-08
2.637280176127752849e-08
2.628053924296622691e-08
2.618992883763654456e-08
2.610102675841942579e-08
2.601374637627833187e-08
2.592794283587345726e-08
2.584363620278418358e-08
2.576083272756325559e-08
2.567954260850373642e-08
2.559983027737863992e-08
2.552151350199156034e-08
2.544453259536879817e-08
2.536890476563318646e-08
2.529463343907634115e-08
2.522173914151994407e-08
2.515021091633474214e-08
2.507978488703334122e-08
2.501044316936540170e-08
2.494220168471293702e-08
2.487506274714233125e-08
2.480903592771709570e-08
2.474410574334282020e-08
2.468008648369257040e-08
2.461698407088239663e-08
2.455479811725112697e-08
2.449353530385997208e-08
2.443320861907194419e-08
2.437376302922085755e-08
2.431503704830630377e-08
2.425702805370698669e-08
2.419973886721291910e-08
2.414317420816626364e-08
2.408734288908374478e-08
2.403216904254247198e-08
2.397747643803967714e-08
2.392326424994405702e-08
2.386953726143064698e-08
2.381629677365570862e-08
2.376354503895462582e-08
2.371124067279644700e-08
2.365924443680684937e-08
2.360754992086597753e-08
2.355615866776791342e-08
2.350507255645093692e-08
2.345429360261622709e-08
2.340379193040985311e-08
2.335342636669279277e-08
2.330317441984648782e-08
2.325303805238274956e-08
2.320301760905738786e-08
2.315311377714135559e-08
2.310331314940193672e-08
2.305349723004867350e-08
2.300362073148466653e-08
2.295368290961512901e-08
2.290368265373088573e-08
2.285362107494676126e-08
2.280349481996618917e-08
2.275323621911244266e-08
2.270278599636027906e-08
2.265214150953732667e-08
2.260130125844516922e-08
2.255026458491025535e-08
2.249903075650766236e-08
2.244757401026658205e-08
2.239581569341754151e-08
2.234374515524980971e-08
2.229136298168056080e-08
2.223866640937068349e-08
2.218565462920237739e-08
2.213232556325724648e-08
2.207861788139393962e-08
2.202451979275385430e-08
2.197002520229651704e-08
2.191513730663675506e-08
2.185985196333462808e-08
2.180416484569240568e-08
2.174806776633726528e-08
2.169150896545517632e-08
2.163451758985996998e-08
2.157708349570030233e-08
2.151920730058941969e-08
2.146088863775064078e-08
2.140212490505491109e-08
2.134289417549581722e-08
2.128318371019728412e-08
2.122301886538522959e-08
2.116240750515110220e-08
2.110133957086499869e-08
2.103981208277419846e-08
2.097782782425130007e-08
2.091536784065654960e-08
2.085243649524161595e-08
2.078907940468148880e-08
2.072529311742609593e-08
2.066107403603684398e-08
2.059641666825631542e-08
2.053132506712243906e-08
2.046578400159134336e-08
2.039982314793663410e-08
2.033348646163294987e-08
2.026678009853458649e-08
2.019969323674942475e-08
2.013222998445872724e-08
2.006438840223464655e-08
1.999615628703332290e-08
1.992756812219072579e-08
1.985869213072423300e-08
1.978951830330870342e-08
1.972005331123435946e-08
1.965029134090628405e-08
1.958022951067239941e-08
1.950986994115992550e-08
1.943922989748526677e-08
1.936839039240537735e-08
1.929735212005680920e-08
1.922611812824095775e-08
1.915468479244147229e-08
1.908305473164782977e-08
1.901122101418873652e-08
1.893920414673730497e-08
1.886709536515913616e-08
1.879491654271077815e-08
1.872266659338845908e-08
1.865034564464218251e-08
1.857795406974679513e-08
1.850549095263484100e-08
1.843295843389986029e-08
1.836042099287940644e-08
1.828792785861304034e-08
1.821548256659213015e-08
1.814308260175665263e-08
1.807073120161476293e-08
1.799842616445519242e-08
1.792616943591510247e-08
1.785398570173493788e-08
1.778195122261366311e-08
1.771007919350645339e-08
1.763836856580289819e-08
1.756682413318455016e-08
1.749544183278260436e-08
1.742422834876466553e-08
1.735317917615225472e-08
1.728236930772832772e-08
1.721185432074262961e-08
1.714163351399415512e-08
1.707171326578658088e-08
1.700208983014515265e-08
1.693277000695243282e-08
1.686374908990708537e-08
1.679503970627866837e-08
1.672670899889752512e-08
1.665875885000105602e-08
1.659118707699595948e-08
1.652400097302103440e-08
1.645719509425111530e-08
1.639078241905290214e-08
1.632475030314801821e-08
1.625912314067241587e-08
1.619396966076584207e-08
1.612927979649399652e-08
1.606505057225776334e-08
1.600129110647402233e-08
1.593799401984600007e-08
1.587517636454750699e-08
1.581282405161599167e-08
1.575095929229995616e-08
1.568966087725012074e-08
1.562890665913075515e-08
1.556869276049022096e-08
1.550902740858716269e-08
1.544991209407615215e-08
1.539134419479183513e-08
1.533333804077656736e-08
1.527588164151383839e-08
1.521904784226641882e-08
1.516278691697765187e-08
1.510708248379823077e-08
1.505193249843829099e-08
1.499734624027016289e-08
1.494332474207342630e-08
1.488986846357289722e-08
1.483698413321656478e-08
1.478470440268401062e-08
1.473304562720719287e-08
1.468195926718661924e-08
1.463144946885493583e-08
1.458151690252936711e-08
1.453216739374634032e-08
1.448340825651500023e-08
1.443522763948725952e-08
1.438765637511561049e-08
1.434073536018925050e-08
1.429438990203321560e-08
1.424861655635412363e-08
1.420342192365125300e-08
1.415881200679192795e-08
1.411477714937696286e-08
1.407133602722594375e-08
1.402847999871749858e-08
1.398623778761725182e-08
1.394458271148871760e-08
1.390344002364145565e-08
1.386281633546160092e-08
1.382272064972370204e-08
1.378314333257305012e-08
1.374410355890294620e-08
1.370559030288212444e-08
1.366760685138909758e-08
1.363020223394208611e-08
1.359329052000770700e-08
1.355685149031650349e-08
1.352089416958688511e-08
1.348541434793614653e-08
1.345041800143683314e-08
1.341591052948408903e-08
1.338188009702247254e-08
1.334835115999272073e-08
1.331532666566681852e-08
1.328272627481019570e-08
1.325053531924535761e-08
1.321875309330865957e-08
1.318738201250471951e-08
1.315643008275759245e-08
1.312589448320478653e-08
1.309577064003919938e-08
1.306608004110332597e-08
1.303680671936346844e-08
1.300786401859399222e-08
1.297924015567729912e-08
1.295093395268520124e-08
1.292294775518411299e-08
1.289528623927103575e-08
1.286795198594560523e-08
1.284093714527596784e-08
1.281425468830529726e-08
1.278790354240376051e-08
1.276180910116975987e-08
1.273595541659466885e-08
1.271035049282857095e-08
1.268499243278087319e-08
1.265987789532705455e-08
1.263501496389394028e-08
1.261040109614663262e-08
1.258603412266393347e-08
1.256192306509690120e-08
1.253799834218634256e-08
1.251423082611082412e-08
1.249062159027334460e-08
1.246717427639362624e-08
1.244388866413548653e-08
1.242076223335157602e-08
1.239779724520230311e-08
1.237499945580155592e-08
1.235236076841573742e-08
1.232984737333780286e-08
1.230740964031093538e-08
1.228504687191310436e-08
1.226276105798732659e-08
1.224054869706574416e-08
1.221841282304592174e-08
1.219635554472656197e-08
1.217437292421600702e-08
1.215246745815586304e-08
1.213062584059845400e-08
1.210880204427635191e-08
1.208698480601684834e-08
1.206517299227346610e-08
1.204336848665598924e-08
1.202156989676881110e-08
1.199977846851194934e-08
1.197799374513421951e-08
1.195621527920204777e-08
1.193444095843926417e-08
1.191264495970685267e-08
1.189079354879834804e-08
1.186888724033316690e-08
1.184692287120647853e-08
1.182490178478093897e-08
1.180282444773753959e-08
1.178069036336011284e-08
1.175849696176508967e-08
1.173624561710717260e-08
1.171393358337552610e-08
1.169153134288203314e-08
1.166903207184067962e-08
1.164643262682799128e-08
1.162373259632872712e-08
1.160093329150968852e-08
1.157803416332759324e-08
1.155503359377117186e-08
1.153193058350011716e-08
1.150872560436835991e-08
1.148541587988792579e-08
1.146198128638232012e-08
1.143842926689432849e-08
1.141475804916186068e-08
1.139096610730039169e-08
1.136705505871404036e-08
1.134302413729773641e-08
1.131887390853199891e-08
1.129460041828521578e-08
1.127020360450469630e-08
1.124568448706178408e-08
1.122103295403918723e-08
1.119626069445840790e-08
1.117137293437120005e-08
1.114636767757137730e-08
1.112124260155349353e-08
1.109599899700997559e-08
1.107063636546334023e-08
1.104515498900690904e-08
1.101955410754946293e-08
1.099383083388754958e-08
1.096798160014154394e-08
1.094202855435805530e-08
1.091597994164752656e-08
1.088983007984295579e-08
1.086358330414615188e-08
1.083723785435548336e-08
1.081079284507353161e-08
1.078424680168566678e-08
1.075760123793497410e-08
1.073085583867738615e-08
1.070401097396852815e-08
1.067708216257588407e-08
1.065009272581565263e-08
1.062304100161670637e-08
1.059592681889642250e-08
1.056875146325287061e-08
1.054151217428616029e-08
1.051421123563078358e-08
1.048684731432042125e-08
1.045942058470373603e-08
1.043192965760119950e-08
1.040438427923198311e-08
1.037681264774782365e-08
1.034922365682435078e-08
1.032161726111006394e-08
1.029399142491397195e-08
1.026634829565584025e-08
1.023868725537285766e-08
1.021100832470450065e-08
1.018331145501395705e-08
1.015559507673321102e-08
1.012786246103435256e-08
1.010013037085566224e-08
1.007242261756995795e-08
1.004474168341548069e-08
1.001708748926562200e-08
9.989460861688219031e-09
9.961861599766477670e-09
9.934289572051555133e-09
9.906745210315104840e-09
9.879228147569514484e-09
9.851738759467857752e-09
9.824279713213570690e-09
9.796879030634833622e-09
9.769553702847533667e-09
9.742305535967451109e-09
9.715134772703770613e-09
9.688041424614604161e-09
9.661025890388351140e-09
9.634088252297470610e-09
9.607229350538510215e-09
9.580448711200837307e-09
9.553747474235371653e-09
9.527126981019701265e-09
9.500611337500135808e-09
9.474206647703638950e-09
9.447912704064290658e-09
9.421730141500534682e-09
9.395660416645665992e-09
9.369703020557125818e-09
9.343858150001329549e-09
9.318126320297819456e-09
9.292507669109467237e-09
9.267003618680609231e-09
9.241614019556914106e-09
9.216358391671960187e-09
9.191245586796572760e-09
9.166272848969181693e-09
9.141439707662653912e-09
9.116745693830675080e-09
9.092191266422248515e-09
9.067777256612111076e-09
9.043505054411769455e-09
9.019374269088812832e-09
8.995385505530975537e-09
8.971539105908879859e-09
8.947841565313434276e-09
8.924319690139600496e-09
8.900960790179550144e-09
8.877766420113867840e-09
8.854734576489603284e-09
8.831865569311468030e-09
8.809159936803718226e-09
8.786618529753543054e-09
8.764242512833561095e-09
8.742031507766054576e-09
8.719987419123630553e-09
8.698109759449333075e-09
8.676417310070214316e-09
8.654900235913677521e-09
8.633543511892322548e-09
8.612347677174135905e-09
8.591313786972828229e-09
8.570443050539270235e-09
8.549735393744430560e-09
8.529190857130002666e-09
8.508809978331455543e-09
8.488593570784885966e-09
8.468543881162633903e-09
8.448660050668995635e-09
8.428960082608927406e-09
8.409427306972017474e-09
8.390052203163607956e-09
8.370835349614972842e-09
8.351776540149852220e-09
8.332876303780110692e-09
8.314135169225202860e-09
8.295553664903737735e-09
8.277132318928102067e-09
8.258873366183891122e-09
8.240776038598999121e-09
8.222840960116837448e-09
8.205083225302187436e-09
8.187480731949383136e-09
8.170023536558662229e-09
8.152712463923973045e-09
8.135547514050030514e-09
8.118528697678436634e-09
8.101656504800297882e-09
8.084931425151618232e-09
8.068353948207095304e-09
8.051924563174660968e-09
8.035643758987457698e-09
8.019514618629684795e-09
8.003543626108526835e-09
7.987706160457902136e-09
7.971984272779087602e-09
7.956378357993419393e-09
7.940888810852165334e-09
7.925516025931892704e-09
7.910260777820822558e-09
7.895123574825163622e-09
7.880104829042905628e-09
7.865204448733101200e-09
7.850422803492042146e-09
7.835760286697628320e-09
7.821219833199411641e-09
7.806795510685099958e-09
7.792463374174504803e-09
7.778220912433726837e-09
7.764068329924359974e-09
7.750005932402467988e-09
7.736034025493171961e-09
7.722153350152025547e-09
7.708364328129968076e-09
7.694666750941420108e-09
7.681060923666638857e-09
7.667547197486559590e-09
7.654126112147037191e-09
7.640799046670566631e-09
7.627543226144119106e-09
7.614347038591283626e-09
7.601210680410959237e-09
7.588134355157570875e-09
7.575118324309527611e-09
7.562162937392410870e-09
7.549268189194403766e-09
7.536434513680180963e-09
7.523661885917526181e-09
7.510950512388752850e-09
7.498300690124575489e-09
7.485711791170046257e-09
7.473180545440693586e-09
7.460682345828440750e-09
7.448213251513575984e-09
7.435773384547591287e-09
7.423363266389487511e-09
7.410982576748355389e-09
7.398631381010506237e-09
7.386309600778449936e-09
7.374017476270399453e-09
7.361755160074914821e-09
7.349522807111054729e-09
7.337320410733084700e-09
7.325147300873257931e-09
7.312998397675101544e-09
7.300858927455929455e-09
7.288727119282641168e-09
7.276602681369757146e-09
7.264485957649008563e-09
7.252377022805540309e-09
7.240275829389832266e-09
7.228181971628848536e-09
7.216095907706202218e-09
7.204017582211628337e-09
7.191947080745209480e-09
7.179884230357376196e-09
7.167828752314318245e-09
7.155776770521014763e-09
7.143718851794126483e-09
7.131652087894377714e-09
7.119577198184475323e-09
7.107494227227947630e-09
7.095402794048358757e-09
7.083302871335554958e-09
7.071194636156479901e-09
7.059078172165149704e-09
7.046953139266875901e-09
7.034819836988762740e-09
7.022678052660441347e-09
7.010527560909770950e-09
6.998366423903625654e-09
6.986191196492491381e-09
6.974000299219987915e-09
6.961793054953913496e-09
6.949569535548057322e-09
6.937330182952240740e-09
6.925074778651112591e-09
6.912803138824171735e-09
6.900515139050632746e-09
6.888210763488911558e-09
6.875889748559767139e-09
6.863552554471957520e-09
6.851198894981079296e-09
6.838828710717484770e-09
6.826441857530352468e-09
6.814040362005028032e-09
6.801623849839099637e-09
6.789192335033384971e-09
6.776746310107764361e-09
6.764285654754111667e-09
6.751810173469695319e-09
6.739319840097409987e-09
6.726814675719566584e-09
6.714294666125491700e-09
6.701759231894646345e-09
6.689208876114804914e-09
6.676643439177663186e-09
6.664063561465110138e-09
6.651473162678853780e-09
6.638875887115449383e-09
6.626271642142290229e-09
6.613660585121223433e-09
6.601042089856714317e-09
6.588416428062704853e-09
6.575784241845672880e-09
6.563144978244726047e-09
6.550498543015082621e-09
6.537845127544498779e-09
6.525184530407340252e-09
6.512516572943472153e-09
6.499841804065813071e-09
6.487161431019568888e-09
6.474481791629753918e-09
6.461807278193533002e-09
6.449137041723744691e-09
6.436471719984582196e-09
6.423811047290182259e-09
6.411154864346817443e-09
6.398504145285100969e-09
6.385857986527135604e-09
6.373216512741323291e-09
6.360579666162043619e-09
6.347947504424801489e-09
6.335320828332825927e-09
6.322698710464531745e-09
6.310082969856177678e-09
6.297484597805024825e-09
6.284904839531892838e-09
6.272345340577697232e-09
6.259806340656194882e-09
6.247286848982979856e-09
6.234788796859139549e-09
6.222310438495258467e-09
6.209852215140081029e-09
6.197414410182541809e-09
6.184997183023364055e-09
6.172601477259443036e-09
6.160225739508123234e-09
6.147870660461783329e-09
6.135536456333482684e-09
6.123231622283828650e-09
6.110961774159500855e-09
6.098723675857930784e-09
6.086521050205926316e-09
6.074351752465110678e-09
6.062215361253012147e-09
6.050114211480594820e-09
6.038046992104636455e-09
6.026014752621582918e-09
6.014015937901773233e-09
6.002051568361621697e-09
5.990121263616250644e-09
5.978226731890777359e-09
5.966367180917939071e-09
5.954543889178784760e-09
5.942767837699597934e-09
5.931033010253922020e-09
5.919344169047432991e-09
5.907697770192920824e-09
5.896094914888638050e-09
5.884536672158944172e-09
5.873021181724272396e-09
5.861549924662552357e-09
5.850123708140224023e-09
5.838742285109871285e-09
5.827404216102238243e-09
5.816110496261386246e-09
5.804860744015640245e-09
5.793657652837665946e-09
5.782503718762043010e-09
5.771405441349019478e-09
5.760357770189586842e-09
5.749359926349806624e-09
5.738415546802004721e-09
5.727520379526481828e-09
5.716677512217610449e-09
5.705885806204450098e-09
5.695145260977829748e-09
5.684457001565172862e-09
5.673821759964039294e-09
5.663237214319312329e-09
5.652704399283556835e-09
5.642222936783410011e-09
5.631796741252886929e-09
5.621425619216055316e-09
5.611113669122108340e-09
5.600850317273973277e-09
5.590639251843023141e-09
5.580477587397047449e-09
5.570365752407497134e-09
5.560305584778910216e-09
5.550294485974098532e-09
5.540335179798399492e-09
5.530427673793590972e-09
5.520570163306678883e-09
5.510762912755334526e-09
5.501007009800751556e-09
5.491304277322807500e-09
5.481653094150733894e-09
5.472053256955098932e-09
5.462510195907128580e-09
5.453017142850069756e-09
5.443567520843451013e-09
5.434164631738664089e-09
5.424806610247604936e-09
5.415493356139723398e-09
5.406227714085920041e-09
5.397007631160316590e-09
5.387832227901011621e-09
5.378703555252041377e-09
5.369621319376352967e-09
5.360586724798224369e-09
5.351597863262357723e-09
5.342654497643161574e-09
5.333757885556260746e-09
5.324912833621139842e-09
5.316115135750280921e-09
5.307356624388702693e-09
5.298636403928517205e-09
5.289956870098811393e-09
5.281315094458491057e-09
5.272714456473511602e-09
5.264152174584826609e-09
5.255630070087600989e-09
5.247148861525136494e-09
5.238705868402652202e-09
5.230302515943120478e-09
5.221940537023005708e-09
5.213619605250321223e-09
5.205338052012719375e-09
5.197095790001203791e-09
5.188897584821452275e-09
5.180732957497174918e-09
5.172598220244408747e-09
5.164489981858843718e-09
5.156411828407200933e-09
5.148361336853176200e-09
5.140339405650076064e-09
5.132346361804565108e-09
5.124382179895232438e-09
5.116447388322407203e-09
5.108540675485843735e-09
5.100662008433851903e-09
5.092814135203818367e-09
5.084995564767988773e-09
5.077205643681307038e-09
5.069444067796617037e-09
5.061714060536387522e-09
5.054007577140392345e-09
5.046321680704735176e-09
5.038653593717640255e-09
5.031006847772056238e-09
5.023378349366265054e-09
5.015770177805100145e-09
5.008181177669405649e-09
5.000612419534297923e-09
4.993063490706258551e-09
4.985533522325939046e-09
4.978023957664441480e-09
4.970534750941330775e-09
4.963065321561264676e-09
4.955615558595145778e-09
4.948185421522870030e-09
4.940776996951290451e-09
4.933386572279578126e-09
4.926008129429053652e-09
4.918642943915943900e-09
4.911289342608393150e-09
4.903949224864834105e-09
4.896620988729903934e-09
4.889305784420619625e-09
4.882002887715911702e-09
4.874712411603812834e-09
4.867435063093997337e-09
4.860170404869847912e-09
4.852918482473571621e-09
4.845678726448557621e-09
4.838452281980827698e-09
4.831239037624916949e-09
4.824038070008165209e-09
4.816850344580545556e-09
4.809670726861638026e-09
4.802497372847233403e-09
4.795330249719437191e-09
4.788169452883606881e-09
4.781014850299672348e-09
4.773866625294431979e-09
4.766724752902085963e-09
4.759589302468162900e-09
4.752460203676230946e-09
4.745337147941144555e-09
4.738220908274518532e-09
4.731111089038388795e-09
4.724007615006096663e-09
4.716910299610735930e-09
4.709819726019312016e-09
4.702736045685699947e-09
4.695659484518301686e-09
4.688587724478570506e-09
4.681520011231595856e-09
4.674457278712100350e-09
4.667398494257136645e-09
4.660344309297700113e-09
4.653294519573201728e-09
4.646249233391155383e-09
4.639208237448647186e-09
4.632171991855959320e-09
4.625139902432507382e-09
4.618112358429800739e-09
4.611089536124246548e-09
4.604071077099643443e-09
4.597056936507954331e-09
4.590047534125059391e-09
4.583043266217538613e-09
4.576046233941400734e-09
4.569054771901410302e-09
4.562068448665264741e-09
4.555088410831603531e-09
4.548113516631487993e-09
4.541144113305371751e-09
4.534180672700154545e-09
4.527222591228512686e-09
4.520270124163222214e-09
4.513323557196295323e-09
4.506382304175018172e-09
4.499446865473805954e-09
4.492517358303779236e-09
4.485593218872074186e-09
4.478674705159532094e-09
4.471762371320542856e-09
4.464855857540804436e-09
4.457957571164053547e-09
4.451067647255607968e-09
4.444185602947130762e-09
4.437310739293669070e-09
4.430444157720495143e-09
4.423585517217355653e-09
4.416734080849249673e-09
4.409890861173424421e-09
4.403055840464143832e-09
4.396228078526747855e-09
4.389408403856114959e-09
4.382597140291966034e-09
4.375793159519620502e-09
4.368997209533649517e-09
4.362209772000165717e-09
4.355429837407931771e-09
4.348657825478027142e-09
4.341896002117967044e-09
4.335146149407400240e-09
4.328407336538843142e-09
4.321679854014073694e-09
4.314964782253560057e-09
4.308260261235898504e-09
4.301567631270331928e-09
4.294886897705327452e-09
4.288217048917938359e-09
4.281559514316505477e-09
4.274913332526491889e-09
4.268278557480569842e-09
4.261656065846962318e-09
4.255045010406937299e-09
4.248445210190333959e-09
4.241858121772958216e-09
4.235282549991611009e-09
4.228718197713875961e-09
4.222169605226684616e-09
4.215636763762046557e-09
4.209118129210621316e-09
4.202616055472543897e-09
4.196128848221854205e-09
4.189655813740554502e-09
4.183198988037933416e-09
4.176757626010582298e-09
4.170330839375504311e-09
4.163920033172547592e-09
4.157524415458497375e-09
4.151143822738086379e-09
4.144779420351964247e-09
4.138430182582564292e-09
4.132095702583170183e-09
4.125778246515531092e-09
4.119475768816710174e-09
4.113187941311319359e-09
4.106919759409831330e-09
4.100669866947439778e-09
4.094435996176897089e-09
4.088219106074660868e-09
4.082019961883755119e-09
4.075836422049249015e-09
4.069669991866025397e-09
4.063520686617197340e-09
4.057387822106359589e-09
4.051272616569218674e-09
4.045173475047077612e-09
4.039091387202519987e-09
4.033027592634391059e-09
4.026979177745394080e-09
4.020948714077884716e-09
4.014935935288142969e-09
4.008939005576846835e-09
4.002960242458110533e-09
3.996999865027800578e-09
3.991059356205026573e-09
3.985138187718004064e-09
3.979234401012195145e-09
3.973347018547348108e-09
3.967478213378506841e-09
3.961627637867674720e-09
3.955793581512919823e-09
3.949978226418600580e-09
3.944180194777391699e-09
3.938399826822782552e-09
3.932638399727098314e-09
3.926893379107955641e-09
3.921167246033217702e-09
3.915459539879957129e-09
3.909768309599596971e-09
3.904096782291258366e-09
3.898443108687216423e-09
3.892806353906205757e-09
3.887191185176404020e-09
3.881595694661687130e-09
3.876016599687811876e-09
3.870453769387029854e-09
3.864909183923062576e-09
3.859380920565447771e-09
3.853868838253090347e-09
3.848374033176615483e-09
3.842896651701000359e-09
3.837435730572064194e-09
3.831991843090160701e-09
3.826565694081538253e-09
3.821155700210338733e-09
3.815762758723922071e-09
3.810388380266754924e-09
3.805029672356318293e-09
3.799688670257853504e-09
3.794365681211014117e-09
3.789058763883452090e-09
3.783771718072744306e-09
3.778502179944316603e-09
3.773246172570575911e-09
3.768004056672621016e-09
3.762777225272110215e-09
3.757564091400621731e-09
3.752364580638122060e-09
3.747179408723191652e-09
3.742009221525856055e-09
3.736852451270806602e-09
3.731710100332118145e-09
3.726582994855931164e-09
3.721468800706474698e-09
3.716369941715428455e-09
3.711285799907406454e-09
3.706214628175149729e-09
3.701159649789422108e-09
3.696118554187693880e-09
3.691091144344642122e-09
3.686080507194625794e-09
3.681084542609697581e-09
3.676101173041128481e-09
3.671129295703637239e-09
3.666168454510720404e-09
3.661220065499034009e-09
3.656283665917707882e-09
3.651358523018246932e-09
3.646445162079489361e-09
3.641543694433597008e-09
3.636654451193813965e-09
3.631776513366967141e-09
3.626910612109807975e-09
3.622057340625193386e-09
3.617214836044357185e-09
3.612385119524086130e-09
3.607567549188044709e-09
3.602760870717336429e-09
3.597967631670587328e-09
3.593185877358798580e-09
3.588417652524075027e-09
3.583660353846056616e-09
3.578911661975384181e-09
3.574172687731144561e-09
3.569442907553380868e-09
3.564721769023831231e-09
3.560009496405718093e-09
3.555306793397284304e-09
3.550613401347258690e-09
3.545928673693555043e-09
3.541253402911244584e-09
3.536587715655038062e-09
3.531930347483168085e-09
3.527283102861561845e-09
3.522644817448865920e-09
3.518015307171792776e-09
3.513396057436018976e-09
3.508785389253746372e-09
3.504184204378339242e-09
3.499592891550915838e-09
3.495011880789961631e-09
3.490438724946816631e-09
3.485872753661097386e-09
3.481313863288231611e-09
3.476761855320443967e-09
3.472216543322225887e-09
3.467678389620041851e-09
3.463147397833903052e-09
3.458623464212799325e-09
3.454106373630400519e-09
3.449596451640035558e-09
3.445094016348670776e-09
3.440597923209240052e-09
3.436109619610819380e-09
3.431628208511127585e-09
3.427153560814568007e-09
3.422686811018086404e-09
3.418226532215976891e-09
3.413773934149049260e-09
3.409328649903909981e-09
3.404891938762229031e-09
3.400462340117473443e-09
3.396038866234411141e-09
3.391621991847815498e-09
3.387211670330011693e-09
3.382807340870638992e-09
3.378409269116827919e-09
3.374017440291617219e-09
3.369632336577941974e-09
3.365253365743848507e-09
3.360880759712499889e-09
3.356514661975309887e-09
3.352154760566735308e-09
3.347801820418532090e-09
3.343454439206816922e-09
3.339114372218114062e-09
3.334780403200606284e-09
3.330452568151766959e-09
3.326131851711538990e-09
3.321817053200483285e-09
3.317510346236746933e-09
3.313211007938031599e-09
3.308917941822668605e-09
3.304630945013218309e-09
3.300349814290243244e-09
3.296074727983853913e-09
3.291805997049543945e-09
3.287543430690329556e-09
3.283287041506156711e-09
3.279036575904087756e-09
3.274792489869441273e-09
3.270554293878343758e-09
3.266322705964884576e-09
3.262096725562109681e-09
3.257877479564368501e-09
3.253664305397819031e-09
3.249456969627046607e-09
3.245256594407896518e-09
3.241061686222656008e-09
3.236873823617021627e-09
3.232691961575964743e-09
3.228518002475845166e-09
3.224351233064070379e-09
3.220190645167202258e-09
3.216036411198569740e-09
3.211888287100559685e-09
3.207747060761981767e-09
3.203612210068087702e-09
3.199483579470954742e-09
3.195361412495222879e-09
3.191245386774090381e-09
3.187136215008627091e-09
3.183033018049936729e-09
3.178936771017547617e-09
3.174846477535064730e-09
3.170763047348071425e-09
3.166686090246790272e-09
3.162615132148431658e-09
3.158551528813351930e-09
3.154493569865391981e-09
3.150442985397450038e-09
3.146398620328563032e-09
3.142362662936627818e-09
3.138334762363495684e-09
3.134313894783072490e-09
3.130300210812705510e-09
3.126293514626587107e-09
3.122294070238869199e-09
3.118302129148440361e-09
3.114317408734858165e-09
3.110339955921369746e-09
3.106369545681347674e-09
3.102406590138589718e-09
3.098450664723083663e-09
3.094502632028925921e-09
3.090561141800233531e-09
3.086627675974376786e-09
3.082700855927499731e-09
3.078782040445144331e-09
3.074870370268220289e-09
3.070965694570227712e-09
3.067069159374233130e-09
3.063179107612559190e-09
3.059298219287442119e-09
3.055425757087369054e-09
3.051561314102158230e-09
3.047704363556787832e-09
3.043854783968163018e-09
3.040012688023326112e-09
3.036177839229644264e-09
3.032350544976180534e-09
3.028530486503281726e-09
3.024718398851974413e-09
3.020913425862365071e-09
3.017116525700957140e-09
3.013326611227163767e-09
3.009544696596531228e-09
3.005770116918470738e-09
3.002003077761964257e-09
2.998244056073852229e-09
2.994491854321952357e-09
2.990748390055164158e-09
2.987011423774395899e-09
2.983283242787173100e-09
2.979561959484812105e-09
2.975850153592718228e-09
2.972146782666202512e-09
2.968450923895335764e-09
2.964762491866895496e-09
2.961081247284313378e-09
2.957407508661735401e-09
2.953740924498004003e-09
2.950082009937133727e-09
2.946430417655787451e-09
2.942786769684066443e-09
2.939150085723443887e-09
2.935521331757610470e-09
2.931899614098274925e-09
2.928285661265777963e-09
2.924679311858632550e-09
2.921080062479243792e-09
2.917489176399580259e-09
2.913904871276163930e-09
2.910329274642966096e-09
2.906760139504736158e-09
2.903199711694432557e-09
2.899646114528235501e-09
2.896101961960387448e-09
2.892566267687630040e-09
2.889038088222648758e-09
2.885517381133249528e-09
2.882003766629380263e-09
2.878497595690288916e-09
2.874998593477813701e-09
2.871507005141466847e-09
2.868022676226548181e-09
2.864546072038551120e-09
2.861076616609030203e-09
2.857615048976382579e-09
2.854160239199070202e-09
2.850713567028334162e-09
2.847273603251792718e-09
2.843841844625632761e-09
2.840417185700265642e-09
2.837000082042270437e-09
2.833590700653146929e-09
2.830188282541826259e-09
2.826794263484781918e-09
2.823406728194440070e-09
2.820028324717126683e-09
2.816657936980413566e-09
2.813294763652275807e-09
2.809937739877178755e-09
2.806587373024652490e-09
2.803243490926709844e-09
2.799906227250526565e-09
2.796575353564779146e-09
2.793250983796370928e-09
2.789933017203512776e-09
2.786621579489823170e-09
2.783316565017017340e-09
2.780018097467146387e-09
2.776726282021395075e-09
2.773440873620724056e-09
2.770162423203548402e-09
2.766889907811672553e-09
2.763624853439367678e-09
2.760365385240829985e-09
2.757113554682026004e-09
2.753867292000209005e-09
2.750628797601087790e-09
2.747396028263494509e-09
2.744171300823854981e-09
2.740953338408559634e-09
2.737741540594002465e-09
2.734535443323339873e-09
2.731335012276000382e-09
2.728140316989894124e-09
2.724951233687120444e-09
2.721767891378386590e-09
2.718590192456256204e-09
2.715418240414899872e-09
2.712251962482400101e-09
2.709091437972142743e-09
2.705936679795920854e-09
2.702787903508750938e-09
2.699644516129005529e-09
2.696507477359737682e-09
2.693375565696367842e-09
2.690250279703713310e-09
2.687129872483109391e-09
2.684016238213845538e-09
2.680907449444057301e-09
2.677805584491110586e-09
2.674708730446961345e-09
2.671619031358608116e-09
2.668535677490325913e-09
2.665457916095142808e-09
2.662385419987805924e-09
2.659318023616325426e-09
2.656256199314314127e-09
2.653199396092257870e-09
2.650147997290323174e-09
2.647101739171877214e-09
2.644060766767675522e-09
2.641025085902496496e-09
2.637994576571872000e-09
2.634969505081968034e-09
2.631949495482918505e-09
2.628935065462256299e-09
2.625925761558494282e-09
2.622922025477766391e-09
2.619923527304689457e-09
2.616930287761027045e-09
2.613942617013225198e-09
2.610959901617048573e-09
2.607983149630481561e-09
2.605011139539328635e-09
2.602045316238468090e-09
2.599085626746278587e-09
2.596131243896395761e-09
2.593181149532138671e-09
2.590235612170954572e-09
2.587294400647708706e-09
2.584357738675589768e-09
2.581425439702332648e-09
2.578497683003804799e-09
2.575574326272804897e-09
2.572655504715726375e-09
2.569741143874402704e-09
2.566831435975041007e-09
2.563926029571532594e-09
2.561025445230661042e-09
2.558128944541651664e-09
2.555237542373246276e-09
2.552350060628160584e-09
2.549467797664841842e-09
2.546589341955140586e-09
2.543716257386223692e-09
2.540846908736915529e-09
2.537982976239714273e-09
2.535122871572889305e-09
2.532268418215941380e-09
2.529419165572985157e-09
2.526574559722978390e-09
2.523734000553541784e-09
2.520897717709782999e-09
2.518065494757144386e-09
2.515237563408188830e-09
2.512413704880882140e-09
2.509594153501843372e-09
2.506778687594857451e-09
2.503967568951069759e-09
2.501160555072847073e-09
2.498357992691037719e-09
2.495559341719836262e-09
2.492765336298145684e-09
2.489975073592221108e-09
2.487189662857922774e-09
2.484407866207759389e-09
2.481631082058426644e-09
2.478857855851446698e-09
2.476089635999903788e-09
2.473324986050794077e-09
2.470565336506446113e-09
2.467809288698370428e-09
2.465058507345334167e-09
2.462312962357008868e-09
2.459572131168866790e-09
2.456835421120660814e-09
2.454103038975718306e-09
2.451374784926018723e-09
2.448650880494562612e-09
2.445931112117088368e-09
2.443215714057039129e-09
2.440504461014941941e-09
2.437797597971295354e-09
2.435094889916415242e-09
2.432396633027986116e-09
2.429702649714156172e-09
2.427012899343896439e-09
2.424327624216585628e-09
2.421646393570992114e-09
2.418969892489865858e-09
2.416297332260277142e-09
2.413629509354461381e-09
2.410965615819164413e-09
2.408306494559743592e-09
2.405651302394707996e-09
2.403000906231177147e-09
2.400354522841297329e-09
2.397713651705119830e-09
2.395077418395378024e-09
2.392445596799501093e-09
2.389817625711777329e-09
2.387193923682722231e-09
2.384574072793682890e-09
2.381958388193007384e-09
2.379346564815079596e-09
2.376738911709527666e-09
2.374135146054428650e-09
2.371535595463845854e-09
2.368939908115903114e-09
2.366348488849646019e-09
2.363760871052180834e-09
2.361177613841187928e-09
2.358598111056150162e-09
2.356023091622850824e-09
2.353451862661887052e-09
2.350884955712406718e-09
2.348321977483736164e-09
2.345763216237855030e-09
2.343208511258285225e-09
2.340657928932040493e-09
2.338111519698547315e-09
2.335569261242520036e-09
2.333032098010161620e-09
2.330499452613626035e-09
2.327971078362466967e-09
2.325446596673323409e-09
2.322926382495669219e-09
2.320410120376071431e-09
2.317898035551364747e-09
2.315389830598668320e-09
2.312885811534876651e-09
2.310385691807709708e-09
2.307889767026806396e-09
2.305397760575814766e-09
2.302909975878045866e-09
2.300426114938582096e-09
2.297946545412198291e-09
2.295470996794373250e-09
2.292999571383650022e-09
2.290532324640151893e-09
2.288069005798637456e-09
2.285610083770880123e-09
2.283154905147268498e-09
2.280704330658219716e-09
2.278257386148160380e-09
2.275815186932999972e-09
2.273376568271856833e-09
2.270943159632410481e-09
2.268514512743483972e-09
2.266090309456503785e-09
2.263669978572816708e-09
2.261253723910015185e-09
2.258841354862669785e-09
2.256433076991139107e-09
2.254028698348306764e-09
2.251628425429328166e-09
2.249232065753844944e-09
2.246839873091790724e-09
2.244451772000405891e-09
2.242067545673749379e-09
2.239687691078438373e-09
2.237311505765210707e-09
2.234939894218284734e-09
2.232571767704316651e-09
2.230208340472395344e-09
2.227848300796772823e-09
2.225493096715014004e-09
2.223141335043953574e-09
2.220794351358714344e-09
2.218450883696196304e-09
2.216112036060779498e-09
2.213776941316753039e-09
2.211446288178768803e-09
2.209120445709669820e-09
2.206798879040058393e-09
2.204481172866992144e-09
2.202166992367280576e-09
2.199856762320646867e-09
2.197549978506285976e-09
2.195246939799421792e-09
2.192947391093127985e-09
2.190651561728337228e-09
2.188359273772585418e-09
2.186070679923930620e-09
2.183785716306803509e-09
2.181504440015691506e-09
2.179226992990486385e-09
2.176952854363890266e-09
2.174682939832699461e-09
2.172416141165392845e-09
2.170153636216415163e-09
2.167894153819744423e-09
2.165639055095805308e-09
2.163387032491831257e-09
2.161139377629028194e-09
2.158894887286320516e-09
2.156654572994300223e-09
2.154417695381381817e-09
2.152184750633592815e-09
2.149956246627111425e-09
2.147731680147749371e-09
2.145510851549923706e-09
2.143293478318388697e-09
2.141079597457048367e-09
2.138868991020685792e-09
2.136661858947829937e-09
2.134458025358665390e-09
2.132257666659652779e-09
2.130060630487349276e-09
2.127867133635391635e-09
2.125677153582588267e-09
2.123490396410615787e-09
2.121307469513710535e-09
2.119127550559634365e-09
2.116951537016273555e-09
2.114778499026347568e-09
2.112609462487583028e-09
2.110443564745644094e-09
2.108281354000750538e-09
2.106122576209937096e-09
2.103967100475408026e-09
2.101815465530900697e-09
2.099666870067034266e-09
2.097522388234764838e-09
2.095380772866317486e-09
2.093243629758315548e-09
2.091110494572178115e-09
2.088980977179067383e-09
2.086854457122799995e-09
2.084731190553439068e-09
2.082610920041748706e-09
2.080493944854498739e-09
2.078380178007133709e-09
2.076269713661572530e-09
2.074162484181551940e-09
2.072058387314726929e-09
2.069957482421625525e-09
2.067859710476190179e-09
2.065765201810528491e-09
2.063674013619092657e-09
2.061585777429501847e-09
2.059501188125272792e-09
2.057419340854422639e-09
2.055341242677004410e-09
2.053265763739884985e-09
2.051194183335370730e-09
2.049125419603285629e-09
2.047060208369712281e-09
2.044998123013892295e-09
2.042939151600002345e-09
2.040883789495740169e-09
2.038831265407503735e-09
2.036782859884293555e-09
2.034738147872031321e-09
2.032696685203079705e-09
2.030657902828503830e-09
2.028622003817566520e-09
2.026588824978720537e-09
2.024558510812333204e-09
2.022531142345812000e-09
2.020506676830524908e-09
2.018485228882334003e-09
2.016466511465099954e-09
2.014450695426009287e-09
2.012437648850371777e-09
2.010427560973661005e-09
2.008420460932218033e-09
2.006415950614229722e-09
2.004414793265244333e-09
2.002416009227986139e-09
2.000420602155661411e-09
1.998427692498294667e-09
1.996438108569591145e-09
1.994451247183327033e-09
1.992467171563253334e-09
1.990486339941890201e-09
1.988507965497987259e-09
1.986533132639953800e-09
1.984560635010190096e-09
1.982591856423958304e-09
1.980626497619720512e-09
1.978664249455204352e-09
1.976704594976958372e-09
1.974747765309337322e-09
1.972793840542325575e-09
1.970842716378477452e-09
1.968894360584384280e-09
1.966948623785475617e-09
1.965005670701308089e-09
1.963065353090610733e-09
1.961127923307742312e-09
1.959193379498577481e-09
1.957261374131246887e-09
1.955332458661608438e-09
1.953406036548593773e-09
1.951482587969142272e-09
1.949561976082682482e-09
1.947643970893340804e-09
1.945729135332679256e-09
1.943816606496429376e-09
1.941907447180756281e-09
1.940000471911620337e-09
1.938096959003269551e-09
1.936195853044028288e-09
1.934297749692445911e-09
1.932402486533180788e-09
1.930509844212327413e-09
1.928620764006890990e-09
1.926735039735589792e-09
1.924852252196400190e-09
1.922971917716593459e-09
1.921094240740206602e-09
1.919219014649723517e-09
1.917346599671878496e-09
1.915477094725871591e-09
1.913610104993681503e-09
1.911745754578208148e-09
1.909883917708728019e-09
1.908024786985850866e-09
1.906168393428580826e-09
1.904314504734885431e-09
1.902463549710934248e-09
1.900614974579676494e-09
1.898769276862229879e-09
1.896926253737485759e-09
1.895085770660960627e-09
1.893248332726858851e-09
1.891413092862094239e-09
1.889581096364115564e-09
1.887751204026031340e-09
1.885924592261958072e-09
1.884100366065802377e-09
1.882278833802886556e-09
1.880460252887991523e-09
1.878643960426246478e-09
1.876831230095365984e-09
1.875021580828322960e-09
1.873214716581250040e-09
1.871410141466980059e-09
1.869608013234914929e-09
1.867808498803257344e-09
1.866011570888199260e-09
1.864217134404853637e-09
1.862424997833032682e-09
1.860635328618825076e-09
1.858848125520839514e-09
1.857063353511244418e-09
1.855281324950065419e-09
1.853501577095303856e-09
1.851724439492200254e-09
1.849949799572846977e-09
1.848177571967634636e-09
1.846408098203059980e-09
1.844640727597046624e-09
1.842876295673099081e-09
1.841113943190759297e-09
1.839354531383287499e-09
1.837597503348730666e-09
1.835842695591842198e-09
1.834090991520340478e-09
1.832341185439383564e-09
1.830594635248902836e-09
1.828850030917474693e-09
1.827108398465703439e-09
1.825369748591474576e-09
1.823633863374758831e-09
1.821900854848836330e-09
1.820170111469671032e-09
1.818441760988112076e-09
1.816715635416174421e-09
1.814991936128465633e-09
1.813270841073579833e-09
1.811552267472699353e-09
1.809836093029765903e-09
1.808122178642313667e-09
1.806410734300760071e-09
1.804701802478285990e-09
1.802995141194794090e-09
1.801291192400250475e-09
1.799589419056245121e-09
1.797890282179433029e-09
1.796193714705629047e-09
1.794499256496313115e-09
1.792807720467585257e-09
1.791118020064171621e-09
1.789431445361763531e-09
1.787747031230300010e-09
1.786064956499332876e-09
1.784385749384873928e-09
1.782708391314832124e-09
1.781034368499648047e-09
1.779362168435249623e-09
1.777692901348638149e-09
1.776026508152637770e-09
1.774362752713674060e-09
1.772701781055884428e-09
1.771042887026719108e-09
1.769386241845016873e-09
1.767731671610333141e-09
1.766079407335942646e-09
1.764429815876715888e-09
1.762782367449599096e-09
1.761137161122178184e-09
1.759494080247035493e-09
1.757853355347775514e-09
1.756215103168875212e-09
1.754578952741315873e-09
1.752945214395542436e-09
1.751313825951147486e-09
1.749684603607409841e-09
1.748057991602225479e-09
1.746433236374418256e-09
1.744811196945729541e-09
1.743191290908298506e-09
1.741573660139358202e-09
1.739958626178023100e-09
1.738345471646209756e-09
1.736735260397116715e-09
1.735126837778601678e-09
1.733521120102335323e-09
1.731917636081181374e-09
1.730316274778422022e-09
1.728717939757396123e-09
1.727122253047528407e-09
1.725528930173423923e-09
1.723937529011987665e-09
1.722348283567279611e-09
1.720761506833597145e-09
1.719176615329968104e-09
1.717593785950910358e-09
1.716012883902793598e-09
1.714434171579364284e-09
1.712857817114377357e-09
1.711283496257044525e-09
1.709711241767316279e-09
1.708141112418122561e-09
1.706572962089786601e-09
1.705007208361476046e-09
1.703443316117200315e-09
1.701881700421715127e-09
1.700322369999501198e-09
1.698764843190246495e-09
1.697209881099810510e-09
1.695656490198891849e-09
1.694105825262551850e-09
1.692557094581502424e-09
1.691010216648902207e-09
1.689466077817852949e-09
1.687923547759706415e-09
1.686383632336727081e-09
1.684845631820332534e-09
1.683309755062067596e-09
1.681776595176870227e-09
1.680246053651076009e-09
1.678717722254157483e-09
1.677191173942015563e-09
1.675666720581014489e-09
1.674144632863155945e-09
1.672624417685841884e-09
1.671106164655759285e-09
1.669589723570474671e-09
1.668075480682667837e-09
1.666563475530476049e-09
1.665053410614235419e-09
1.663545314015879883e-09
1.662039314616394091e-09
1.660535219966345891e-09
1.659033393023933692e-09
1.657533381144232040e-09
1.656035631348372200e-09
1.654540026364384132e-09
1.653046145121415727e-09
1.651554652186100822e-09
1.650065010608496363e-09
1.648577471625171270e-09
