-5.216278863173045536e-13
-5.945550172210874955e-13
-6.635488273843838233e-13
-7.263459980364255384e-13
-7.806352496473481038e-13
-8.240778307783731778e-13
-8.543075441379979093e-13
-8.689505666566524216e-13
-8.656335269053810902e-13
-8.420101171505100024e-13
-7.957299822636280237e-13
-7.245034432957963186e-13
-6.260813647286202309e-13
-4.982679220070030294e-13
-3.389046898928836459e-13
-1.458729180391014300e-13
8.279948229735679194e-14
3.491304240110784062e-13
6.549179926129617440e-13
1.002007122642258428e-12
1.392118234794973309e-12
1.826844526080178837e-12
2.307679988908902356e-12
2.836123236323074345e-12
3.413457205600429040e-12
4.040960734511586077e-12
4.719802842674680924e-12
5.451054908481162270e-12
6.235756782333432561e-12
7.074628309887759134e-12
7.968505234730396975e-12
8.918165664156877174e-12
9.923992276733986755e-12
1.098667524880378281e-11
1.210647870327175497e-11
1.328384543901879123e-11
1.451877738420289944e-11
1.581173203339572698e-11
1.716230815602371173e-11
1.857086440684710870e-11
2.003718875796822463e-11
2.156091124624064706e-11
2.314195318197271026e-11
2.477992646691024893e-11
2.647459659534960752e-11
2.822504027490849599e-11
3.003103639276456311e-11
3.189196620127599405e-11
3.380704980395559759e-11
3.577571172380659509e-11
3.779712928007896581e-11
3.987037150249997724e-11
4.199465646219966668e-11
4.416907083763085105e-11
4.639254015840094509e-11
4.866418754688620648e-11
5.098305590714142940e-11
5.334790234156642296e-11
5.575762868600715531e-11
5.821130900772081145e-11
6.070768847537251614e-11
6.324543780640917421e-11
6.582362295592771629e-11
6.844120124208650398e-11
7.109667947153098105e-11
7.378882068747212244e-11
7.651681270111879704e-11
7.927919087669991641e-11
8.207441652675441452e-11
8.490151935353451563e-11
8.775959996686891330e-11
9.064716282834601471e-11
9.356290905430023602e-11
9.650574253033109035e-11
9.947446481069731834e-11
1.024680254661836903e-10
1.054851768048511785e-10
1.085247167157212422e-10
1.115855727955256406e-10
1.146668933369195036e-10
1.177674618111661880e-10
1.208860413135890730e-10
1.240216581243941760e-10
1.271737202990730836e-10
1.303410486213522493e-10
1.335223143471731568e-10
1.367169296141636898e-10
1.399242115590856384e-10
1.431430862847825626e-10
1.463727761877119227e-10
1.496124087850605579e-10
1.528611146860164114e-10
1.561184720582456349e-10
1.593839371611899857e-10
1.626564738791675279e-10
1.659355186168038015e-10
1.692204605475385246e-10
1.725108171628583762e-10
1.758064730164739590e-10
1.791065034610811427e-10
1.824103994629658521e-10
1.857178118865622956e-10
1.890283562467412816e-10
1.923420474997554398e-10
1.956583059996177043e-10
1.989766601119310093e-10
2.022968813412860786e-10
2.056187786263321793e-10
2.089422340367565604e-10
2.122672807855151513e-10
2.155935951505121974e-10
2.189208928587224598e-10
2.222492315985490386e-10
2.255782814986354537e-10
2.289082336377031791e-10
2.322393898332782716e-10
2.355715946688769290e-10
2.389047657548286765e-10
2.422388789457313305e-10
2.455738303642436698e-10
2.489099274039161056e-10
2.522476667651998317e-10
2.555869461341249332e-10
2.589278655490874082e-10
2.622704475400056526e-10
2.656147636571755231e-10
2.689610547900669527e-10
2.723099453405149237e-10
2.756614812455810606e-10
2.790157919610992311e-10
2.823730903921922198e-10
2.857334296587445002e-10
2.890970781134497293e-10
2.924644145090754020e-10
2.958359516314269037e-10
2.992115528939599996e-10
3.025918343692142872e-10
3.059767051645161594e-10
3.093665189665791638e-10
3.127613333074691615e-10
3.161616662797688094e-10
3.195678104423714131e-10
3.229797732647179558e-10
3.263982520625464131e-10
3.298230212934821405e-10
3.332545066982874841e-10
3.366926379599929835e-10
3.401378344008528666e-10
3.435904540937058792e-10
3.470502320644777314e-10
3.505180003654610906e-10
3.539935049227542403e-10
3.574770162777705317e-10
3.609685978686455543e-10
3.644680270626126232e-10
3.679760904612848782e-10
3.714922105552828273e-10
3.750168906893859345e-10
3.785504085183472286e-10
3.820923390222923707e-10
3.856431277273167785e-10
3.892022290081311062e-10
3.927698524346659084e-10
3.963463454401493019e-10
3.999308193000766953e-10
4.035238398159132937e-10
4.071253730017029113e-10
4.107350959778330923e-10
4.143533307119496153e-10
4.179794197195426444e-10
4.216131991506083901e-10
4.252549982250986517e-10
4.289037541023667244e-10
4.325595528199495581e-10
4.362224958145921317e-10
4.398921059106145333e-10
4.435684360628787044e-10
4.472512883312000157e-10
4.509395965657957218e-10
4.546335797341951616e-10
4.583329165809551671e-10
4.620365392365844994e-10
4.657445091763189994e-10
4.694566451272498422e-10
4.731722711310287745e-10
4.768912840051463933e-10
4.806132369033269715e-10
4.843371089093322255e-10
4.880628463995247921e-10
4.917900975111243225e-10
4.955176446297195420e-10
4.992452264725297992e-10
5.029727241712193216e-10
5.066992653993122912e-10
5.104243806937606725e-10
5.141478764570778970e-10
5.178686817885695264e-10
5.215861701063660737e-10
5.253003188544929021e-10
5.290101933366424168e-10
5.327145807501129661e-10
5.364133534195768990e-10
5.401063812291104775e-10
5.437921585218151623e-10
5.474705799698883214e-10
5.511414036068709679e-10
5.548032885986326491e-10
5.584557325471020600e-10
5.620989503897849054e-10
5.657316575478634212e-10
5.693523973240187543e-10
5.729613190115303777e-10
5.765584185890596402e-10
5.801418691355793864e-10
5.837114603255298304e-10
5.872674875839851004e-10
5.908084657602676325e-10
5.943335908385445448e-10
5.978430984449355323e-10
6.013369867207656553e-10
6.048126281772773632e-10
6.082699563798732457e-10
6.117098165652777536e-10
6.151306478461567480e-10
6.185314438456255720e-10
6.219124876641808168e-10
6.252740567220701178e-10
6.286140467301312697e-10
6.319321747528901101e-10
6.352299108197488081e-10
6.385056946947779571e-10
6.417576675641747043e-10
6.449858108759321678e-10
6.481919238186067997e-10
6.513736190633374752e-10
6.545303673568071223e-10
6.576624680846309520e-10
6.607709080641806502e-10
6.638532707402362023e-10
6.669090184607021867e-10
6.699398586442363571e-10
6.729461348069528843e-10
6.759250553061013466e-10
6.788764801591476592e-10
6.818022231982263481e-10
6.847016210067017625e-10
6.875731626035273505e-10
6.904167371283032633e-10
6.932341779553059982e-10
6.960242977908433274e-10
6.987857956580690234e-10
7.015183283014309117e-10
7.042252872118983737e-10
7.069054021849848432e-10
7.095571883913724246e-10
7.121803615319799222e-10
7.147774004015780775e-10
7.173474613354990906e-10
7.198893530317401767e-10
7.224028857969007737e-10
7.248903782453279295e-10
7.273512103395984720e-10
7.297840544473846281e-10
7.321885703226237765e-10
7.345672426791846373e-10
7.369213704658731639e-10
7.392488256823949960e-10
7.415494046258048166e-10
7.438241716262950773e-10
7.460752943720790304e-10
7.483008050042017250e-10
7.505005625065666942e-10
7.526748836138682116e-10
7.548268413322742108e-10
7.569546742286466324e-10
7.590577807524286092e-10
7.611360645217759377e-10
7.631927573292738075e-10
7.652281434088633545e-10
7.672411041075402480e-10
7.692314780984084653e-10
7.712002433223646421e-10
7.731495864756122251e-10
7.750782551760980230e-10
7.769861489381282248e-10
7.788732454054923117e-10
7.807425720728807077e-10
7.825934792639549174e-10
7.844254348592170463e-10
7.862382967091265999e-10
7.880332641366497610e-10
7.898129966405728363e-10
7.915764936111145030e-10
7.933235629142775949e-10
7.950541678846609719e-10
7.967701002370374562e-10
7.984721775712000527e-10
8.001599253692001059e-10
8.018331867901488504e-10
8.034923311979003416e-10
8.051399436573934657e-10
8.067756134536016519e-10
8.083989700848841191e-10
8.100099918420923825e-10
8.116095370421580227e-10
8.131997929328071596e-10
8.147803938545073161e-10
8.163512131394369307e-10
8.179122209489164584e-10
8.194643051128547619e-10
8.210086973985163947e-10
8.225452153691493069e-10
8.240738695992236540e-10
8.255945016367096324e-10
8.271085500785598281e-10
8.286170031882644324e-10
8.301194949415045249e-10
8.316160572831680784e-10
8.331065600452187692e-10
8.345921594493430906e-10
8.360737903047589980e-10
8.375514110692153581e-10
8.390250429220512663e-10
8.404945672077235765e-10
8.419606086711402232e-10
8.434237805447162741e-10
8.448842177517425993e-10
8.463418836355035582e-10
8.477967565389631481e-10
8.492494516878348144e-10
8.507007984549667355e-10
8.521505783288126782e-10
8.535987739212089862e-10
8.550454062768712136e-10
8.564906372307910743e-10
8.579350575636338598e-10
8.593788617023413944e-10
8.608220813051835686e-10
8.622646690758343197e-10
8.637066632039816551e-10
8.651481984261804213e-10
8.665893929202771677e-10
8.680303007962916644e-10
8.694709111149671057e-10
8.709112288921198275e-10
8.723516224623846149e-10
8.737921582647013695e-10
8.752325402703608079e-10
8.766727346367157335e-10
8.781127754365763484e-10
8.795526274246039322e-10
8.809922874740557695e-10
8.824316105692102333e-10
8.838706019082772947e-10
8.853092304322792103e-10
8.867475293107449531e-10
8.881852823250730514e-10
8.896222029179790308e-10
8.910580116411753960e-10
8.924927058499588301e-10
8.939262760121069560e-10
8.953587502292198255e-10
8.967903481506305007e-10
8.982202980875514120e-10
8.996482865840253355e-10
9.010743602936592047e-10
9.024983694671904406e-10
9.039203705206114625e-10
9.053399787125740393e-10
9.067565897305651354e-10
9.081701251845392554e-10
9.095804502728010796e-10
9.109876807195726652e-10
9.123916608564937651e-10
9.137918748578701909e-10
9.151874677159066093e-10
9.165783251524993656e-10
9.179644354814475607e-10
9.193458231695129430e-10
9.207227714344450591e-10
9.220948737562639182e-10
9.234609655709597545e-10
9.248208395103499569e-10
9.261746060787335341e-10
9.275222734794673126e-10
9.288636663196557483e-10
9.301984736707919792e-10
9.315256398359678136e-10
9.328450331445733455e-10
9.341566849161481079e-10
9.354606204686226996e-10
9.367569218225383242e-10
9.380452908299489690e-10
9.393242450804197478e-10
9.405936967993343208e-10
9.418534725740673237e-10
9.431037739101590863e-10
9.443451349942315435e-10
9.455775065323172468e-10
9.467993958087584435e-10
9.480104340633361304e-10
9.492106919343794872e-10
9.503997793259931758e-10
9.515783315488699935e-10
9.527467573594795123e-10
9.539032888801196236e-10
9.550478845120841173e-10
9.561803112001305387e-10
9.573006618172029332e-10
9.584085400182632298e-10
9.595056143070502626e-10
9.605904864259351732e-10
9.616621373998658839e-10
9.627203220401009179e-10
9.637649257167785818e-10
9.647961334722696486e-10
9.658149378780210433e-10
9.668217428527365252e-10
9.678150790184185542e-10
9.687944149460583555e-10
9.697599073940334287e-10
9.707115596541090212e-10
9.716488144234803882e-10
9.725738144024753508e-10
9.734854347627728188e-10
9.743828074945387937e-10
9.752658736977573733e-10
9.761343606987502791e-10
9.769885347961148087e-10
9.778289539788020252e-10
9.786571599850184914e-10
9.794712214822439502e-10
9.802709491244934902e-10
9.810559343485476099e-10
9.818265398022775739e-10
9.825824196549109589e-10
9.833252640911074416e-10
9.840556998143317488e-10
9.847726314940408351e-10
9.854755926636483308e-10
9.861646661210384201e-10
9.868398119047021204e-10
9.875010461825048895e-10
9.881494904540896353e-10
9.887859227724681628e-10
9.894093332974540914e-10
9.900192459564128044e-10
9.906160148225579392e-10
9.911994806708594096e-10
9.917695070189976862e-10
9.923281244388326558e-10
9.928758068229644306e-10
9.934113823507345259e-10
9.939344888780246701e-10
9.944454550862920322e-10
9.949441035003172736e-10
9.954303597969917784e-10
9.959060142927393367e-10
9.963719050848886356e-10
9.968272934196753749e-10
9.972718525394576955e-10
9.977056737082099536e-10
9.981287269482863649e-10
9.985409991403956191e-10
9.989436784684830785e-10
9.993374218568505609e-10
9.997219671585202635e-10
1.000097296794249808e-09
1.000463094502698924e-09
1.000819459280016139e-09
1.001166423768092596e-09
1.001504770831649720e-09
1.001836248078845699e-09
1.002160145626173972e-09
1.002476471898469077e-09
1.002785098675394840e-09
1.003086113985615448e-09
1.003379203409094672e-09
1.003664688602975317e-09
1.003944334889281591e-09
1.004218245899992370e-09
1.004486376636068741e-09
1.004748528445123514e-09
1.005004790550062886e-09
1.005255174302699992e-09
1.005499575254628693e-09
1.005738783414308775e-09
1.005973518742478422e-09
1.006203771077223603e-09
1.006429606277734111e-09
1.006650972311971272e-09
1.006867936823973846e-09
1.007080333957411572e-09
1.007288283433960214e-09
1.007493163782370635e-09
1.007695334078644819e-09
1.007894600714439554e-09
1.008091007865852442e-09
1.008284427449342303e-09
1.008474880980807447e-09
1.008662431505369224e-09
1.008847250305559317e-09
1.009030165156112753e-09
1.009211377634223969e-09
1.009390982934009207e-09
1.009568910983861404e-09
1.009745187907281678e-09
1.009919840985100221e-09
1.010092842971228427e-09
1.010264388160155824e-09
1.010434924779136069e-09
1.010604570456664386e-09
1.010773342500564515e-09
1.010941258411910267e-09
1.011108344965607491e-09
1.011274574476955060e-09
1.011439947286854786e-09
1.011604770067969278e-09
1.011769565470542868e-09
1.011934294655654062e-09
1.012098894306762872e-09
1.012263370846719959e-09
1.012427726145056905e-09
1.012591958416924745e-09
1.012756063300083118e-09
1.012920103694172986e-09
1.013084228069532302e-09
1.013248479271221664e-09
1.013412895041631267e-09
1.013577471374622007e-09
1.013742205979420574e-09
1.013907092926072555e-09
1.014072140237712904e-09
1.014237345469402525e-09
1.014402678215739860e-09
1.014568089947072346e-09
1.014733486055548000e-09
1.014898862037788772e-09
1.015064216860232487e-09
1.015229547504703885e-09
1.015394843285994006e-09
1.015560119844330475e-09
1.015725535347296361e-09
1.015891121861375291e-09
1.016056495146800471e-09
1.016221580554760919e-09
1.016386376606567892e-09
1.016550882040667559e-09
1.016715101514603756e-09
1.016879014797916844e-09
1.017042565498499141e-09
1.017205597522405974e-09
1.017367943343539618e-09
1.017529409375270352e-09
1.017689986052805357e-09
1.017849669569769647e-09
1.018008449193184580e-09
1.018166302647179658e-09
1.018323250183928011e-09
1.018479158819153523e-09
1.018633919290569081e-09
1.018787085674722433e-09
1.018938501237120919e-09
1.019088135856809714e-09
1.019235991481488968e-09
1.019382074937880276e-09
1.019526381053830063e-09
1.019668910767361144e-09
1.019809756888448439e-09
1.019948832437189383e-09
1.020085392486674161e-09
1.020219417069176377e-09
1.020350907131404242e-09
1.020479851996834192e-09
1.020606189197923740e-09
1.020729949018478895e-09
1.020851122362718243e-09
1.020969638383863091e-09
1.021085336449849130e-09
1.021197656300494131e-09
1.021306595186870122e-09
1.021412141527000962e-09
1.021514320621446456e-09
1.021613086320352665e-09
1.021708419387737841e-09
1.021800370984929664e-09
1.021889062829073732e-09
1.021974321164471727e-09
1.022055374552041227e-09
1.022132174197225078e-09
1.022204779571103998e-09
1.022273172364862309e-09
1.022337281321336335e-09
1.022397171539743681e-09
1.022452856716954520e-09
1.022504707189587309e-09
1.022552699861001586e-09
1.022596122641600096e-09
1.022634938672731732e-09
1.022669057500335354e-09
1.022698474165049602e-09
1.022723211772200331e-09
1.022743225578967824e-09
1.022758325101580236e-09
1.022768958701914868e-09
1.022775263294389723e-09
1.022776818099775217e-09
1.022773348005968025e-09
1.022764895695177560e-09
1.022751428291006980e-09
1.022732819138662818e-09
1.022709210385514425e-09
1.022680492178667733e-09
1.022646872735302749e-09
1.022608884941403501e-09
1.022566406973428287e-09
1.022518762833944724e-09
1.022465869182231351e-09
1.022407850972915284e-09
1.022344636093321298e-09
1.022276264359477985e-09
1.022202701911367357e-09
1.022123744922277300e-09
1.022040219690425450e-09
1.021952530401591505e-09
1.021860231627390811e-09
1.021763067367934888e-09
1.021661145411164805e-09
1.021554223304239167e-09
1.021442453669115423e-09
1.021325778732707858e-09
1.021204179065784654e-09
1.021077790264754905e-09
1.020947158256725379e-09
1.020812252914227202e-09
1.020672933292818430e-09
1.020529100218299905e-09
1.020380772603122357e-09
1.020227965531648040e-09
1.020070567272765906e-09
1.019908685655672655e-09
1.019742183666068227e-09
1.019571348810116656e-09
1.019397008384856166e-09
1.019219077520935525e-09
1.019037261344803174e-09
1.018851567946905890e-09
1.018661914685696623e-09
1.018468296977457408e-09
1.018270706303985692e-09
1.018069221235548949e-09
1.017863705917347539e-09
1.017654450817265683e-09
1.017442292365035951e-09
1.017227171441336181e-09
1.017009032766875109e-09
1.016787783715156814e-09
1.016563446606564449e-09
1.016336040706392977e-09
1.016105538426566305e-09
1.015871930144750862e-09
1.015635213620114368e-09
1.015395482710307689e-09
1.015153262392175725e-09
1.014908532479771496e-09
1.014661404582610497e-09
1.014411878659437097e-09
1.014159986176356892e-09
1.013905690952179699e-09
1.013648915593509260e-09
1.013389747847820054e-09
1.013128199845353870e-09
1.012864118983695403e-09
1.012598193766162221e-09
1.012330744399435926e-09
1.012061714185248610e-09
1.011791063711442615e-09
1.011518770252678178e-09
1.011244869585188875e-09
1.010969334111127543e-09
1.010692077769072291e-09
1.010413170831479972e-09
1.010132619847139497e-09
1.009850577382638912e-09
1.009567547928144284e-09
1.009283565807256636e-09
1.008998626591509464e-09
1.008712765585953587e-09
1.008426003478117633e-09
1.008138326823007924e-09
1.007849733402591346e-09
1.007560232998795632e-09
1.007269810123387594e-09
1.006978404675595273e-09
1.006686273926632049e-09
1.006393568408531857e-09
1.006100271503959972e-09
1.005806514430800011e-09
1.005512252546114522e-09
1.005217458602728811e-09
1.004922159233325567e-09
1.004626397633638269e-09
1.004330112706245719e-09
1.004033328537923570e-09
1.003736044111394765e-09
1.003438587539223008e-09
1.003141067427947979e-09
1.002843443312307703e-09
1.002545675709575675e-09
1.002247759553994426e-09
1.001949702899097799e-09
1.001651465254653302e-09
1.001353073742982643e-09
1.001054544495038344e-09
1.000755861008567186e-09
1.000457020457558304e-09
1.000158162674722901e-09
9.998593287615282422e-10
9.995605321835958200e-10
9.992617274033921424e-10
9.989629689456646594e-10
9.986641970841991329e-10
9.983654728045922836e-10
9.980667343753889723e-10
9.977680401407397297e-10
9.974693564338766369e-10
9.971706853848931690e-10
9.968719927038442132e-10
9.965732977027087354e-10
9.962745608564189238e-10
9.959757238761936499e-10
9.956768078154338644e-10
9.953778156782010581e-10
9.950787399168857319e-10
9.947795681233134082e-10
9.944803080861133374e-10
9.941809796687871590e-10
9.938815622750029095e-10
9.935820833299854969e-10
9.932826314008936854e-10
9.929831369220447546e-10
9.926834752753707007e-10
9.923835289887134345e-10
9.920833114983812361e-10
9.917828255120464430e-10
9.914820814934404065e-10
9.911810790940615947e-10
9.908797855439092704e-10
9.905782301746528584e-10
9.902764325436337741e-10
9.899742534793166177e-10
9.896717517514363452e-10
9.893688729036430036e-10
9.890654208772259141e-10
9.887614867298812678e-10
9.884570790460377629e-10
9.881521235807553514e-10
9.878466689570546074e-10
9.875407127451958793e-10
9.872342200657127715e-10
9.869272292820013232e-10
9.866196720530197107e-10
9.863115259802162111e-10
9.860026537366164918e-10
9.856930213775199484e-10
9.853825715532539414e-10
9.850711724748700385e-10
9.847589577357077809e-10
9.844458717948283362e-10
9.841318816477252636e-10
9.838170080448965201e-10
9.835013235560859034e-10
9.831846863845971492e-10
9.828672219269269164e-10
9.825490348106176460e-10
9.822299845070407461e-10
9.819099433766959293e-10
9.815888208384981338e-10
9.812664849601898859e-10
9.809431036706541708e-10
9.806186293630617969e-10
9.802929350742877238e-10
9.799661475220945426e-10
9.796383283575974753e-10
9.793092190643144275e-10
9.789790417234894621e-10
9.786477965055734842e-10
9.783153241996501770e-10
9.779816230002427570e-10
9.776466822264849623e-10
9.773103763418281167e-10
9.769728066375367570e-10
9.766339210012322924e-10
9.762937022716570482e-10
9.759522240933730442e-10
9.756093953088020304e-10
9.752652420544732192e-10
9.749197782433060198e-10
9.745731289243812337e-10
9.742251217370923463e-10
9.738757857862028005e-10
9.735250183169587608e-10
9.731728028390494267e-10
9.728191047541981122e-10
9.724639593489991707e-10
9.721073315648499050e-10
9.717493117353015789e-10
9.713897262620786861e-10
9.710286754354538246e-10
9.706662407906716727e-10
9.703024964163351427e-10
9.699375954240409074e-10
9.695715660315562989e-10
9.692041660476874912e-10
9.688353977957780295e-10
9.684652780201865599e-10
9.680938283627496413e-10
9.677210117357388354e-10
9.673467643514313979e-10
9.669711813149182571e-10
9.665942797407730818e-10
9.662159003095120997e-10
9.658362273154765228e-10
9.654554242905673928e-10
9.650732977806072859e-10
9.646900259013635274e-10
9.643055336348957865e-10
9.639198082386418234e-10
9.635328462221579469e-10
9.631446414817818147e-10
9.627552690397964555e-10
9.623645680133469461e-10
9.619726618295158909e-10
9.615795822388558276e-10
9.611851313554658030e-10
9.607896070395880732e-10
9.603931374789885752e-10
9.599956057986302244e-10
9.595970523117805590e-10
9.591974811440028843e-10
9.587968714861730240e-10
9.583951303231235663e-10
9.579923824922287747e-10
9.575886030457730734e-10
9.571837013299312053e-10
9.567777538196187526e-10
9.563707780397943656e-10
9.559626746414652843e-10
9.555537196921284431e-10
9.551441139601507357e-10
9.547338191385911998e-10
9.543228137441217612e-10
9.539111059323296694e-10
9.534987142736781703e-10
9.530855556934360680e-10
9.526716905746507057e-10
9.522571633615812995e-10
9.518418251344206295e-10
9.514258064791897225e-10
9.510091181581804322e-10
9.505915901710427242e-10
9.501734642703579051e-10
9.497548452237204335e-10
9.493355758276262429e-10
9.489158579578302723e-10
9.484957195585098664e-10
9.480750341670359546e-10
9.476539268748306458e-10
9.472323749304979871e-10
9.468102982351407351e-10
9.463877916343735998e-10
9.459648241799577455e-10
9.455413632777717127e-10
9.451174216258650847e-10
9.446930612260259646e-10
9.442683923762749890e-10
9.438434729235237428e-10
9.434183263813117161e-10
9.429928949515826787e-10
9.425672019079420444e-10
9.421412747081849576e-10
9.417150705854193882e-10
9.412886229252235455e-10
9.408619026239196611e-10
9.404349206088223275e-10
9.400076785866115300e-10
9.395801837259965552e-10
9.391524161070206869e-10
9.387244882641941428e-10
9.382965295578113783e-10
9.378685409628081429e-10
9.374405148403782747e-10
9.370124700096044924e-10
9.365843718027269385e-10
9.361562341294079984e-10
9.357280856872831574e-10
9.352998769837065234e-10
9.348716432716165386e-10
9.344433808141213882e-10
9.340150526787440951e-10
9.335867217499261745e-10
9.331583408051672268e-10
9.327299325339797556e-10
9.323015128382389528e-10
9.318730617719319130e-10
9.314446421587023763e-10
9.310162571003225437e-10
9.305878842666381887e-10
9.301595614011251806e-10
9.297312763073155798e-10
9.293030082987664349e-10
9.288747883942854275e-10
9.284465873772846357e-10
9.280184438369804060e-10
9.275903215541839430e-10
9.271622297223873700e-10
9.267342159505912279e-10
9.263062903735674779e-10
9.258784658663306558e-10
9.254506955559675682e-10
9.250229610772074600e-10
9.245952802394557147e-10
9.241676324181529337e-10
9.237400196033403677e-10
9.233124479790203795e-10
9.228849139201256335e-10
9.224574296437518854e-10
9.220299738500500609e-10
9.216025563730602699e-10
9.211751883843736728e-10
9.207478770526993495e-10
9.203206318711755999e-10
9.198934985716716612e-10
9.194664224969877879e-10
9.190393782021694587e-10
9.186123943913662060e-10
9.181854219464898589e-10
9.177585114415181653e-10
9.173316213081438024e-10
9.169047861913274622e-10
9.164779928414968881e-10
9.160512393782637525e-10
9.156245238528422310e-10
9.151978515079547448e-10
9.147712141131025001e-10
9.143445022735460894e-10
9.139177646231628324e-10
9.134909492840799455e-10
9.130640828542381196e-10
9.126371613893818035e-10
9.122101662245940653e-10
9.117831361510267186e-10
9.113560240145768606e-10
9.109288704770135612e-10
9.105016458701082840e-10
9.100743651501136845e-10
9.096470279424720417e-10
9.092196263999276794e-10
9.087921721978247511e-10
9.083646482965011320e-10
9.079370712546651195e-10
9.075094391072457709e-10
9.070817313436794124e-10
9.066538835118104727e-10
9.062258996373201979e-10
9.057977526130863244e-10
9.053694891817410991e-10
9.049410583589217927e-10
9.045125157268228705e-10
9.040838023463441463e-10
9.036549637756469286e-10
9.032259687570751339e-10
9.027968331849043357e-10
9.023675562611635302e-10
9.019381377231195786e-10
9.015085839903661186e-10
9.010788938708324899e-10
9.006490605453968191e-10
9.002190582379738456e-10
8.997888953505989426e-10
8.993585533073804917e-10
8.989280713717387372e-10
8.984973951459501524e-10
8.980665717819462909e-10
8.976355545273238349e-10
8.972044048670897996e-10
8.967730525700429629e-10
8.963415571192064627e-10
8.959098727457981268e-10
8.954780046925403766e-10
8.950459129316980815e-10
8.946135734948341133e-10
8.941810256746819295e-10
8.937482269214844107e-10
8.933152392370296599e-10
8.928820120277977873e-10
8.924485756036509909e-10
8.920149133195699496e-10
8.915810257596473667e-10
8.911469190818294159e-10
8.907125996888817791e-10
8.902780482530832092e-10
8.898432836429146170e-10
8.894082876266432177e-10
8.889730820138422888e-10
8.885377209758722126e-10
8.881021808037720795e-10
8.876665022363938530e-10
8.872306221021350980e-10
8.867945561595619655e-10
8.863582788714375969e-10
8.859218060609257792e-10
8.854851422162051184e-10
8.850482636641419651e-10
8.846112100161152585e-10
8.841739145047684407e-10
8.837364397653807172e-10
8.832987529611823655e-10
8.828608697839705516e-10
8.824227818322527396e-10
8.819845158613926376e-10
8.815461097060627771e-10
8.811075403581052765e-10
8.806688368126302418e-10
8.802299971713358190e-10
8.797910395150460299e-10
8.793519656557517050e-10
8.789127575261997545e-10
8.784734458184098192e-10
8.780339885433756869e-10
8.775944346199642477e-10
8.771547238339505519e-10
8.767149093964158390e-10
8.762749635542614855e-10
8.758348932460335661e-10
8.753947116225079529e-10
8.749543846369306334e-10
8.745139647577814521e-10
8.740733725125973833e-10
8.736327034461675497e-10
8.731919399971632036e-10
8.727511101705594646e-10
8.723102018355717040e-10
8.718692111326268823e-10
8.714281545482359390e-10
8.709869969944829641e-10
8.705457780518051719e-10
8.701044711418039100e-10
8.696630900167185467e-10
8.692216383835849499e-10
8.687800990778884215e-10
8.683384764092141032e-10
8.678968498065980386e-10
8.674552407077699705e-10
8.670136567824777855e-10
8.665720854358109828e-10
8.661305354356772604e-10
8.656889880938176834e-10
8.652474679334490770e-10
8.648059437007152186e-10
8.643644537063569317e-10
8.639229513439941259e-10
8.634814823976084169e-10
8.630400060594075072e-10
8.625985601559213691e-10
8.621571174861168900e-10
8.617156970959827704e-10
8.612742803390585456e-10
8.608328980984425780e-10
8.603915563860577104e-10
8.599502644046242995e-10
8.595090238537659630e-10
8.590678638436743097e-10
8.586268099539276094e-10
8.581858414834263040e-10
8.577449853927265925e-10
8.573042056634894722e-10
8.568635457134688684e-10
8.564229620641130807e-10
8.559825003479521246e-10
8.555421164328582183e-10
8.551018491186685717e-10
8.546616671178710510e-10
8.542215947821459020e-10
8.537816147021588144e-10
8.533417200294747017e-10
8.529019104693329225e-10
8.524621734669929345e-10
8.520225374676708894e-10
8.515830164532265304e-10
8.511436220306065140e-10
8.507043400909271742e-10
8.502651912820900156e-10
8.498261494898221543e-10
8.493872472409332274e-10
8.489484466725231648e-10
8.485097903609482161e-10
8.480712247075411193e-10
8.476328209618659313e-10
8.471944976939884060e-10
8.467563459621475715e-10
8.463182819110122280e-10
8.458804326225887792e-10
8.454427105882511510e-10
8.450052047019461485e-10
8.445678326912560712e-10
8.441306566030245163e-10
8.436936202883349011e-10
8.432567702884268428e-10
8.428200706099318535e-10
8.423835479723863811e-10
8.419471861737262192e-10
8.415109921720395843e-10
8.410749710195130134e-10
8.406391120873926230e-10
8.402034281980377328e-10
8.397679025245784308e-10
8.393325582005681131e-10
8.388973613122478999e-10
8.384623238080090950e-10
8.380274063641766194e-10
8.375926361497559796e-10
8.371580023611997924e-10
8.367235572427961070e-10
8.362892771295538331e-10
8.358551774510797317e-10
8.354212550898593212e-10
8.349875021953799017e-10
8.345539389997296238e-10
8.341205342289672857e-10
8.336873323696934112e-10
8.332542832463728137e-10
8.328214417306259629e-10
8.323887511860684016e-10
8.319562666091731733e-10
8.315239441430309956e-10
8.310917705890963157e-10
8.306597106130051000e-10
8.302277782720714734e-10
8.297959670050212689e-10
8.293642957845601545e-10
8.289327709830549248e-10
8.285013879782461662e-10
8.280701560217095904e-10
8.276390693837977389e-10
8.272081228364449003e-10
8.267773327005964378e-10
8.263466703405004191e-10
8.259161777951040859e-10
8.254858008707907275e-10
8.250556072360267814e-10
8.246255197612349094e-10
8.241956230671468721e-10
8.237658323832078205e-10
8.233362459027099517e-10
8.229067726971523465e-10
8.224775032292815404e-10
8.220483526476599301e-10
8.216193901244132104e-10
8.211905557601620521e-10
8.207618996707295412e-10
8.203333824971560725e-10
8.199050340042952177e-10
8.194768362410610642e-10
8.190488000435713351e-10
8.186209199807390742e-10
8.181931961926162990e-10
8.177656344957044324e-10
8.173382242243366562e-10
8.169109789673585251e-10
8.164838922883484459e-10
8.160569456629844448e-10
8.156300994630594204e-10
8.152033556406163241e-10
8.147767105076186960e-10
8.143501814354022371e-10
8.139238081808262766e-10
8.134975717228726289e-10
8.130714815351374519e-10
8.126455404946583138e-10
8.122197345403212287e-10
8.117940914800513848e-10
8.113685826254415307e-10
8.109432346352303391e-10
8.105180225264178114e-10
8.100929632594118296e-10
8.096680489397298746e-10
8.092432775387890423e-10
8.088186699965372924e-10
8.083941840216080494e-10
8.079698240071833960e-10
8.075455509688614480e-10
8.071213898321014528e-10
8.066973288233057098e-10
8.062733988277439307e-10
8.058495929084985526e-10
8.054259088165948405e-10
8.050023666082414605e-10
8.045789464715064177e-10
8.041556584049095169e-10
8.037325006583433772e-10
8.033094575584673000e-10
8.028865623247512880e-10
8.024637653733527865e-10
8.020411348754055514e-10
8.016185975104214173e-10
8.011962329658269715e-10
8.007739652346323647e-10
8.003518576892898242e-10
7.999298765132083428e-10
7.995080406687796803e-10
7.990863521324743622e-10
7.986648032139166854e-10
7.982434351844819820e-10
7.978222010100343874e-10
7.974011509839047773e-10
7.969802429591212916e-10
7.965594983245583184e-10
7.961389140576978994e-10
7.957184818851570960e-10
7.952982250208292212e-10
7.948781137476303837e-10
7.944581725952915594e-10
7.940383810022221638e-10
7.936187562311905457e-10
7.931993002689811389e-10
7.927799852039868353e-10
7.923608052522764486e-10
7.919417260343367152e-10
7.915227679402214334e-10
7.911039250204340474e-10
7.906852391896120625e-10
7.902667282989593326e-10
7.898483791048748109e-10
7.894302127112433148e-10
7.890122181695798049e-10
7.885943830043979813e-10
7.881767359996444565e-10
7.877592246966104567e-10
7.873419327465203658e-10
7.869247791775945993e-10
7.865078151739600043e-10
7.860910110668452070e-10
7.856743712510608019e-10
7.852579255902567453e-10
7.848416242226577967e-10
7.844255063650001948e-10
7.840095085558063987e-10
7.835936757593738394e-10
7.831779848633195678e-10
7.827624524583793837e-10
7.823471216675465712e-10
7.819319498015548306e-10
7.815169660997912496e-10
7.811021548661159641e-10
7.806875078097752426e-10
7.802730519846932957e-10
7.798587568237030563e-10
7.794446629516606594e-10
7.790307363511253054e-10
7.786169734160289633e-10
7.782034153504351428e-10
7.777899938160162067e-10
7.773768099314144377e-10
7.769637623847374823e-10
7.765509324718387798e-10
7.761382604697611157e-10
7.757257763192373397e-10
7.753134867286505207e-10
7.749013732051631437e-10
7.744895121846065067e-10
7.740778303796055182e-10
7.736663746761014661e-10
7.732551164269427320e-10
7.728440730664342443e-10
7.724332485296032171e-10
7.720226296010762455e-10
7.716122216516853480e-10
7.712020443272544161e-10
7.707920497424787348e-10
7.703823139103193636e-10
7.699727524092658225e-10
7.695634248721643377e-10
7.691543009565824748e-10
7.687453704864926393e-10
7.683366208078150673e-10
7.679280168082061715e-10
7.675195917880187086e-10
7.671113205036907870e-10
7.667032544189104514e-10
7.662954095001505298e-10
7.658877809009598134e-10
7.654803795909939955e-10
7.650731968376298012e-10
7.646662048866829327e-10
7.642594588556791461e-10
7.638529154696307201e-10
7.634465922453537458e-10
7.630404964959520187e-10
7.626345825720675678e-10
7.622289525906205316e-10
7.618234937424248235e-10
7.614182895543951941e-10
7.610132869430171642e-10
7.606084739750988736e-10
7.602038880890416417e-10
7.597994618242857082e-10
7.593952636716959850e-10
7.589912349532770163e-10
7.585874268156998770e-10
7.581838409015901675e-10
7.577804616434604581e-10
7.573773097054973720e-10
7.569743671295581118e-10
7.565716244290184251e-10
7.561691180163171774e-10
7.557668263554710789e-10
7.553647425676461557e-10
7.549628984120801351e-10
7.545612303420700238e-10
7.541598391863829988e-10
7.537586268977500903e-10
7.533576487234351640e-10
7.529568864479905531e-10
7.525563086872790886e-10
7.521559859976615216e-10
7.517558224597910083e-10
7.513559079827201650e-10
7.509561657376032984e-10
7.505566448702133839e-10
7.501573783237162500e-10
7.497583284154338029e-10
7.493595252853201727e-10
7.489609335311566661e-10
7.485625854778174531e-10
7.481644660132555798e-10
7.477665928822787936e-10
7.473689414379033701e-10
7.469715515428419076e-10
7.465743678070643369e-10
7.461774373461321141e-10
7.457807209954213791e-10
7.453842405938186224e-10
7.449880364974755270e-10
7.445920325702069719e-10
7.441962349802729354e-10
7.438005865940500145e-10
7.434051144432060914e-10
7.430098271208552608e-10
7.426147167775704975e-10
7.422198372611811668e-10
7.418251623048771098e-10
7.414307129647734637e-10
7.410364925228644051e-10
7.406425059477396337e-10
7.402487083576128812e-10
7.398551600421635826e-10
7.394618253700957135e-10
7.390686975841708501e-10
7.386758275471561715e-10
7.382831295651306206e-10
7.378907302597745904e-10
7.374985070920868481e-10
7.371064992543759550e-10
7.367147473845261409e-10
7.363231737134977555e-10
7.359318629950176922e-10
7.355407029171390166e-10
7.351497286101189464e-10
7.347589797499340567e-10
7.343684052843669584e-10
7.339780741510376428e-10
7.335879322154986622e-10
7.331980238047563808e-10
7.328083384393371664e-10
7.324188697609879937e-10
7.320296009732378381e-10
7.316405617177162095e-10
7.312517429008130438e-10
7.308631299679752705e-10
7.304747644223697388e-10
7.300865745557349960e-10
7.296986617125337355e-10
7.293109325524388097e-10
7.289234059689017474e-10
7.285361451536099630e-10
7.281490652116988710e-10
7.277622264507614328e-10
7.273755473670375325e-10
7.269890522443527561e-10
7.266027827183262485e-10
7.262166843700638291e-10
7.258308479505586272e-10
7.254452176930515036e-10
7.250598165340459226e-10
7.246746697361030808e-10
7.242897340437773986e-10
7.239050148713278769e-10
7.235205429802573278e-10
7.231362993229485391e-10
7.227522796023016263e-10
7.223685247965597919e-10
7.219849678664050023e-10
7.216016495295185673e-10
7.212185677404896271e-10
7.208356965424681080e-10
7.204531090838627586e-10
7.200707223062275016e-10
7.196885278113268248e-10
7.193065289924365465e-10
7.189246789489588756e-10
7.185430234860458750e-10
7.181615168349154760e-10
7.177802046574109070e-10
7.173991532725051350e-10
7.170182879733035890e-10
7.166376279235906584e-10
7.162572124247851974e-10
7.158770155080947119e-10
7.154970181421871082e-10
7.151172562715755192e-10
7.147377039415812203e-10
7.143583609339836261e-10
7.139792688930872782e-10
7.136003507913682463e-10
7.132217143130856785e-10
7.128432603567806133e-10
7.124649905433651598e-10
7.120870259364088318e-10
7.117092316489908570e-10
7.113316531768462570e-10
7.109542689758491827e-10
7.105770569166952004e-10
7.102000931578257598e-10
7.098232966525497318e-10
7.094467098860266001e-10
7.090703775674201719e-10
7.086942354492245293e-10
7.083183140302092425e-10
7.079426281325462631e-10
7.075671652807490847e-10
7.071919214643360082e-10
7.068168980034872912e-10
7.064420947212379814e-10
7.060675080408332608e-10
7.056931711812002946e-10
7.053190192005442878e-10
7.049451391080810194e-10
7.045714486444208840e-10
7.041979590126396040e-10
7.038247690927185318e-10
7.034517550499038546e-10
7.030789484447548565e-10
7.027063423740098860e-10
7.023339009914093572e-10
7.019617112947694665e-10
7.015896763458378014e-10
7.012178479459471928e-10
7.008463073990936391e-10
7.004749485914462345e-10
7.001038314001279800e-10
6.997329629667060915e-10
6.993623362929223943e-10
6.989919155802869827e-10
6.986217449229290292e-10
6.982517998904568829e-10
6.978820818296498282e-10
6.975126422096242825e-10
6.971433988513306606e-10
6.967743862319927291e-10
6.964056348965213302e-10
6.960370897062200538e-10
6.956688227846208698e-10
6.953007640384032242e-10
6.949329114395270502e-10
6.945652985874484444e-10
6.941978226964718463e-10
6.938305203739147041e-10
6.934634255530780397e-10
6.930965009003281281e-10
6.927298119648946776e-10
6.923633431923183533e-10
6.919971077312036784e-10
6.916310856051388598e-10
6.912652796927899772e-10
6.908997177054571838e-10
6.905343679126731277e-10
6.901692601916586970e-10
6.898043586377992985e-10
6.894396798904145652e-10
6.890752590458343848e-10
6.887110225213801870e-10
6.883470587118599006e-10
6.879832950594717343e-10
6.876197185477920419e-10
6.872564695501979541e-10
6.868933909774526513e-10
6.865304950591372500e-10
6.861678746459392605e-10
6.858054166466689407e-10
6.854431686833549263e-10
6.850811384352447561e-10
6.847192911949514515e-10
6.843577033399513032e-10
6.839963285016269481e-10
6.836351776656477795e-10
6.832742677886218184e-10
6.829135540465751736e-10
6.825530981983762666e-10
6.821928635338399852e-10
6.818328617771658377e-10
6.814730744121743062e-10
6.811135110430139137e-10
6.807542096685654680e-10
6.803951029634356907e-10
6.800362533834960669e-10
6.796776180690293922e-10
6.793191894504412576e-10
6.789610558698843759e-10
6.786031147164567900e-10
6.782453593051174338e-10
6.778878707539405381e-10
6.775305256966408599e-10
6.771733665461805251e-10
6.768164254911815470e-10
6.764596550111258609e-10
6.761031404088202659e-10
6.757468528131928701e-10
6.753907983756754896e-10
6.750349644763872124e-10
6.746793629128105791e-10
6.743240138494504996e-10
6.739688806450621956e-10
6.736139867922859221e-10
6.732593193335958773e-10
6.729048758362668045e-10
6.725507162469048759e-10
6.721967468788529681e-10
6.718429954797813315e-10
6.714895375656834985e-10
6.711362723368340864e-10
6.707832468501681256e-10
6.704304815785220991e-10
6.700779259514467011e-10
6.697255795287009002e-10
6.693733998221396078e-10
6.690213927777309374e-10
6.686696070906928213e-10
6.683179691786181077e-10
6.679665401117861324e-10
6.676153556857011960e-10
6.672643650658236574e-10
6.669136070338056781e-10
6.665630831188198673e-10
6.662127512933185659e-10
6.658626677702731552e-10
6.655127935430254228e-10
6.651631575841579345e-10
6.648137279514969041e-10
6.644645070582252395e-10
6.641155582678384566e-10
6.637667970925999276e-10
6.634182536325652429e-10
6.630699665467053390e-10
6.627218695537744399e-10
6.623740303390669386e-10
6.620264033208081050e-10
6.616789702545084783e-10
6.613318007818479978e-10
6.609847877700901890e-10
6.606379513945967070e-10
6.602913836746999791e-10
6.599449735847059989e-10
6.595987636355590204e-10
6.592528242793950376e-10
6.589070640633323218e-10
6.585615443423683604e-10
6.582162672873094241e-10
6.578711689350963282e-10
6.575263301150138720e-10
6.571817104576108591e-10
6.568373129284073338e-10
6.564931347434623211e-10
6.561491638683448086e-10
6.558054692892587239e-10
6.554619656103006747e-10
6.551186706161769485e-10
6.547756500686380473e-10
6.544328196512125043e-10
6.540902193976067636e-10
6.537478700328050163e-10
6.534057245047578712e-10
6.530637823460824327e-10
6.527220184217842646e-10
6.523804246349025432e-10
6.520390465321989942e-10
6.516978233365264115e-10
6.513568023395969477e-10
6.510160264692538856e-10
6.506754533757756423e-10
6.503351198673294585e-10
6.499949944034410295e-10
6.496550936079591257e-10
6.493154414010083576e-10
6.489759811044057976e-10
6.486367631697193875e-10
6.482977745468695701e-10
6.479589829082679887e-10
6.476204675146711310e-10
6.472821433710609339e-10
6.469440154053141980e-10
6.466062030448888842e-10
6.462685471385807761e-10
6.459311058785459668e-10
6.455939640516244237e-10
6.452570058418545894e-10
6.449202333177179081e-10
6.445837188904501061e-10
6.442473214926565941e-10
6.439110993810911010e-10
6.435750968067627724e-10
6.432392395364026650e-10
6.429035809651136482e-10
6.425681713976262841e-10
6.422329395143506100e-10
6.418979356368450400e-10
6.415631520568202410e-10
6.412285572777717274e-10
6.408942040830249646e-10
6.405600488667329106e-10
6.402261137625426975e-10
6.398923997171625362e-10
6.395588692145653769e-10
6.392256084241977314e-10
6.388925293494228135e-10
6.385596232589744415e-10
6.382270366659907676e-10
6.378946004093481878e-10
6.375623371340465489e-10
6.372304035911350471e-10
6.368986243964035349e-10
6.365670003988495136e-10
6.362356915921606535e-10
6.359045022248721744e-10
6.355734783586269593e-10
6.352427232858591667e-10
6.349121170099459506e-10
6.345817055130045329e-10
6.342515573388264601e-10
6.339215944347396046e-10
6.335918573653451640e-10
6.332623462446389664e-10
6.329330292601852311e-10
6.326039650237532664e-10
6.322750951002674012e-10
6.319464487844839185e-10
6.316180360065252298e-10
6.312898107574036680e-10
6.309618438160432676e-10
6.306340854949195543e-10
6.303065206700431537e-10
6.299792248033952892e-10
6.296521198072908287e-10
6.293252184897039041e-10
6.289985843148262426e-10
6.286721478003006458e-10
6.283459211463949138e-10
6.280199026138584112e-10
6.276940395279331283e-10
6.273683469458394541e-10
6.270428554808856243e-10
6.267175231668645923e-10
6.263923721127243940e-10
6.260674525311845692e-10
6.257427574739279726e-10
6.254182577487943596e-10
6.250939627797102773e-10
6.247699182106053240e-10
6.244460759585820159e-10
6.241224312393440124e-10
6.237990141076199910e-10
6.234758327578100666e-10
6.231528461956573370e-10
6.228300527258809862e-10
6.225075498260422614e-10
6.221852100083638944e-10
6.218630555313455907e-10
6.215412216342096189e-10
6.212195322816123109e-10
6.208980326237728650e-10
6.205768482333386362e-10
6.202558271617418180e-10
6.199349823648797002e-10
6.196143982873333469e-10
6.192939207464881380e-10
6.189736201225541281e-10
6.186535387641672256e-10
6.183335931585265522e-10
6.180138399175888877e-10
6.176943047343853893e-10
6.173749764009547990e-10
6.170558495337084222e-10
6.167369065734888603e-10
6.164182067492714053e-10
6.160997042865740939e-10
6.157813864642767586e-10
6.154632883654097738e-10
6.151454115091032590e-10
6.148277268603483616e-10
6.145102266400154835e-10
6.141929952736863842e-10
6.138759291557097965e-10
6.135590350639519608e-10
6.132424496460263575e-10
6.129260045656506246e-10
6.126097335761752269e-10
6.122937739128349968e-10
6.119779637533948964e-10
6.116623313737058469e-10
6.113469583841954893e-10
6.110317245841341613e-10
6.107166538621620150e-10
6.104018180850487811e-10
6.100871483173459211e-10
6.097726417026436834e-10
6.094583798733546189e-10
6.091443441214062320e-10
6.088304647771624637e-10
6.085168281585358209e-10
6.082034197215585600e-10
6.078901738138618902e-10
6.075771732781140713e-10
6.072643838791965555e-10
6.069517908310361735e-10
6.066394215756857890e-10
6.063272440697323600e-10
6.060153114846300046e-10
6.057035813458045664e-10
6.053920434547007040e-10
6.050807384692876264e-10
6.047696522323691498e-10
6.044587569200063863e-10
6.041480744943098883e-10
6.038376512867126653e-10
6.035274044276760124e-10
6.032173219525235073e-10
6.029074777821213441e-10
6.025977518666486236e-10
6.022881781619341146e-10
6.019788309289315650e-10
6.016696087089111379e-10
6.013605797025912209e-10
6.010517827328796084e-10
6.007431658233784473e-10
6.004347749933893130e-10
6.001265554472890578e-10
5.998185770487778606e-10
5.995108049189322664e-10
5.992032096055729750e-10
5.988958356650551003e-10
5.985886816908872575e-10
5.982817171039599593e-10
5.979749405919640887e-10
5.976684302672838737e-10
5.973620831132464926e-10
5.970559193236700680e-10
5.967500353474392073e-10
5.964443156752954149e-10
5.961387919296814243e-10
5.958334995462004215e-10
5.955284308966315716e-10
5.952235499162232846e-10
5.949188204764405907e-10
5.946143365350878333e-10
5.943099718624131333e-10
5.940057554182423808e-10
5.937017666299831075e-10
5.933979065826409564e-10
5.930942311390572652e-10
5.927907732271984186e-10
5.924875057934116248e-10
5.921844330408859194e-10
5.918815390582464582e-10
5.915788838108272993e-10
5.912763931380995913e-10
5.909741115793190736e-10
5.906720269741164859e-10
5.903701375134866026e-10
5.900684564478159363e-10
5.897669396683187081e-10
5.894656669829313808e-10
5.891645910166163832e-10
5.888636855807319174e-10
5.885629763425244734e-10
5.882625148536217349e-10
5.879622201805141452e-10
5.876620785633624073e-10
5.873622481974342928e-10
5.870625524741501760e-10
5.867629967597279586e-10
5.864637367461413093e-10
5.861645728104099887e-10
5.858655665439371184e-10
5.855667910256482755e-10
5.852681664552067192e-10
5.849696997983003878e-10
5.846714435432226865e-10
5.843734272021364346e-10
5.840755463263640736e-10
5.837778972084530753e-10
5.834804579356910796e-10
5.831831895692745334e-10
5.828861577778573459e-10
5.825892811670611122e-10
5.822926234893241538e-10
5.819962022850759832e-10
5.816999401799196505e-10
5.814038670168772953e-10
5.811080578841866756e-10
5.808123940953627135e-10
5.805169161419949928e-10
5.802217213602356500e-10
5.799266739449546590e-10
5.796318187013980249e-10
5.793371849677492198e-10
5.790427803475299826e-10
5.787485471927785902e-10
5.784544639428127601e-10
5.781606219829307732e-10
5.778668727985535404e-10
5.775732792800937871e-10
5.772798984862633721e-10
5.769866325253162057e-10
5.766935400144499689e-10
5.764006513791511995e-10
5.761079862470587402e-10
5.758154598869734447e-10
5.755231533635000720e-10
5.752310566162353675e-10
5.749391196989928944e-10
5.746474202399460296e-10
5.743558595575204454e-10
5.740645210776630557e-10
5.737734139968515885e-10
5.734824593908886681e-10
5.731916809090231038e-10
5.729011683981525401e-10
5.726107999720375701e-10
5.723206052674221682e-10
5.720306722785003527e-10
5.717409037833872338e-10
5.714513257039198807e-10
5.711619220377982052e-10
5.708727927550208120e-10
5.705838073148935869e-10
5.702949592527673982e-10
5.700063847708577404e-10
5.697178991565672797e-10
5.694295720442476521e-10
5.691414311055718894e-10
5.688534618294139032e-10
5.685656320895779667e-10
5.682779779920713029e-10
5.679905577597203110e-10
5.677032845236327513e-10
5.674162173833170186e-10
5.671293071786151562e-10
5.668426245969831177e-10
5.665561154890454303e-10
5.662697841782295865e-10
5.659836501431655967e-10
5.656976955312925137e-10
5.654119485690630665e-10
5.651263536593547645e-10
5.648409747405276964e-10
5.645558046053313357e-10
5.642707960836490798e-10
5.639859388325308717e-10
5.637013682545928968e-10
5.634169153363632904e-10
5.631326372603208104e-10
5.628486167961221028e-10
5.625647536931216908e-10
5.622810783048801730e-10
5.619975418474257225e-10
5.617142454991127225e-10
5.614310578789349541e-10
5.611480030302410896e-10
5.608651906460596204e-10
5.605824913807526978e-10
5.602999487839837052e-10
5.600176234437210579e-10
5.597355130493778862e-10
5.594535297701541923e-10
5.591717686736851323e-10
5.588901924287797490e-10
5.586087978606542281e-10
5.583276146546364802e-10
5.580465844744471152e-10
5.577657657690042582e-10
5.574851368153171774e-10
5.572046853276212013e-10
5.569244162498068301e-10
5.566443636614698351e-10
5.563645069836488390e-10
5.560848194322098611e-10
5.558052906427607722e-10
5.555260398961934682e-10
5.552469047077400149e-10
5.549679615338595269e-10
5.546892629141435320e-10
5.544107311862199047e-10
5.541323851455579422e-10
5.538541726311951172e-10
5.535761868795050320e-10
5.532982860639351653e-10
5.530205314165303613e-10
5.527429786177386325e-10
5.524655423063981725e-10
5.521882619478646930e-10
5.519111460988821910e-10
5.516342710506158304e-10
5.513575199334568994e-10
5.510809822099742505e-10
5.508045900255082602e-10
5.505284205441064339e-10
5.502524158697304129e-10
5.499765900265812483e-10
5.497009490064968034e-10
5.494254892270224688e-10
5.491502359876323757e-10
5.488751268161699207e-10
5.486001897195101540e-10
5.483255118474637096e-10
5.480509592155767882e-10
5.477765543277115446e-10
5.475024300826472242e-10
5.472284373122285530e-10
5.469546285880744582e-10
5.466809658621773584e-10
5.464075893437061082e-10
5.461343300566446149e-10
5.458612239066932497e-10
5.455883373433771378e-10
5.453155745238895948e-10
5.450429626481780589e-10
5.447704798217152186e-10
5.444982067356337863e-10
5.442260472852079882e-10
5.439540461752589333e-10
5.436822417504547750e-10
5.434106387975346216e-10
5.431391537912123375e-10
5.428678829173678697e-10
5.425967828537866534e-10
5.423258550140169579e-10
5.420551208558735054e-10
5.417845326753592313e-10
5.415141421329406935e-10
5.412439195191337223e-10
5.409738919785163536e-10
5.407040108671687779e-10
5.404343195746173820e-10
5.401648424248577106e-10
5.398955087605612789e-10
5.396263105537075977e-10
5.393573955217193183e-10
5.390885965108850867e-10
5.388199734211270695e-10
5.385515101540629804e-10
5.382833081841649372e-10
5.380152252183117789e-10
5.377472843390301977e-10
5.374795728223404944e-10
5.372119708827835240e-10
5.369445244438500822e-10
5.366772007472104333e-10
5.364100916702450567e-10
5.361430861153340067e-10
5.358762384864434389e-10
5.356095948213313962e-10
5.353431492033429778e-10
5.350768219526514220e-10
5.348107082131603153e-10
5.345447567613872116e-10
5.342789892709246503e-10
5.340134094897926105e-10
5.337479837485089871e-10
5.334827542925706056e-10
5.332176870266395171e-10
