1.038664489310599745e-07
1.114023502607135446e-07
1.185827886567769684e-07
1.254204552981970262e-07
1.319278763378949046e-07
1.381174942079793686e-07
1.440007382739163693e-07
1.495886273345226399e-07
1.548917903653500734e-07
1.599202916032060584e-07
1.646837160870011855e-07
1.691915529698606259e-07
1.734526957641357288e-07
1.774758050141218139e-07
1.812689701726852725e-07
1.848398830367065485e-07
1.881964921654517773e-07
1.913455583180104564e-07
1.942943061787565668e-07
1.970492553374814628e-07
1.996168585574291742e-07
2.020033079475096243e-07
2.042146232366213685e-07
2.062563753588969401e-07
2.081343782161688673e-07
2.098538004892892802e-07
2.114199289836710349e-07
2.128378411454738013e-07
2.141123474019961655e-07
2.152487203388011756e-07
2.162514425451845349e-07
2.171248131699538690e-07
2.178739630279192986e-07
2.185025811793354269e-07
2.190154620157118932e-07
2.194162022422329229e-07
2.197095027080336959e-07
2.198984745236079751e-07
2.199879309822706595e-07
2.199808320817041254e-07
2.198810633253627446e-07
2.196924793998662781e-07
2.194182732240280624e-07
2.190620857985030916e-07
2.186268441070322275e-07
2.181165597351619793e-07
2.175338717552431395e-07
2.168821376665990378e-07
2.161645280842723258e-07
2.153837563748390583e-07
2.145431205569303594e-07
2.136454431897261924e-07
2.126936037931902932e-07
2.116904553285701628e-07
2.106387445612978792e-07
2.095412439780841029e-07
2.084004080780719641e-07
2.072190026281071489e-07
2.059997264687162729e-07
2.047446588644254733e-07
2.034563954366742792e-07
2.021375795681553843e-07
2.007902208759007737e-07
1.994162759179556599e-07
1.980182745045331978e-07
1.965985436803573862e-07
1.951584993567748201e-07
1.937004220997050320e-07
1.922265986551115229e-07
1.907385772865651417e-07
1.892379442228348061e-07
1.877267211680112263e-07
1.862068322402893708e-07
1.846795490285298053e-07
1.831466060161165411e-07
1.816095547169441645e-07
1.800700116002895868e-07
1.785292653582368936e-07
1.769887254902011864e-07
1.754495865522243540e-07
1.739133485991641825e-07
1.723812231428579846e-07
1.708542390218218940e-07
1.693334061244713745e-07
1.678200362738268010e-07
1.663150500139804774e-07
1.648193510262517127e-07
1.633339639600976812e-07
1.618594972764273726e-07
1.603968402257660496e-07
1.589470374814380712e-07
1.575107705181314033e-07
1.560885101984004064e-07
1.546809357439118836e-07
1.532884912051030429e-07
1.519120661265518494e-07
1.505523921531070315e-07
1.492091927154879939e-07
1.478833347825134902e-07
1.465750462390283918e-07
1.452848302833530472e-07
1.440133518360069440e-07
1.427600646582346863e-07
1.415258334373106128e-07
1.403104504653954054e-07
1.391145610291266119e-07
1.379383203508899598e-07
1.367815134533402064e-07
1.356446640636538312e-07
1.345270524856303534e-07
1.334297145999660552e-07
1.323518341136869354e-07
1.312942327754364869e-07
1.302561630160769310e-07
1.292381224321264326e-07
1.282394752271397631e-07
1.272604754595921547e-07
1.263009130323462717e-07
1.253607668194653913e-07
1.244398674680807979e-07
1.235379843458619479e-07
1.226548483436883961e-07
1.217902542574349407e-07
1.209440787375582990e-07
1.201161577838979457e-07
1.193061846186460000e-07
1.185139871629904910e-07
1.177390139850197765e-07
1.169812473642534063e-07
1.162399733523092810e-07
1.155155924977046509e-07
1.148070711561880147e-07
1.141149310127679903e-07
1.134378286782269682e-07
1.127764520984889035e-07
1.121293500716580312e-07
1.114970949467031480e-07
1.108787089017897455e-07
1.102742033528381326e-07
1.096832569010557217e-07
1.091051650664066150e-07
1.085401556455299742e-07
1.079868885907190338e-07
1.074459069849572126e-07
1.069160161755364952e-07
1.063973889621180310e-07
1.058896170518938351e-07
1.053919796797029235e-07
1.049046861707487375e-07
1.044264847684143868e-07
1.039577118858498673e-07
1.034975522050731426e-07
1.030456730007469772e-07
1.026020937577466495e-07
1.021657829869680640e-07
1.017369968379815979e-07
1.013149551190413882e-07
1.008992638361769993e-07
1.004899434076905632e-07
1.000859929763383213e-07
9.968755590428869464e-08
9.929413351730194180e-08
9.890521052886984133e-08
9.852084920580029382e-08
9.814026356211298586e-08
9.776329858749082476e-08
9.738979633747691996e-08
9.701902260005983561e-08
9.665094719381056423e-08
9.628523132349491473e-08
9.592138925417730009e-08
9.555943603945894607e-08
9.519889829540111734e-08
9.483943785001069498e-08
9.448101466460073340e-08
9.412315325260044595e-08
9.376557006403460149e-08
9.340819823226214032e-08
9.305062852491157605e-08
9.269268030575616849e-08
9.233429595264746999e-08
9.197507847506132006e-08
9.161484120463660456e-08
9.125354479894963106e-08
9.089085209698496363e-08
9.052658163560285897e-08
9.016071169540540037e-08
8.979296340153878789e-08
8.942320654963685936e-08
8.905146924381676801e-08
8.867750294384403709e-08
8.830112972260511339e-08
8.792239844545411004e-08
8.754120841114868382e-08
8.715733358609403973e-08
8.677080682752948517e-08
8.638162486845160282e-08
8.598956391868235986e-08
8.559467494631119263e-08
8.519709304125412927e-08
8.479655305015265670e-08
8.439302469237461863e-08
8.398681651099635939e-08
8.357769782444663676e-08
8.316564058474835747e-08
8.275081322580974008e-08
8.233318211934915109e-08
8.191265154828571544e-08
8.148939311308080977e-08
8.106358943101053989e-08
8.063509288034674972e-08
8.020395745105147417e-08
7.977053384897132271e-08
7.933475347623966160e-08
7.889658668414978408e-08
7.845624929379405391e-08
7.801386586896363573e-08
7.756938736621763180e-08
7.712289543229459179e-08
7.667479501833390988e-08
7.622505261854600759e-08
7.577367363595080726e-08
7.532094211682613713e-08
7.486708330152573107e-08
7.441208851181401350e-08
7.395600760512215355e-08
7.349914729110086428e-08
7.304162462691576491e-08
7.258343537975346940e-08
7.212476045570598406e-08
7.166595671208066752e-08
7.120711160294907703e-08
7.074822582131418301e-08
7.028954358145317752e-08
6.983136848220496118e-08
6.937374597558831338e-08
6.891669980338336845e-08
6.846046557267199911e-08
6.800532378250629451e-08
6.755129306760246510e-08
6.709840217324002115e-08
6.664697887073944144e-08
6.619729370889129468e-08
6.574935946992009561e-08
6.530317321414758910e-08
6.485908596209749204e-08
6.441731894925319021e-08
6.397787859766325768e-08
6.354072200168163542e-08
6.310622375112073090e-08
6.267456681258488262e-08
6.224578387893964007e-08
6.181974659156477836e-08
6.139686217682239548e-08
6.097734056608194542e-08
6.056121262558075936e-08
6.014829343387996915e-08
5.973897144381517199e-08
5.933346525412040457e-08
5.893180168520426593e-08
5.853376544615314569e-08
5.813966545611756630e-08
5.774976348484287482e-08
5.736410683086481947e-08
5.698246570230848063e-08
5.660492684628434140e-08
5.623190162931119656e-08
5.586342427521922720e-08
5.549934638085226182e-08
5.513948278918934827e-08
5.478437790647920890e-08
5.443405377588021094e-08
5.408847103099872143e-08
5.374722779262253620e-08
5.341081650414793725e-08
5.307936538501313740e-08
5.275290388895008141e-08
5.243098776388647984e-08
5.211378722027130266e-08
5.180158336257280280e-08
5.149441282194923454e-08
5.119207739986069709e-08
5.089424747766770186e-08
5.060141446910568330e-08
5.031360468322193942e-08
5.003083154706835432e-08
4.975252083996480282e-08
4.947900448964910419e-08
4.921043399363362225e-08
4.894685603564481591e-08
4.868803348857913188e-08
4.843356164972497124e-08
4.818383157019565265e-08
4.793890077797465998e-08
4.769878078814697706e-08
4.746299149552224156e-08
4.723150026130269121e-08
4.700456235517274252e-08
4.678223691191110241e-08
4.656442415768879729e-08
4.635052971028450190e-08
4.614080987844399087e-08
4.593540745243922897e-08
4.573432583743273420e-08
4.553734486435422495e-08
4.534399969942448792e-08
4.515455499341285979e-08
4.496907615002724484e-08
4.478757754358646895e-08
4.460972175621938928e-08
4.443514004496548398e-08
4.426410633593583367e-08
4.409660774718216054e-08
4.393272920523846212e-08
4.377201153361872957e-08
4.361421912596172991e-08
4.345956218356342108e-08
4.330801278904296430e-08
4.315964283510569340e-08
4.301402736289236938e-08
4.287093324584761613e-08
4.273050866752651820e-08
4.259273033027524852e-08
4.245767217567359109e-08
4.232495474527528806e-08
4.219431795109222097e-08
4.206586195467932676e-08
4.193959296310237427e-08
4.181555523685339025e-08
4.169347626023153129e-08
4.157301997375895654e-08
4.145426172532629922e-08
4.133719923710286094e-08
4.122184214964448963e-08
4.110807119068600861e-08
4.099554829204411589e-08
4.088423021089808599e-08
4.077413475559795221e-08
4.066527342211741824e-08
4.055761866811652263e-08
4.045083748773923997e-08
4.034483272516245660e-08
4.023960505185787645e-08
4.013514594004932603e-08
4.003146263058164296e-08
3.992836670461521256e-08
3.982565453395659078e-08
3.972326404736012260e-08
3.962120625467788003e-08
3.951947185303314266e-08
3.941802210703066935e-08
3.931666301357037678e-08
3.921526983806567462e-08
3.911384346021597763e-08
3.901235980073826638e-08
3.891083528269778265e-08
3.880916371677505196e-08
3.870721591263140342e-08
3.860490175430599939e-08
3.850221279675436622e-08
3.839915675985457795e-08
3.829570472378514617e-08
3.819180340922231175e-08
3.808730437845013842e-08
3.798216558574402067e-08
3.787639074648363781e-08
3.776994951305648565e-08
3.766286772776759654e-08
3.755509348034433855e-08
3.744652484027228584e-08
3.733714182996145550e-08
3.722692065459868922e-08
3.711588097207868857e-08
3.700403658083643554e-08
3.689136952173557309e-08
3.677777635209027633e-08
3.666324928407649911e-08
3.654777324430899287e-08
3.643136454329926796e-08
3.631406833320105487e-08
3.619590976170608021e-08
3.607679005912662396e-08
3.595670668765218509e-08
3.583565236072822311e-08
3.571363876073807278e-08
3.559072645846045676e-08
3.546697208104679268e-08
3.534230106751814080e-08
3.521672118300775883e-08
3.509021418977425828e-08
3.496279563807087635e-08
3.483454634990319081e-08
3.470554623891623805e-08
3.457574096311592868e-08
3.444513568960192973e-08
3.431371232041961320e-08
3.418148528938946080e-08
3.404854395851308353e-08
3.391498548383974622e-08
3.378082128826520636e-08
3.364603274902561632e-08
3.351063348255746947e-08
3.337459720010942943e-08
3.323799393319790056e-08
3.310093936570620050e-08
3.296348211801095646e-08
3.282563140814977768e-08
3.268737692778948623e-08
3.254872577438562882e-08
3.240967947833369704e-08
3.227037983800208925e-08
3.213089603806300532e-08
3.199126387430728195e-08
3.185150120322943827e-08
3.171158304495157108e-08
3.157152355532901770e-08
3.143138899605269438e-08
3.129128299999355424e-08
3.115130288927063143e-08
3.101145256975999162e-08
3.087173927633221006e-08
3.073216041415880258e-08
3.059273585889991155e-08
3.045352014540613765e-08
3.031462629181832559e-08
3.017611998897945638e-08
3.003801718215227422e-08
2.990032204859582185e-08
2.976301997736692527e-08
2.962614538490800709e-08
2.948973473420098465e-08
2.935395255052453832e-08
2.921882972915315559e-08
2.908436602571462502e-08
2.895055900699678729e-08
2.881742205591389033e-08
2.868494913697356759e-08
2.855320289010950512e-08
2.842231286283469582e-08
2.829231067490851599e-08
2.816319525770001819e-08
2.803497164741261309e-08
2.790763453924296212e-08
2.778117653829481029e-08
2.765560928471503485e-08
2.753108227943299275e-08
2.740762693364022270e-08
2.728522565837565280e-08
2.716388780459848054e-08
2.704362669774050218e-08
2.692438078215585704e-08
2.680616587819540678e-08
2.668913903157827462e-08
2.657333167589231468e-08
2.645871958008415984e-08
2.634532042447936952e-08
2.623313506364381638e-08
2.612208856073577354e-08
2.601215709452919985e-08
2.590348118162344975e-08
2.579610028741762870e-08
2.569000517407653225e-08
2.558520227683054905e-08
2.548169347523408942e-08
2.537937089311662572e-08
2.527820150561416364e-08
2.517831112454054670e-08
2.507970548018474682e-08
2.498242366642931427e-08
2.488645305017884468e-08
2.479179071555724804e-08
2.469838193059560580e-08
2.460607297159925879e-08
2.451500722781370702e-08
2.442520953457674612e-08
2.433669486723906367e-08
2.424945614873062843e-08
2.416353460884454703e-08
2.407889578971436307e-08
2.399533522528746564e-08
2.391288865118799897e-08
2.383162815764671004e-08
2.375158481891293863e-08
2.367274430445577629e-08
2.359510821432299157e-08
2.351869633658759263e-08
2.344338034445276620e-08
2.336904868574266499e-08
2.329577835845335269e-08
2.322358740243374159e-08
2.315248038766323849e-08
2.308244872293601134e-08
2.301352261652454094e-08
2.294569427304707343e-08
2.287876051457183603e-08
2.281268204736775835e-08
2.274752632162954133e-08
2.268328475281269132e-08
2.261998697794472042e-08
2.255763353893342592e-08
2.249620810272514345e-08
2.243567578949551007e-08
2.237587280896766732e-08
2.231679605538070658e-08
2.225847072656608263e-08
2.220091564410886781e-08
2.214412109702106472e-08
2.208808300846513707e-08
2.203281214719435391e-08
2.197824397770368907e-08
2.192424043178551239e-08
2.187080023506634372e-08
2.181794299609923022e-08
2.176567059896315759e-08
2.171397286507198237e-08
2.166285760632451486e-08
2.161233006130636987e-08
2.156232022991480912e-08
2.151270678262961210e-08
2.146347436675446375e-08
2.141462564759558528e-08
2.136616504582627299e-08
2.131808403224465140e-08
2.127038554726956699e-08
2.122307410894504477e-08
2.117610792017726794e-08
2.112938605451049175e-08
2.108288536394169903e-08
2.103659280228084228e-08
2.099051168867942850e-08
2.094464426350028230e-08
2.089898932757620874e-08
2.085354271665069654e-08
2.080829594584260445e-08
2.076315693208218427e-08
2.071810315091233018e-08
2.067311006591710771e-08
2.062817383448076605e-08
2.058329442919737884e-08
2.053847119057845881e-08
2.049370821874061822e-08
2.044900177289339117e-08
2.040429485913721319e-08
2.035955737627025571e-08
2.031475289222196039e-08
2.026987429741760846e-08
2.022492125437228448e-08
2.017989346829053101e-08
2.013479180526185911e-08
2.008961364479900594e-08
2.004434627381244803e-08
1.999895876019306730e-08
1.995343293757077909e-08
1.990774892077294009e-08
1.986190547089686520e-08
1.981590193390847627e-08
1.976973695446506705e-08
1.972340800493457408e-08
1.967691687400450236e-08
1.963025234728622352e-08
1.958340645459637011e-08
1.953635910699241648e-08
1.948910293600047990e-08
1.944163570389109168e-08
1.939395771706966892e-08
1.934606879010963509e-08
1.929796832460242265e-08
1.924965640668798022e-08
1.920114459552319673e-08
1.915243286566781811e-08
1.910351090566435562e-08
1.905437739239959416e-08
1.900503267064700887e-08
1.895547590967752794e-08
1.890570516223781472e-08
1.885572045137762427e-08
1.880552619365578704e-08
1.875515007391448688e-08
1.870459558327737382e-08
1.865386731646626279e-08
1.860296573824920065e-08
1.855188793132395862e-08
1.850063517761757545e-08
1.844920674907177847e-08
1.839760216922567435e-08
1.834582783676669824e-08
1.829392077174248404e-08
1.824188850784910825e-08
1.818974881405945529e-08
1.813749986882452001e-08
1.808514156261801235e-08
1.803267408653559777e-08
1.798009803586635053e-08
1.792741254738432650e-08
1.787462009634777517e-08
1.782176442579674580e-08
1.776885689311966804e-08
1.771592679578839116e-08
1.766297577672802418e-08
1.761000604700181734e-08
1.755701659079659162e-08
1.750400589721224185e-08
1.745097570000267254e-08
1.739792960874100819e-08
1.734489152495323755e-08
1.729187710177513865e-08
1.723891723688365243e-08
1.718603121151801277e-08
1.713321558073975244e-08
1.708047298323405151e-08
1.702781016752791107e-08
1.697521782382709115e-08
1.692269832901953424e-08
1.687026510520953882e-08
1.681793592349552253e-08
1.676572530764093482e-08
1.671368260925148051e-08
1.666180810972653288e-08
1.661009489244125332e-08
1.655854892636374138e-08
1.650716622916251741e-08
1.645594718862504066e-08
1.640490463195407940e-08
1.635404080514427445e-08
1.630335733645110026e-08
1.625289463128555184e-08
1.620267656637558692e-08
1.615269577259803228e-08
1.610297195037294479e-08
1.605349061592453284e-08
1.600425588119215230e-08
1.595527069726126607e-08
1.590652644786266144e-08
1.585802511562223084e-08
1.580977661616853436e-08
1.576181500185474048e-08
1.571415364590731990e-08
1.566679350127033364e-08
1.561973163394380382e-08
1.557298559060264451e-08
1.552653681319245734e-08
1.548039719944243514e-08
1.543455820183749275e-08
1.538899437641664520e-08
1.534372700415432002e-08
1.529879485944187146e-08
1.525419769124227221e-08
1.520994201225800265e-08
1.516602627451975181e-08
1.512246242930672109e-08
1.507923509797942877e-08
1.503635721053991004e-08
1.499381481220077406e-08
1.495156941034737983e-08
1.490964081412433112e-08
1.486805524805294234e-08
1.482682083665927177e-08
1.478593906412644536e-08
1.474540799362500674e-08
1.470523494328793187e-08
1.466541588700121354e-08
1.462595460350996904e-08
1.458683629918492860e-08
1.454802850734057591e-08
1.450953184744214518e-08
1.447135816554878879e-08
1.443352627520190274e-08
1.439602530788768673e-08
1.435887141478913746e-08
1.432206138353920228e-08
1.428559111185490441e-08
1.424945228691787986e-08
1.421367556792126409e-08
1.417819891970672627e-08
1.414299857619413161e-08
1.410808921213067646e-08
1.407348516957449763e-08
1.403919506452508409e-08
1.400520692576719732e-08
1.397152811292011889e-08
1.393816764046070020e-08
1.390512289277873036e-08
1.387238606723677295e-08
1.383994881539022841e-08
1.380775084331018783e-08
1.377580264356490494e-08
1.374411574409022981e-08
1.371269008309223861e-08
1.368152107378619564e-08
1.365061471070212783e-08
1.361997365772483748e-08
1.358959118589644150e-08
1.355946681201175347e-08
1.352962379213694376e-08
1.349999968942411870e-08
1.347057406786548429e-08
1.344134570878086837e-08
1.341232058840276325e-08
1.338349664687840578e-08
1.335488346201434962e-08
1.332647770072042610e-08
1.329827382022540370e-08
1.327027913748529783e-08
1.324248732412514464e-08
1.321490063303296241e-08
1.318748400284745312e-08
1.316020545584268623e-08
1.313306937934278530e-08
1.310607480492165587e-08
1.307922223988672743e-08
1.305251154492182419e-08
1.302595343726095488e-08
1.299953494690166640e-08
1.297326154546317036e-08
1.294713110250529565e-08
1.292114173615492558e-08
1.289526566097315150e-08
1.286947763127885317e-08
1.284377927602106291e-08
1.281816767581441834e-08
1.279264153490072437e-08
1.276720604405406506e-08
1.274186375832002046e-08
1.271660517227478079e-08
1.269143672178492924e-08
1.266635485471977894e-08
1.264136498052437928e-08
1.261643755546230037e-08
1.259155537063494110e-08
1.256672048113389078e-08
1.254192391329650447e-08
1.251717180687332233e-08
1.249246544760314220e-08
1.246779857825728780e-08
1.244317488612293563e-08
1.241859246590770741e-08
1.239405410423228024e-08
1.236956150049566989e-08
1.234509733445380656e-08
1.232064686229454496e-08
1.229620503736575060e-08
1.227177601157294535e-08
1.224735477000826173e-08
1.222294180310679870e-08
1.219853685889506291e-08
1.217414047290432308e-08
1.214975457477276393e-08
1.212537687137138860e-08
1.210100654032257734e-08
1.207664587116246139e-08
1.205227958042571953e-08
1.202790589403564895e-08
1.200352471720277116e-08
1.197913642544378090e-08
1.195474103900588079e-08
1.193033975487385725e-08
1.190593134239601946e-08
1.188151553122977673e-08
1.185709343197314611e-08
1.183266354017123343e-08
1.180822798854552264e-08
1.178378235138823979e-08
1.175932457191077498e-08
1.173485236065883326e-08
1.171037006773777979e-08
1.168587913029079062e-08
1.166138108435786412e-08
1.163687445748713011e-08
1.161235775691449612e-08
1.158783473182904592e-08
1.156330228823654155e-08
1.153876147061428801e-08
1.151421234261009126e-08
1.148965500857975209e-08
1.146509004114278510e-08
1.144052017813158189e-08
1.141595008760993798e-08
1.139138268723669294e-08
1.136682317765799396e-08
1.134226665986445940e-08
1.131771081812695965e-08
1.129316364829083045e-08
1.126861894150798846e-08
1.124407715139680224e-08
1.121954133307275206e-08
1.119501128770426190e-08
1.117048945960505397e-08
1.114598089543962909e-08
1.112149086243622137e-08
1.109702355023861193e-08
1.107258634289522060e-08
1.104817116719166346e-08
1.102377930705434427e-08
1.099941540544787586e-08
1.097507559318207129e-08
1.095076031555265280e-08
1.092647041806021557e-08
1.090220751171193341e-08
1.087797557027356602e-08
1.085377476920701234e-08
1.082961442187612425e-08
1.080550418042981005e-08
1.078144329417182909e-08
1.075742768763085959e-08
1.073346672443007540e-08
1.070955385974047242e-08
1.068568586260015323e-08
1.066187380566518888e-08
1.063811055215590767e-08
1.061439268305649661e-08
1.059073268297435602e-08
1.056712610825767797e-08
1.054357449398180610e-08
1.052009827804236736e-08
1.049669308408611645e-08
1.047336298195240841e-08
1.045010647751185111e-08
1.042691903711724214e-08
1.040381352183589743e-08
1.038077969347138738e-08
1.035781613019008077e-08
1.033493198323242965e-08
1.031212195875784583e-08
1.028938236866160223e-08
1.026672038822563034e-08
1.024413883276692546e-08
1.022165141696271343e-08
1.019925249559544716e-08
1.017694487257739904e-08
1.015473399808455098e-08
1.013260910260146146e-08
1.011058144820125946e-08
1.008864545085497936e-08
1.006679624254413358e-08
1.004505003929945116e-08
1.002338993696314969e-08
1.000181180314546385e-08
9.980328371512062983e-09
9.958939837610807969e-09
9.937651355599453492e-09
9.916466341830888200e-09
9.895383307332521057e-09
9.874407141138785860e-09
9.853528726832166177e-09
9.832757045031358249e-09
9.812089018313977977e-09
9.791520151202112799e-09
9.771062987557432273e-09
9.750700125136272922e-09
9.730423590349776275e-09
9.710244869267623947e-09
9.690163450178518220e-09
9.670183588759944452e-09
9.650306507720495690e-09
9.630533918983860237e-09
9.610868629887304728e-09
9.591299700832546600e-09
9.571843328512804171e-09
9.552489126282963018e-09
9.533231342154359173e-09
9.514091851387483335e-09
9.495046467737972453e-09
9.476081558913948393e-09
9.457214343666057605e-09
9.438434471338637868e-09
9.419750092489549828e-09
9.401166409849104934e-09
9.382675545590424579e-09
9.364282319291116808e-09
9.345986639712686908e-09
9.327791050921771640e-09
9.309689432926621337e-09
9.291688453083480050e-09
9.273786838608639269e-09
9.255974400912704879e-09
9.238251177871489651e-09
9.220603104312143344e-09
9.203029648963051456e-09
9.185544070746615950e-09
9.168140317127457664e-09
9.150819944326862862e-09
9.133585497385799388e-09
9.116433762427800246e-09
9.099366206436812033e-09
9.082384748213031058e-09
9.065488807312360078e-09
9.048672283160177938e-09
9.031949892061747828e-09
9.015299645516699664e-09
8.998706842080880597e-09
8.982185910456610479e-09
8.965725868024874493e-09
8.949329638481549305e-09
8.933006033742695567e-09
8.916745259499397142e-09
8.900548882732406086e-09
8.884425465844711939e-09
8.868366851129577043e-09
8.852370920360320774e-09
8.836449608249736843e-09
8.820593160187348191e-09
8.804803880664048137e-09
8.789070680798713871e-09
8.773383662801279323e-09
8.757746867380880440e-09
8.742159036819363361e-09
8.726619418130110355e-09
8.711133207998618636e-09
8.695695813914659770e-09
8.680307848296426822e-09
8.664974209031560152e-09
8.649690028747585344e-09
8.634453351343918202e-09
8.619273532219892991e-09
8.604142320376334941e-09
8.589062181545670008e-09
8.574023167600048764e-09
8.559016845291754448e-09
8.544046750215258325e-09
8.529111477939053969e-09
8.514210388566226739e-09
8.499349588383108043e-09
8.484523072019326759e-09
8.469731215722697782e-09
8.454980180047261039e-09
8.440264105253024990e-09
8.425582115936547317e-09
8.410941926926652648e-09
8.396335017839922184e-09
8.381768129917192853e-09
8.367230836782824816e-09
8.352714904994550151e-09
8.338226118290441576e-09
8.323759476825769226e-09
8.309319858272550959e-09
8.294906855600138560e-09
8.280520378519066598e-09
8.266160494736091493e-09
8.251827325707315530e-09
8.237519460617690896e-09
8.223240660926174147e-09
8.208987727871789830e-09
8.194759770103199000e-09
8.180561924668494466e-09
8.166386728269475784e-09
8.152232295199704220e-09
8.138093885737204254e-09
8.123972503555543208e-09
8.109872701066810150e-09
8.095793393430364968e-09
8.081735611412535736e-09
8.067699157675712380e-09
8.053684151554383137e-09
8.039690905118916493e-09
8.025719786168926608e-09
8.011767635730974383e-09
7.997841118430386930e-09
7.983933368928885142e-09
7.970049656093766459e-09
7.956183869769831820e-09
7.942333539397000910e-09
7.928499301528668086e-09
7.914681115323276984e-09
7.900885056026769777e-09
7.887108365528360921e-09
7.873353919939310170e-09
7.859619557031333879e-09
7.845908076048148323e-09
7.832215592273154846e-09
7.818546793332441051e-09
7.804896844669847103e-09
7.791270356314057621e-09
7.777664091561350580e-09
7.764079728075494171e-09
7.750514826345439702e-09
7.736966759391469747e-09
7.723438062708869681e-09
7.709927340058657248e-09
7.696442581937168345e-09
7.682979697452962190e-09
7.669542687517669194e-09
7.656127761345147111e-09
7.642739435941347339e-09
7.629372396297046197e-09
7.616032673459526902e-09
7.602713961599733352e-09
7.589422545562507739e-09
7.576153596229929611e-09
7.562910381187640624e-09
7.549689726946106719e-09
7.536490589731394436e-09
7.523313917472858420e-09
7.510159532318107307e-09
7.497034565052168708e-09
7.483935766117026521e-09
7.470866902029668076e-09
7.457825429252034952e-09
7.444813567723960060e-09
7.431828822638270731e-09
7.418874440074939226e-09
7.405945641125856162e-09
7.393048852507609886e-09
7.380176738819351878e-09
7.367338037854242488e-09
7.354523993155523786e-09
7.341739588148306109e-09
7.328980031479669351e-09
7.316248781850057459e-09
7.303547266019574334e-09
7.290879774521778645e-09
7.278245284155137320e-09
7.265644796226677110e-09
7.253076101219156625e-09
7.240542440130755761e-09
7.228039706204481286e-09
7.215573730888844448e-09
7.203139351137920734e-09
7.190740414727497150e-09
7.178374389010027152e-09
7.166042082090860257e-09
7.153742435685950215e-09
7.141471585124073037e-09
7.129233403818182625e-09
7.117025164186556013e-09
7.104855294948694990e-09
7.092719156955282860e-09
7.080620221421485115e-09
7.068556965951554109e-09
7.056530240140208009e-09
7.044541091412273430e-09
7.032587503039555438e-09
7.020671059550755397e-09
7.008791592948285115e-09
6.996946859831989680e-09
6.985141409277405217e-09
6.973369879842541791e-09
6.961634756563850155e-09
6.949927757507171446e-09
6.938257780242417295e-09
6.926617532503031753e-09
6.915016724976366790e-09
6.903450098534118712e-09
6.891921443041542825e-09
6.880429733506791082e-09
6.868974302976311066e-09
6.857557076624968958e-09
6.846176009392601524e-09
6.834832530662347879e-09
6.823526593397057294e-09
6.812256007299651123e-09
6.801025054754129280e-09
6.789829267881912811e-09
6.778669008589495814e-09
6.767536330270968206e-09
6.756438968542810560e-09
6.745370674538707481e-09
6.734340287480287479e-09
6.723342631809424915e-09
6.712381056273516292e-09
6.701454682202393627e-09
6.690562172517875800e-09
6.679707542133456467e-09
6.668886114439092008e-09
6.658103062896361724e-09
6.647353069197071941e-09
6.636641143742113867e-09
6.625963245219732278e-09
6.615322554972172993e-09
6.604713866859773939e-09
6.594134139027955342e-09
6.583583786602624731e-09
6.573061470011033533e-09
6.562571556752286602e-09
6.552111596611315369e-09
6.541685867884531477e-09
6.531290711548686992e-09
6.520928231841651371e-09
6.510598001263383162e-09
6.500298469056168712e-09
6.490033365759141048e-09
6.479797130415700583e-09
6.469597081231138703e-09
6.459425252517443163e-09
6.449290443914522713e-09
6.439182907776648555e-09
6.429106240502751424e-09
6.419050796655211569e-09
6.409024909575337070e-09
6.399021408983533135e-09
6.389048289560552865e-09
6.379100704783123338e-09
6.369181893264791782e-09
6.359290633897269296e-09
6.349426327359250764e-09
6.339591614139415645e-09
6.329782009550007226e-09
6.320004309610779325e-09
6.310250763293022019e-09
6.300529653385584330e-09
6.290832265705267360e-09
6.281167844454745649e-09
6.271526152781289930e-09
6.261909611537019926e-09
6.252310836259818809e-09
6.242734999348069130e-09
6.233178911910780681e-09
6.223647848633024736e-09
6.214138817175913080e-09
6.204653403589902979e-09
6.195191674352581144e-09
6.185752078479561619e-09
6.176337838950501041e-09
6.166944228738465845e-09
6.157577939248048232e-09
6.148231410773715639e-09
6.138912485446062994e-09
6.129613073589423418e-09
6.120341868222521872e-09
6.111089095422561533e-09
6.101858735676627650e-09
6.092642626252807403e-09
6.083446733576457891e-09
6.074266734485700855e-09
6.065108766348468735e-09
6.055969062921906818e-09
6.046850282742866460e-09
6.037751192289278890e-09
6.028671748716035536e-09
6.019613432258979626e-09
6.010573473896950650e-09
6.001556136887598812e-09
5.992556400587425956e-09
5.983580094671582248e-09
5.974620999879301631e-09
5.965685240189200396e-09
5.956767624578986538e-09
5.947868324967934695e-09
5.938982720668264553e-09
5.930113647518085759e-09
5.921258938070111236e-09
5.912422433604119823e-09
5.903603033669272093e-09
5.894802060133487541e-09
5.886019044050627537e-09
5.877254416657095127e-09
5.868507272843712190e-09
5.859778727160419788e-09
5.851067316882334965e-09
5.842374984345941813e-09
5.833699457631863280e-09
5.825043594079984872e-09
5.816404096392241376e-09
5.807785269756859856e-09
5.799181165826029948e-09
5.790593794928202385e-09
5.782017967733751469e-09
5.773458045162135996e-09
5.764910996849939485e-09
5.756382303016022769e-09
5.747868901900605434e-09
5.739372822130039245e-09
5.730893402269189784e-09
5.722430070812591793e-09
5.713984962836623095e-09
5.705555705052448719e-09
5.697144451183112508e-09
5.688749184286180576e-09
5.680371324470279231e-09
5.672010165845754075e-09
5.663665677780551098e-09
5.655339228098430180e-09
5.647027235965662100e-09
5.638731317350838401e-09
5.630447560744566795e-09
5.622179449527713731e-09
5.613924701939795442e-09
5.605688471918984072e-09
5.597467418703116655e-09
5.589263657958576936e-09
5.581076529566879520e-09
5.572905374859201984e-09
5.564752572315466214e-09
5.556615605927407144e-09
5.548496462061076387e-09
5.540393533073922624e-09
5.532307543977093585e-09
5.524238771715934940e-09
5.516185956182656546e-09
5.508152085921678896e-09
5.500132355537987885e-09
5.492129821992789104e-09
5.484139109250663713e-09
5.476165054518900297e-09
5.468203820872437168e-09
5.460261098841270779e-09
5.452333864392199350e-09
5.444424043942675645e-09
5.436531519291882308e-09
5.428656042469306892e-09
5.420797746650889052e-09
5.412956631498197767e-09
5.405131774711486510e-09
5.397325562856502483e-09
5.389534263051641388e-09
5.381763201344765328e-09
5.374006315783307738e-09
5.366270304460368806e-09
5.358548688918120990e-09
5.350844024843914888e-09
5.343152335672712347e-09
5.335475619062873223e-09
5.327813285237481157e-09
5.320166562590655876e-09
5.312538113751972141e-09
5.304925922933007321e-09
5.297331538998121512e-09
5.289753899838674821e-09
5.282192533479510675e-09
5.274649327946008271e-09
5.267121860664639538e-09
5.259613551509661374e-09
5.252121080344136612e-09
5.244646097921234402e-09
5.237188421122656330e-09
5.229746882366526734e-09
5.222325029649614653e-09
5.214917117445521937e-09
5.207527683923865768e-09
5.200149792219237254e-09
5.192788889436961765e-09
5.185440906078315576e-09
5.178110155676052633e-09
5.170796048595428246e-09
5.163498788103173104e-09
5.156218661606355832e-09
5.148955810845951119e-09
5.141709240139482448e-09
5.134480655275032547e-09
5.127266951076111598e-09
5.120073101370438756e-09
5.112894398977581051e-09
5.105733697207623383e-09
5.098589541077957669e-09
5.091461706492695143e-09
5.084353073256245234e-09
5.077258398730349939e-09
5.070181763857165472e-09
5.063116424247323425e-09
5.056067767946850542e-09
5.049031602106531628e-09
5.042011897180106788e-09
5.035008495963593018e-09
5.028021258003461041e-09
5.021050631069682527e-09
5.014096597010527531e-09
5.007157996083556731e-09
5.000236571788108798e-09
4.993330476736568408e-09
4.986442072227093550e-09
4.979569422357700804e-09
4.972712494416608058e-09
4.965873591298958115e-09
4.959048776866156039e-09
4.952244409311567616e-09
4.945453355738625420e-09
4.938678514752007377e-09
4.931915044940980060e-09
4.925165318494014813e-09
4.918428823808334224e-09
4.911706061175356664e-09
4.905000093540984123e-09
4.898307782218482117e-09
4.891631053959026118e-09
4.884968598098168157e-09
4.878321840561253720e-09
4.871690124122487717e-09
4.865074134432161135e-09
4.858471740108541370e-09
4.851887114856502727e-09
4.845314705220454243e-09
4.838761236094879180e-09
4.832220239627554403e-09
4.825695605714503888e-09
4.819186209837615816e-09
4.812689702676927028e-09
4.806207827768662660e-09
4.799735754931080990e-09
4.793278523330312939e-09
4.786831611865470992e-09
4.780399112717091568e-09
4.773980172333095408e-09
4.767575151062608102e-09
4.761184504601011501e-09
4.754807586024289004e-09
4.748443814845204242e-09
4.742094622556181254e-09
4.735759339026570286e-09
4.729437462081193053e-09
4.723130779374059367e-09
4.716836023113654724e-09
4.710558506188785693e-09
4.704292300316313871e-09
4.698042359038964410e-09
4.691805580260204045e-09
4.685580708250546840e-09
4.679368309381990061e-09
4.673165391828475137e-09
4.666975707710605668e-09
4.660795548065483974e-09
4.654629138744450237e-09
4.648474735348609351e-09
4.642333233658178290e-09
4.636204886518632800e-09
4.630089157477930515e-09
4.623985387558541073e-09
4.617895077049053379e-09
4.611817587992762823e-09
4.605752192698953624e-09
4.599701068965369271e-09
4.593660453730523119e-09
4.587636203568777404e-09
4.581622279260182861e-09
4.575622474218236491e-09
4.569635354170831712e-09
4.563658889408137542e-09
4.557694978589882939e-09
4.551739126206168269e-09
4.545795334121712199e-09
4.539860226949491973e-09
4.533936302056446089e-09
4.528024982628359054e-09
4.522124791422976608e-09
4.516236456888251233e-09
4.510359008776108176e-09
4.504493911830109259e-09
4.498640157074523952e-09
4.492799025256321077e-09
4.486968306228759081e-09
4.481151203241767090e-09
4.475344376588693553e-09
4.469550075534428739e-09
4.463767104428751148e-09
4.457994794176536103e-09
4.452237411881063477e-09
4.446489538062121415e-09
4.440752882247938590e-09
4.435024457278074378e-09
4.429304992652497008e-09
4.423596128189516947e-09
4.417895724214597486e-09
4.412207411818084927e-09
4.406528840987959589e-09
4.400861677282507455e-09
4.395205568016285728e-09
4.389560582016678727e-09
4.383925508829208389e-09
4.378302060628169790e-09
4.372689454714536533e-09
4.367087071794515026e-09
4.361497185303569552e-09
4.355916077291097128e-09
4.350349153350618852e-09
4.344791033913107015e-09
4.339243801420745538e-09
4.333708839259473300e-09
4.328182917442771983e-09
4.322668749822877820e-09
4.317161474129976875e-09
4.311662940319632768e-09
4.306173987876023546e-09
4.300693779047604353e-09
4.295225091671182470e-09
4.289765282848924831e-09
4.284316617216127149e-09
4.278878524345704642e-09
4.273451214075796165e-09
4.268033287925937019e-09
4.262626417004339324e-09
4.257229823901768572e-09
4.251843064633885701e-09
4.246468247155366384e-09
4.241101913574750140e-09
4.235748882150660032e-09
4.230404403309589695e-09
4.225069899244479429e-09
4.219747883111657524e-09
4.214434599446220066e-09
4.209132006657168324e-09
4.203836537620737520e-09
4.198549290627310289e-09
4.193271980399713593e-09
4.188002249169681795e-09
4.182743687808811451e-09
4.177494326023274477e-09
4.172255004271099408e-09
4.167026409227157880e-09
4.161807195592409527e-09
4.156597314407430174e-09
4.151398385274078952e-09
4.146209531710921841e-09
4.141029909629654625e-09
4.135862026184084283e-09
4.130702888623333714e-09
4.125553806130910559e-09
4.120415536723190291e-09
4.115285809317238413e-09
4.110169078755379921e-09
4.105060759911350601e-09
4.099961062044079246e-09
4.094871047493856848e-09
4.089787809753947437e-09
4.084714809346415413e-09
4.079648710885231644e-09
4.074591467514130583e-09
4.069545516875838680e-09
4.064507540130802753e-09
4.059479361466308919e-09
4.054461252078849701e-09
4.049452963694159523e-09
4.044453842315975611e-09
4.039464585280449053e-09
4.034484742884500320e-09
4.029514088988674400e-09
4.024554472691093552e-09
4.019602860860479158e-09
4.014663140929449292e-09
4.009731492894028465e-09
4.004808667779726486e-09
3.999898442916399258e-09
3.994996046213051288e-09
3.990102711475029274e-09
3.985216812376523062e-09
3.980338409595454995e-09
3.975469653882862740e-09
3.970607698263669615e-09
3.965754588384289880e-09
3.960911756747781955e-09
3.956077319454003209e-09
3.951251992970119739e-09
3.946435987657229700e-09
3.941629763929491650e-09
3.936832530428025271e-09
3.932044693738338973e-09
3.927265853083266666e-09
3.922495853229508709e-09
3.917736515065159543e-09
3.912984902315434227e-09
3.908244610100524159e-09
3.903512179153735595e-09
3.898788076900811151e-09
3.894076551840697301e-09
3.889372332304208397e-09
3.884676489691468402e-09
3.879988648993322376e-09
3.875307262399286300e-09
3.870635714176018740e-09
3.865970279772698673e-09
3.861313032944695805e-09
3.856666090772348294e-09
3.852026066276200027e-09
3.847395590419469256e-09
3.842774081238387331e-09
3.838161781368483447e-09
3.833557113704033610e-09
3.828961755232011797e-09
3.824375503471403021e-09
3.819797182660302013e-09
3.815229433790360368e-09
3.810669247142173498e-09
3.806117374049600160e-09
3.801575890697691806e-09
3.797041777860434087e-09
3.792518236170126536e-09
3.788002676036167147e-09
3.783494273217384265e-09
3.778996121174945088e-09
3.774503151136191627e-09
3.770017152211400879e-09
3.765539283378818050e-09
3.761067582841492887e-09
3.756605406229752894e-09
3.752150785332751388e-09
3.747704562861502950e-09
3.743266603057124498e-09
3.738836048363527659e-09
3.734414745187282452e-09
3.730001322382340786e-09
3.725596555054991066e-09
3.721199470481942979e-09
3.716810338183287183e-09
3.712430765867215499e-09
3.708058201064054906e-09
3.703695297524538862e-09
3.699339661529225655e-09
3.694991574163793567e-09
3.690654519492697722e-09
3.686324177992460109e-09
3.682000548837981300e-09
3.677685422135381447e-09
3.673375792950327061e-09
3.669073075498527047e-09
3.664776948537716001e-09
3.660487416770703977e-09
3.656206469419535439e-09
3.651932494669274860e-09
3.647666556337369626e-09
3.643408555617370603e-09
3.639157283765562262e-09
3.634914707286185748e-09
3.630679496650600906e-09
3.626452551362206833e-09
3.622232684376125161e-09
3.618020268696781128e-09
3.613816955947313726e-09
3.609620173571202909e-09
3.605432173904127858e-09
3.601251431709971036e-09
3.597077558148612251e-09
3.592913794110627196e-09
3.588756685445239002e-09
3.584605658495307380e-09
3.580463443426296952e-09
3.576325926811224177e-09
3.572194420980896092e-09
3.568070196205984877e-09
3.563951226821511121e-09
3.559840350656995327e-09
3.555736673065045609e-09
3.551639993032648964e-09
3.547550176204879005e-09
3.543467792852449051e-09
3.539393207438485664e-09
3.535325117288309847e-09
3.531264445990884117e-09
3.527211278603050534e-09
3.523164652391226841e-09
3.519126829601061305e-09
3.515095135884599283e-09
3.511070025362568940e-09
3.507054178554337075e-09
3.503044301885145917e-09
3.499041725706198497e-09
3.495047388260870131e-09
3.491059447345640662e-09
3.487078387304031008e-09
3.483102710620193112e-09
3.479132179215998993e-09
3.475169464680244752e-09
3.471211298253239858e-09
3.467259397006183651e-09
3.463315347616961472e-09
3.459377000825263183e-09
3.455445878259176423e-09
3.451522089853311195e-09
3.447603943241079487e-09
3.443693450385883467e-09
3.439789562675929564e-09
3.435892862818896422e-09
3.432002470166674597e-09
3.428118463256295859e-09
3.424242853357502774e-09
3.420373004086407442e-09
3.416509887907855037e-09
3.412654476981426761e-09
3.408804894039292630e-09
3.404963391615878096e-09
3.401128289615398500e-09
3.397299316808994154e-09
3.393477456001382457e-09
3.389659744603729676e-09
3.385847413313665773e-09
3.382042027762494003e-09
3.378240965545926556e-09
3.374445846812666290e-09
3.370658335351383995e-09
3.366875988398696603e-09
3.363100614441426902e-09
3.359332147391120823e-09
3.355569012831884011e-09
3.351813178010460154e-09
3.348063554355950488e-09
3.344320621081892847e-09
3.340583878830241682e-09
3.336852846162522805e-09
3.333130195679658934e-09
3.329412869645376244e-09
3.325701437586375488e-09
3.321998065961217650e-09
3.318300106779849859e-09
3.314608732007033734e-09
3.310924666925050680e-09
3.307246389842118494e-09
3.303573984421027613e-09
3.299906894129080511e-09
3.296244479764688917e-09
3.292588381645194742e-09
3.288936969127912128e-09
3.285290892165036447e-09
3.281651661127899732e-09
3.278018125102949286e-09
3.274390869977871109e-09
3.270769312189031225e-09
3.267154099953622772e-09
3.263545540632270753e-09
3.259942149566911059e-09
3.256345380471542503e-09
3.252755110913080607e-09
3.249169986206586537e-09
3.245592272120558292e-09
3.242020175001976127e-09
3.238453179405097307e-09
3.234894724450424137e-09
3.231340762439146561e-09
3.227792434389212180e-09
3.224252479267279475e-09
3.220717488833037793e-09
3.217187281446145817e-09
3.213664814521117319e-09
3.210145563178338308e-09
3.206630947961038267e-09
3.203122984176408895e-09
3.199618975627491607e-09
3.196120291109874727e-09
3.192628625993627490e-09
3.189141581214750317e-09
3.185660798451775338e-09
3.182186242169107810e-09
3.178716485482829373e-09
3.175253381725963977e-09
3.171796000380400215e-09
3.168344271130958181e-09
3.164898438668006548e-09
3.161458098990425828e-09
3.158024751415236218e-09
3.154596243636955209e-09
3.151172872381549920e-09
3.147757846112173400e-09
3.144346857121090807e-09
3.140941148561346454e-09
3.137543641725315522e-09
3.134150707678909732e-09
3.130762274991979195e-09
3.127381110481374647e-09
3.124002876993114488e-09
3.120629060068170185e-09
3.117261385867111841e-09
3.113897362598540328e-09
3.110538444265000699e-09
3.107185904956726209e-09
3.103837966169162553e-09
3.100495926307851274e-09
3.097159346863774366e-09
3.093827668055270274e-09
3.090502437543011096e-09
3.087181918293299289e-09
3.083867099921305270e-09
3.080558167014223621e-09
3.077253795906262334e-09
3.073956040741721420e-09
3.070663492518014153e-09
3.067375705834994994e-09
3.064094744929618776e-09
3.060818592205378811e-09
3.057547436798199561e-09
3.054283060574945023e-09
3.051023671145361103e-09
3.047769396797052782e-09
3.044520543246911870e-09
3.041275742166168593e-09
3.038035052735133968e-09
3.034799671477666640e-09
3.031568471636928926e-09
3.028341427075617373e-09
3.025120339889822290e-09
3.021904576612720010e-09
3.018693250811085174e-09
3.015487331309322884e-09
3.012287148100493945e-09
3.009091709314879349e-09
3.005901389072413226e-09
3.002716384748045824e-09
2.999536917730610649e-09
2.996362373421615431e-09
2.993192467670263715e-09
2.990029360171108002e-09
2.986870361814062087e-09
2.983715891318312695e-09
2.980568927647298333e-09
2.977425620334480463e-09
2.974286833581973104e-09
2.971155640649711412e-09
2.968028429046919988e-09
2.964905306300902321e-09
2.961788803832650787e-09
2.958674875508522085e-09
2.955565007076341149e-09
2.952460924220465242e-09
2.949359966030226970e-09
2.946263542756116346e-09
2.943172668901156715e-09
2.940086438441899634e-09
2.937005086755484364e-09
2.933928336623548899e-09
2.930857122928594848e-09
2.927790795442267215e-09
2.924728900456080664e-09
2.921672131056767569e-09
2.918620842228792684e-09
2.915573991067341630e-09
2.912531575121967530e-09
2.909495718080310557e-09
2.906463646542277750e-09
2.903435884252378267e-09
2.900415346722327393e-09
2.897398117261576648e-09
2.894385416292376563e-09
2.891379654815510818e-09
2.888377769298197738e-09
2.885380228727654986e-09
2.882388109156355668e-09
2.879398934608986880e-09
2.876413495947577944e-09
2.873432898658397591e-09
2.870455798317698616e-09
2.867482424315346386e-09
2.864514225161095253e-09
2.861550953513811751e-09
2.858591249909694351e-09
2.855636746333810283e-09
2.852687179948326700e-09
2.849741285811444702e-09
2.846800756278236705e-09
2.843864675684193326e-09
2.840933034248214426e-09
2.838006312362611988e-09
2.835083604565768980e-09
2.832166392057591093e-09
2.829253618743272687e-09
2.826344958009120352e-09
2.823441409330013273e-09
2.820542694217765045e-09
2.817648141450977439e-09
2.814758155365203610e-09
2.811873936275307760e-09
2.808993556313459055e-09
2.806116700834141758e-09
2.803245310251284449e-09
2.800376576036817075e-09
2.797511140894370737e-09
2.794650864232686262e-09
2.791793429642042667e-09
2.788940045383392198e-09
2.786091661035418569e-09
2.783247210774970688e-09
2.780407306663522877e-09
2.777571307147742073e-09
2.774740342639711737e-09
2.771913604511482461e-09
2.769090884151835585e-09
2.766272765856649351e-09
2.763459197896255580e-09
2.760649842627770088e-09
2.757844471463831255e-09
2.755044554992226317e-09
2.752248336263758692e-09
2.749455972866996601e-09
2.746669411217018889e-09
2.743886534547700221e-09
2.741107716659491931e-09
2.738333820486360747e-09
2.735564708885667054e-09
2.732799574116607276e-09
2.730037718153154665e-09
2.727280963496415781e-09
2.724526805522204533e-09
2.721775734639289498e-09
2.719029605938103947e-09
2.716286137998522052e-09
2.713546515101173999e-09
2.710811628181378998e-09
2.708080541365802108e-09
2.705353635078011952e-09
2.702630565452839341e-09
2.699912353343182340e-09
2.697197724246063595e-09
2.694487369056465616e-09
2.691781291634607885e-09
2.689079258975119494e-09
2.686381457951871306e-09
2.683687434570988269e-09
2.680998292875787883e-09
2.678313238305757075e-09
2.675631935660785612e-09
2.672954747897329033e-09
2.670282628495221916e-09
2.667614023635833270e-09
2.664948890691646038e-09
2.662289940418721367e-09
2.659633985233084726e-09
2.656981109932591235e-09
2.654333738986258713e-09
2.651688229591566901e-09
2.649045971003965348e-09
2.646407985490270966e-09
2.643772911675592675e-09
2.641140993707916408e-09
2.638513094572884521e-09
2.635889855892599803e-09
2.633269309236616906e-09
2.630653315098687808e-09
2.628041272765972055e-09
2.625432637798156749e-09
2.622828662470380644e-09
2.620227610644748887e-09
2.617630854977146623e-09
2.615038758994757548e-09
2.612449755337077604e-09
2.609864327695145985e-09
2.607284151159182575e-09
2.604706863285043026e-09
2.602133001004749110e-09
2.599564767940762420e-09
2.596999444421845353e-09
2.594437818030337993e-09
2.591880461368930488e-09
2.589327644466836130e-09
2.586778167244609216e-09
2.584231529746641889e-09
2.581689863401447124e-09
2.579150093110260644e-09
2.576613231756248343e-09
2.574080854355853003e-09
2.571550806907228730e-09
2.569023890932984504e-09
2.566501213589477054e-09
2.563982584945376619e-09
2.561466546805979359e-09
2.558954907789045373e-09
2.556447128904811248e-09
2.553942384234741040e-09
2.551442197395486917e-09
2.548944739238924467e-09
2.546451386944320597e-09
2.543962444302007220e-09
2.541476468181375168e-09
2.538993894414854728e-09
2.536516224395860658e-09
2.534041429302549049e-09
2.531569981285712148e-09
2.529103363215227011e-09
2.526640038110855600e-09
2.524180234516451076e-09
2.521723814808579229e-09
2.519272581700406278e-09
2.516824110717882661e-09
2.514378237313360564e-09
2.511937552517272274e-09
2.509498462314400311e-09
2.507062336411489815e-09
2.504629841362479353e-09
2.502200347505099621e-09
2.499773548498261287e-09
2.497350084931502136e-09
2.494931002266528330e-09
2.492514574311199176e-09
2.490102095555996314e-09
2.487692635587485561e-09
2.485287202989147159e-09
2.482885228343539333e-09
2.480486468508071585e-09
2.478091481418384843e-09
2.475699840753516201e-09
2.473311989282296727e-09
2.470927190441104360e-09
2.468546241618936307e-09
2.466169275239364719e-09
2.463795345308797231e-09
2.461424250523359320e-09
2.459058511340001745e-09
2.456694946745493912e-09
2.454334752057198604e-09
2.451979286361189044e-09
2.449626839663728678e-09
2.447277846680039875e-09
2.444931409050019078e-09
2.442589143603905403e-09
2.440248763333458442e-09
2.437910840996079654e-09
2.435576998580599278e-09
2.433245172849192435e-09
2.430916165124103867e-09
2.428590904884944124e-09
2.426269375128494180e-09
2.423950109534493319e-09
2.421634792843977308e-09
2.419322569509428904e-09
2.417013597806190478e-09
2.414708356498264428e-09
2.412405782172333624e-09
2.410106836275685518e-09
2.407811259992410215e-09
2.405518891331070090e-09
2.403229521664592327e-09
2.400944019476625769e-09
2.398662020203947139e-09
2.396382921625331043e-09
2.394106515399323512e-09
2.391835115804482092e-09
2.389565755661684790e-09
2.387299574523945652e-09
2.385037806218431986e-09
2.382778940567307088e-09
2.380523320480794873e-09
2.378270021908363973e-09
2.376020870635330730e-09
2.373773293173964944e-09
2.371528118033518176e-09
2.369286819220211970e-09
2.367047570852776207e-09
2.364810926322474143e-09
2.362577359105204145e-09
2.360347714741832255e-09
2.358120301505327487e-09
2.355896461663219968e-09
2.353675263150799260e-09
2.351457794219921807e-09
2.349243072481489594e-09
2.347031574569559193e-09
2.344823240146016128e-09
2.342617861311363239e-09
2.340416165031996429e-09
2.338216952795254714e-09
2.336020643399255633e-09
2.333828754169350120e-09
2.331639025346071404e-09
2.329451953579986257e-09
2.327269524413328998e-09
2.325089471241444863e-09
2.322912494176663135e-09
2.320738127019897935e-09
2.318568553702378676e-09
2.316401052101644984e-09
2.314236210759913390e-09
2.312075013791242176e-09
2.309915804657163878e-09
2.307759169942980088e-09
2.305604704979824807e-09
2.303453680386040846e-09
2.301304517050778700e-09
2.299158061155443714e-09
2.297014948381066959e-09
2.294875069382391386e-09
2.292737235768497806e-09
2.290603015374053368e-09
2.288471708821409515e-09
2.286343111736472741e-09
2.284217950611865050e-09
2.282095155823363830e-09
2.279975658006631127e-09
2.277859045518878421e-09
2.275745597808353501e-09
2.273634735049087622e-09
2.271526920451492800e-09
2.269422806372463647e-09
2.267321042009369840e-09
2.265221527771713313e-09
2.263126838701162043e-09
2.261034020793366417e-09
2.258944157555045581e-09
2.256857071164020115e-09
2.254774236255124990e-09
2.252693466134087400e-09
2.250615095324279613e-09
2.248540342210788291e-09
2.246467372177341688e-09
2.244396859496573222e-09
2.242328352939542583e-09
2.240263185124115864e-09
2.238199688817186369e-09
2.236138743727084209e-09
2.234080990563642387e-09
2.232026337856135649e-09
2.229973573239388465e-09
2.227924229728745473e-09
2.225877335062849585e-09
2.223833416304847405e-09
2.221792430843214998e-09
2.219753961295785639e-09
2.217718453257597716e-09
2.215685557660106120e-09
