1.100123125948038225e-06
1.183045735227336373e-06
1.262600995364179380e-06
1.338885068610617842e-06
1.412002180731918693e-06
1.482053798260230200e-06
1.549137516976994538e-06
1.613349859655476442e-06
1.674782970567372625e-06
1.733523725015773435e-06
1.789657616382071344e-06
1.843266624339023505e-06
1.894429276648249480e-06
1.943221202512098675e-06
1.989715788176758703e-06
2.033983571450891456e-06
2.076091159762349266e-06
2.116105286599848259e-06
2.154087068742560690e-06
2.190097933804724098e-06
2.224197907818864393e-06
2.256443052247165916e-06
2.286885028978468719e-06
2.315578818919832822e-06
2.342576756846248795e-06
2.367923580824523265e-06
2.391669959214634640e-06
2.413863429493864772e-06
2.434544095846882300e-06
2.453759784296724887e-06
2.471550278629991371e-06
2.487959014161061960e-06
2.503024907232191889e-06
2.516787847367580375e-06
2.529286769965436974e-06
2.540558106450477683e-06
2.550640905588689833e-06
2.559568839726677361e-06
2.567379969299425986e-06
2.574103688474966829e-06
2.579779580505314334e-06
2.584436783752749607e-06
2.588105966143517540e-06
2.590824132355789110e-06
2.592616699096237423e-06
2.593519080322463746e-06
2.593554445740587016e-06
2.592755950350282915e-06
2.591152777905246107e-06
2.588768902808928059e-06
2.585637665351895190e-06
2.581779473335775264e-06
2.577224264077909668e-06
2.571999501953580684e-06
2.566124399568633521e-06
2.559629482981862836e-06
2.552539384985221556e-06
2.544872610573232447e-06
2.536659262860872646e-06
2.527920564262744990e-06
2.518674943064733194e-06
2.508951370661517508e-06
2.498771250835432205e-06
2.488150417953012631e-06
2.477115779083024611e-06
2.465688837162157696e-06
2.453885330542330909e-06
2.441725892511780869e-06
2.429235811714290561e-06
2.416428915837766223e-06
2.403324267665353668e-06
2.389944753185654172e-06
2.376306737568945463e-06
2.362422484057015758e-06
2.348312582495540252e-06
2.333998922119011645e-06
2.319493999368611719e-06
2.304809254672714675e-06
2.289964289604988670e-06
2.274977944435925361e-06
2.259861218308134372e-06
2.244624694799082491e-06
2.229286675547602176e-06
2.213863492357457023e-06
2.198364515093344850e-06
2.182799807677470424e-06
2.167186480533322710e-06
2.151536502101514911e-06
2.135859932124439814e-06
2.120166260857811492e-06
2.104467783984802487e-06
2.088777082978837094e-06
2.073103890031638405e-06
2.057455525273489278e-06
2.041840299453533466e-06
2.026271872060553128e-06
2.010757095238429383e-06
1.995303713996625321e-06
1.979918967184439911e-06
1.964610369399633562e-06
1.949388281269252370e-06
1.934258417004083637e-06
1.919226267066757498e-06
1.904297160331809480e-06
1.889477589253629820e-06
1.874776670104505549e-06
1.860198132859834786e-06
1.845745273015457265e-06
1.831421929316834137e-06
1.817235136268089233e-06
1.803188593249875110e-06
1.789289226299554527e-06
1.775536270444403510e-06
1.761932988780659275e-06
1.748483239058915106e-06
1.735191656868938848e-06
1.722061440034757241e-06
1.709095619662236577e-06
1.696291915988764180e-06
1.683654613030547684e-06
1.671184085168198464e-06
1.658885317224862584e-06
1.646757219012597902e-06
1.634803784484016189e-06
1.623020328077952451e-06
1.611411081311544229e-06
1.599974669270290803e-06
1.588714773809363320e-06
1.577629568840150640e-06
1.566721287079646931e-06
1.555985279593122406e-06
1.545424436597346880e-06
1.535035674095577018e-06
1.524822430432361448e-06
1.514780169122183914e-06
1.504911522738828362e-06
1.495213339539137631e-06
1.485682660924609109e-06
1.476321803163176400e-06
1.467125168967674716e-06
1.458097652888724775e-06
1.449231391021505615e-06
1.440529036660387219e-06
1.431984457941481631e-06
1.423598913453988474e-06
1.415370526909306866e-06
1.407294021396836708e-06
1.399373583490761457e-06
1.391600226444826889e-06
1.383975561164460949e-06
1.376495374459015861e-06
1.369156336614024304e-06
1.361959802669691483e-06
1.354899567047478692e-06
1.347977043164763259e-06
1.341185890983100771e-06
1.334522681454426293e-06
1.327988829599063479e-06
1.321576512005999434e-06
1.315286974921427112e-06
1.309116189866008873e-06
1.303060352890185705e-06
1.297121333944422495e-06
1.291288897368955151e-06
1.285563793539217654e-06
1.279943222212906496e-06
1.274421440054990525e-06
1.268999789795385560e-06
1.263672666815422758e-06
1.258437316496195437e-06
1.253295344135730867e-06
1.248236379933818149e-06
1.243260209514930804e-06
1.238365998545750507e-06
1.233546164457912244e-06
1.228801542552078155e-06
1.224129819375471834e-06
1.219524946083705277e-06
1.214987586871406407e-06
1.210514003427049839e-06
1.206097172296723151e-06
1.201738884087102186e-06
1.197434411456867505e-06
1.193179551068016223e-06
1.188975778744031604e-06
1.184817419703562135e-06
1.180701246224913133e-06
1.176628334551640543e-06
1.172592598521573078e-06
1.168590652348144193e-06
1.164623233524358853e-06
1.160685721648850678e-06
1.156774969453686967e-06
1.152891531588736276e-06
1.149031895211102744e-06
1.145191818274532514e-06
1.141371830340381755e-06
1.137569329103017354e-06
1.133779496533293853e-06
1.130002423671995900e-06
1.126236884988889451e-06
1.122478320244743576e-06
1.118726629875938489e-06
1.114981327203674834e-06
1.111238066798828159e-06
1.107495560297043415e-06
1.103754029640233159e-06
1.100009954961618671e-06
1.096261544359040154e-06
1.092508651473473693e-06
1.088749911129614411e-06
1.084982603992189497e-06
1.081206810290836439e-06
1.077421826514495040e-06
1.073625032610963955e-06
1.069815534220959906e-06
1.065992948083271894e-06
1.062155980866521857e-06
1.058303260992767997e-06
1.054434379417370299e-06
1.050548977924674146e-06
1.046645953728794773e-06
1.042724992078080568e-06
1.038785557439846980e-06
1.034827174959757920e-06
1.030849035232050224e-06
1.026850633569346781e-06
1.022831667022003130e-06
1.018792107160173453e-06
1.014731729045174179e-06
1.010649958999176443e-06
1.006547238248377016e-06
1.002423895727982777e-06
9.982795200835374287e-07
9.941139904467849656e-07
9.899279089422556028e-07
9.857214794058340586e-07
9.814942018688161748e-07
9.772459053689522134e-07
9.729782716517987312e-07
9.686912866552323753e-07
9.643848263220241854e-07
9.600592902984438541e-07
9.557164322152254720e-07
9.513567653270704251e-07
9.469797784302403424e-07
9.425857831947749889e-07
9.381770442582643936e-07
9.337534738228635557e-07
9.293144668980638258e-07
9.248611798999588744e-07
9.203964261254725408e-07
9.159199495412675385e-07
9.114314135538044278e-07
9.069321023054028482e-07
9.024250641294993763e-07
8.979100406027477032e-07
8.933868172355683619e-07
8.888563176872996994e-07
8.843214579730687612e-07
8.797821645063269894e-07
8.752382904673916009e-07
8.706908037542996456e-07
8.661427636879876514e-07
8.615949102047274378e-07
8.570470021030144980e-07
8.524996800673683364e-07
8.479559974621459558e-07
8.434166388616198587e-07
8.388819820642851368e-07
8.343521585896782881e-07
8.298293731051966368e-07
8.253149315593404468e-07
8.208098588460253125e-07
8.163133251745541938e-07
8.118269451671672658e-07
8.073545788644166806e-07
8.028952233742582310e-07
7.984495861515371985e-07
7.940184113490186739e-07
7.896040266217065356e-07
7.852073507345127700e-07
7.808287996805854365e-07
7.764687794430013368e-07
7.721277318329496422e-07
7.678090717452307666e-07
7.635122031462280455e-07
7.592372817258541884e-07
7.549853559275310388e-07
7.507581875473580061e-07
7.465568236597773081e-07
7.423817239940438377e-07
7.382332854265873041e-07
7.341112497577733878e-07
7.300197159232511358e-07
7.259568296161582441e-07
7.219237849573070123e-07
7.179209385013151531e-07
7.139492670376990527e-07
7.100086401920477599e-07
7.061013296154683867e-07
7.022268055200658015e-07
6.983854631050809505e-07
6.945780923174690377e-07
6.908054668454675713e-07
6.870682514937270139e-07
6.833668187823298033e-07
6.797009883354400974e-07
6.760716746037344088e-07
6.724791405992122307e-07
6.689235388881507918e-07
6.654061289092494336e-07
6.619248846934658961e-07
6.584829278260484811e-07
6.550781817865416983e-07
6.517121057590324872e-07
6.483858271685777158e-07
6.450963544929287940e-07
6.418475647867924913e-07
6.386367978164924146e-07
6.354656481015458047e-07
6.323352778571885841e-07
6.292422391982058792e-07
6.261897906307049182e-07
6.231753709403624641e-07
6.202006518111170965e-07
6.172664634410140586e-07
6.143704311508826043e-07
6.115131401724883165e-07
6.086946069698910650e-07
6.059148312495306177e-07
6.031749861121594460e-07
6.004737954331327642e-07
5.978098926074397350e-07
5.951836161537719505e-07
5.925952665113968092e-07
5.900462275679368000e-07
5.875355115682765755e-07
5.850604154739614108e-07
5.826198022652325732e-07
5.802171737078222410e-07
5.778510372527032330e-07
5.755218273433652576e-07
5.732258438744400881e-07
5.709655347877205595e-07
5.687382380987131768e-07
5.665458602096333667e-07
5.643884790193801948e-07
5.622647217461293331e-07
5.601724056803671530e-07
5.581115464273997583e-07
5.560826775619315140e-07
5.540873876194089409e-07
5.521238182090749187e-07
5.501884094694833943e-07
5.482829794461643249e-07
5.464054827417181145e-07
5.445573991882162152e-07
5.427388475424624528e-07
5.409483517568436687e-07
5.391835983897383516e-07
5.374433831175414552e-07
5.357302742121025903e-07
5.340431987556338471e-07
5.323825672561680164e-07
5.307451871902680272e-07
5.291300837179533952e-07
5.275379253900049531e-07
5.259679212972700442e-07
5.244221827619129198e-07
5.228986168858316745e-07
5.213937196590695367e-07
5.199085559436439378e-07
5.184416226259410259e-07
5.169935587319366431e-07
5.155654387192821398e-07
5.141560286516404829e-07
5.127616450023754827e-07
5.113830841311332280e-07
5.100197165845059237e-07
5.086721150080590526e-07
5.073406136053017504e-07
5.060241354953907054e-07
5.047195466246576587e-07
5.034271975350034782e-07
5.021469033287920598e-07
5.008789428284695810e-07
4.996236243195071675e-07
4.983799019105295064e-07
4.971446679744912943e-07
4.959183704056226111e-07
4.947005076479538827e-07
4.934913816271467814e-07
4.922915483576030962e-07
4.911001858798689004e-07
4.899143663733909494e-07
4.887343888010362975e-07
4.875599081550785409e-07
4.863911006444803932e-07
4.852286752797691285e-07
4.840715222089417281e-07
4.829181298209127556e-07
4.817673268736057936e-07
4.806197604693764269e-07
4.794749449966708257e-07
4.783334675721784842e-07
4.771950344995544592e-07
4.760580548341787170e-07
4.749216241619526815e-07
4.737857898427491116e-07
4.726504078914277782e-07
4.715155617175834636e-07
4.703813939199488038e-07
4.692472052857695626e-07
4.681117172874320104e-07
4.669747210777609379e-07
4.658363123831581165e-07
4.646966733701446897e-07
4.635555746474868494e-07
4.624130750750274854e-07
4.612681589350766642e-07
4.601202108855733046e-07
4.589697007107099924e-07
4.578160303650818455e-07
4.566595585266220875e-07
4.555002674112598389e-07
4.543376551965808830e-07
4.531714238408870890e-07
4.520009978984226357e-07
4.508267555042670383e-07
4.496486949660590032e-07
4.484665075679554699e-07
4.472806096714474158e-07
4.460900728388669567e-07
4.448953618948697421e-07
4.436962764249118281e-07
4.424927538811317619e-07
4.412852129953681085e-07
4.400727168875754396e-07
4.388560730929352862e-07
4.376347371951502631e-07
4.364089647805096552e-07
4.351790538462315108e-07
4.339444188845868069e-07
4.327057219431551501e-07
4.314619724610880827e-07
4.302140887441842928e-07
4.289617522690180879e-07
4.277053841494646751e-07
4.264452577858159808e-07
4.251807212561571838e-07
4.239124747853833118e-07
4.226395755637525965e-07
4.213629720210862932e-07
4.200825628855058352e-07
4.187989881924704493e-07
4.175124151071562422e-07
4.162224131987119399e-07
4.149295669314861930e-07
4.136329516740434512e-07
4.123334598685766888e-07
4.110311165255123897e-07
4.097266340797786146e-07
4.084200701945037418e-07
4.071113217598377062e-07
4.058008834576329699e-07
4.044877158664433033e-07
4.031727902292600409e-07
4.018558933050571203e-07
4.005381204720508476e-07
3.992197124765607058e-07
3.979003356905728664e-07
3.965805128897781731e-07
3.952596967562779357e-07
3.939381125352333690e-07
3.926157834287034191e-07
3.912938333508885198e-07
3.899731734816792214e-07
3.886528119785762198e-07
3.873334500996482740e-07
3.860148082340679970e-07
3.846967162578036848e-07
3.833796966497721474e-07
3.820641441532302375e-07
3.807507301998925948e-07
3.794395685528908926e-07
3.781305809473866561e-07
3.768242461553860821e-07
3.755200542905252079e-07
3.742181830313321177e-07
3.729188276727881189e-07
3.716227175338534182e-07
3.703309789341989461e-07
3.690424016181278541e-07
3.677579975777537542e-07
3.664772247132423713e-07
3.652002683181939425e-07
3.639272388704567865e-07
3.626586237346833713e-07
3.613945726111225159e-07
3.601365312897848573e-07
3.588831753602110554e-07
3.576354575455944116e-07
3.563927129131995823e-07
3.551553936882816906e-07
3.539234088279120353e-07
3.526973108650307674e-07
3.514771242138063272e-07
3.502636840564086728e-07
3.490563636239979678e-07
3.478559204607287113e-07
3.466615966124269242e-07
3.454738836169783086e-07
3.442928035066814222e-07
3.431185219713080328e-07
3.419513303958141769e-07
3.407916682147280256e-07
3.396391127797821815e-07
3.384944322251182680e-07
3.373568202554124125e-07
3.362269244066508823e-07
3.351045096081166381e-07
3.339897687323696146e-07
3.328826871265471523e-07
3.317839649149724045e-07
3.306930516682029657e-07
3.296107507376652366e-07
3.285359782848629216e-07
3.274699543457031554e-07
3.264117888149354775e-07
3.253621044120981573e-07
3.243200148533247406e-07
3.232871846687805089e-07
3.222619281347920927e-07
3.212457080212439996e-07
3.202371704011860038e-07
3.192378445926017261e-07
3.182466402401801844e-07
3.172644072528260158e-07
3.162899101349893376e-07
3.153243507801848928e-07
3.143666279762461512e-07
3.134175292610901171e-07
3.124767801866635843e-07
3.115448850072839882e-07
3.106214831486913310e-07
3.097069431881590124e-07
3.088002861969303866e-07
3.079017676495999451e-07
3.070115282594524700e-07
3.061292672069350098e-07
3.052559077133821040e-07
3.043901214359947547e-07
3.035334753037166581e-07
3.026847809982765922e-07
3.018447152635669135e-07
3.010116926194975209e-07
3.001867016495553556e-07
2.993689508801776272e-07
2.985589010021897705e-07
2.977565624587748123e-07
2.969620361262891258e-07
2.961756556840477250e-07
2.953967972124917007e-07
2.946252993945034566e-07
2.938603910073916871e-07
2.931027997578713339e-07
2.923517757608080379e-07
2.916081847409559726e-07
2.908710578720328396e-07
2.901415017730970507e-07
2.894188510859539070e-07
2.887034840788999245e-07
2.879940812456748196e-07
2.872907220799606502e-07
2.865936077728533841e-07
2.859023293620280925e-07
2.852175398422940381e-07
2.845383804058950966e-07
2.838659705222845446e-07
2.831994791664929656e-07
2.825394987870094063e-07
2.818843869635179856e-07
2.812343548119054876e-07
2.805894396212436392e-07
2.799494243567382395e-07
2.793147897799648113e-07
2.786848808328504643e-07
2.780605706648643170e-07
2.774412757932736662e-07
2.768272610278603844e-07
2.762172657812902728e-07
2.756113965979679377e-07
2.750096046091454034e-07
2.744117951030474673e-07
2.738182102288100337e-07
2.732286195341789313e-07
2.726432458774429160e-07
2.720621502941179297e-07
2.714851297529952603e-07
2.709116085644371250e-07
2.703410775430654994e-07
2.697736279978331224e-07
2.692093027044278789e-07
2.686479964226668433e-07
2.680899212142178535e-07
2.675347185587963993e-07
2.669831204333969684e-07
2.664346862348188038e-07
2.658890459585670534e-07
2.653454159804379577e-07
2.648039459720638039e-07
2.642647316233761950e-07
2.637275250011396977e-07
2.631927312045816145e-07
2.626600282370121997e-07
2.621297410372715595e-07
2.616016333898617976e-07
2.610757686813341454e-07
2.605513421616387528e-07
2.600283750680012488e-07
2.595066896028273456e-07
2.589865366980288926e-07
2.584676624933872687e-07
2.579503662758237404e-07
2.574343171723863845e-07
2.569198987996357373e-07
2.564070396867368955e-07
2.558952592175077535e-07
2.553842425537801718e-07
2.548741240827390084e-07
2.543646958373928061e-07
2.538561295231466709e-07
2.533481569780886476e-07
2.528413172277151125e-07
2.523350405480148607e-07
2.518296726153729571e-07
2.513253470200275881e-07
2.508212903525421400e-07
2.503175716559116730e-07
2.498142052438865062e-07
2.493112035160046067e-07
2.488085448083448513e-07
2.483060648289224240e-07
2.478041887334738146e-07
2.473024723108428455e-07
2.468011553668169557e-07
2.463004240782743988e-07
2.457994861561343564e-07
2.452986825688590585e-07
2.447979631273321775e-07
2.442972984996922934e-07
2.437967451858586136e-07
2.432960619233456592e-07
2.427957198676764228e-07
2.422952818294629167e-07
2.417949298840805102e-07
2.412948617751982698e-07
2.407944587659210714e-07
2.402940375947725821e-07
2.397936021526859955e-07
2.392930348310502445e-07
2.387924935380936940e-07
2.382916298981093828e-07
2.377910326222069494e-07
2.372902840259569810e-07
2.367892913920133203e-07
2.362884908231583793e-07
2.357874325138058160e-07
2.352862537012447842e-07
2.347849636943277754e-07
2.342837946050935262e-07
2.337824917266347076e-07
2.332810348245914980e-07
2.327797630922700099e-07
2.322784083186621144e-07
2.317767816199760756e-07
2.312752572504510101e-07
2.307737366436474666e-07
2.302720470927926685e-07
2.297705131415674026e-07
2.292692947126692697e-07
2.287680489775121155e-07
2.282670300977496847e-07
2.277660614525811510e-07
2.272652895255709537e-07
2.267647264629756537e-07
2.262641498131910477e-07
2.257638127620757168e-07
2.252636708986942464e-07
2.247638125863575715e-07
2.242641396684234014e-07
2.237653067677537510e-07
2.232666329855795839e-07
2.227683360902547499e-07
2.222706648951849085e-07
2.217732541301779310e-07
2.212762017427621758e-07
2.207796210260639687e-07
2.202834481201173966e-07
2.197878046922850698e-07
2.192928776475812596e-07
2.187985569616009595e-07
2.183052768479227722e-07
2.178124862751576814e-07
2.173203800559151778e-07
2.168292721515571663e-07
2.163387926252456044e-07
2.158489939236776405e-07
2.153599902807977029e-07
2.148717055720130310e-07
2.143843900616305749e-07
2.138981336708057111e-07
2.134128754926443708e-07
2.129289428307491244e-07
2.124458880155812630e-07
2.119639051003402153e-07
2.114832427587692219e-07
2.110035384045423728e-07
2.105249804000497644e-07
2.100475459605206117e-07
2.095711126363760124e-07
2.090961500189311830e-07
2.086224446795765150e-07
2.081499466176632382e-07
2.076793342950149154e-07
2.072097896285789046e-07
2.067415724880687968e-07
2.062750754188893377e-07
2.058097360924263392e-07
2.053459675975928655e-07
2.048836382194209275e-07
2.044225556161200172e-07
2.039632953590873851e-07
2.035054940437447917e-07
2.030490992085084318e-07
2.025949192462812542e-07
2.021419890270794292e-07
2.016906572693724674e-07
2.012414074036280764e-07
2.007934915194049950e-07
2.003473396596610002e-07
1.999030175813478240e-07
1.994602126581281247e-07
1.990193499286386282e-07
1.985801500682167085e-07
1.981427631290480537e-07
1.977072756292854759e-07
1.972736070414590341e-07
1.968417336780196930e-07
1.964117717905178653e-07
1.959837033147477266e-07
1.955573324013049887e-07
1.951331058877355420e-07
1.947106956651175946e-07
1.942899861491404033e-07
1.938715058574198558e-07
1.934547141098204709e-07
1.930396901175361981e-07
1.926270054594851056e-07
1.922158093962916973e-07
1.918065635064135975e-07
1.913995522626077119e-07
1.909942411806918710e-07
1.905907406717654182e-07
1.901895229895613789e-07
1.897902003428776582e-07
1.893926520272984579e-07
1.889973489186220808e-07
1.886036614634856295e-07
1.882117858588496185e-07
1.878222470605722213e-07
1.874342822387697204e-07
1.870480142945823555e-07
1.866641792159702113e-07
1.862819835066267819e-07
1.859015997370239548e-07
1.855235202992777242e-07
1.851472649258181700e-07
1.847729041777746980e-07
1.844006239041126912e-07
1.840298723072356315e-07
1.836609125218196940e-07
1.832941443538401717e-07
1.829289159555425984e-07
1.825653158945554910e-07
1.822039855296468763e-07
1.818443125306247862e-07
1.814863108066173269e-07
1.811305393074823875e-07
1.807765636077667408e-07
1.804243125471630825e-07
1.800740625843425547e-07
1.797252047005487917e-07
1.793780264141382786e-07
1.790327182266669913e-07
1.786887587376232517e-07
1.783464983834818660e-07
1.780060736730518896e-07
1.776672756389139779e-07
1.773299188781529186e-07
1.769946463492591241e-07
1.766609181710767695e-07
1.763288768012544333e-07
1.759985400350888284e-07
1.756696171683313318e-07
1.753421144212292722e-07
1.750160211039250998e-07
1.746914446092406846e-07
1.743683770788807980e-07
1.740466608910068554e-07
1.737265197399686776e-07
1.734078545768806692e-07
1.730906090315519598e-07
1.727750480436647063e-07
1.724609096200175947e-07
1.721483846701585223e-07
1.718371438005210923e-07
1.715269359537954950e-07
1.712180857488684550e-07
1.709106273043328874e-07
1.706042288782130143e-07
1.702990777393793708e-07
1.699952701571101141e-07
1.696928141708781469e-07
1.693914112131845541e-07
1.690915542134209490e-07
1.687928699037445255e-07
1.684955605622775641e-07
1.681995201474646409e-07
1.679044542608578764e-07
1.676103221360373626e-07
1.673172002389501380e-07
1.670252051978220344e-07
1.667342191962093221e-07
1.664440746013551786e-07
1.661551276990658787e-07
1.658673041477080967e-07
1.655802977688027277e-07
1.652945564876739018e-07
1.650097955600906275e-07
1.647261580768481291e-07
1.644434646825816606e-07
1.641615839995404161e-07
1.638804653249435455e-07
1.636001463396605388e-07
1.633207124163459407e-07
1.630421347518244271e-07
1.627642123172440298e-07
1.624872332920545937e-07
1.622112016390018245e-07
1.619358187372130906e-07
1.616614274291791747e-07
1.613878277234068178e-07
1.611151633201656752e-07
1.608432773944423112e-07
1.605719854993596601e-07
1.603012974471009076e-07
1.600312679422010441e-07
1.597619698537398251e-07
1.594932682662380231e-07
1.592251848928345901e-07
1.589577265492463369e-07
1.586911091685263631e-07
1.584250024634143970e-07
1.581596028073767377e-07
1.578948866963977813e-07
1.576308862351438906e-07
1.573675940319820248e-07
1.571047012172294115e-07
1.568422974649009826e-07
1.565804339935702549e-07
1.563191654550100864e-07
1.560582672942824559e-07
1.557979908748254681e-07
1.555381196614885350e-07
1.552788802291872749e-07
1.550201076636985806e-07
1.547618549468459262e-07
1.545041114389637579e-07
1.542469511728704238e-07
1.539903291241113902e-07
1.537341509350083371e-07
1.534783453149776722e-07
1.532229605988957393e-07
1.529680183000150030e-07
1.527135347440062161e-07
1.524594460640689158e-07
1.522057585692248039e-07
1.519524752817536107e-07
1.516997467566477227e-07
1.514473572190533783e-07
1.511953895241902634e-07
1.509438951348420811e-07
1.506928547843762902e-07
1.504422726597720403e-07
1.501920141029818128e-07
1.499421352801753845e-07
1.496925994321027841e-07
1.494435580270352893e-07
1.491948172337728132e-07
1.489465023749454177e-07
1.486984964042131735e-07
1.484509289453652806e-07
1.482037751192203366e-07
1.479569732305506560e-07
1.477105439502689538e-07
1.474645308527516568e-07
1.472189186079677545e-07
1.469737165221437511e-07
1.467288416346070057e-07
1.464843528857983726e-07
1.462401634755190294e-07
1.459965077757366144e-07
1.457531282460809476e-07
1.455101560106906617e-07
1.452674899516936618e-07
1.450252965064609623e-07
1.447834577413910215e-07
1.445419818143057204e-07
1.443008833093495501e-07
1.440601897369614706e-07
1.438198744472801083e-07
1.435799521755234417e-07
1.433404424777367999e-07
1.431013027370005507e-07
1.428625025790520187e-07
1.426242211438501246e-07
1.423863393049114271e-07
1.421488103922558064e-07
1.419116566480022308e-07
1.416749923571420724e-07
1.414387319509538616e-07
1.412028245653260884e-07
1.409673728964973623e-07
1.407323417310898982e-07
1.404977243342044163e-07
1.402634678381551586e-07
1.400297664229370919e-07
1.397963775128433847e-07
1.395634829299600852e-07
1.393309363751112388e-07
1.390990979158564404e-07
1.388674736897548809e-07
1.386363878954881543e-07
1.384057143707174658e-07
1.381756048786404040e-07
1.379458345540031332e-07
1.377165223080713107e-07
1.374877485539310188e-07
1.372594001586403708e-07
1.370314707974414865e-07
1.368040423875921177e-07
1.365771456772988101e-07
1.363506818074219366e-07
1.361246464407372318e-07
1.358992089487775704e-07
1.356742966648034597e-07
1.354498002348338240e-07
1.352257499068413468e-07
1.350023322540536029e-07
1.347793820384280333e-07
1.345568813600805849e-07
1.343348910880230748e-07
1.341134962461032297e-07
1.338925824647058452e-07
1.336721055704909749e-07
1.334522442393440166e-07
1.332328854705939749e-07
1.330140251278361849e-07
1.327956327278530643e-07
1.325779596903362671e-07
1.323607500458546013e-07
1.321440798765233429e-07
1.319278474730945721e-07
1.317123493229223417e-07
1.314973159165526278e-07
1.312828048513458029e-07
1.310688537418789850e-07
1.308555467305576433e-07
1.306427702275887533e-07
1.304304781798081780e-07
1.302188492742715623e-07
1.300077573037050402e-07
1.297971631468927083e-07
1.295871044325770934e-07
1.293777236640605527e-07
1.291689005448570317e-07
1.289606122513037513e-07
1.287528000279519059e-07
1.285457149694071190e-07
1.283391617075928982e-07
1.281331679844026829e-07
1.279277028274004276e-07
1.277229690479156794e-07
1.275187478696439630e-07
1.273150750996815434e-07
1.271120569378864406e-07
1.269096271660312820e-07
1.267076952997354504e-07
1.265063294961959077e-07
1.263055144430170549e-07
1.261054341175139259e-07
1.259057438741511406e-07
1.257066902933794854e-07
1.255082266031195800e-07
1.253104154031494854e-07
1.251131414029809526e-07
1.249163549031477074e-07
1.247203229122985542e-07
1.245248338813039679e-07
1.243299500498325691e-07
1.241356302439873393e-07
1.239419584429901239e-07
1.237487983610422752e-07
1.235561289432725255e-07
1.233640219748601605e-07
1.231726182003574690e-07
1.229816522576484344e-07
1.227913261440361218e-07
1.226014202818700014e-07
1.224122398216051154e-07
1.222235898994195671e-07
1.220355137488067205e-07
1.218479507786345049e-07
1.216611107562642302e-07
1.214747696368623711e-07
1.212889889223318514e-07
1.211038883316821022e-07
1.209192920955286400e-07
1.207351864027808840e-07
1.205515745815173108e-07
1.203684284202177042e-07
1.201860123083620588e-07
1.200039207779396175e-07
1.198224888872799519e-07
1.196414035749763260e-07
1.194610317875534137e-07
1.192811654720485606e-07
1.191018007405076676e-07
1.189229416852196210e-07
1.187447257760331672e-07
1.185669981893704131e-07
1.183898102061743200e-07
1.182132350288599279e-07
1.180370926373998132e-07
1.178614196777797471e-07
1.176861960621991732e-07
1.175113933554615672e-07
1.173372459530147444e-07
1.171633992618966645e-07
1.169901546233295410e-07
1.168172281647547371e-07
1.166449246516005547e-07
1.164730939850362335e-07
1.163017297623357549e-07
1.161308091596153433e-07
1.159604807016260387e-07
1.157905886989661307e-07
1.156211965859952432e-07
1.154523427931870928e-07
1.152839216661928091e-07
1.151158922221953655e-07
1.149482421757389109e-07
1.147810238453513268e-07
1.146143171704221240e-07
1.144479387441539867e-07
1.142820574658800974e-07
1.141165042124017199e-07
1.139514358121893623e-07
1.137868320686172104e-07
1.136226406067079308e-07
1.134588123688331284e-07
1.132955009372095409e-07
1.131326199845883241e-07
1.129702035699115406e-07
1.128081927891501253e-07
1.126466475985915724e-07
1.124854128650846521e-07
1.123245129623822628e-07
1.121640218600095394e-07
1.120038526336269475e-07
1.118441585649728911e-07
1.116846864267304836e-07
1.115257117054589467e-07
1.113669612751885618e-07
1.112086891405503973e-07
1.110508069654511483e-07
1.108932461927010723e-07
1.107360480330034032e-07
1.105792808237918425e-07
1.104228599957311961e-07
1.102668408888059182e-07
1.101112008665832320e-07
1.099559206093692232e-07
1.098009231790702066e-07
1.096462196320072295e-07
1.094918557363919573e-07
1.093378312056016756e-07
1.091841566995513063e-07
1.090307294217294740e-07
1.088776787803224063e-07
1.087248922849911382e-07
1.085724954136903455e-07
1.084204342981567225e-07
1.082686447876009009e-07
1.081171921087928948e-07
1.079661141837564182e-07
1.078153412296450538e-07
1.076649015296790335e-07
1.075148155030142719e-07
1.073650468480103475e-07
1.072155170653025545e-07
1.070662612818118001e-07
1.069172944833587672e-07
1.067686529746861358e-07
1.066203162892994636e-07
1.064721921868460288e-07
1.063244199029405009e-07
1.061768672585679566e-07
1.060296697724367351e-07
1.058827780224613662e-07
1.057361238911707199e-07
1.055897677536161416e-07
1.054437497625659785e-07
1.052980012640596341e-07
1.051525689048433660e-07
1.050074081259522834e-07
1.048625817950902196e-07
1.047179592272746581e-07
1.045735837311373896e-07
1.044294730544869926e-07
1.042856075450910352e-07
1.041421146930097569e-07
1.039987470374167399e-07
1.038557355726591153e-07
1.037128858784134832e-07
1.035703629388004272e-07
1.034281306689749484e-07
1.032861162293539035e-07
1.031443501459088229e-07
1.030028828998432757e-07
1.028616900060870686e-07
1.027207713019012965e-07
1.025800887911429317e-07
1.024397007239885008e-07
1.022995645088963255e-07
1.021596434790780216e-07
1.020199706895364550e-07
1.018805062221882752e-07
1.017413995937078018e-07
1.016024995468659467e-07
1.014638073329183218e-07
1.013253849635255000e-07
1.011871819701563458e-07
1.010493025732468359e-07
1.009116509988676511e-07
1.007742208284532567e-07
1.006370378049508996e-07
1.005001651599021217e-07
1.003635204917197159e-07
1.002271400681124535e-07
1.000909884973504982e-07
9.995513940441249122e-08
9.981950626732731501e-08
9.968409603688306894e-08
9.954892730007034201e-08
9.941395743410255463e-08
9.927938485172799972e-08
9.914495332243614789e-08
9.901077932234298523e-08
9.887681531030953737e-08
9.874312980392940356e-08
9.860973604150963321e-08
9.847656489158935085e-08
9.834361361348491634e-08
9.821091062676904004e-08
9.807851834096822877e-08
9.794634231356190140e-08
9.781443315769224354e-08
9.768274823324952833e-08
9.755136076059398285e-08
9.742019180834762857e-08
9.728924297496490881e-08
9.715853137545454974e-08
9.702802062100189438e-08
9.689788744078959191e-08
9.676792507643503813e-08
9.663818282343724966e-08
9.650869542946603259e-08
9.637942746765823854e-08
9.625048676324604393e-08
9.612175782936587552e-08
9.599326001003605154e-08
9.586498513523071948e-08
9.573702953064306467e-08
9.560929316930138213e-08
9.548182640053940633e-08
9.535457223658397022e-08
9.522760344281552373e-08
9.510088651813601857e-08
9.497437864460118709e-08
9.484810226177609098e-08
9.472205884954772659e-08
9.459630146583225658e-08
9.447083854416884654e-08
9.434550087137209753e-08
9.422051683470509575e-08
9.409566895269482589e-08
9.397115529405531736e-08
9.384690098099986456e-08
9.372287155249598719e-08
9.359904932192526989e-08
9.347551330785586142e-08
9.335227028500942220e-08
9.322924671562399068e-08
9.310647994262007657e-08
9.298396208110958719e-08
9.286173725975677509e-08
9.273971279164785450e-08
9.261791372660040452e-08
9.249635906010246868e-08
9.237500488531184144e-08
9.225401797803557463e-08
9.213320883110004113e-08
9.201261538751812707e-08
9.189230202229149533e-08
9.177216364628038670e-08
9.165238646185216874e-08
9.153282172022223088e-08
9.141349371102379591e-08
9.129437471399722816e-08
9.117555985047799934e-08
9.105700084831117890e-08
9.093868935980580659e-08
9.082060735639363250e-08
9.070280823521296953e-08
9.058527427655825724e-08
9.046793314995809922e-08
9.035080593589732466e-08
9.023392482527414137e-08
9.011723222675013108e-08
9.000090364513638936e-08
8.988472868733528090e-08
8.976877862734178703e-08
8.965309091875452014e-08
8.953757541173248275e-08
8.942240774896127462e-08
8.930744619328772732e-08
8.919271552276948671e-08
8.907818644862320355e-08
8.896394507236074165e-08
8.884995972495412688e-08
8.873620662289079836e-08
8.862269218262933620e-08
8.850942769929317185e-08
8.839643121270547903e-08
8.828361671254013768e-08
8.817101774520350461e-08
8.805864145072935520e-08
8.794645971795635878e-08
8.783458114647020197e-08
8.772292445395566106e-08
8.761141070434034211e-08
8.750022228240751519e-08
8.738915551100511277e-08
8.727839287051201396e-08
8.716787325112345045e-08
8.705756623861536033e-08
8.694744687874855495e-08
8.683757933848150717e-08
8.672799609121904885e-08
8.661860790133875080e-08
8.650947723134242648e-08
8.640054810611521105e-08
8.629189079318640177e-08
8.618343440758865192e-08
8.607517161897310451e-08
8.596710043079579229e-08
8.585925873931733992e-08
8.575159384801879283e-08
8.564425915927589902e-08
8.553702007294210990e-08
8.543004596705658526e-08
8.532324301472096657e-08
8.521665741283029392e-08
8.511033716121436870e-08
8.500422735768574887e-08
8.489831690299727940e-08
8.479259080591256021e-08
8.468712041457238252e-08
8.458188633900424374e-08
8.447685466951862042e-08
8.437205236946650660e-08
8.426745463472152041e-08
8.416310584377767493e-08
8.405891772236708990e-08
8.395492183631471575e-08
8.385110505402512253e-08
8.374749236411904268e-08
8.364407949764436328e-08
8.354092791087672553e-08
8.343787295221689777e-08
8.333508268796095826e-08
8.323242040971898387e-08
8.312998723511420063e-08
8.302778372598889611e-08
8.292577483856113379e-08
8.282394930897350650e-08
8.272229624402368673e-08
8.262088147530290426e-08
8.251968315778776104e-08
8.241867172765143815e-08
8.231787034206267646e-08
8.221725744161623776e-08
8.211687389415500073e-08
8.201664064059490142e-08
8.191658674879716163e-08
8.181669667078783041e-08
8.171699855052829228e-08
8.161746739164746334e-08
8.151820640217314448e-08
8.141902551491984600e-08
8.132007337216047200e-08
8.122127025785749861e-08
8.112263911675836189e-08
8.102425173129618719e-08
8.092604007172600123e-08
8.082799631659452492e-08
8.073010734404986742e-08
8.063242534627562864e-08
8.053496734265324140e-08
8.043766475793526625e-08
8.034056803303826781e-08
8.024363248527227161e-08
8.014691058928922626e-08
8.005036488477643333e-08
7.995396528879761174e-08
7.985770975319932824e-08
7.976164179345352532e-08
7.966569951986440688e-08
7.957002420781319229e-08
7.947447427978865382e-08
7.937904119316305993e-08
7.928385595762637364e-08
7.918875239733691755e-08
7.909386809492588819e-08
7.899917308353363197e-08
7.890463706420265977e-08
7.881025062133591896e-08
7.871602229169670847e-08
7.862200322798323082e-08
7.852816029462792840e-08
7.843448339619978470e-08
7.834098170235190839e-08
7.824764325790908069e-08
7.815450141230147000e-08
7.806149340097662414e-08
7.796863414072210724e-08
7.787592009152518191e-08
7.778336941821117963e-08
7.769094710310402371e-08
7.759878938214649225e-08
7.750670147338639315e-08
7.741477131223206591e-08
7.732303071021023288e-08
7.723138511842221272e-08
7.713995709680211887e-08
7.704869937158886462e-08
7.695758255500874247e-08
7.686660237553415643e-08
7.677577490509779644e-08
7.668515010867369479e-08
7.659467760809855655e-08
7.650436808568203421e-08
7.641421387478070463e-08
7.632422028830152686e-08
7.623441052483711010e-08
7.614472236666232052e-08
7.605517823993391324e-08
7.596577107926028406e-08
7.587651630867592166e-08
7.578738224155445869e-08
7.569850462118710576e-08
7.560969769011980206e-08
7.552102268587398922e-08
7.543255159754294988e-08
7.534415786836172984e-08
7.525596540420639994e-08
7.516793655721533828e-08
7.508004706019768500e-08
7.499229210933838894e-08
7.490467498387658923e-08
7.481724483187727712e-08
7.472997624312627603e-08
7.464284439962972629e-08
7.455587803580244506e-08
7.446904513422651307e-08
7.438238773713081763e-08
7.429587537672300093e-08
7.420948696156375520e-08
7.412322145933828018e-08
7.403710921670391810e-08
7.395110467993759803e-08
7.386531472520417944e-08
7.377966780435586649e-08
7.369409154911717650e-08
7.360872315133002816e-08
7.352343030492059886e-08
7.343830546497764469e-08
7.335336270575563183e-08
7.326855742875436679e-08
7.318388483932532279e-08
7.309932610453000965e-08
7.301492801064752101e-08
7.293071049443658346e-08
7.284661444841879871e-08
7.276267915240638811e-08
7.267886696514985423e-08
7.259522393586536630e-08
7.251173905450103855e-08
7.242835930988103191e-08
7.234511380276324995e-08
7.226199308935237061e-08
7.217901516929704640e-08
7.209613969272964395e-08
7.201350093527813500e-08
7.193094144262056895e-08
7.184847500077140722e-08
7.176622268801487958e-08
7.168402411036809151e-08
7.160200471030297926e-08
7.152014535517304233e-08
7.143841568905778620e-08
7.135681528131511228e-08
7.127533111578955372e-08
7.119400090881346126e-08
7.111284272255578336e-08
7.103179793392712101e-08
7.095091153969461860e-08
7.087012914587335736e-08
7.078952770263785640e-08
7.070907230801272948e-08
7.062871297873594710e-08
7.054848422700747643e-08
7.046837538360294760e-08
7.038840288510010061e-08
7.030852948138539057e-08
7.022888126584121591e-08
7.014931510054293609e-08
7.006983111480871229e-08
6.999055827750446360e-08
6.991133691434478718e-08
6.983228081807440897e-08
6.975338345556923497e-08
6.967461626659484895e-08
6.959597156768891660e-08
6.951743142050679497e-08
6.943903912075243443e-08
6.936081273095745911e-08
6.928270169249547828e-08
6.920473362559021306e-08
6.912689595121480733e-08
6.904918996496036401e-08
6.897163552643154905e-08
6.889419831660486006e-08
6.881687264104059503e-08
6.873965413430694138e-08
6.866257230585122928e-08
6.858558292547909904e-08
6.850877131295319488e-08
6.843210527470980220e-08
6.835549259624924596e-08
6.827904148040968019e-08
6.820270488576186475e-08
6.812645937940930559e-08
6.805039188082240785e-08
6.797445706701913987e-08
6.789863120730475220e-08
6.782292142384990272e-08
6.774732474986346015e-08
6.767188136340565939e-08
6.759658348802978761e-08
6.752138922205623294e-08
6.744634347209208671e-08
6.737139120372406690e-08
6.729659979550744164e-08
6.722194495224240674e-08
6.714737469226206055e-08
6.707292143178600246e-08
6.699857885639667918e-08
6.692436063036608159e-08
6.685022938120028578e-08
6.677629282433090483e-08
6.670245269282270706e-08
6.662867585531547982e-08
6.655507853177054779e-08
6.648154458767500532e-08
6.640813038601067848e-08
6.633489282508950995e-08
6.626176473577979413e-08
6.618874184509942063e-08
6.611582273881571094e-08
6.604301740622379306e-08
6.597036289776767047e-08
6.589784167695899293e-08
6.582542159924545002e-08
6.575313859377943081e-08
6.568094566220468369e-08
6.560890570951828801e-08
6.553699787360977281e-08
6.546516801752109970e-08
6.539344936988096718e-08
6.532183555649248494e-08
6.525033935911194380e-08
6.517892711349879262e-08
6.510769475753881248e-08
6.503656613292344039e-08
6.496549284080416910e-08
6.489457928265307591e-08
6.482374688925172004e-08
6.475301189850889746e-08
6.468243818542134586e-08
6.461197926789807151e-08
6.454162152908634374e-08
6.447136635798786038e-08
6.440121480133283719e-08
6.433119592410795731e-08
6.426131668566953483e-08
6.419152648749733010e-08
6.412186768831274120e-08
6.405230447525570877e-08
6.398287235855465501e-08
6.391356764279673695e-08
6.384435768477344690e-08
6.377524365028005298e-08
6.370621974174263767e-08
6.363730939206034200e-08
6.356848380317307398e-08
6.349979010224701340e-08
6.343124981395371396e-08
6.336274913326910573e-08
6.329435026209605152e-08
6.322610905199773616e-08
6.315790525497412411e-08
6.308984062950303431e-08
6.302190415808926574e-08
6.295407412490051333e-08
6.288634251464530199e-08
6.281869543410129540e-08
6.275115352255768333e-08
6.268375055112278161e-08
6.261646245296078614e-08
6.254926636476383175e-08
6.248219498930934162e-08
6.241520390706856657e-08
6.234834483282283201e-08
6.228160583459238702e-08
6.221493599245162390e-08
6.214836808797055877e-08
6.208189167031772208e-08
6.201552328974398561e-08
6.194922481395235308e-08
6.188307665139801905e-08
6.181704845246961388e-08
6.175105741450183598e-08
6.168518639865557937e-08
6.161943693986435435e-08
6.155373599484283166e-08
6.148817190241201363e-08
6.142272306222327312e-08
6.135737544842347268e-08
6.129212204707818025e-08
6.122694748557834201e-08
6.116187527208731000e-08
6.109693569380992502e-08
6.103210308164966477e-08
6.096735860967060601e-08
6.090273027753414302e-08
6.083817673968011898e-08
6.077375361179951272e-08
6.070944350416827423e-08
6.064519968432963625e-08
6.058105435592038800e-08
6.051698909587598851e-08
6.045303202140879979e-08
6.038914078633879209e-08
6.032538588367671702e-08
6.026175776794227070e-08
6.019816402292413289e-08
6.013466499065790610e-08
6.007130978809600264e-08
6.000798472264740164e-08
5.994478511283018780e-08
5.988170606478312994e-08
5.981872147418691915e-08
5.975582475609892384e-08
5.969300597925899455e-08
5.963027971585651972e-08
5.956767487386206378e-08
5.950518483269800805e-08
5.944276729039152153e-08
5.938046279787335997e-08
5.931824313147762888e-08
5.925612935841458285e-08
5.919412201872992311e-08
5.913220491859233068e-08
5.907036358147287049e-08
5.900860292591453958e-08
5.894692521286001255e-08
5.888534787772415607e-08
5.882383206803344535e-08
5.876248038160916901e-08
5.870119434265236200e-08
5.863995306865492137e-08
5.857883822286664969e-08
5.851780210701073925e-08
5.845682736401890052e-08
5.839597821011113677e-08
5.833522777586711389e-08
5.827456409100663336e-08
5.821398983813068473e-08
5.815348388055909012e-08
5.809307017080469536e-08
5.803277368042049916e-08
5.797257622183697222e-08
5.791245442806209099e-08
5.785243977850623330e-08
5.779248523358113216e-08
5.773265726201620690e-08
5.767292155029237888e-08
5.761326072752543728e-08
5.755367904878938957e-08
5.749417110766084239e-08
5.743474759495293109e-08
5.737541165704627414e-08
5.731614198973348501e-08
5.725702947084991923e-08
5.719796904336102651e-08
5.713895636001843584e-08
5.708006943201263537e-08
5.702124959504210276e-08
5.696249187919263608e-08
5.690385528447535488e-08
5.684531174820961364e-08
5.678685140522237485e-08
5.672847485307288347e-08
5.667016330912317151e-08
5.661193850605357859e-08
5.655382908064516629e-08
5.649581404650919482e-08
5.643786814925246929e-08
5.638002319269103217e-08
5.632224424198066821e-08
5.626457359440245321e-08
5.620699643245699277e-08
5.614949711074165497e-08
5.609206595436803041e-08
5.603471001307884254e-08
5.597742797128633386e-08
5.592023909014387391e-08
5.586310576038273314e-08
5.580610883646198757e-08
5.574919348228522466e-08
5.569230779882556452e-08
5.563552260774917295e-08
5.557884318231391953e-08
5.552219356050847980e-08
5.546565335555777658e-08
5.540921530118704473e-08
5.535285979579787390e-08
5.529657607480985654e-08
5.524036381237735876e-08
5.518422968812411678e-08
5.512818993282796131e-08
5.507225351181385123e-08
5.501638258361087925e-08
5.496060451471803747e-08
5.490491503738232046e-08
5.484928869322644432e-08
5.479376287884372394e-08
5.473833257412795468e-08
5.468295222882493024e-08
5.462765275648467466e-08
5.457241709791392280e-08
5.451726184503094341e-08
5.446217651839839595e-08
5.440715916764878413e-08
5.435228172813247356e-08
5.429744576063040451e-08
5.424265338080852645e-08
5.418797294946669917e-08
5.413335973482144795e-08
5.407879464100202089e-08
5.402433418194342664e-08
5.396996195776299391e-08
5.391566931682517128e-08
5.386144561107083787e-08
5.380728329705617601e-08
5.375319624766943732e-08
5.369920421747124455e-08
5.364530611127051608e-08
5.359146719253590261e-08
5.353771625941486625e-08
5.348404780597619103e-08
5.343044011994905428e-08
5.337692473116082965e-08
5.332350093031142106e-08
5.327012228300569094e-08
5.321682281925154591e-08
5.316358393997893950e-08
5.311042033988734108e-08
5.305732421870857289e-08
5.300428832048047608e-08
5.295138832230424876e-08
5.289853369435861630e-08
5.284571621921961537e-08
5.279299805527642484e-08
5.274035757847538663e-08
5.268775202071347147e-08
5.263524490593199157e-08
5.258282962237571901e-08
5.253048663058935823e-08
5.247820635953075905e-08
5.242599183628257335e-08
5.237384552850456952e-08
5.232178107077889026e-08
5.226981139910256889e-08
5.221790603856026960e-08
5.216607528708870118e-08
5.211432759674394367e-08
5.206262584358333672e-08
5.201102951619057435e-08
5.195950873773896132e-08
5.190805043014303081e-08
5.185665163829009843e-08
5.180531448246908714e-08
5.175404199980529647e-08
5.170284663971633982e-08
5.165169780248850786e-08
5.160065935873645968e-08
5.154970596486516661e-08
5.149877433842639341e-08
5.144790421912891339e-08
5.139715372353774655e-08
5.134642019656422288e-08
5.129576217552772775e-08
5.124520364478687238e-08
5.119471313201326848e-08
5.114429201173490531e-08
5.109393769176628632e-08
5.104363422306199023e-08
5.099340075272767434e-08
5.094325590622243189e-08
5.089319613604919531e-08
5.084318821613623357e-08
5.079325821591963669e-08
5.074340495414315813e-08
5.069360448193883409e-08
5.064388892777194656e-08
5.059425567721838720e-08
5.054466908737790449e-08
5.049514668549034742e-08
5.044567884993244407e-08
5.039627313926225628e-08
5.034694031585129511e-08
5.029765043366497959e-08
5.024847267558040193e-08
5.019936659298708281e-08
5.015027994310435918e-08
5.010125596002383865e-08
5.005234271224983566e-08
5.000344170909412093e-08
4.995461439011534635e-08
4.990588460032329191e-08
4.985721684071008823e-08
4.980861183347984234e-08
4.976007127838019353e-08
4.971157888638388763e-08
4.966315036026285322e-08
4.961480580511435736e-08
4.956654194429731609e-08
4.951832626130481212e-08
4.947018541140076087e-08
4.942211626217262671e-08
4.937409228753296930e-08
4.932615512288073813e-08
4.927828974314449764e-08
4.923047793407449757e-08
4.918272092627992159e-08
4.913501941162124487e-08
4.908737582213652326e-08
4.903980202120643347e-08
4.899226774777555719e-08
4.894482782681904891e-08
4.889747557636132589e-08
4.885014646798456936e-08
4.880286020543272582e-08
4.875567779006915725e-08
4.870853535362573071e-08
4.866143579750263393e-08
4.861442162304309770e-08
4.856748330811845108e-08
4.852060675889059452e-08
4.847378251532365284e-08
4.842701729628281049e-08
4.838030567899830804e-08
4.833366416869987279e-08
4.828710243647220680e-08
4.824060752619465331e-08
4.819416289261515180e-08
4.814779074924685938e-08
4.810147396694350090e-08
4.805522213381231333e-08
4.800903810116604395e-08
4.796293184282294064e-08
4.791685805136123169e-08
4.787085086616988734e-08
4.782489090367416396e-08
4.777898996908076692e-08
4.773315163316958855e-08
4.768735296056612189e-08
4.764166071278469849e-08
4.759603154494841872e-08
4.755041911116519644e-08
4.750486125366426501e-08
4.745940810465706098e-08
4.741397037791092335e-08
4.736859232512164023e-08
4.732329735073597994e-08
4.727806440519245316e-08
4.723289605402942931e-08
4.718777831460701623e-08
4.714270971732834439e-08
4.709769793472372914e-08
4.705275302982383342e-08
4.700788376379088252e-08
4.696307471204900137e-08
4.691831737871481866e-08
4.687362921526238324e-08
4.682899225270697866e-08
4.678441833059985591e-08
4.673990802148895201e-08
4.669547194131628073e-08
4.665106667400127500e-08
4.660672419642205654e-08
4.656242618204274651e-08
4.651818234320518882e-08
4.647400209293223677e-08
4.642985722527822956e-08
4.638580680644064716e-08
4.634182509071275472e-08
4.629786049038140380e-08
4.625393875113480044e-08
4.621011689136901293e-08
4.616632394825056376e-08
4.612257135548812200e-08
4.607889521061098511e-08
4.603528878130732060e-08
4.599173816892319340e-08
4.594823320514703255e-08
4.590478546876040836e-08
4.586138305352146010e-08
4.581803909819630086e-08
4.577477055169320240e-08
4.573156614806101121e-08
4.568840156718521656e-08
4.564530306261111713e-08
4.560226594710325474e-08
4.555926759691054374e-08
4.551634432484630627e-08
4.547348306227742054e-08
4.543066853185561892e-08
4.538789882448243187e-08
4.534517782343601248e-08
4.530250706500648033e-08
4.525989650085953137e-08
4.521732355029452948e-08
4.517480570489787385e-08
4.513238783551201971e-08
4.509000389752090167e-08
4.504764123681081994e-08
4.500534007372613238e-08
4.496312486116440505e-08
4.492091568789199188e-08
4.487877121550390668e-08
4.483670458715626228e-08
4.479468875320394280e-08
4.475273051343156579e-08
4.471081830885962296e-08
4.466894987531608687e-08
4.462713277162636413e-08
4.458537548042706454e-08
4.454368585273951464e-08
4.450205607965713072e-08
4.446046542168538203e-08
4.441893876108150547e-08
4.437746629741885471e-08
4.433603728227418890e-08
4.429467460080747991e-08
4.425337503954380895e-08
4.421211394986678243e-08
4.417089871195327410e-08
4.412972860996780591e-08
4.408860629074937170e-08
4.404754177144327807e-08
4.400651119613153563e-08
4.396553523349539064e-08
4.392465443496057709e-08
4.388380519235763384e-08
4.384297498558404142e-08
4.380220228193832674e-08
4.376151432532335432e-08
4.372083266304859414e-08
4.368020909855854533e-08
4.363965601234616881e-08
4.359915586483669832e-08
4.355871059861152461e-08
4.351830632116431893e-08
4.347794964471087675e-08
4.343763532694442855e-08
4.339737697146691348e-08
4.335718465819802412e-08
4.331705115989266550e-08
4.327695252508358777e-08
4.323691351000139698e-08
4.319693180141631954e-08
4.315698036675890762e-08
4.311710217623289512e-08
4.307727730874041379e-08
4.303749966125817444e-08
4.299775667238023337e-08
4.295806005691238116e-08
4.291840792022057919e-08
4.287880331246254946e-08
4.283924806780606306e-08
4.279972370668287062e-08
4.276028402258975819e-08
4.272090196418491024e-08
4.268153424025625830e-08
4.264220148556271582e-08
4.260294828778095693e-08
4.256373452147136497e-08
4.252454031300958829e-08
4.248540898571154773e-08
4.244634668822909883e-08
4.240733097212979051e-08
4.236835822180585503e-08
4.232943455990127263e-08
4.229054371039870563e-08
4.225170255251279974e-08
4.221291573053843963e-08
4.217419021665792405e-08
4.213551468378419949e-08
4.209687722480454948e-08
4.205829590290568548e-08
4.201976316964364183e-08
4.198126823499129499e-08
4.194283345331279329e-08
4.190445405939530851e-08
4.186611342265750820e-08
4.182781017031968572e-08
4.178954807069512390e-08
4.175132858126546751e-08
4.171315963468087955e-08
4.167502902505894723e-08
4.163693136624686087e-08
4.159892095887856750e-08
4.156095834224207141e-08
4.152300742772307042e-08
4.148509222641997358e-08
4.144725587990850523e-08
4.140945234885763531e-08
4.137166900585106390e-08
4.133394595918527480e-08
4.129628795524512213e-08
4.125867374864698411e-08
4.122110250904315229e-08
4.118357595476436813e-08
4.114608095152714926e-08
4.110863289243876666e-08
4.107123574431597136e-08
4.103389635023074162e-08
4.099660911922828904e-08
4.095935294956458755e-08
4.092215068353047748e-08
4.088499860215370837e-08
4.084787495250586945e-08
4.081081560159889520e-08
4.077380552633997269e-08
