1.136360614335708694e-07
1.221815033480443811e-07
1.303767726909034108e-07
1.382317608938420719e-07
1.457574274550432384e-07
1.529643713852293022e-07
1.598628288942051038e-07
1.664629388547579802e-07
1.727743880056508881e-07
1.788062110208652977e-07
1.845673240059166558e-07
1.900663224678848067e-07
1.953114151327741790e-07
2.003105070667227286e-07
2.050712640033237856e-07
2.096010683766443244e-07
2.139068955815871158e-07
2.179956545196358973e-07
2.218737378405570538e-07
2.255476185701467638e-07
2.290234955264327446e-07
2.323072420308009979e-07
2.354041785605303976e-07
2.383200957564335684e-07
2.410605134772179099e-07
2.436299848936895999e-07
2.460338457662264920e-07
2.482770764499504443e-07
2.503637934313852191e-07
2.522991424208358928e-07
2.540871083822301940e-07
2.557323007294188818e-07
2.572388469556240951e-07
2.586107249051200217e-07
2.598522621272242301e-07
2.609669674151069679e-07
2.619592020471627034e-07
2.628322351524247297e-07
2.635901985797385421e-07
2.642361313169429304e-07
2.647741217708109682e-07
2.652072187545121708e-07
2.655386842710764023e-07
2.657723614714780385e-07
2.659107834609871581e-07
2.659578143371814678e-07
2.659157549464299257e-07
2.657881643284477820e-07
2.655780264684416313e-07
2.652877969958172101e-07
2.649210497518093572e-07
2.644798087392797038e-07
2.639672670038876029e-07
2.633863173754328603e-07
2.627388465783009764e-07
2.620281614346633980e-07
2.612567988479732894e-07
2.604266183225664225e-07
2.595408706749731721e-07
2.586017214377871215e-07
2.576110286673729830e-07
2.565719239290044166e-07
2.554865942058286353e-07
2.543566153913651797e-07
2.531848802368198392e-07
2.519736289302557649e-07
2.507244447890711559e-07
2.494395086549450961e-07
2.481214842703482577e-07
2.467717276046681246e-07
2.453922173525505687e-07
2.439853561905648289e-07
2.425528739294487276e-07
2.410959969718853282e-07
2.396168659565020899e-07
2.381177425158977835e-07
2.365998856463756008e-07
2.350645159732609024e-07
2.335136775419764421e-07
2.319492781284292635e-07
2.303724235534283708e-07
2.287842471424184142e-07
2.271866518109545973e-07
2.255812789695927544e-07
2.239690981676251701e-07
2.223511303167954826e-07
2.207291655950431671e-07
2.191044292063713411e-07
2.174779404898083734e-07
2.158506361079849165e-07
2.142237909653615497e-07
2.125987444647404632e-07
2.109764403573672014e-07
2.093576049080034977e-07
2.077430745756396866e-07
2.061342979366634625e-07
2.045319514992604385e-07
2.029368043107095949e-07
2.013495766949191544e-07
1.997710011377611735e-07
1.982021969663543858e-07
1.966437006374115305e-07
1.950960532625057500e-07
1.935597916872027571e-07
1.920355252962288198e-07
1.905242690928200829e-07
1.890262889301545937e-07
1.875419820865925888e-07
1.860716542836097280e-07
1.846160584599101596e-07
1.831755320062993261e-07
1.817507500823580892e-07
1.803416685606992575e-07
1.789485160793672662e-07
1.775717974418428007e-07
1.762118089504694426e-07
1.748690218051838013e-07
1.735435543074856973e-07
1.722353046901517494e-07
1.709445461563943575e-07
1.696714574831831167e-07
1.684163760795703328e-07
1.671793105271817429e-07
1.659604894135798363e-07
1.647595781289562453e-07
1.635768188614513119e-07
1.624122427197912772e-07
1.612660005522643000e-07
1.601381048367998970e-07
1.590285171504827971e-07
1.579369710286975233e-07
1.568635381968242908e-07
1.558080555291486313e-07
1.547707470416454456e-07
1.537511922570072065e-07
1.527496157792349158e-07
1.517656200308492660e-07
1.507989865866251098e-07
1.498497744450541748e-07
1.489176152453526919e-07
1.480027612296006005e-07
1.471046162202860614e-07
1.462232394076544237e-07
1.453580820464732336e-07
1.445092485367255903e-07
1.436764365775645978e-07
1.428592771839087410e-07
1.420579607393592847e-07
1.412717648268148666e-07
1.405006856949664366e-07
1.397443075912642143e-07
1.390023547426743885e-07
1.382747623626618904e-07
1.375611339448562292e-07
1.368613967700349567e-07
1.361749734267064739e-07
1.355015415838624515e-07
1.348410697639255106e-07
1.341929644640690141e-07
1.335571629381409639e-07
1.329332912495144261e-07
1.323210376195095870e-07
1.317203980682746990e-07
1.311304975775622660e-07
1.305513308173724688e-07
1.299825341167669696e-07
1.294236643604716064e-07
1.288746965665558836e-07
1.283351182312036204e-07
1.278046837802405217e-07
1.272833936402707343e-07
1.267703466476411010e-07
1.262654573607843031e-07
1.257685472714176167e-07
1.252790006849580034e-07
1.247967854458947566e-07
1.243216409062895831e-07
1.238530567904703191e-07
1.233909765404813891e-07
1.229350473723187786e-07
1.224846145800794535e-07
1.220397541620542713e-07
1.216000407886651144e-07
1.211650754246506184e-07
1.207349196247566518e-07
1.203090580609249565e-07
1.198871687493744895e-07
1.194692838843194337e-07
1.190548486423975635e-07
1.186435203567105808e-07
1.182353098318804233e-07
1.178298073138739398e-07
1.174267057392868741e-07
1.170260075636783679e-07
1.166273948952954445e-07
1.162304529132755966e-07
1.158351900977619543e-07
1.154413632625745237e-07
1.150485139508242026e-07
1.146566149342835298e-07
1.142655480985113219e-07
1.138749012868184887e-07
1.134846400159094140e-07
1.130947077608998647e-07
1.127047041457117037e-07
1.123144874097647635e-07
1.119240654747626033e-07
1.115331189655931165e-07
1.111414598201427083e-07
1.107490698639649044e-07
1.103558346009784976e-07
1.099614923904564592e-07
1.095660501283898123e-07
1.091694482596484608e-07
1.087714381152141385e-07
1.083719291362632554e-07
1.079708899718531936e-07
1.075682118808940805e-07
1.071637558603386741e-07
1.067574929228845283e-07
1.063494026625252400e-07
1.059393807266830339e-07
1.055274101712010098e-07
1.051134552192537165e-07
1.046974752328466873e-07
1.042793889779137732e-07
1.038591631668978759e-07
1.034367881936506579e-07
1.030122608231659937e-07
1.025855694080070236e-07
1.021566827917634427e-07
1.017256559753616678e-07
1.012925166503343181e-07
1.008572506433353619e-07
1.004198703951214942e-07
9.998042935933871325e-08
9.953895393479451107e-08
9.909542098578385576e-08
9.864983513688229471e-08
9.820235006621975920e-08
9.775298688116579827e-08
9.730175713983767379e-08
9.684871504987107087e-08
9.639402767892349756e-08
9.593776643942755746e-08
9.547990455180533212e-08
9.502048003945713130e-08
9.455971338346961502e-08
9.409761525492333322e-08
9.363415180212469807e-08
9.316943380726087362e-08
9.270375118122029448e-08
9.223709442139706901e-08
9.176945341613354407e-08
9.130094603480378384e-08
9.083189203665923621e-08
9.036227512563703912e-08
8.989209429953440036e-08
8.942143295156138812e-08
8.895059605247501837e-08
8.847958364380505180e-08
8.800839687925866993e-08
8.753713242655699170e-08
8.706610042214308813e-08
8.659539170207768874e-08
8.612498246690486234e-08
8.565495142847213514e-08
8.518558737048677487e-08
8.471698031817269038e-08
8.424917811577892124e-08
8.378219124114803684e-08
8.331622855262148323e-08
8.285143906362015119e-08
8.238794678223581249e-08
8.192564999788112339e-08
8.146468459960379764e-08
8.100550607383306838e-08
8.054797519708736445e-08
8.009216710152592203e-08
7.963815565568172725e-08
7.918617538619275231e-08
7.873632776772584079e-08
7.828865701701417244e-08
7.784318581120297750e-08
7.739993748839189305e-08
7.695931793950856957e-08
7.652123445683794501e-08
7.608568308157304348e-08
7.565276725217299549e-08
7.522268270242207856e-08
7.479553426848705801e-08
7.437136560900035582e-08
7.395018465786612754e-08
7.353194540632465480e-08
7.311714702768810025e-08
7.270553333587281260e-08
7.229721488015039778e-08
7.189221691885606924e-08
7.149066304757522990e-08
7.109253306248894257e-08
7.069806398262494159e-08
7.030714336531307923e-08
6.991981468602284356e-08
6.953619716827453788e-08
6.915634939324926937e-08
6.878033413833403784e-08
6.840813709409569253e-08
6.803974022858579267e-08
6.767530088904943941e-08
6.731480678829896995e-08
6.695823721592552894e-08
6.660570073563704170e-08
6.625698760272837087e-08
6.591249411042726861e-08
6.557194131203370041e-08
6.523545094889589137e-08
6.490311736954354396e-08
6.457463780489251645e-08
6.425048493734061401e-08
6.393031465725032337e-08
6.361426356338900037e-08
6.330242603020092346e-08
6.299446286807911849e-08
6.269077846672698995e-08
6.239104497461089920e-08
6.209539999947989162e-08
6.180390393053603030e-08
6.151633304824614635e-08
6.123280510201129846e-08
6.095327344058072090e-08
6.067770332921408909e-08
6.040617884332575095e-08
6.013859071829493917e-08
5.987485143815745197e-08
5.961495431108064525e-08
5.935891953307262129e-08
5.910682470104665133e-08
5.885858331295945092e-08
5.861398425969953350e-08
5.837289009585371651e-08
5.813562615500593596e-08
5.790200848315339050e-08
5.767205284543045875e-08
5.744544343794561518e-08
5.722244867613207754e-08
5.700275503455870829e-08
5.678651903884332929e-08
5.657372223303069995e-08
5.636425914269789445e-08
5.615794621789304002e-08
5.595474644853224064e-08
5.575471075952041367e-08
5.555794008635551288e-08
5.536425053515191438e-08
5.517334755879397007e-08
5.498540759121809798e-08
5.480019860783434153e-08
5.461783545656482407e-08
5.443830515164571353e-08
5.426149562680080847e-08
5.408719704681219544e-08
5.391527682077760464e-08
5.374596452913339439e-08
5.357913257793800660e-08
5.341479399743441599e-08
5.325268420747387698e-08
5.309271791832170523e-08
5.293493779095407910e-08
5.277923302454682008e-08
5.262579824437484121e-08
5.247442060882501358e-08
5.232481093023939514e-08
5.217705738515476795e-08
5.203100305892134770e-08
5.188668222800318183e-08
5.174418140759443610e-08
5.160338949346965953e-08
5.146399070047695116e-08
5.132603744877523537e-08
5.118946319207797024e-08
5.105430107815398478e-08
5.092056397001914622e-08
5.078816756074117935e-08
5.065683525603234317e-08
5.052658192265495213e-08
5.039738426698325094e-08
5.026925256685844244e-08
5.014219738391978756e-08
5.001613860382542298e-08
4.989080174788772023e-08
4.976621206623263470e-08
4.964232105136908916e-08
4.951914099625084377e-08
4.939671316364852570e-08
4.927496728371445554e-08
4.915365470495163424e-08
4.903278303304724856e-08
4.891232744363778416e-08
4.879227964827093285e-08
4.867271394417630351e-08
4.855351514348268962e-08
4.843457437736700164e-08
4.831576528859877800e-08
4.819715221890876342e-08
4.807867268950664795e-08
4.796039238793382376e-08
4.784226414643764066e-08
4.772417500002375390e-08
4.760602756600672664e-08
4.748783301365019849e-08
4.736956688384582694e-08
4.725124149043004304e-08
4.713285982464444435e-08
4.701437014543380224e-08
4.689566483131043149e-08
4.677671845788030782e-08
4.665754725987517869e-08
4.653815752493147361e-08
4.641853409089934467e-08
4.629867671424030240e-08
4.617851310645077273e-08
4.605798143063426201e-08
4.593713229386376625e-08
4.581590377296085929e-08
4.569433600683932119e-08
4.557242193980931754e-08
4.545012367274316274e-08
4.532742464092391959e-08
4.520427209435240257e-08
4.508070471474294128e-08
4.495672285006328791e-08
4.483229937404525632e-08
4.470747719563722891e-08
4.458217151108175374e-08
4.445643887721009593e-08
4.433026708361516475e-08
4.420364665154067748e-08
4.407662851765604502e-08
4.394911613921753045e-08
4.382119722015026773e-08
4.369281788568963585e-08
4.356401822913466573e-08
4.343482891761529245e-08
4.330519274880755700e-08
4.317518449986990970e-08
4.304470217613834768e-08
4.291384771427795372e-08
4.278258170977638878e-08
4.265096548619210877e-08
4.251902278028444036e-08
4.238669409646544838e-08
4.225405574060411443e-08
4.212101147877333363e-08
4.198766713939923786e-08
4.185399698501249428e-08
4.172008870738070018e-08
4.158595324505060958e-08
4.145155205856275518e-08
4.131695334860759977e-08
4.118205936425049157e-08
4.104697382582890502e-08
4.091167528408997507e-08
4.077625913009585703e-08
4.064072968258266792e-08
4.050506983151034378e-08
4.036935600232113831e-08
4.023346280283932952e-08
4.009750959351934626e-08
3.996144941279325868e-08
3.982540077035030947e-08
3.968940651751847880e-08
3.955341763114097207e-08
3.941750854571869579e-08
3.928160747696033946e-08
3.914574899842246202e-08
3.900992869613266463e-08
3.887424820507367203e-08
3.873882508107737247e-08
3.860354047572604765e-08
3.846847857084353226e-08
3.833360804735816642e-08
3.819891041533612181e-08
3.806445188862500864e-08
3.793023914211412538e-08
3.779636160065472922e-08
3.766283040430434022e-08
3.752962638070318582e-08
3.739682461983784346e-08
3.726434825551976435e-08
3.713222835190870312e-08
3.700047386140474951e-08
3.686914923885858147e-08
3.673838974427620015e-08
3.660805252470500416e-08
3.647825038733645829e-08
3.634892864123541396e-08
3.622009620460530851e-08
3.609178109226810249e-08
3.596400258134271742e-08
3.583677885695785788e-08
3.571027961969055465e-08
3.558434724667254875e-08
3.545908740602205169e-08
3.533442362079456620e-08
3.521040160875101958e-08
3.508701958660416211e-08
3.496430969722939732e-08
3.484228432699963664e-08
3.472103306301924229e-08
3.460048194757556943e-08
3.448071694091291585e-08
3.436164408512174150e-08
3.424331692808707097e-08
3.412574154534066712e-08
3.400891483886415097e-08
3.389287782946458559e-08
3.377767259471494253e-08
3.366324999646048956e-08
3.354969507869179408e-08
3.343690926680742853e-08
3.332495928713246199e-08
3.321382368867231130e-08
3.310350950047827316e-08
3.299402037413188252e-08
3.288542943970461073e-08
3.277767358113528514e-08
3.267083348188190576e-08
3.256479100569584359e-08
3.245966409043737650e-08
3.235536487820101788e-08
3.225195138551620407e-08
3.214933595621091138e-08
3.204769793405867682e-08
3.194684669957675871e-08
3.184693456924629458e-08
3.174781638193402652e-08
3.164963985752706633e-08
3.155229575919296542e-08
3.145586882675903980e-08
3.136023854808300563e-08
3.126553004135982398e-08
3.117161758154190800e-08
3.107858222310407340e-08
3.098638881075927903e-08
3.089508632904655880e-08
3.080463250405963093e-08
3.071506175759007008e-08
3.062628395305893320e-08
3.053832296593806452e-08
3.045119152868711896e-08
3.036485556814433614e-08
3.027940180021031072e-08
3.019469258649937810e-08
3.011087662692254631e-08
3.002783216141415398e-08
2.994563527050526076e-08
2.986413454059711139e-08
2.978342734345419471e-08
2.970342393632104987e-08
2.962417335226425401e-08
2.954566391901908166e-08
2.946790978856236912e-08
2.939093283523907533e-08
2.931466810342353168e-08
2.923911782437868600e-08
2.916420093147447557e-08
2.908999289894738998e-08
2.901640424924532396e-08
2.894352858710760558e-08
2.887125440746649876e-08
2.879969455003423953e-08
2.872877678330084837e-08
2.865853602535999411e-08
2.858886209889422445e-08
2.851975253364791942e-08
2.845123268355736088e-08
2.838325335138378116e-08
2.831587907568739138e-08
2.824901601440595471e-08
2.818277418036395562e-08
2.811706628230407143e-08
2.805195115042799530e-08
2.798728777586352502e-08
2.792308790181538469e-08
2.785935926216025750e-08
2.779607291665116025e-08
2.773327679295036958e-08
2.767089804931940060e-08
2.760902318876373412e-08
2.754758872424441807e-08
2.748662094486115103e-08
2.742601747232653447e-08
2.736577985642598747e-08
2.730590866172085940e-08
2.724638517511525558e-08
2.718723826317950960e-08
2.712843241280842392e-08
2.706999607096627544e-08
2.701192565220494677e-08
2.695420074601537635e-08
2.689678561555143596e-08
2.683962770253388870e-08
2.678273695330783608e-08
2.672611297251882354e-08
2.666974971500239399e-08
2.661365445311707709e-08
2.655780154716249331e-08
2.650225183311088737e-08
2.644696080876870602e-08
2.639190546316543590e-08
2.633701707307814966e-08
2.628230969906170039e-08
2.622779287930578750e-08
2.617343819667476659e-08
2.611928351361714968e-08
2.606529825822140973e-08
2.601151037009744834e-08
2.595789344508176260e-08
2.590445656202933759e-08
2.585113627458262883e-08
2.579793157391066904e-08
2.574483230543573573e-08
2.569185489170788603e-08
2.563897907387633637e-08
2.558622753122657403e-08
2.553357183547669257e-08
2.548104295560775313e-08
2.542863592382444641e-08
2.537630761488307414e-08
2.532403869633656901e-08
2.527184124311291682e-08
2.521970007222809472e-08
2.516762376853026428e-08
2.511558974444394574e-08
2.506365122441215786e-08
2.501174935797009157e-08
2.495991401640862519e-08
2.490816413580706860e-08
2.485642525734110726e-08
2.480471324229858935e-08
2.475303277857128130e-08
2.470138387020277281e-08
2.464976161796226916e-08
2.459815109987366619e-08
2.454659652540071496e-08
2.449504981889322669e-08
2.444353281960797596e-08
2.439207026470230593e-08
2.434058182637989327e-08
2.428910987372804918e-08
2.423765394634547941e-08
2.418620873712459812e-08
2.413477883676609673e-08
2.408334035726532563e-08
2.403194415734413726e-08
2.398054164168671418e-08
2.392914986511616753e-08
2.387779487680465086e-08
2.382641093560567980e-08
2.377503819593931916e-08
2.372367999019945999e-08
2.367232621541880865e-08
2.362098810577219013e-08
2.356963176257903106e-08
2.351832283010096308e-08
2.346701159348946127e-08
2.341568901925097059e-08
2.336440606379472683e-08
2.331311235723978941e-08
2.326182546700630555e-08
2.321054724819469548e-08
2.315931350343792952e-08
2.310808471369536443e-08
2.305686116152824796e-08
2.300568668566708954e-08
2.295452539164069835e-08
2.290336013922850188e-08
2.285223070916429844e-08
2.280112942076275124e-08
2.275003158110994970e-08
2.269897509418879544e-08
2.264798369103715244e-08
2.259701368077511473e-08
2.254609691668778153e-08
2.249521255779931860e-08
2.244438044907755665e-08
2.239359635963195716e-08
2.234283914039268543e-08
2.229213914322400696e-08
2.224148598897909204e-08
2.219088743804922341e-08
2.214033500526184408e-08
2.208990616154913903e-08
2.203951848595758127e-08
2.198919633285988940e-08
2.193897347423622428e-08
2.188880558788176356e-08
2.183870405534049674e-08
2.178868125860671756e-08
2.173873391833132477e-08
2.168886473514817617e-08
2.163909596596266616e-08
2.158941778925887095e-08
2.153987702958042222e-08
2.149041363059001456e-08
2.144104351294423063e-08
2.139181152086255223e-08
2.134266809015335086e-08
2.129362219212438424e-08
2.124468689459284981e-08
2.119585569269990147e-08
2.114714403986600299e-08
2.109856537745765042e-08
2.105011351062575834e-08
2.100182225822517181e-08
2.095364504582055124e-08
2.090559666923569474e-08
2.085771395039008964e-08
2.080994914159263409e-08
2.076232402656038726e-08
2.071483812275158311e-08
2.066747912048802422e-08
2.062028709202677221e-08
2.057324315772604782e-08
2.052634053811562466e-08
2.047965236403064047e-08
2.043308990927345461e-08
2.038667811777322365e-08
2.034046460487000073e-08
2.029438404552918187e-08
2.024848012589225160e-08
2.020274098722795661e-08
2.015714568988624618e-08
2.011175127820985591e-08
2.006651717228065348e-08
2.002143790072768737e-08
1.997660106738907706e-08
1.993190040843811650e-08
1.988737506053748620e-08
1.984307274722311194e-08
1.979891656544463317e-08
1.975495110447967255e-08
1.971118008985871916e-08
1.966757406201938945e-08
1.962417368760855485e-08
1.958094742066104425e-08
1.953791383225378872e-08
1.949508053200356269e-08
1.945243585755791804e-08
1.940997997729558626e-08
1.936772069687068683e-08
1.932566088750834512e-08
1.928377556852877251e-08
1.924210858425238636e-08
1.920062970519379801e-08
1.915932363960863402e-08
1.911824613686373436e-08
1.907734107448665351e-08
1.903661418544221656e-08
1.899612823380739574e-08
1.895579108815495136e-08
1.891565195684541207e-08
1.887573762179863326e-08
1.883599235432447453e-08
1.879642972146711172e-08
1.875709240596452823e-08
1.871794354584580992e-08
1.867896863495804032e-08
1.864021783692087587e-08
1.860162871737186076e-08
1.856321635190811129e-08
1.852503918277732677e-08
1.848701460699661132e-08
1.844915761758729506e-08
1.841153924133911713e-08
1.837407839539007758e-08
1.833679499873570557e-08
1.829973352840936048e-08
1.826284742560876447e-08
1.822614170481909243e-08
1.818963920442145265e-08
1.815328616879019332e-08
1.811710384143023702e-08
1.808113755896183846e-08
1.804531672669488902e-08
1.800965275501286816e-08
1.797420727198045211e-08
1.793891646252615156e-08
1.790378548303616229e-08
1.786886504263970081e-08
1.783411220943410617e-08
1.779951951338321778e-08
1.776511891949594603e-08
1.773085174998094174e-08
1.769674141036693206e-08
1.766281418813631202e-08
1.762901257148689166e-08
1.759537142006821461e-08
1.756190512166233150e-08
1.752858882560106024e-08
1.749540807551219962e-08
1.746242133192051082e-08
1.742957661344154129e-08
1.739688631432740880e-08
1.736435579129801705e-08
1.733195813511718942e-08
1.729969302884389133e-08
1.726756378380883891e-08
1.723557667975845897e-08
1.720372876531117778e-08
1.717200721987174912e-08
1.714043262827276422e-08
1.710899338185803236e-08
1.707768521405988801e-08
1.704652959151788087e-08
1.701550360017958973e-08
1.698462387134138844e-08
1.695386436767254148e-08
1.692320182652736150e-08
1.689266400375344772e-08
1.686226088595792205e-08
1.683195369139384242e-08
1.680176208616926796e-08
1.677169587210727477e-08
1.674175242576353192e-08
1.671190590841219767e-08
1.668220024182262339e-08
1.665259979655360999e-08
1.662312318191338382e-08
1.659376225606491874e-08
1.656449229387097718e-08
1.653530963495030813e-08
1.650622298142973965e-08
1.647724475103941895e-08
1.644835788123599945e-08
1.641955056315811979e-08
1.639085444023019800e-08
1.636226283975613552e-08
1.633374585098093539e-08
1.630534459796505968e-08
1.627703171210651216e-08
1.624882185318425732e-08
1.622069833877636918e-08
1.619265139116712011e-08
1.616467618292309002e-08
1.613677935092768552e-08
1.610896885380510660e-08
1.608123636804143643e-08
1.605356716615594531e-08
1.602598645736321491e-08
1.599849575079463975e-08
1.597106512709063865e-08
1.594372573016822384e-08
1.591645910566465607e-08
1.588927960256580242e-08
1.586217227506340333e-08
1.583512205128579854e-08
1.580813098799847329e-08
1.578120533976442337e-08
1.575435428365136623e-08
1.572755856691894812e-08
1.570082439406241456e-08
1.567415102866041236e-08
1.564755928435351049e-08
1.562101700378775285e-08
1.559454198429846549e-08
1.556813106797559466e-08
1.554178943459295147e-08
1.551551570341519804e-08
1.548928115242793397e-08
1.546309843522673294e-08
1.543696885794963452e-08
1.541090557991447432e-08
1.538487804950063119e-08
1.535891505393543648e-08
1.533299241113615717e-08
1.530713632554964519e-08
1.528132668446277496e-08
1.525557068953082321e-08
1.522986396939789841e-08
1.520421624528072811e-08
1.517862404260541219e-08
1.515307674713864387e-08
1.512756961544281351e-08
1.510210722981719054e-08
1.507669458785559087e-08
1.505133292007809759e-08
1.502601173408327944e-08
1.500073499295482466e-08
1.497550179546382878e-08
1.495032818858114910e-08
1.492519108329276415e-08
1.490009880074570942e-08
1.487505534947915361e-08
1.485006123913834544e-08
1.482511593175942521e-08
1.480020542939775029e-08
1.477533890664072718e-08
1.475050954835481638e-08
1.472573814423181719e-08
1.470100079166527753e-08
1.467631028143759872e-08
1.465165513035843542e-08
1.462704931199550032e-08
1.460249014742834236e-08
1.457797035175407410e-08
1.455349167348758346e-08
1.452905884463724449e-08
1.450467071408412381e-08
1.448032885622531768e-08
1.445602292806690611e-08
1.443176237348552633e-08
1.440753556120167892e-08
1.438337118332867241e-08
1.435923831654922179e-08
1.433515196054262894e-08
1.431110107714089094e-08
1.428710328387045847e-08
1.426314734871702456e-08
1.423923222322428242e-08
1.421535971723661168e-08
1.419153257025708709e-08
1.416774895086365936e-08
1.414401009873760562e-08
1.412031642239298851e-08
1.409666553362413554e-08
1.407305293836266647e-08
1.404949942815930525e-08
1.402599116072643546e-08
1.400252255611598706e-08
1.397909674495709592e-08
1.395572465498617701e-08
1.393239964740796946e-08
1.390911375645820572e-08
1.388587843694368479e-08
1.386268925728058815e-08
1.383954695625345121e-08
1.381644536745530421e-08
1.379340397137429282e-08
1.377039719780313513e-08
1.374744523517804617e-08
1.372453187180722319e-08
1.370169646899747916e-08
1.367888456811203771e-08
1.365613245833720636e-08
1.363342430162346104e-08
1.361077876585086341e-08
1.358817017446424658e-08
1.356561195447975218e-08
1.354311083313736140e-08
1.352065636453112773e-08
1.349824767648190097e-08
1.347589308376659541e-08
1.345359430578632752e-08
1.343134294835740519e-08
1.340913693697718704e-08
1.338699606383045216e-08
1.336491059936563405e-08
1.334286952878713157e-08
1.332087649521243675e-08
1.329894933694498400e-08
1.327707377958636112e-08
1.325524440091901460e-08
1.323346958648921494e-08
1.321175619559946812e-08
1.319009385070915216e-08
1.316847770892170135e-08
1.314692540731678929e-08
1.312542466212963979e-08
1.310397695768772017e-08
1.308257663277626526e-08
1.306125285268410083e-08
1.303997634678599920e-08
1.301875522385648811e-08
1.299757989152248240e-08
1.297647905395609504e-08
1.295542743656685549e-08
1.293442848068444049e-08
1.291348688123339040e-08
1.289261005517317496e-08
1.287178743505068934e-08
1.285101425041318579e-08
1.283030779908254942e-08
1.280965537671476606e-08
1.278905495463672590e-08
1.276850702691034268e-08
1.274803046711199950e-08
1.272760974418594639e-08
1.270724222990930612e-08
1.268692349291514526e-08
1.266667716388984548e-08
1.264648587007614967e-08
1.262634918539779604e-08
1.260626599386496942e-08
1.258625478109518200e-08
1.256629462084871289e-08
1.254638883094485336e-08
1.252654742506227712e-08
1.250676479172425672e-08
1.248703248390324893e-08
1.246735544431707899e-08
1.244773519864926699e-08
1.242818860681666746e-08
1.240867993864311478e-08
1.238923486583732959e-08
1.236984757203135290e-08
1.235052578828729650e-08
1.233125637147673829e-08
1.231203544815027051e-08
1.229288719641189737e-08
1.227379204310252334e-08
1.225475577718967020e-08
1.223577443576864170e-08
1.221685651828178513e-08
1.219798818204849060e-08
1.217916920389733134e-08
1.216040430292364592e-08
1.214171175414244480e-08
1.212306128440842146e-08
1.210447224783638293e-08
1.208592516798937668e-08
1.206744853492505653e-08
1.204902440407606852e-08
1.203065501297986460e-08
1.201233569712328067e-08
1.199408537913748966e-08
1.197588292842615098e-08
1.195773430504684724e-08
1.193965030447006491e-08
1.192161574054830998e-08
1.190362932536153414e-08
1.188569103336632066e-08
1.186779834295592532e-08
1.184997973547472455e-08
1.183219151187970277e-08
1.181446738126792349e-08
1.179677725636521006e-08
1.177915656298363392e-08
1.176158487302529420e-08
1.174406125356280717e-08
1.172658677536989856e-08
1.170917310258184551e-08
1.169180637173917509e-08
1.167449080809402694e-08
1.165723363398383182e-08
1.164001876437741204e-08
1.162284997339723730e-08
1.160572487595643691e-08
1.158864120849337822e-08
1.157162410390175332e-08
1.155463506090187010e-08
1.153770443344805116e-08
1.152080517387502419e-08
1.150396619230104536e-08
1.148717353403680761e-08
1.147042515736109533e-08
1.145372013158098781e-08
1.143707090041871837e-08
1.142046341686790792e-08
1.140390373194515259e-08
1.138739514269328276e-08
1.137092862830206418e-08
1.135450004616562582e-08
1.133810946467476441e-08
1.132176022079989993e-08
1.130546413961794450e-08
1.128919960115621500e-08
1.127298179995667584e-08
1.125679716076116499e-08
1.124065929325518430e-08
1.122456769093255276e-08
1.120851494139727833e-08
1.119249793167672121e-08
1.117652990422872146e-08
1.116060248752681169e-08
1.114471964006407755e-08
1.112887581122501301e-08
1.111307679470091521e-08
1.109730773552714644e-08
1.108157374813421987e-08
1.106587809953292798e-08
1.105021641385957744e-08
1.103460262709645321e-08
1.101900967167168690e-08
1.100346652773371403e-08
1.098794538559020237e-08
1.097247144031880167e-08
1.095703569671085352e-08
1.094163110214000013e-08
1.092626265758297797e-08
1.091093517424433378e-08
1.089564130832103518e-08
1.088038630616409653e-08
1.086516816508157202e-08
1.084998557975425316e-08
1.083483055692428307e-08
1.081970639045985070e-08
1.080461464622022819e-08
1.078955959745867574e-08
1.077453922959351557e-08
1.075954262701563428e-08
1.074458449821616466e-08
1.072965211785071386e-08
1.071475907878886361e-08
1.069989912750398942e-08
1.068506597181341424e-08
1.067026649333672549e-08
1.065550277415295332e-08
1.064076935428036111e-08
1.062606845234523386e-08
1.061140216492525473e-08
1.059676767164886850e-08
1.058215672642120297e-08
1.056757472346115413e-08
1.055302064382754128e-08
1.053850161623510123e-08
1.052401318301561435e-08
1.050954538336097924e-08
1.049511372687649490e-08
1.048070383382833984e-08
1.046633013058330600e-08
1.045198665051930541e-08
1.043766690847556413e-08
1.042337731823767112e-08
1.040912057185914301e-08
1.039489056053406118e-08
1.038069184066581338e-08
1.036652012883922557e-08
1.035238198134681083e-08
1.033826406808184257e-08
1.032417292064987498e-08
1.031010735113418669e-08
1.029606836232492277e-08
1.028206818430598256e-08
1.026808021497293237e-08
1.025412881889357950e-08
1.024019415666428737e-08
1.022629232717564483e-08
1.021242103968354247e-08
1.019857126743594725e-08
1.018474716439608711e-08
1.017095290993478700e-08
1.015718569948228340e-08
1.014344635311188762e-08
1.012973094917785177e-08
1.011604515545969286e-08
1.010238500500855582e-08
1.008874712316188003e-08
1.007513497937902681e-08
1.006154374568626007e-08
1.004799121097183007e-08
1.003445943605489038e-08
1.002094831361587523e-08
1.000746564745973686e-08
9.994004883370516406e-09
9.980577497654513978e-09
9.967173732391178449e-09
9.953792122416995846e-09
9.940435962710567312e-09
9.927110582685068963e-09
9.913808171249414159e-09
9.900532722632050713e-09
9.887280489925656019e-09
9.874058666749859092e-09
9.860858664568925529e-09
9.847682222228420454e-09
9.834530086891639866e-09
9.821398508932654320e-09
9.808309051127009723e-09
9.795233684470403063e-09
9.782183883443379740e-09
9.769156438062886174e-09
9.756156764716501947e-09
9.743187365922953119e-09
9.730240720770573745e-09
9.717316248120812063e-09
9.704417073747257062e-09
9.691548682646586301e-09
9.678702210475075682e-09
9.665882579534907400e-09
9.653085822297040235e-09
9.640318881583819298e-09
9.627573809214522413e-09
9.614852053384785405e-09
9.602154057428597260e-09
9.589476592453876540e-09
9.576839398672152194e-09
9.564219046446766260e-09
9.551620643562578497e-09
9.539048936094584497e-09
9.526499260492127534e-09
9.513982788655812975e-09
9.501488505549495557e-09
9.489016969433899841e-09
9.476568590080983677e-09
9.464151748094777205e-09
9.451756932364910007e-09
9.439389057760605321e-09
9.427043052228555563e-09
9.414725332043667056e-09
9.402433039014441250e-09
9.390161846917783939e-09
9.377914601398352704e-09
9.365690153087693787e-09
9.353496463281565656e-09
9.341332346486467595e-09
9.329180396712011618e-09
9.317064582509392402e-09
9.304962449645306656e-09
9.292893205231823011e-09
9.280851545835600914e-09
9.268831790803373988e-09
9.256832972031909586e-09
9.244862464728812127e-09
9.232920607921415918e-09
9.221000812211128631e-09
9.209106780926079551e-09
9.197237270361590025e-09
9.185396861584263267e-09
9.173576144614670079e-09
9.161779059490747213e-09
9.150005829363660458e-09
9.138252867105043756e-09
9.126538323112082763e-09
9.114841086766342564e-09
9.103164735145943121e-09
9.091517172282748892e-09
9.079886803393546075e-09
9.068292391459927064e-09
9.056719735727204138e-09
9.045169961543829557e-09
9.033641547679161901e-09
9.022142642868748189e-09
9.010668538503168682e-09
8.999219260060749264e-09
8.987792284147449949e-09
8.976393206588917141e-09
8.965020394772323837e-09
8.953666253942179640e-09
8.942334834931735477e-09
8.931026856859468177e-09
8.919738231211824795e-09
8.908487514488496230e-09
8.897251451986143480e-09
8.886037190605967441e-09
8.874849738616884010e-09
8.863679389672312104e-09
8.852543187742741630e-09
8.841428209242916564e-09
8.830335317165158743e-09
8.819262951822869200e-09
8.808218577204368472e-09
8.797198734770905742e-09
8.786202054580850905e-09
8.775228569851218064e-09
8.764279482587849449e-09
8.753356960663295616e-09
8.742452019694874207e-09
8.731569288624579185e-09
8.720708189875951621e-09
8.709866205407228648e-09
8.699056193428606285e-09
8.688267452566443488e-09
8.677492299461431280e-09
8.666749936139346065e-09
8.656019446543230715e-09
8.645318342133140530e-09
8.634642427073177474e-09
8.623986623805567196e-09
8.613349403213611211e-09
8.602736835146953677e-09
8.592151289891596851e-09
8.581584824244042059e-09
8.571043477220359226e-09
8.560521847629509120e-09
8.550026247132576481e-09
8.539550625977684613e-09
8.529093864158063843e-09
8.518657119044976576e-09
8.508241832507819360e-09
8.497845139455300570e-09
8.487481813865485867e-09
8.477127663614074918e-09
8.466798751360732144e-09
8.456487677014645642e-09
8.446197411623700838e-09
8.435933766091789451e-09
8.425690596146135202e-09
8.415466508914141046e-09
8.405261028847439440e-09
8.395080142389347729e-09
8.384921588104135415e-09
8.374783033078602829e-09
8.364666380007575970e-09
8.354569610142247922e-09
8.344497243871561772e-09
8.334440533546582889e-09
8.324403103348286576e-09
8.314383766671813606e-09
8.304383825815555208e-09
8.294405303612517613e-09
8.284452585368162895e-09
8.274509180510922028e-09
8.264591606405488542e-09
8.254687144797565493e-09
8.244805084378953325e-09
8.234945955713805434e-09
8.225105941677964877e-09
8.215283439873977180e-09
8.205478404966188897e-09
8.195696353034729846e-09
8.185934748397886340e-09
8.176191677983107131e-09
8.166468790505571978e-09
8.156764211191483160e-09
8.147082150463777647e-09
8.137414868433954272e-09
8.127765309867475264e-09
8.118132501476996680e-09
8.108517837000308431e-09
8.098920897815405936e-09
8.089351196446890304e-09
8.079789151093739576e-09
8.070248899745458724e-09
8.060724253723157272e-09
8.051216037846260715e-09
8.041731992261514354e-09
8.032265460632552930e-09
8.022814976315788200e-09
8.013379981539817602e-09
8.003964990174898071e-09
7.994571342643017217e-09
7.985192818059462363e-09
7.975834323118427445e-09
7.966491648281934669e-09
7.957169388458215686e-09
7.947864740479164548e-09
7.938574197377743897e-09
7.929299067284547306e-09
7.920041394417185075e-09
7.910796694997527848e-09
7.901579844245054131e-09
7.892375013823697696e-09
7.883181184340600848e-09
7.874012382230409017e-09
7.864851572155616911e-09
7.855712220477883665e-09
7.846592260614742876e-09
7.837487569702146864e-09
7.828397504300859425e-09
7.819323261012634388e-09
7.810269325618617308e-09
7.801232007936062791e-09
7.792211253035421877e-09
7.783207249900581163e-09
7.774219336757354824e-09
7.765250738028686562e-09
7.756295389234373334e-09
7.747354885755139671e-09
7.738429404111865959e-09
7.729519344406603251e-09
7.720623120725376602e-09
7.711753972059523878e-09
7.702891468122669133e-09
7.694044130915612454e-09
7.685216134106673381e-09
7.676397615681865149e-09
7.667600233801443194e-09
7.658820609627287156e-09
7.650054638093915365e-09
7.641302002031867314e-09
7.632564744348664647e-09
7.623847100913760159e-09
7.615144122152909576e-09
7.606457373124050536e-09
7.597785660700337206e-09
7.589129705772444481e-09
7.580491918213337876e-09
7.571866154844395919e-09
7.563254759158870251e-09
7.554657476770722447e-09
7.546074623792772501e-09
7.537504583497618044e-09
7.528960917497422532e-09
7.520423998899604943e-09
7.511899556387543225e-09
7.503395920661591857e-09
7.494899860644342715e-09
7.486423408121624176e-09
7.477963925076866279e-09
7.469517980675037869e-09
7.461085220368164995e-09
7.452666303865418446e-09
7.444265417523577838e-09
7.435879921355474219e-09
7.427508039337537603e-09
7.419152377291275717e-09
7.410809945807047073e-09
7.402484469088212169e-09
7.394173465214043266e-09
7.385874567599341685e-09
7.377588822612570632e-09
7.369317497218149386e-09
7.361057175965450617e-09
7.352819528309927345e-09
7.344595714116910756e-09
7.336378766968105074e-09
7.328182501448514631e-09
7.319994082115966520e-09
7.311822059726576856e-09
7.303668334063539725e-09
7.295528509349326200e-09
7.287401475628240714e-09
7.279285871419391476e-09
7.271186143396442641e-09
7.263103834972618352e-09
7.255033431919054571e-09
7.246978882560059171e-09
7.238936350185367764e-09
7.230910421342403719e-09
7.222900097675615011e-09
7.214900102137069094e-09
7.206913647045988529e-09
7.198940083613640977e-09
7.190980045110271460e-09
7.183030954011850427e-09
7.175106300051853997e-09
7.167189079673228065e-09
7.159280789706481698e-09
7.151394192168520052e-09
7.143512928384331698e-09
7.135649320192944566e-09
7.127801926304149837e-09
7.119967557878741289e-09
7.112145512972740036e-09
7.104335291815241033e-09
7.096540177336212031e-09
7.088761517441267717e-09
7.080994135885016133e-09
7.073242309799701545e-09
7.065500798878515039e-09
7.057776799234453666e-09
7.050067236873984733e-09
7.042367053168695498e-09
7.034680001049391465e-09
7.027005273893545281e-09
7.019343391054361926e-09
7.011691901970235440e-09
7.004063638374757175e-09
6.996443074656103417e-09
6.988830186916404231e-09
6.981238674765496124e-09
6.973652272477327957e-09
6.966081934552692194e-09
6.958527577492917237e-09
6.950986120194357548e-09
6.943456385390404283e-09
6.935937162261810926e-09
6.928432418377117398e-09
6.920943500801235851e-09
6.913465780841145418e-09
6.906002303842510211e-09
6.898551218908100893e-09
6.891112996450235386e-09
6.883689594330152647e-09
6.876277762012015622e-09
6.868876764969780121e-09
6.861487253603278161e-09
6.854110454353641154e-09
6.846742969060218259e-09
6.839394193955239524e-09
6.832059510390348361e-09
6.824730122295945238e-09
6.817416274145015230e-09
6.810114326147192702e-09
6.802821153332288661e-09
6.795545167899242031e-09
6.788283088593459155e-09
6.781031347227354815e-09
6.773790845856029751e-09
6.766561839229605105e-09
6.759347492654039205e-09
6.752146973041781382e-09
6.744956728489497016e-09
6.737780896077699114e-09
6.730614280291577675e-09
6.723463134877455539e-09
6.716325486670719710e-09
6.709195995598432498e-09
6.702078233220056810e-09
6.694971904658236060e-09
6.687877095832302362e-09
6.680791400487379859e-09
6.673725936731528550e-09
6.666669382723053993e-09
6.659618956135989265e-09
6.652586292266414386e-09
6.645560182172944252e-09
6.638545695566808089e-09
6.631548228006270239e-09
6.624562220043935376e-09
6.617586169521381919e-09
6.610620174391686127e-09
6.603665746939072836e-09
6.596725599462179233e-09
6.589798063813036038e-09
6.582880536608872416e-09
6.575976349184817173e-09
6.569081032054144711e-09
6.562200251247716362e-09
6.555332528572187255e-09
6.548472290401292919e-09
6.541623152047717628e-09
6.534784821593550231e-09
6.527957288250824428e-09
6.521138438737562493e-09
6.514338262163021642e-09
6.507547774519977625e-09
6.500762653370100300e-09
6.493993015212021402e-09
6.487231811974087771e-09
6.480479888929543984e-09
6.473743458771284957e-09
6.467018983577727245e-09
6.460303990688512783e-09
6.453598952235876436e-09
6.446904216407975138e-09
6.440222108145140542e-09
6.433553238760566567e-09
6.426893086208925617e-09
6.420245672261962585e-09
6.413607370927470277e-09
6.406981634540640219e-09
6.400368374155607201e-09
6.393764441460055241e-09
6.387169730034508544e-09
6.380584647215004616e-09
6.374010112425985357e-09
6.367443848513918820e-09
6.360891585223046224e-09
6.354354501949467701e-09
6.347821251590220907e-09
6.341297484322379718e-09
6.334789611026929759e-09
6.328285402219554355e-09
6.321794760997207640e-09
6.315316968770307108e-09
6.308849610274404248e-09
6.302391642473047576e-09
6.295942000041483409e-09
6.289502797206952602e-09
6.283077020215047253e-09
6.276661894262884032e-09
6.270255840037266859e-09
6.263861835648673303e-09
6.257475850418816957e-09
6.251102402421481487e-09
6.244740804758358886e-09
6.238385902160861221e-09
6.232041084849535116e-09
6.225705825889650030e-09
6.219380455874401606e-09
6.213062232646955063e-09
6.206759874064953940e-09
6.200469015311788826e-09
6.194181875836661328e-09
6.187906011867464661e-09
6.181642562542167969e-09
6.175383793602513799e-09
6.169138263953799005e-09
6.162904487462034344e-09
6.156680576557643607e-09
6.150465609051493340e-09
6.144258443480705001e-09
6.138061380378819091e-09
6.131877049672752063e-09
6.125702712218921017e-09
6.119537023201230852e-09
6.113382690504149653e-09
6.107235786344869775e-09
6.101101171225793154e-09
6.094977644011476705e-09
6.088860612450220676e-09
6.082753249918329679e-09
6.076654349345545702e-09
6.070565327224738049e-09
6.064482983099690775e-09
6.058414885138859342e-09
6.052359202330849928e-09
6.046306904957234086e-09
6.040263329468847199e-09
6.034234252243229311e-09
6.028208109616444898e-09
6.022194196476499234e-09
6.016192207700990253e-09
6.010199572309507435e-09
6.004215284738119333e-09
5.998238630073150536e-09
5.992271201184669460e-09
5.986315230259467236e-09
5.980370162293972830e-09
5.974432222464597436e-09
5.968505228410460110e-09
5.962586318952572963e-09
5.956677656292421469e-09
5.950779287297025160e-09
5.944889851628201727e-09
5.939007520397185519e-09
5.933133827703854220e-09
5.927268082492820108e-09
5.921411875368087830e-09
5.915562235855751762e-09
5.909729508064193168e-09
5.903902801121127428e-09
5.898080482288657829e-09
5.892270398890332334e-09
5.886468463104821609e-09
5.880672414529786932e-09
5.874888463817221321e-09
5.869114689780923508e-09
5.863349412546980593e-09
5.857592564277730689e-09
5.851842506365892968e-09
5.846101603134782082e-09
5.840372014470145061e-09
5.834651616126924569e-09
5.828938714033062775e-09
5.823236196203020413e-09
5.817539663433089767e-09
5.811855173226039977e-09
5.806179783863657817e-09
5.800511784145210012e-09
5.794851345801621348e-09
5.789198720019604088e-09
5.783554071195431168e-09
5.777917850507530702e-09
5.772288744136082458e-09
5.766675619144084906e-09
5.761067253829693407e-09
5.755463460222025619e-09
5.749871941558287584e-09
5.744287374243477376e-09
5.738708704006952974e-09
5.733141612585871906e-09
5.727584223958427705e-09
5.722034932398099765e-09
5.716493512946461697e-09
5.710958528374386777e-09
5.705432189862872737e-09
5.699916800203210683e-09
5.694410212775066350e-09
5.688910481937511375e-09
5.683420650917966585e-09
5.677937216017830069e-09
5.672464048979501614e-09
5.667000008696238674e-09
5.661543659611889795e-09
5.656093641022742383e-09
5.650651584638879881e-09
5.645216698034882585e-09
5.639790603394897099e-09
5.634370274610672905e-09
5.628964012033136580e-09
5.623565384150550307e-09
5.618169814413500357e-09
5.612783553579046753e-09
5.607408099867444710e-09
5.602035437619424838e-09
5.596673460063831435e-09
5.591321543229171991e-09
5.585977813497881847e-09
5.580640837991637208e-09
5.575310855061993916e-09
5.569988629720408416e-09
5.564675348980199241e-09
5.559371822802311979e-09
5.554074651042103090e-09
5.548786559942734498e-09
5.543506769986404773e-09
5.538233285352100869e-09
5.532969368192917719e-09
5.527714717769639483e-09
5.522464870386303640e-09
5.517222989082065248e-09
5.511987920477676069e-09
5.506760245273571658e-09
5.501539354751759510e-09
5.496325766246710321e-09
5.491126241811742305e-09
5.485930467530693117e-09
5.480738915401341067e-09
5.475558236481812752e-09
5.470384485789902795e-09
5.465215332094274852e-09
5.460056227428003295e-09
5.454906096610891034e-09
5.449763700354575051e-09
5.444627872132559578e-09
5.439497972207039819e-09
5.434375753636859100e-09
5.429262488630434220e-09
5.424158079124507636e-09
5.419059447618718584e-09
5.413969412776661401e-09
5.408887123696957101e-09
5.403810945126127824e-09
5.398743523741825820e-09
5.393685103581895438e-09
5.388630997965639591e-09
5.383584616143763433e-09
5.378544647157790202e-09
5.373511615935544834e-09
5.368485086247198797e-09
5.363464982780854930e-09
5.358458645290247528e-09
5.353456396735139555e-09
5.348457753857674724e-09
5.343468592940983676e-09
5.338487391908880143e-09
5.333509446857488690e-09
5.328540968542902186e-09
5.323581604760919108e-09
5.318629475329844167e-09
5.313683243941341659e-09
5.308743375776185189e-09
5.303810253631021575e-09
5.298884901644248650e-09
5.293968502342143715e-09
5.289058218689758591e-09
5.284155213707335869e-09
5.279260248233245509e-09
5.274369846324810285e-09
5.269489228864856582e-09
5.264616000093484986e-09
5.259748978771882633e-09
5.254887434930363476e-09
5.250032417303831202e-09
5.245183708839386667e-09
5.240342123586070789e-09
5.235505322775485106e-09
5.230679924663209228e-09
5.225862660895191242e-09
5.221047574073978677e-09
5.216237980427857795e-09
5.211440424630432740e-09
5.206644644337478824e-09
5.201855990620045270e-09
5.197076862911124522e-09
5.192304840833136314e-09
5.187539391556201800e-09
5.182780163010662034e-09
5.178026003346893653e-09
5.173278773538302549e-09
5.168539827506133055e-09
5.163808877160334195e-09
5.159083029379143449e-09
5.154364699063749650e-09
5.149653492276955600e-09
5.144947598254306209e-09
5.140249721518528140e-09
5.135559814491223228e-09
5.130874449711558250e-09
5.126195231646339630e-09
5.121521846831338337e-09
5.116854294682317532e-09
5.112193575501799819e-09
5.107537428892412037e-09
5.102892935027900274e-09
5.098255056183574405e-09
5.093619188343282494e-09
5.088989065609917171e-09
5.084370004205570582e-09
5.079752260495886605e-09
5.075141683214786114e-09
5.070540260214678254e-09
5.065945361754762211e-09
5.061356588505243577e-09
5.056773776566859233e-09
5.052195673150502995e-09
5.047624038499534274e-09
5.043060277762743376e-09
5.038504131951120455e-09
5.033952650551704229e-09
5.029408403875841007e-09
5.024870917671270064e-09
5.020338057711552410e-09
5.015813291965922366e-09
5.011295557201484128e-09
5.006783126719613074e-09
5.002275759663554161e-09
4.997774204656287654e-09
4.993278319126493457e-09
4.988788848078608889e-09
4.984303403800002482e-09
4.979827808270803044e-09
4.975360751615440622e-09
4.970895844005458692e-09
4.966434811852494872e-09
4.961984006598648767e-09
4.957537326374329776e-09
4.953094625833024365e-09
4.948660091400994499e-09
4.944233186630604203e-09
4.939812350743500178e-09
4.935396431497270689e-09
4.930986235636989898e-09
4.926581258549729449e-09
4.922182971612988392e-09
4.917792310643159794e-09
4.913407797476016368e-09
4.909028226104393451e-09
4.904655732635740403e-09
4.900288488325554349e-09
4.895927445069996603e-09
4.891572811437075975e-09
4.887225753439774512e-09
4.882881781924695084e-09
4.878544321856572351e-09
4.874211875469853935e-09
4.869884838149303105e-09
4.865563813746941349e-09
4.861246889151383768e-09
4.856940898650196190e-09
4.852640782241724462e-09
4.848342412884366815e-09
4.844048860968208213e-09
4.839765846546859723e-09
4.835484447882052542e-09
4.831208636148750516e-09
4.826940795592996068e-09
4.822679429485567569e-09
4.818424079133144881e-09
4.814173522486304431e-09
4.809927783125111712e-09
4.805687620887006785e-09
4.801453776653717434e-09
4.797227162792472569e-09
4.793006165963794819e-09
4.788790199354838853e-09
4.784580880857925495e-09
4.780376365209420860e-09
4.776177984263998639e-09
4.771985643977051500e-09
4.767800528452748428e-09
4.763618309231422089e-09
4.759442228013338469e-09
4.755270887125063361e-09
4.751104552847037449e-09
4.746944236286916941e-09
4.742787669688727468e-09
4.738640913674037469e-09
4.734500584154980988e-09
4.730361937486407962e-09
4.726227205321912207e-09
4.722102369783955386e-09
4.717980496174962197e-09
4.713862481600596532e-09
4.709751804259298507e-09
4.705647995618267506e-09
4.701549751906441297e-09
4.697455893938357983e-09
4.693367399521657059e-09
4.689283393283397662e-09
4.685205147255761627e-09
4.681134068082624374e-09
4.677068877170690170e-09
4.673007635617866785e-09
4.668952788013766791e-09
4.664903661715586300e-09
4.660858497756759704e-09
4.656820340513119902e-09
4.652788231665362926e-09
4.648760726237774256e-09
4.644737307702383468e-09
4.640718948701085474e-09
4.636705656595125982e-09
4.632697773800263083e-09
4.628693606096661477e-09
4.624695244042163499e-09
4.620706902061873931e-09
4.616721564241344270e-09
4.612738399965404663e-09
4.608760807473701700e-09
4.604791868017946248e-09
4.600823614071289497e-09
4.596861435843637028e-09
4.592906583718218708e-09
4.588957162194368724e-09
4.585013131652283094e-09
4.581073429072089012e-09
4.577138004027798372e-09
4.573207588776109342e-09
4.569282815451731596e-09
4.565364493010710353e-09
4.561451623000491773e-09
4.557542632373562809e-09
4.553639903512763891e-09
4.549742165562616483e-09
4.545848714461786804e-09
4.541961453358249420e-09
4.538080231185435947e-09
4.534202842028387227e-09
4.530329657433659477e-09
4.526461275842354924e-09
4.522597631857326186e-09
4.518739165533654696e-09
4.514884077879362857e-09
4.511034696477816285e-09
4.507194800604857939e-09
4.503357733526206502e-09
4.499522657348474665e-09
4.495692721907913932e-09
4.491871297056555669e-09
4.488050600564339642e-09
4.484235329553608566e-09
4.480426778471486170e-09
4.476623750660055544e-09
4.472825852292984023e-09
4.469031818925340250e-09
4.465242377676838882e-09
4.461457096491775156e-09
4.457677181413791571e-09
4.453903562062416279e-09
4.450135292981004666e-09
4.446370492089910418e-09
4.442611415249366440e-09
4.438857612854487814e-09
4.435106941325385723e-09
4.431363101483609685e-09
4.427624457685832445e-09
4.423890412079117724e-09
4.420159503528717350e-09
4.416433290884826616e-09
4.412711709765142872e-09
4.408994398216567837e-09
4.405281778440417523e-09
4.401572453399217339e-09
4.397871873677707135e-09
4.394176627571624265e-09
4.390482766724687845e-09
4.386792135707560374e-09
4.383109271398632579e-09
4.379430403250281071e-09
4.375753353016842407e-09
4.372082471690856127e-09
4.368417969110468530e-09
4.364758406023062316e-09
4.361103010580821962e-09
4.357452068559514181e-09
4.353804308119067355e-09
4.350161568824522545e-09
4.346523893455779197e-09
4.342892019359091761e-09
4.339264799129774610e-09
4.335641311733751927e-09
4.332023229609950234e-09
4.328409663935926031e-09
4.324799874586203889e-09
4.321195684145272658e-09
4.317596847036299432e-09
4.314001842509089971e-09
4.310410199315995531e-09
4.306822794228387689e-09
4.303239759063186406e-09
4.299661161245141551e-09
4.296086310317395923e-09
4.292514882727941904e-09
4.288952386142565903e-09
4.285394254780567860e-09
4.281837303197801810e-09
4.278283475057734836e-09
4.274737406219477620e-09
4.271194709905104707e-09
4.267653798114511498e-09
4.264118704528982551e-09
4.260589698282296567e-09
4.257065338801986860e-09
4.253545000901430948e-09
4.250028761116652378e-09
4.246515621463071431e-09
4.243007092085540157e-09
4.239503264019997415e-09
4.236004957996018918e-09
4.232511369724721737e-09
4.229020857024740573e-09
4.225535586232945323e-09
4.222054893519751095e-09
4.218577124840722277e-09
4.215105226939936298e-09
4.211638098803542346e-09
