1.641052342742095630e-11
1.979066648872359331e-11
2.351456692376854161e-11
2.759014292360168296e-11
3.202589833902444150e-11
3.683006575853688961e-11
4.201160217439141850e-11
4.757941299453392834e-11
5.354233025268126340e-11
5.990883600971227970e-11
6.668853295109507007e-11
7.389020152623998453e-11
8.152244297356156425e-11
8.959402929331650391e-11
9.811400597152438173e-11
1.070912535133624227e-10
1.165322702073712220e-10
1.264480519599863012e-10
1.368438310207778051e-10
1.477287987348388033e-10
1.591108572842924679e-10
1.709966423675992365e-10
1.833931085275967169e-10
1.963066900171346658e-10
2.097436223116059431e-10
2.237103316593989283e-10
2.382128267428349315e-10
2.532571753883106237e-10
2.688487832753921390e-10
2.849882734179880066e-10
3.016843377717414702e-10
3.189419817931509311e-10
3.367582633979774478e-10
3.551462263006856734e-10
3.740976877183128859e-10
3.936269209395256930e-10
4.137242779202417411e-10
4.344021184381724227e-10
4.556562526024924971e-10
4.774862801901343350e-10
4.998999904313777473e-10
5.228923191703407779e-10
5.464606685146227573e-10
5.706111885586952553e-10
5.953427346645852067e-10
6.206511711939274356e-10
6.465331167064934148e-10
6.729889162835056489e-10
7.000189345726481378e-10
7.276200142586097842e-10
7.557883665630176230e-10
7.845226663028257783e-10
8.138171974032444398e-10
8.436682662500522663e-10
8.740744978546660833e-10
9.050282799743403571e-10
9.365254840857870822e-10
9.685642211361269819e-10
1.001136645863851353e-09
1.034237753701846079e-09
1.067863849257120319e-09
1.102007965090760258e-09
1.136664279291209118e-09
1.171827146045060684e-09
1.207491149889518127e-09
1.243648966742444568e-09
1.280293311654625914e-09
1.317414122128758461e-09
1.355002754235966918e-09
1.393057109028608404e-09
1.431569658755473666e-09
1.470534323583474316e-09
1.509941544406986997e-09
1.549776847381119325e-09
1.590034566236618789e-09
1.630712439268461069e-09
1.671804742397395626e-09
1.713295031791652171e-09
1.755168826491261564e-09
1.797429922389673216e-09
1.840072634540558750e-09
1.883077012268691509e-09
1.926432731597696765e-09
1.970142715045353258e-09
2.014193033959524276e-09
2.058567306765361569e-09
2.103269561485693743e-09
2.148288958301082434e-09
2.193599734852667255e-09
2.239212383655203199e-09
2.285119735824164942e-09
2.331292337609933380e-09
2.377740336446040383e-09
2.424450520969025211e-09
2.471404122051094952e-09
2.518611623757851776e-09
2.566048628046403441e-09
2.613708870536357760e-09
2.661594182915286934e-09
2.709678638732874109e-09
2.757973116496787930e-09
2.806458642965471433e-09
2.855125577654610851e-09
2.903975707337857599e-09
2.952984189280022123e-09
3.002163249406433911e-09
3.051489750376864830e-09
3.100967530330532535e-09
3.150583247609133178e-09
3.200326830376824603e-09
3.250198833164902381e-09
3.300182127760150668e-09
3.350284108061396812e-09
3.400484230173889341e-09
3.450787610727201913e-09
3.501173208215902369e-09
3.551648965733804819e-09
3.602197783528001687e-09
3.652825688068505684e-09
3.703518007622351710e-09
3.754273712282179198e-09
3.805079131762076589e-09
3.855937372237739754e-09
3.906836640024753430e-09
3.957780278319807953e-09
4.008759210953115259e-09
4.059770611460433653e-09
4.110803456809097452e-09
4.161859115761997773e-09
4.212928379186348825e-09
4.264011685548757410e-09
4.315106399602668851e-09
4.366208776594247511e-09
4.417313500671771366e-09
4.468415518796666098e-09
4.519512538135446786e-09
4.570599755121917075e-09
4.621677501051840114e-09
4.672743798823261244e-09
4.723795348819334434e-09
4.774831009070240196e-09
4.825843353214613479e-09
4.876833695762885126e-09
4.927796262830266056e-09
4.978733683882311909e-09
5.029643944018222754e-09
5.080525139954966109e-09
5.131380461915082865e-09
5.182199170579593024e-09
5.232985821376390211e-09
5.283734788058528054e-09
5.334447498977667162e-09
5.385126018840143110e-09
5.435764557307552645e-09
5.486373245359813049e-09
5.536942675531374761e-09
5.587473601130989421e-09
5.637968087309684903e-09
5.688419854122840270e-09
5.738836433768586507e-09
5.789212554419739021e-09
5.839549831643413934e-09
5.889856636327415782e-09
5.940123463618581892e-09
5.990356379119847553e-09
6.040553798392556627e-09
6.090712363565173792e-09
6.140839644634675304e-09
6.190930625027255224e-09
6.240987527759707799e-09
6.291018379972691745e-09
6.341016311170213644e-09
6.390986002183394139e-09
6.440929717830105077e-09
6.490842792843454567e-09
6.540731067367383161e-09
6.590594101601208822e-09
6.640430543235655434e-09
6.690247847981779672e-09
6.740044802274301353e-09
6.789821244689918209e-09
6.839583505868173897e-09
6.889328784247595373e-09
6.939057241696178857e-09
6.988773182835362296e-09
7.038475742293935128e-09
7.088165806788337358e-09
7.137847347865477903e-09
7.187520826671268244e-09
7.237187111689765026e-09
7.286850423050869706e-09
7.336511660811792037e-09
7.386171154489524323e-09
7.435830541441105255e-09
7.485490952074354592e-09
7.535152636751035717e-09
7.584815979685293506e-09
7.634484504618890177e-09
7.684159375311571094e-09
7.733840469028260546e-09
7.783531402896104842e-09
7.833234154906442408e-09
7.882947982423136739e-09
7.932673958488701242e-09
7.982413917458862314e-09
8.032166330036809510e-09
8.081930016898570369e-09
8.131711076999002477e-09
8.181509284434418801e-09
8.231321171938977226e-09
8.281152891830611017e-09
8.331005924045285614e-09
8.380878081586281202e-09
8.430770047945662052e-09
8.480683646361845474e-09
8.530616392338966405e-09
8.580564211161504609e-09
8.630534247700600940e-09
8.680526948427321896e-09
8.730536252185655163e-09
8.780565750310593804e-09
8.830619054148284262e-09
8.880694559248917846e-09
8.930790003462778150e-09
8.980906730649987638e-09
9.031044185834559271e-09
9.081195996575872617e-09
9.131363171436056318e-09
9.181549379126566477e-09
9.231753126370667078e-09
9.281967907320048498e-09
9.332196988684326765e-09
9.382441081971177572e-09
9.432699147934702110e-09
9.482969570563091960e-09
9.533250944183995329e-09
9.583542804983346125e-09
9.633840315153641927e-09
9.684141109821245651e-09
9.734445353077615002e-09
9.784752942643521599e-09
9.835059935432363554e-09
9.885363319098522208e-09
9.935662009926867364e-09
9.985956379235467277e-09
1.003624717455207372e-08
1.008652705845378111e-08
1.013679378302102654e-08
1.018704749322349894e-08
1.023728697371714977e-08
1.028750343738218420e-08
1.033769520239233383e-08
1.038786363573172056e-08
1.043800918965241078e-08
1.048811974628930281e-08
1.053819305283121851e-08
1.058823205225177979e-08
1.063824174200302712e-08
1.068820544345565599e-08
1.073811940963236929e-08
1.078798657550232924e-08
1.083781366881530183e-08
1.088758193823118646e-08
1.093728441764514577e-08
1.098692467215532730e-08
1.103651352112532457e-08
1.108603263255987331e-08
1.113546935674188431e-08
1.118482669623374898e-08
1.123411925117297255e-08
1.128333702354263300e-08
1.133245630190474883e-08
1.138147936708611129e-08
1.143041939398541273e-08
1.147928086243285625e-08
1.152802962228347004e-08
1.157666316369392808e-08
1.162519058684740251e-08
1.167363224041872585e-08
1.172195318448940628e-08
1.177013887450847574e-08
1.181819385612059731e-08
1.186614306855918864e-08
1.191397684332432166e-08
1.196165776622956231e-08
1.200918791309855278e-08
1.205658171553042092e-08
1.210386396245258625e-08
1.215098953182702547e-08
1.219794455903729309e-08
1.224473459740079791e-08
1.229139327988536995e-08
1.233791248463089118e-08
1.238424188403130600e-08
1.243038265429774080e-08
1.247634801524280996e-08
1.252217625264985026e-08
1.256782344781819491e-08
1.261326213210463917e-08
1.265849709484522505e-08
1.270355670562975165e-08
1.274846481641896805e-08
1.279316100064475007e-08
1.283763402449028148e-08
1.288189039291448729e-08
1.292597554279753729e-08
1.296988995485180488e-08
1.301356704752307555e-08
1.305700369595857609e-08
1.310020981012615205e-08
1.314323613208508009e-08
1.318606632606381859e-08
1.322864217161272703e-08
1.327096380969926366e-08
1.331304629938338453e-08
1.335494453259288481e-08
1.339663099310248394e-08
1.343805095307584446e-08
1.347920737549774168e-08
1.352011477334599387e-08
1.356083772705947601e-08
1.360134328671772672e-08
1.364156943864580945e-08
1.368151763965569016e-08
1.372120259483225627e-08
1.376068468805317469e-08
1.379994396330691142e-08
1.383891625994411847e-08
1.387760391259935674e-08
1.391601769972452836e-08
1.395421780553045879e-08
1.399220146225228958e-08
1.402989829955743313e-08
1.406730189786788551e-08
1.410442201417734196e-08
1.414131646248668326e-08
1.417801279815411048e-08
1.421442940680230189e-08
1.425054940435411164e-08
1.428638059916158816e-08
1.432195411746208157e-08
1.435732716135987154e-08
1.439244093452879254e-08
1.442725652194590711e-08
1.446178096264558934e-08
1.449602738839137875e-08
1.453006391136837719e-08
1.456387704005697663e-08
1.459739981002289455e-08
1.463062743904516571e-08
1.466356933636810885e-08
1.469627631564646054e-08
1.472879303243602418e-08
1.476104932452020734e-08
1.479301663642783064e-08
1.482470113781982695e-08
1.485611592488435201e-08
1.488732805721983992e-08
1.491832810023451101e-08
1.494905195464655432e-08
1.497949681844980451e-08
1.500966842728551228e-08
1.503960219111192770e-08
1.506935325533145541e-08
1.509887327121876283e-08
1.512812367150028900e-08
1.515710669297828937e-08
1.518582851954385032e-08
1.521434836331043536e-08
1.524269461387899698e-08
1.527080531716336313e-08
1.529866023477239763e-08
1.532626407021652580e-08
1.535362583118292192e-08
1.538080506775119547e-08
1.540780996137023233e-08
1.543458452127757067e-08
1.546111976869103556e-08
1.548742015987213830e-08
1.551349920768571722e-08
1.553941625365069435e-08
1.556516890309904870e-08
1.559070570335321246e-08
1.561601948152643006e-08
1.564111599416049016e-08
1.566600738891487833e-08
1.569075245722414484e-08
1.571534887156880557e-08
1.573974903831104879e-08
1.576394674776763488e-08
1.578794623652208030e-08
1.581175722599269650e-08
1.583542948436262907e-08
1.585896646689102810e-08
1.588232929902195517e-08
1.590551134461225754e-08
1.592851651650945925e-08
1.595134972900813783e-08
1.597405702065714134e-08
1.599665139870616607e-08
1.601909772668272476e-08
1.604138386092956252e-08
1.606351081890265560e-08
1.608548219149230475e-08
1.610733089259889527e-08
1.612908289492074376e-08
1.615071671448358265e-08
1.617221292579378861e-08
1.619357153952397677e-08
1.621479625951629143e-08
1.623589940686021410e-08
1.625691414092627819e-08
1.627783626648735089e-08
1.629864478294969181e-08
1.631933689897975074e-08
1.633991613787459926e-08
1.636038510419702270e-08
1.638077541245651362e-08
1.640109843076696041e-08
1.642133535398049448e-08
1.644147644422518939e-08
1.646152222979549432e-08
1.648147423732006595e-08
1.650134254174759208e-08
1.652115375390983597e-08
1.654090566724361836e-08
1.656058288828037563e-08
1.658018416387721395e-08
1.659971099442594445e-08
1.661916453790530932e-08
1.663855987427580259e-08
1.665790847037300265e-08
1.667720521623772113e-08
1.669644368473218504e-08
1.671562393411108532e-08
1.673474747810699870e-08
1.675381577886820534e-08
1.677284885332908069e-08
1.679185195197157907e-08
1.681081645843774783e-08
1.682973718806009264e-08
1.684861367079885526e-08
1.686744745284915343e-08
1.688624047796101867e-08
1.690500659251851230e-08
1.692374804710935097e-08
1.694246014133595215e-08
1.696114145173827215e-08
1.697979204235200177e-08
1.699841290839850241e-08
1.701700582064250193e-08
1.703557834641282365e-08
1.705413141867390730e-08
1.707266342497148286e-08
1.709117391083002247e-08
1.710966268503183829e-08
1.712813046397622128e-08
1.714657872937790608e-08
1.716501716263289739e-08
1.718344753450592308e-08
1.720186422364165290e-08
1.722026449162492000e-08
1.723864831266357114e-08
1.725701597536290729e-08
1.727536765448700127e-08
1.729370751413452509e-08
1.731203691061698554e-08
1.733035438000733988e-08
1.734865839656631604e-08
1.736694893850399146e-08
1.738522663594935141e-08
1.740349181041492687e-08
1.742174545045169473e-08
1.743998851792909408e-08
1.745821998783137963e-08
1.747643695453908076e-08
1.749463919570604882e-08
1.751282675313335975e-08
1.753099997145754396e-08
1.754916027369395285e-08
1.756731333411630007e-08
1.758545933994004279e-08
1.760358908736870361e-08
1.762169898150975109e-08
1.763978904593187700e-08
1.765785938069084821e-08
1.767591034376396408e-08
1.769394339285257516e-08
1.771195949783058190e-08
1.772995619287919572e-08
1.774792588309867089e-08
1.776586839995062672e-08
1.778378411164028539e-08
1.780167367053124705e-08
1.781953795755895267e-08
1.783737947367288230e-08
1.785519853994087462e-08
1.787298659737028331e-08
1.789073650331342902e-08
1.790844779617970713e-08
1.792612154323063118e-08
1.794375799705142606e-08
1.796136050439632129e-08
1.797893761803227102e-08
1.799648847525621846e-08
1.801399484546274317e-08
1.803145023836776591e-08
1.804885465308190209e-08
1.806620900389251499e-08
1.808351350113906122e-08
1.810077275450189469e-08
1.811799138299990755e-08
1.813516780575198285e-08
1.815228359159647406e-08
1.816933370928472942e-08
1.818631878983511551e-08
1.820323930817901247e-08
1.822009694836614690e-08
1.823689830473859558e-08
1.825365055774288317e-08
1.827035194195058933e-08
1.828697852802450361e-08
1.830352353129424597e-08
1.831998728483434709e-08
1.833637119164900498e-08
1.835267553678598222e-08
1.836890935683745241e-08
1.838508746361445430e-08
1.840120877073370557e-08
1.841724535907870430e-08
1.843318465052782112e-08
1.844902714313642901e-08
1.846477457387264126e-08
1.848042837108811683e-08
1.849599232934222865e-08
1.851148422387548473e-08
1.852690428815134116e-08
1.854223468333829141e-08
1.855745321573316141e-08
1.857256018639263644e-08
1.858755710326829666e-08
1.860244487264304400e-08
1.861722617645612352e-08
1.863192147944705735e-08
1.864653903599426815e-08
1.866107002295788501e-08
1.867547983971963894e-08
1.868976437465454905e-08
1.870392388924168613e-08
1.871795944407217928e-08
1.873187329996166801e-08
1.874567728305710695e-08
1.875939636727791293e-08
1.877303114539891828e-08
1.878655199335335318e-08
1.879993675834973493e-08
1.881318515756376242e-08
1.882629872073693841e-08
1.883927940673883254e-08
1.885212869683948714e-08
1.886487135906578540e-08
1.887751860499992706e-08
1.889006600239378486e-08
1.890247821911026074e-08
1.891474559910081093e-08
1.892686863419511628e-08
1.893884993206880818e-08
1.895069150628860886e-08
1.896239806703533141e-08
1.897400215288906218e-08
1.898550938653920835e-08
1.899690883122340991e-08
1.900816266274893470e-08
1.901926683308180030e-08
1.903022102382232185e-08
1.904102883608872296e-08
1.905169101785344769e-08
1.906221553577900233e-08
1.907263804129155440e-08
1.908296256196924062e-08
1.909317578817160255e-08
1.910324066502358236e-08
1.911315491614531013e-08
1.912291883414431748e-08
1.913253601346844358e-08
1.914200720787113234e-08
1.915134005850012842e-08
1.916056796886203646e-08
1.916969495986460870e-08
1.917871068752031747e-08
1.918758216322047152e-08
1.919630664988398092e-08
1.920488373839393214e-08
1.921331637038987188e-08
1.922160667327975047e-08
1.922975897169615923e-08
1.923780972818401597e-08
1.924576663013906426e-08
1.925362411446066477e-08
1.926134726568840203e-08
1.926892937386020196e-08
1.927636985731853966e-08
1.928366995319738626e-08
1.929083263159659547e-08
1.929785879613091544e-08
1.930477823718203514e-08
1.931160833955062557e-08
1.931834841974462575e-08
1.932497308761262856e-08
1.933146710399429754e-08
1.933783009623748754e-08
1.934406288257602561e-08
1.935016889247690860e-08
1.935614829892544014e-08
1.936201128581992092e-08
1.936778847378255899e-08
1.937348129027562872e-08
1.937908230760368816e-08
1.938456812027705307e-08
1.938993647859739138e-08
1.939518760268739024e-08
1.940032338960438998e-08
1.940534520055151266e-08
1.941025382619166289e-08
1.941507643366666784e-08
1.941982880955308197e-08
1.942451029526161296e-08
1.942910429176287918e-08
1.943359618780206796e-08
1.943798587531895105e-08
1.944227168093641369e-08
1.944645765090966908e-08
1.945054412631770926e-08
1.945453422267476917e-08
1.945845651546318156e-08
1.946231660469304644e-08
1.946611369347576702e-08
1.946983147183195494e-08
1.947346472085280896e-08
1.947701246933035177e-08
1.948047568535971462e-08
1.948385615749331727e-08
1.948715417478115298e-08
1.949037411833173483e-08
1.949353881108783758e-08
1.949665144193792524e-08
1.949971059453703087e-08
1.950270512356210704e-08
1.950563230883037110e-08
1.950849204139221022e-08
1.951128460273784859e-08
1.951401156129701882e-08
1.951667286326195294e-08
1.951927244104663604e-08
1.952183309624861262e-08
1.952435803109711559e-08
1.952684598133194372e-08
1.952928685243794809e-08
1.953167740260828133e-08
1.953401739882417964e-08
1.953630663697187857e-08
1.953854560176598217e-08
1.954073545474277102e-08
1.954287750463167610e-08
1.954498664729058036e-08
1.954706761380083484e-08
1.954912034679713321e-08
1.955114131497794254e-08
1.955312814502047208e-08
1.955508032508388765e-08
1.955699834655317776e-08
1.955888280442663621e-08
1.956073443733816883e-08
1.956255280059547832e-08
1.956434535480123662e-08
1.956611881391974849e-08
1.956787271680510162e-08
1.956960721998898467e-08
1.957132110634857990e-08
1.957301428650073556e-08
1.957468676489237462e-08
1.957633879499810653e-08
1.957797070233269294e-08
1.957958263675743804e-08
1.958117610177699902e-08
1.958276159835528453e-08
1.958434039297595730e-08
1.958591255056409274e-08
1.958747605488481486e-08
1.958902979153922660e-08
1.959057362800902336e-08
1.959210767680135635e-08
1.959363208155183762e-08
1.959514670351647040e-08
1.959665155114440833e-08
1.959814899197744230e-08
1.959964205125727088e-08
1.960113090863958220e-08
1.960261582693752396e-08
1.960409855468120917e-08
1.960557969531808530e-08
1.960705917547392327e-08
1.960853699203587701e-08
1.961001343360924747e-08
1.961148853354595696e-08
1.961296245593746317e-08
1.961443561523698720e-08
1.961590859399143852e-08
1.961738143755943146e-08
1.961885440875411373e-08
1.962032917294813874e-08
1.962180613036457408e-08
1.962328514003596150e-08
1.962476618150645533e-08
1.962624917606551562e-08
1.962773399964399805e-08
1.962922078965181918e-08
1.963071113097232661e-08
1.963220617313510890e-08
1.963370595438370360e-08
1.963521023147142409e-08
1.963671739905907708e-08
1.963822716409443866e-08
1.963973955859535421e-08
1.964125463681428403e-08
1.964277222487653986e-08
1.964429224006935439e-08
1.964581483492218561e-08
1.964733880698706160e-08
1.964886269278163191e-08
1.965038668885989195e-08
1.965191063957953766e-08
1.965343444666357135e-08
1.965495817859460678e-08
1.965648165482757127e-08
1.965800502433438440e-08
1.965952836938312118e-08
1.966105185184177783e-08
1.966257545525673935e-08
1.966409877984963046e-08
1.966562021538964259e-08
1.966713959511716427e-08
1.966865689679758063e-08
1.967017018557470608e-08
1.967167685999860136e-08
1.967317710639533904e-08
1.967467065750484845e-08
1.967615780104304594e-08
1.967763830443586002e-08
1.967911242516013083e-08
1.968057998044732418e-08
1.968204225590287158e-08
1.968349991900991130e-08
1.968495297554944320e-08
1.968640074825509848e-08
1.968783535628998424e-08
1.968925555095812964e-08
1.969066055493739898e-08
1.969205109841254444e-08
1.969342676248342196e-08
1.969478832046993655e-08
1.969613541128194281e-08
1.969746821190697505e-08
1.969878664052165059e-08
1.970009079006665955e-08
1.970138060228731098e-08
1.970265392264942443e-08
1.970390374013424053e-08
1.970512900927016831e-08
1.970633053850780428e-08
1.970750732373194111e-08
1.970866098095438722e-08
1.970979085336461948e-08
1.971089794329907604e-08
1.971198221295891162e-08
1.971304718564119779e-08
1.971409287157385739e-08
1.971511937125734962e-08
1.971612211147608895e-08
1.971709136414137947e-08
1.971802568800548559e-08
1.971892640558329951e-08
1.971979171275817106e-08
1.972062404066288961e-08
1.972142209213002391e-08
1.972218727594477185e-08
1.972292003279720006e-08
1.972362799716466871e-08
1.972431164397855135e-08
1.972497111109346014e-08
1.972560209299857253e-08
1.972619091940797697e-08
1.972673621622247477e-08
1.972723817999606134e-08
1.972769687787727358e-08
1.972811270252941001e-08
1.972848683327644309e-08
1.972881874893900038e-08
1.972910935535529149e-08
1.972936453135748684e-08
1.972958706472159826e-08
1.972977635733648587e-08
1.972993146867794086e-08
1.973003902151227560e-08
1.973009623740201650e-08
1.973010296070485951e-08
1.973005911982534476e-08
1.972996540003430239e-08
1.972982245147187109e-08
1.972963119776395235e-08
1.972939037731849871e-08
1.972910758592464050e-08
1.972878953221037491e-08
1.972843669288584467e-08
1.972804897278689814e-08
1.972761710274729022e-08
1.972713033989050255e-08
1.972658721184033872e-08
1.972598957251898622e-08
1.972533446294389876e-08
1.972462587912005995e-08
1.972386247051696287e-08
1.972304549072219362e-08
1.972217501088651979e-08
1.972126381991571965e-08
1.972031645856284104e-08
1.971933241765520353e-08
1.971831092654105589e-08
1.971723776396073019e-08
1.971610683095936884e-08
1.971491951453224715e-08
1.971367299621958478e-08
1.971237011716046923e-08
1.971101119619927768e-08
1.970959643878385147e-08
1.970812630205787225e-08
1.970660243004876316e-08
1.970503789181844980e-08
1.970343357185991152e-08
1.970178930919453669e-08
1.970010370170751190e-08
1.969836480229557766e-08
1.969656988277148998e-08
1.969472009533299118e-08
1.969281300440036892e-08
1.969085099619249054e-08
1.968883367671198063e-08
1.968676291766871856e-08
1.968463793240203040e-08
1.968246144909916012e-08
1.968024879007790380e-08
1.967800090164347011e-08
1.967571751698048065e-08
1.967339788989526056e-08
1.967102905671795868e-08
1.966860812250171954e-08
1.966613592860436965e-08
1.966360986735027759e-08
1.966103224624777410e-08
1.965840410898968095e-08
1.965572367947496270e-08
1.965299346799163766e-08
1.965021327220471055e-08
1.964739733605315645e-08
1.964455003664325778e-08
1.964167108714848277e-08
1.963875984409907722e-08
1.963580857563006782e-08
1.963281155054712686e-08
1.962976896407017286e-08
1.962668147790134422e-08
1.962354760276614055e-08
1.962036921259789610e-08
1.961714740222905015e-08
1.961388052051710280e-08
1.961057008163932637e-08
1.960722297521348307e-08
1.960384664405455296e-08
1.960044144391637387e-08
1.959700614211189768e-08
1.959354012763390787e-08
1.959003734288393051e-08
1.958649761354258506e-08
1.958292056473426489e-08
1.957930592030505336e-08
1.957565465724392766e-08
1.957196652474443212e-08
1.956824260163008000e-08
1.956448314404363455e-08
1.956068829873355389e-08
1.955687047083616372e-08
1.955303262200216413e-08
1.954917445428771593e-08
1.954529561416244274e-08
1.954139233775074015e-08
1.953746131876537767e-08
1.953350167404745285e-08
1.952951363972857556e-08
1.952549779035119392e-08
1.952145329211725047e-08
1.951738128877533390e-08
1.951328213563458976e-08
1.950915496287688450e-08
1.950500218784954629e-08
1.950083400645756784e-08
1.949665039157471899e-08
1.949245181590891180e-08
1.948823818696414842e-08
1.948400699578648743e-08
1.947975718445295353e-08
1.947548831449694159e-08
1.947120074923205851e-08
1.946689480972614293e-08
1.946256936779483659e-08
1.945822622666540508e-08
1.945386526582623582e-08
1.944948577465903771e-08
1.944508941720238729e-08
1.944068193977015037e-08
1.943626324675348303e-08
1.943183386022114231e-08
1.942739359295767105e-08
1.942294236269499425e-08
1.941848081779448137e-08
1.941400882484844323e-08
1.940952589158250670e-08
1.940503257786427410e-08
1.940052891615628314e-08
1.939601464542415528e-08
1.939149031441818542e-08
1.938695589067583584e-08
1.938241141599818249e-08
1.937786274253585795e-08
1.937331115500490916e-08
1.936875647552841718e-08
1.936419886997660890e-08
1.935963806041679852e-08
1.935507328286761926e-08
1.935050463916360720e-08
1.934593208661430179e-08
1.934135554695385872e-08
1.933677511845927568e-08
1.933219074999093849e-08
1.932760239663492512e-08
1.932301006639569691e-08
1.931841376772240753e-08
1.931381502235209836e-08
1.930921571800357147e-08
1.930461583333159659e-08
1.930001535988702007e-08
1.929541440617476246e-08
1.929081391449780176e-08
1.928621444783658635e-08
1.928161583854212015e-08
1.927701817555286263e-08
1.927242144152581418e-08
1.926782561155820616e-08
1.926323089910234127e-08
1.925863722100075993e-08
1.925404458570261578e-08
1.924945298787160124e-08
1.924486211889126199e-08
1.924027201122413574e-08
1.923568255058430207e-08
1.923109372674383815e-08
1.922650584387227533e-08
1.922192070519687920e-08
1.921733845746610787e-08
1.921275910201403824e-08
1.920818264951328544e-08
1.920360907772923460e-08
1.919903854363826668e-08
1.919447076041384991e-08
1.918990577786152158e-08
1.918534358041705130e-08
1.918078428058759029e-08
1.917622851606189287e-08
1.917167644692918609e-08
1.916712797268901075e-08
1.916258327744397794e-08
1.915804199921455764e-08
1.915350348697122661e-08
1.914896759218675753e-08
1.914443429440530474e-08
1.913990359407156052e-08
1.913537542714983407e-08
1.913084998530250553e-08
1.912632686830650732e-08
1.912180621179299011e-08
1.911728789525034134e-08
1.911277206809517291e-08
1.910825766395535586e-08
1.910374418210736343e-08
1.909923170215111683e-08
1.909472023653800040e-08
1.909020981728585953e-08
1.908570006685093382e-08
1.908119091586122488e-08
1.907668231851342608e-08
1.907217446824868677e-08
1.906766716273201166e-08
1.906316051180239818e-08
1.905865458749999851e-08
1.905414945697334953e-08
1.904964506196776030e-08
1.904514143805861461e-08
1.904063770030824080e-08
1.903613260046536034e-08
1.903162611940820444e-08
1.902711828915461850e-08
1.902260905856498834e-08
1.901809768411379285e-08
1.901358303450382769e-08
1.900906521379309042e-08
1.900454419129781253e-08
1.900001995545599429e-08
1.899549237197056191e-08
1.899096161916312661e-08
1.898642771660014948e-08
1.898189064782801551e-08
1.897735037727134091e-08
1.897280696985520111e-08
1.896826117266265557e-08
1.896371308352600969e-08
1.895916280205633809e-08
1.895461035226702482e-08
1.895005544911030729e-08
1.894549442476411731e-08
1.894092576638525943e-08
1.893634911910928041e-08
1.893176471284209795e-08
1.892717263518809462e-08
1.892257290215619312e-08
1.891796549195647089e-08
1.891335051798546374e-08
1.890872802471240140e-08
1.890409793164797805e-08
1.889946030638542290e-08
1.889481518627888891e-08
1.889016286615936919e-08
1.888550338960670889e-08
1.888083661076183449e-08
1.887616222589990692e-08
1.887147717020161314e-08
1.886678028213067257e-08
1.886207146341008752e-08
1.885735082743639378e-08
1.885261846314805083e-08
1.884787444036174935e-08
1.884311886446956379e-08
1.883835208766779362e-08
1.883357413663797669e-08
1.882878465295812135e-08
1.882398410755737047e-08
1.881917368865354244e-08
1.881435352031578823e-08
1.880952381777517972e-08
1.880468463973110016e-08
1.879983550991809913e-08
1.879497276496103141e-08
1.879009483731954898e-08
1.878520155222957900e-08
1.878029297239273540e-08
1.877536870069879667e-08
1.877042875671422389e-08
1.876547373855015695e-08
1.876050383697959139e-08
1.875551880164076383e-08
1.875051893003282117e-08
1.874550377968692758e-08
1.874047666800762098e-08
1.873543956587116305e-08
1.873039263203270393e-08
1.872533586693693591e-08
1.872026890682555980e-08
1.871518945352878310e-08
1.871009303121863341e-08
1.870497917430227544e-08
1.869984797572039933e-08
1.869469935053677629e-08
1.868953335922955876e-08
1.868435010852489810e-08
1.867915005601116822e-08
1.867393294865845197e-08
1.866869875622767313e-08
1.866344787405028400e-08
1.865818040885243594e-08
1.865289974207435769e-08
1.864760628016480897e-08
1.864230015252924832e-08
1.863698135027382977e-08
1.863164959724463672e-08
1.862630188154073947e-08
1.862093668186978895e-08
1.861555410673670569e-08
1.861015399382880118e-08
1.860473643964430393e-08
1.859930147975859773e-08
1.859384877842899811e-08
1.858837894799679846e-08
1.858289226328183852e-08
1.857738880121588573e-08
1.857186836480025238e-08
1.856633234636652133e-08
1.856078453380368107e-08
1.855522522372149389e-08
1.854965441078365224e-08
1.854407194068192894e-08
1.853847741274856413e-08
1.853286798095285501e-08
1.852724234812737036e-08
1.852160046580064975e-08
1.851594217388346616e-08
1.851026765025273852e-08
1.850457688734869776e-08
1.849886966060173375e-08
1.849314619458145663e-08
1.848740681346855113e-08
1.848165152126524794e-08
1.847588026638724056e-08
1.847009436067680605e-08
1.846429883226975008e-08
1.845849423614205970e-08
1.845268057496188868e-08
1.844685784383762176e-08
1.844102596895033758e-08
1.843518235463109675e-08
1.842932532261116924e-08
1.842345488801009314e-08
1.841757104860440697e-08
1.841167383152034088e-08
1.840576309579043660e-08
1.839983899794638280e-08
1.839390184527055691e-08
1.838795170179864975e-08
1.838198837231074280e-08
1.837601185947498984e-08
1.837002243410899993e-08
1.836402325664093004e-08
1.835801542990767751e-08
1.835199894723885786e-08
1.834597380418754814e-08
1.833993998252136414e-08
1.833389721942715815e-08
1.832784503107971072e-08
1.832178326850710223e-08
1.831571201575617688e-08
1.830963127460570386e-08
1.830354093210383965e-08
1.829744095845620033e-08
1.829133162536977957e-08
1.828521316586334113e-08
1.827908557326650058e-08
1.827294879466087453e-08
1.826680280469900202e-08
1.826064868442785783e-08
1.825448949599860121e-08
1.824832554046791744e-08
1.824215681249949896e-08
1.823598331209334576e-08
1.822980503213438109e-08
1.822362151592361561e-08
1.821743226896321472e-08
1.821123716985218125e-08
1.820503627551112926e-08
1.819882963485621144e-08
1.819261724344050483e-08
1.818639909948524024e-08
1.818017523011664780e-08
1.817394563177718913e-08
1.816771025288256106e-08
1.816146915746844778e-08
1.815522229884216138e-08
1.814897109646151488e-08
1.814271803170952724e-08
1.813646325533688726e-08
1.813020676423074887e-08
1.812394855928049664e-08
1.811768863648389992e-08
1.811142679172719422e-08
1.810516282712230726e-08
1.809889672488154713e-08
1.809262849389875979e-08
1.808635813639740672e-08
1.808008565504564170e-08
1.807381104628592636e-08
1.806753435102995205e-08
1.806125560930002552e-08
1.805497481753860840e-08
1.804869196462839326e-08
1.804240705946322604e-08
1.803612026302171836e-08
1.802983212138601133e-08
1.802354267413371940e-08
1.801725192882461163e-08
1.801095988456930341e-08
1.800466654047841017e-08
1.799837253557476312e-08
1.799207923728717650e-08
1.798578673188595598e-08
1.797949502248394764e-08
1.797320411085992067e-08
1.796691403258925886e-08
1.796062478856134680e-08
1.795433634809241597e-08
1.794804874053215801e-08
1.794176195076103479e-08
1.793547600056896890e-08
1.792919089707103707e-08
1.792290665405270054e-08
1.791662388607871419e-08
1.791034286752422544e-08
1.790406359927861890e-08
1.789778608223127916e-08
1.789151031949505231e-08
1.788523633063639942e-08
1.787896440915223671e-08
1.787269467066256149e-08
1.786642711027575849e-08
1.786016173599628906e-08
1.785389854915823009e-08
1.784763754753812009e-08
1.784137873291472826e-08
1.783512200345351850e-08
1.782886726710318528e-08
1.782261452831065157e-08
1.781636378529714819e-08
1.781011505140344404e-08
1.780386836309430751e-08
1.779762401742419320e-08
1.779138205397071558e-08
1.778514247406795153e-08
1.777890528127343942e-08
1.777267047514248698e-08
1.776643807924378595e-08
1.776020828924194714e-08
1.775398113715481597e-08
1.774775662031423865e-08
1.774153474539059964e-08
1.773531551193920664e-08
1.772909893330082857e-08
1.772288500369446557e-08
1.771667370088550277e-08
1.771046501509070963e-08
1.770425894764416305e-08
1.769805550121401680e-08
1.769185463800142562e-08
1.768565624016293071e-08
1.767945869880180042e-08
1.767326179957634744e-08
1.766706554471003327e-08
1.766086993197939640e-08
1.765467496405259064e-08
1.764848072141892178e-08
1.764228811969983000e-08
1.763609740703361718e-08
1.762990859098005238e-08
1.762372170044413492e-08
1.761753671808286522e-08
1.761135363277893584e-08
1.760517244631111596e-08
1.759899315378779032e-08
1.759281574720449756e-08
1.758664030793992810e-08
1.758046675372600693e-08
1.757429508367334945e-08
1.756812530000541716e-08
1.756195713590683167e-08
1.755579046152744215e-08
1.754962530977447863e-08
1.754346165841332622e-08
1.753729950433113885e-08
1.753113884530445503e-08
1.752497919217174772e-08
1.751882002508772137e-08
1.751266133738199152e-08
1.750650316729809574e-08
1.750034543256795902e-08
1.749418815097927326e-08
1.748803134965826859e-08
1.748187501615356069e-08
1.747571906197138239e-08
1.746956342930173505e-08
1.746340814749431029e-08
1.745725322499826175e-08
1.745109867871189673e-08
1.744494444548890902e-08
1.743879031098761131e-08
1.743263626720354225e-08
1.742648234793331644e-08
1.742032855406631847e-08
1.741417488426847145e-08
1.740802128206385362e-08
1.740186699192025185e-08
1.739571174880105695e-08
1.738955550868173149e-08
1.738339834137896613e-08
1.737724023488606887e-08
1.737108117897511684e-08
1.736492105091103601e-08
1.735875993696413204e-08
1.735259795542255603e-08
1.734643510850976945e-08
1.734027137265708056e-08
1.733410673808125880e-08
1.732794124435991864e-08
1.732177452284314561e-08
1.731560579665349632e-08
1.730943494216651211e-08
1.730326200518549960e-08
1.729708700661099677e-08
1.729090994510892673e-08
1.728473079533182852e-08
1.727854926111463215e-08
1.727236526419149329e-08
1.726617878010433557e-08
1.725998982486208171e-08
1.725379841358426982e-08
1.724760449290782422e-08
1.724140803881936085e-08
1.723520913269757012e-08
1.722900783546529676e-08
1.722280414223092551e-08
1.721659805032630257e-08
1.721038954774473592e-08
1.720417865449737894e-08
1.719796545907799880e-08
1.719175073347242362e-08
1.718553459641349678e-08
1.717931704790121828e-08
1.717309807770766529e-08
1.716687762357591618e-08
1.716065575087573865e-08
1.715443152842146215e-08
1.714820410996364489e-08
1.714197346215036458e-08
1.713573942355831729e-08
1.712950209824550059e-08
1.712326154357722084e-08
1.711701773198255560e-08
1.711077059186604500e-08
1.710452022817507122e-08
1.709826664224371114e-08
1.709200967709558381e-08
1.708574940699430288e-08
1.707948588396886715e-08
1.707321907110981592e-08
1.706694948826244476e-08
1.706067770463289422e-08
1.705440371977647201e-08
1.704812749544964054e-08
1.704184887823355726e-08
1.703556805534367933e-08
1.702928495029293162e-08
1.702299886535909964e-08
1.701670960665634176e-08
1.701041717507404260e-08
1.700412162842220078e-08
1.699782297248181619e-08
1.699152090975374191e-08
1.698521571950474066e-08
1.697890742396942731e-08
1.697259608407064658e-08
1.696628167846316821e-08
1.695996426006537558e-08
1.695364381375773057e-08
1.694732029773915724e-08
1.694099377471126951e-08
1.693466438475214103e-08
1.692833233019676708e-08
1.692199766262945414e-08
1.691566038027143303e-08
1.690932041419539767e-08
1.690297770748073399e-08
1.689663238419659294e-08
1.689028451149151143e-08
1.688393404445156742e-08
1.687758101376052943e-08
1.687122530379840015e-08
1.686486703062986919e-08
1.685850610842932316e-08
1.685214262524583693e-08
1.684577657930064131e-08
1.683940797726412076e-08
1.683303678267150691e-08
1.682666306711825961e-08
1.682028683816414792e-08
1.681390808424717212e-08
1.680752665150379733e-08
1.680114369969153493e-08
1.679475996877836765e-08
1.678837545476206481e-08
1.678199012829293479e-08
1.677560401783128461e-08
1.676921712293242198e-08
1.676282941780419365e-08
1.675644047865484029e-08
1.675005006179298298e-08
1.674365826015931184e-08
1.673726504218067378e-08
1.673087036472191596e-08
1.672447427002880661e-08
1.671807674209242634e-08
1.671167780448146030e-08
1.670527745808529638e-08
1.669887558461578351e-08
1.669247220986507492e-08
1.668606738719624630e-08
1.667966107436352940e-08
1.667325332695346138e-08
1.666684429082511575e-08
1.666043452184386417e-08
1.665402419077154878e-08
1.664761329405063122e-08
1.664120179655042000e-08
1.663478973606976038e-08
1.662837709304219129e-08
1.662196391149225016e-08
1.661555088825276687e-08
1.660913795039420467e-08
1.660272507167971800e-08
1.659631231703438229e-08
1.658989964287835238e-08
1.658348707322501235e-08
1.657707459784643934e-08
1.657066222074486404e-08
1.656424996949120888e-08
1.655783782407432048e-08
1.655142587832427357e-08
1.654501406420314666e-08
1.653860232434563340e-08
1.653219076636726975e-08
1.652577930888936528e-08
1.651936791767061311e-08
1.651295668965393406e-08
1.650654553367740717e-08
1.650013443551087893e-08
1.649372340582696447e-08
1.648731244684912529e-08
1.648090194634904463e-08
1.647449273945885684e-08
1.646808483818525395e-08
1.646167820962100596e-08
1.645527288222641989e-08
1.644886869946980709e-08
1.644246603667146650e-08
1.643606464213555783e-08
1.642966448962523554e-08
1.642326559826226841e-08
1.641686784353281321e-08
1.641047145311932615e-08
1.640407628649904129e-08
1.639768227652342172e-08
1.639128947655554313e-08
1.638489801600086403e-08
1.637850848140852458e-08
1.637212072736414355e-08
1.636573481390118108e-08
1.635935077615032865e-08
1.635296849537874290e-08
1.634658815213149651e-08
1.634020971172259031e-08
1.633383337559763497e-08
1.632745925315093564e-08
1.632108734482718460e-08
1.631471761416161348e-08
1.630835021679652634e-08
1.630198494861815872e-08
1.629562190390127763e-08
1.628926102572526904e-08
1.628290225805890347e-08
1.627654577788971525e-08
1.627019132907494114e-08
1.626383892139781168e-08
1.625748862778786362e-08
1.625114040822279020e-08
1.624479425114059171e-08
1.623844986393373650e-08
1.623210690418915565e-08
1.622576536123423403e-08
1.621942536580850704e-08
1.621308678539367009e-08
1.620674965912264533e-08
1.620041411150927603e-08
1.619408054144255285e-08
1.618774962885699838e-08
1.618142167080706724e-08
1.617509629953222954e-08
1.616877368357086596e-08
1.616245381580789975e-08
1.615613686300294239e-08
1.614982257257076903e-08
1.614351104545653113e-08
1.613720219450053844e-08
1.613089604060332893e-08
1.612459275230328327e-08
1.611829216639832836e-08
1.611199428333315648e-08
1.610569898259615508e-08
1.609940657680600916e-08
1.609311586929574665e-08
1.608682679825313824e-08
1.608053926851403231e-08
1.607425336590404222e-08
1.606796916112924326e-08
1.606168646652948596e-08
1.605540545597945857e-08
1.604912648701176812e-08
1.604285012527501679e-08
1.603657654153104674e-08
1.603030542493994216e-08
1.602403693914846846e-08
1.601777092806962929e-08
1.601150783950856802e-08
1.600524722388137209e-08
1.599898923594096095e-08
1.599273369869980028e-08
1.598648066863381183e-08
1.598023031961768386e-08
1.597398236482488460e-08
1.596773685050341296e-08
1.596149384869342112e-08
1.595525333048990975e-08
1.594901519005611208e-08
1.594277915657441907e-08
1.593654523137890759e-08
1.593031361369172685e-08
1.592408402068857575e-08
1.591785677477136984e-08
1.591163159711803872e-08
1.590540869095296225e-08
1.589918809585375490e-08
1.589296971131995746e-08
1.588675366631233616e-08
1.588053993281527628e-08
1.587432856419185348e-08
1.586811943993045519e-08
1.586191262540084913e-08
1.585570798630596150e-08
1.584950588373593771e-08
1.584330591791240250e-08
1.583710809906327869e-08
1.583091250234156453e-08
1.582471901568480110e-08
1.581852788411844421e-08
1.581233900313980401e-08
1.580615190270912222e-08
1.579996590511533776e-08
1.579378090185353009e-08
1.578759702455261920e-08
1.578141410556360900e-08
1.577523223960595884e-08
1.576905136353336248e-08
1.576287153293235710e-08
1.575669332323477541e-08
1.575051690431307497e-08
1.574434256966417202e-08
1.573817003824253466e-08
1.573199944656869816e-08
1.572583078752758576e-08
1.571966415228111841e-08
1.571349936295237719e-08
1.570733647957482224e-08
1.570117545367699314e-08
1.569501653873349936e-08
1.568885942612788658e-08
1.568270417900646100e-08
1.567655086940937480e-08
1.567039945642493662e-08
1.566425004588991322e-08
1.565810208282831756e-08
1.565195520792877341e-08
1.564580932380366767e-08
1.563966442244853897e-08
1.563352045717069612e-08
1.562737755248398234e-08
1.562123563545886088e-08
1.561509470742940864e-08
1.560895500008031251e-08
1.560281675932641291e-08
1.559668007099332321e-08
1.559054476609797043e-08
1.558441088377327675e-08
1.557827849961693269e-08
1.557214763186132246e-08
1.556601817378029470e-08
1.555989011781408035e-08
1.555376356624190780e-08
1.554763840566724122e-08
1.554151456004769779e-08
1.553539202804920061e-08
1.552927089638674765e-08
1.552315118907372297e-08
1.551703277225774508e-08
1.551091571442142777e-08
1.550479990839392738e-08
1.549868546045670297e-08
1.549257222341660413e-08
1.548646028621209032e-08
1.548034959370131668e-08
1.547424020102612807e-08
1.546813208728598652e-08
1.546202527204735311e-08
1.545591977887891960e-08
1.544981555486230261e-08
1.544371274229903728e-08
1.543761126381266387e-08
1.543151109805795211e-08
1.542541222991536391e-08
1.541931467761728343e-08
1.541321858079709205e-08
1.540712372511310246e-08
1.540103018393954371e-08
1.539493781052795770e-08
1.538884687302779969e-08
1.538275713842030590e-08
1.537666866362609039e-08
1.537058141306976936e-08
1.536449551971433973e-08
1.535841046727204430e-08
1.535232587953319956e-08
1.534624171736488334e-08
1.534015805325194011e-08
1.533407482805029433e-08
1.532799205999233017e-08
1.532190972461997130e-08
1.531582786907060123e-08
1.530974700073813118e-08
1.530366758165785805e-08
1.529758972878385605e-08
1.529151333005366625e-08
1.528543834811313567e-08
1.527936506756533459e-08
1.527329317845973179e-08
1.526722270436501903e-08
1.526115389519827070e-08
1.525508651038094734e-08
1.524902063129174267e-08
1.524295613964250560e-08
1.523689327112015370e-08
1.523083182561315320e-08
1.522477175420535137e-08
1.521871332282274202e-08
1.521265630022533054e-08
1.520660055745235072e-08
1.520054587393642309e-08
1.519449233283500724e-08
1.518843982742195182e-08
1.518238829677441210e-08
1.517633802549545836e-08
1.517028872898202033e-08
1.516424051751778772e-08
1.515819358365452528e-08
1.515214848058945086e-08
1.514610500732164608e-08
1.514006316874272620e-08
1.513402317874968623e-08
1.512798484568014604e-08
1.512194824290833467e-08
1.511591322857740929e-08
1.510988016689036139e-08
1.510384869231012258e-08
1.509781876659315530e-08
1.509179060986214671e-08
1.508576400688602492e-08
1.507973895232848236e-08
1.507371547553921065e-08
1.506769370503428371e-08
1.506167348027978221e-08
1.505565484707901278e-08
1.504963776363089948e-08
1.504362239402689999e-08
1.503760844699355960e-08
1.503159622625571736e-08
1.502558548812199435e-08
1.501957641180338638e-08
1.501356890169104953e-08
1.500756299825198285e-08
1.500155911638409974e-08
1.499555732768286006e-08
1.498955776021964544e-08
1.498356019876338398e-08
1.497756476204691905e-08
1.497157155412824824e-08
1.496558040202206788e-08
1.495959134530599244e-08
1.495360442044479030e-08
1.494761973238584362e-08
1.494163702543108145e-08
1.493565625021965878e-08
1.492967771803618374e-08
1.492370118474458511e-08
1.491772663522532476e-08
1.491175415352524690e-08
1.490578386371350248e-08
1.489981512232033728e-08
1.489384759004552847e-08
1.488788113748361751e-08
1.488191577975414254e-08
1.487595153953641070e-08
1.486998833723050077e-08
1.486402633425971669e-08
1.485806535408121642e-08
1.485210571598406943e-08
1.484614836582879208e-08
1.484019357576707034e-08
1.483424144896751719e-08
1.482829179599121396e-08
1.482234468354200525e-08
1.481640022723988837e-08
1.481045828389394358e-08
1.480451888952424696e-08
1.479858208104025919e-08
1.479264789757490243e-08
1.478671619282441087e-08
1.478078686228609464e-08
1.477486028617186793e-08
1.476893609227427791e-08
1.476301434818655376e-08
1.475709520021246130e-08
1.475117862745146256e-08
1.474526424835756643e-08
1.473935202068500469e-08
1.473344172742393623e-08
1.472753318002482701e-08
1.472162686320228109e-08
1.471572236072430819e-08
1.470981966369706236e-08
1.470391920836368726e-08
1.469802053624642437e-08
1.469212433217141154e-08
1.468623093588356392e-08
1.468034031847788218e-08
1.467445236700252280e-08
1.466856718862832944e-08
1.466268484338876223e-08
1.465680516452420968e-08
1.465092819472513234e-08
1.464505417145721696e-08
1.463918280700454719e-08
1.463331392260081951e-08
1.462744806254940583e-08
1.462158460250232072e-08
1.461572363940248499e-08
1.460986551255012150e-08
1.460400991644162200e-08
1.459815689020990863e-08
1.459230652990851764e-08
1.458645855182376332e-08
1.458061264911796055e-08
1.457476881734418634e-08
1.456892736289543354e-08
1.456308788110171160e-08
1.455725055651032390e-08
1.455141547450219153e-08
1.454558242295908867e-08
1.453975174918569953e-08
1.453392372177617166e-08
1.452809861688442170e-08
1.452227650788467872e-08
1.451645706703871958e-08
1.451064055404684592e-08
1.450482711699159275e-08
1.449901642324312167e-08
1.449320840076128052e-08
1.448740371702920757e-08
1.448160168410791887e-08
1.447580225886226159e-08
1.447000607319999020e-08
1.446421246141673564e-08
1.445842160805980128e-08
1.445263362874918442e-08
1.444684854349603845e-08
1.444106610727490754e-08
1.443528656511124752e-08
1.442950901072215646e-08
1.442373285177749437e-08
1.441795813363587555e-08
1.441218497236198960e-08
1.440641318296384086e-08
1.440064282147265877e-08
1.439487402085144023e-08
1.438910660233388173e-08
1.438334079315774719e-08
1.437757759521478245e-08
1.437181709744344696e-08
1.436605986816049669e-08
1.436030529947156121e-08
1.435455358748594365e-08
1.434880499145925332e-08
1.434305909604888456e-08
1.433731618808136910e-08
1.433157621330424670e-08
1.432583907833213491e-08
1.432010487788449306e-08
1.431437354303401506e-08
1.430864489056747443e-08
1.430291917618294212e-08
1.429719639454411055e-08
1.429147615965806567e-08
1.428575902205387155e-08
1.428004475004684128e-08
1.427433283313021755e-08
1.426862328953638457e-08
1.426291585244996393e-08
1.425721036267111321e-08
1.425150709012805686e-08
1.424580596544879652e-08
1.424010684988933542e-08
1.423440988308305491e-08
1.422871506680872418e-08
1.422302251179472527e-08
1.421733279658573698e-08
1.421164574108137888e-08
1.420596141998995693e-08
1.420027990357285411e-08
1.419460099349730581e-08
1.418892499749038178e-08
1.418325166652439552e-08
1.417758089076034959e-08
1.417191322606361728e-08
1.416624812057105433e-08
1.416058546711181875e-08
1.415492580776582093e-08
1.414926854975822859e-08
1.414361378024873198e-08
1.413796183853755396e-08
1.413231240889316343e-08
1.412666550643509851e-08
1.412102138508266096e-08
1.411537943560740346e-08
1.410973947346202263e-08
1.410410154978613266e-08
1.409846542222243153e-08
1.409283135447345152e-08
1.408719926338173305e-08
1.408156902354404828e-08
1.407594079682839343e-08
1.407031454187838484e-08
1.406469046013963319e-08
1.405906918307520067e-08
1.405345051457578416e-08
1.404783449510838272e-08
1.404222125185499338e-08
1.403661055668846761e-08
1.403100272800849030e-08
1.402539750300191372e-08
1.401979473225212600e-08
1.401419510725564943e-08
1.400859793873942319e-08
1.400300317823198688e-08
1.399741151500640133e-08
1.399182222465891421e-08
1.398623540146429256e-08
1.398065156126560125e-08
1.397507006681877825e-08
1.396949123919166220e-08
1.396391524069694164e-08
1.395834127489071207e-08
1.395276878146067889e-08
1.394719759720476898e-08
1.394162767765375262e-08
1.393605902013947602e-08
1.393049165401163081e-08
1.392492565887013820e-08
1.391936086928946359e-08
1.391379733685391347e-08
1.390823542398771015e-08
1.390267582129799135e-08
1.389711861950198571e-08
1.389156423572106812e-08
1.388601217857025005e-08
1.388046266683814178e-08
1.387491575477720356e-08
1.386937121070274852e-08
1.386382949976291963e-08
1.385829015992241998e-08
1.385275309735117486e-08
1.384721905379593616e-08
1.384168721635918441e-08
1.383615777359045366e-08
1.383063098385596866e-08
1.382510638156289412e-08
1.381958446610067992e-08
1.381406500711871605e-08
1.380854785786854439e-08
1.380303328294208186e-08
1.379752081229957019e-08
1.379201032187185844e-08
1.378650171649479498e-08
1.378099482407246075e-08
1.377549009107592225e-08
1.376998719465857163e-08
1.376448613037348593e-08
1.375898696003289446e-08
1.375348975345348790e-08
1.374799465160272451e-08
1.374250200267467307e-08
1.373701183112740994e-08
1.373152447403769647e-08
1.372603940622392955e-08
1.372055691807017931e-08
1.371507709362328995e-08
1.370959964249919133e-08
1.370412498448741210e-08
1.369865275093803780e-08
1.369318278620876437e-08
1.368771589963957290e-08
1.368225116493640811e-08
1.367678873996503554e-08
1.367132901160775385e-08
1.366587147158126722e-08
1.366041647786287497e-08
1.365496394551634833e-08
1.364951372601445999e-08
1.364406608661728063e-08
1.363862044077567010e-08
1.363317659727194057e-08
1.362773469707355028e-08
1.362229441333166070e-08
1.361685583809757738e-08
1.361141921862021762e-08
1.360598433032997129e-08
1.360055112875760865e-08
1.359511972996781929e-08
1.358969030694590688e-08
1.358426337197739791e-08
1.357883900332813670e-08
1.357341747537327071e-08
1.356799850439911423e-08
1.356258236922773770e-08
1.355716871188184176e-08
1.355175778049972833e-08
1.354634964890031875e-08
1.354094393375885275e-08
1.353554128921769966e-08
1.353014112205733487e-08
1.352474331487899191e-08
1.351934862588303767e-08
1.351395626707472133e-08
1.350856649548619072e-08
1.350317951612059492e-08
1.349779496032801945e-08
1.349241306557415107e-08
1.348703382252045155e-08
1.348165712533015411e-08
1.347628218867666172e-08
1.347090859010229193e-08
1.346553651993534799e-08
1.346016594260044612e-08
1.345479688433443185e-08
1.344942924552623059e-08
1.344406300972222899e-08
1.343869834635018902e-08
1.343333515046273017e-08
1.342797373645730664e-08
1.342261509688712601e-08
1.341725903430880828e-08
1.341190592626611388e-08
1.340655528937851561e-08
1.340120739846585323e-08
1.339586229266104889e-08
1.339051957752203488e-08
1.338518012064348325e-08
1.337984303753241465e-08
1.337450871862866612e-08
1.336917716215346847e-08
1.336384794609383156e-08
1.335852186555958297e-08
1.335319810187220335e-08
1.334787691384260975e-08
1.334255856650741135e-08
1.333724258582461923e-08
1.333192938091114691e-08
1.332661875387892209e-08
1.332131073941394395e-08
1.331600498887745142e-08
1.331070111494245352e-08
1.330539936130032919e-08
1.330009958653892788e-08
1.329480205080324353e-08
1.328950647793935949e-08
1.328421289462881361e-08
1.327892133288945129e-08
1.327363188699603957e-08
1.326834478196288088e-08
1.326306025214281591e-08
1.325777840781953438e-08
1.325249959718710508e-08
1.324722331151753991e-08
