6.570044026308217396e-10
6.570044026309741477e-10
6.570044026308217396e-10
6.570044026308725078e-10
6.570044026308725078e-10
6.570044026309233795e-10
6.570044026308725078e-10
6.570044026309233795e-10
6.570044026309233795e-10
6.570044026308725078e-10
6.570044026308217396e-10
6.570044026308725078e-10
6.570044026308725078e-10
6.570044026309741477e-10
6.570044026308725078e-10
6.570044026308725078e-10
6.570044026308725078e-10
6.570044026308725078e-10
6.570044026308725078e-10
6.570044026309233795e-10
6.570044026309741477e-10
6.570044026309741477e-10
6.570044026309233795e-10
6.570044026309741477e-10
6.570044026309741477e-10
6.570044026309233795e-10
6.570044026309741477e-10
6.570044026310250193e-10
6.570044026308725078e-10
6.570044026309741477e-10
6.570044026309741477e-10
6.570044026309233795e-10
6.570044026309233795e-10
6.570044026308725078e-10
6.570044026309233795e-10
6.570044026308725078e-10
6.570044026308725078e-10
6.570044026309233795e-10
6.570044026309233795e-10
6.570044026310250193e-10
6.570044026309233795e-10
6.570044026309233795e-10
6.570044026309233795e-10
6.570044026309233795e-10
6.570044026309233795e-10
6.570044026308725078e-10
6.570044026309741477e-10
6.570044026308725078e-10
6.570044026309233795e-10
6.570044026309233795e-10
6.570044026308725078e-10
6.570044026308725078e-10
6.570044026309233795e-10
6.570044026308725078e-10
6.570044026309233795e-10
6.570044026308725078e-10
6.570044026308725078e-10
6.570044026308725078e-10
6.570044026308725078e-10
6.570044026308217396e-10
6.570044026308217396e-10
6.570044026308217396e-10
6.570044026308725078e-10
6.570044026310250193e-10
6.570044026308725078e-10
6.570044026308725078e-10
6.570044026309233795e-10
6.570044026308725078e-10
6.570044026308725078e-10
6.570044026308725078e-10
6.570044026309741477e-10
6.570044026309741477e-10
6.570044026309233795e-10
6.570044026308725078e-10
6.570044026308725078e-10
6.570044026309233795e-10
6.570044026308725078e-10
6.570044026309233795e-10
6.570044026309233795e-10
6.570044026309233795e-10
6.570044026308725078e-10
6.570044026308725078e-10
6.570044026308725078e-10
6.570044026309233795e-10
6.570044026309233795e-10
6.570044026308725078e-10
6.570044026309233795e-10
6.570044026309233795e-10
6.570044026309233795e-10
6.570044026309233795e-10
6.570044026308725078e-10
6.570044026309741477e-10
6.570044026309233795e-10
6.570044026308725078e-10
6.570044026308725078e-10
6.570044026308217396e-10
6.570044026308725078e-10
6.570044026309741477e-10
6.570044026308725078e-10
6.570044026308979437e-10
6.570044026308979437e-10
6.570044026308979437e-10
6.570044026308979437e-10
6.570044026309233795e-10
6.570044026308725078e-10
6.570044026308725078e-10
6.570044026309233795e-10
6.570044026308979437e-10
6.570044026309233795e-10
6.570044026308471754e-10
6.570044026308979437e-10
6.570044026308725078e-10
6.570044026308725078e-10
6.570044026309233795e-10
6.570044026308979437e-10
6.570044026308979437e-10
6.570044026308979437e-10
6.570044026309233795e-10
6.570044026308979437e-10
6.570044026308979437e-10
6.570044026308979437e-10
6.570044026308979437e-10
6.570044026308979437e-10
6.570044026308979437e-10
6.570044026308725078e-10
6.570044026308725078e-10
6.570044026308979437e-10
6.570044026308725078e-10
6.570044026308979437e-10
6.570044026308979437e-10
6.570044026308725078e-10
6.570044026308725078e-10
6.570044026308217396e-10
6.570044026309233795e-10
6.570044026308979437e-10
6.570044026308725078e-10
6.570044026308979437e-10
6.570044026309488153e-10
6.570044026308979437e-10
6.570044026308979437e-10
6.570044026308979437e-10
6.570044026308471754e-10
6.570044026309233795e-10
6.570044026308979437e-10
6.570044026308979437e-10
6.570044026308471754e-10
6.570044026308979437e-10
6.570044026308979437e-10
6.570044026308979437e-10
6.570044026308979437e-10
6.570044026308979437e-10
6.570044026308725078e-10
6.570044026308471754e-10
6.570044026308725078e-10
6.570044026308979437e-10
6.570044026308725078e-10
6.570044026308471754e-10
6.570044026308979437e-10
6.570044026308725078e-10
6.570044026308979437e-10
6.570044026309233795e-10
6.570044026309233795e-10
6.570044026308725078e-10
6.570044026308725078e-10
6.570044026309233795e-10
6.570044026308725078e-10
6.570044026308725078e-10
6.570044026308979437e-10
6.570044026308725078e-10
6.570044026308979437e-10
6.570044026309233795e-10
6.570044026308725078e-10
6.570044026308979437e-10
6.570044026309233795e-10
6.570044026308979437e-10
6.570044026308725078e-10
6.570044026308725078e-10
6.570044026308471754e-10
6.570044026309233795e-10
6.570044026308979437e-10
6.570044026308471754e-10
6.570044026308979437e-10
6.570044026308725078e-10
6.570044026308725078e-10
6.570044026308725078e-10
6.570044026308979437e-10
6.570044026308979437e-10
6.570044026308979437e-10
6.570044026308725078e-10
6.570044026309233795e-10
6.570044026309233795e-10
6.570044026308471754e-10
6.570044026308979437e-10
6.570044026308979437e-10
6.570044026308471754e-10
6.570044026309233795e-10
6.570044026309233795e-10
6.570044026308979437e-10
6.570044026308725078e-10
6.570044026308979437e-10
6.570044026308725078e-10
6.570044026308725078e-10
6.570044026309233795e-10
6.570044026308725078e-10
6.570044026308979437e-10
6.570044026308979437e-10
6.570044026308979437e-10
6.570044026308979437e-10
6.570044026309233795e-10
6.570044026308979437e-10
6.570044026308979437e-10
6.570044026309233795e-10
6.570044026308725078e-10
6.570044026308979437e-10
6.570044026308979437e-10
6.570044026308979437e-10
6.570044026308979437e-10
6.570044026308979437e-10
6.570044026308979437e-10
6.570044026308979437e-10
6.570044026308852257e-10
6.570044026308852257e-10
6.570044026309106616e-10
6.570044026308852257e-10
6.570044026308979437e-10
6.570044026309106616e-10
6.570044026308979437e-10
6.570044026308852257e-10
6.570044026309106616e-10
6.570044026308852257e-10
6.570044026308979437e-10
6.570044026309106616e-10
6.570044026308852257e-10
6.570044026308979437e-10
6.570044026308979437e-10
6.570044026309106616e-10
6.570044026308979437e-10
6.570044026308979437e-10
6.570044026308852257e-10
6.570044026308979437e-10
6.570044026308979437e-10
6.570044026308852257e-10
6.570044026308725078e-10
6.570044026308725078e-10
6.570044026309106616e-10
6.570044026308979437e-10
6.570044026309106616e-10
6.570044026308852257e-10
6.570044026309106616e-10
6.570044026309106616e-10
6.570044026308852257e-10
6.570044026308852257e-10
6.570044026308852257e-10
6.570044026308852257e-10
6.570044026308852257e-10
6.570044026308852257e-10
6.570044026308852257e-10
6.570044026308852257e-10
6.570044026308852257e-10
6.570044026308852257e-10
6.570044026308725078e-10
6.570044026309106616e-10
6.570044026308979437e-10
6.570044026308725078e-10
6.570044026308852257e-10
6.570044026308852257e-10
6.570044026308979437e-10
6.570044026309106616e-10
6.570044026308852257e-10
6.570044026308725078e-10
6.570044026308852257e-10
6.570044026308852257e-10
6.570044026308852257e-10
6.570044026308979437e-10
6.570044026308852257e-10
6.570044026308852257e-10
6.570044026308979437e-10
6.570044026309106616e-10
6.570044026308852257e-10
6.570044026308979437e-10
6.570044026308979437e-10
6.570044026309106616e-10
6.570044026308852257e-10
6.570044026309106616e-10
6.570044026308979437e-10
6.570044026308979437e-10
6.570044026308979437e-10
6.570044026308852257e-10
6.570044026308852257e-10
6.570044026308979437e-10
6.570044026309106616e-10
6.570044026308979437e-10
6.570044026308979437e-10
6.570044026308852257e-10
6.570044026308852257e-10
6.570044026308725078e-10
6.570044026308852257e-10
6.570044026308852257e-10
6.570044026308979437e-10
6.570044026308979437e-10
6.570044026308598933e-10
6.570044026308852257e-10
6.570044026308725078e-10
6.570044026308852257e-10
6.570044026308979437e-10
6.570044026308852257e-10
6.570044026308852257e-10
6.570044026308852257e-10
6.570044026308979437e-10
6.570044026308979437e-10
6.570044026308979437e-10
6.570044026308979437e-10
6.570044026309106616e-10
6.570044026308725078e-10
6.570044026308852257e-10
6.570044026308725078e-10
6.570044026308725078e-10
6.570044026308979437e-10
6.570044026308852257e-10
6.570044026308979437e-10
6.570044026308852257e-10
6.570044026309106616e-10
6.570044026308725078e-10
6.570044026308852257e-10
6.570044026308852257e-10
6.570044026308979437e-10
6.570044026308979437e-10
6.570044026308979437e-10
6.570044026308979437e-10
6.570044026308979437e-10
6.570044026308852257e-10
6.570044026308852257e-10
6.570044026308852257e-10
6.570044026308852257e-10
6.570044026308979437e-10
6.570044026308852257e-10
6.570044026308852257e-10
6.570044026309106616e-10
6.570044026309106616e-10
6.570044026308979437e-10
6.570044026308725078e-10
6.570044026308852257e-10
6.570044026308852257e-10
6.570044026308979437e-10
6.570044026308979437e-10
6.570044026308979437e-10
6.570044026308852257e-10
6.570044026308852257e-10
6.570044026308979437e-10
6.570044026308979437e-10
6.570044026308979437e-10
6.570044026308725078e-10
6.570044026308852257e-10
6.570044026308979437e-10
6.570044026308979437e-10
6.570044026308979437e-10
6.570044026308979437e-10
6.570044026308725078e-10
6.570044026308852257e-10
6.570044026308852257e-10
6.570044026308725078e-10
6.570044026308725078e-10
6.570044026308725078e-10
6.570044026308979437e-10
6.570044026308979437e-10
6.570044026308979437e-10
6.570044026308979437e-10
6.570044026308852257e-10
6.570044026308979437e-10
6.570044026308979437e-10
6.570044026308852257e-10
6.570044026308979437e-10
6.570044026308852257e-10
6.570044026308852257e-10
6.570044026308979437e-10
6.570044026308852257e-10
6.570044026308979437e-10
6.570044026309106616e-10
6.570044026309106616e-10
6.570044026308852257e-10
6.570044026308979437e-10
6.570044026309106616e-10
6.570044026308852257e-10
6.570044026308852257e-10
6.570044026308852257e-10
6.570044026308725078e-10
6.570044026308979437e-10
6.570044026308852257e-10
6.570044026308852257e-10
6.570044026308979437e-10
6.570044026309106616e-10
6.570044026308852257e-10
6.570044026308852257e-10
6.570044026308725078e-10
6.570044026308979437e-10
6.570044026308852257e-10
6.570044026308979437e-10
6.570044026308725078e-10
6.570044026308979437e-10
6.570044026308852257e-10
6.570044026308979437e-10
6.570044026308852257e-10
6.570044026308979437e-10
6.570044026308852257e-10
6.570044026308852257e-10
6.570044026308979437e-10
6.570044026308979437e-10
6.570044026308852257e-10
6.570044026308979437e-10
6.570044026308979437e-10
6.570044026308725078e-10
6.570044026308852257e-10
6.570044026309106616e-10
6.570044026308852257e-10
6.570044026308852257e-10
6.570044026308979437e-10
6.570044026308852257e-10
6.570044026308852257e-10
6.570044026308979437e-10
6.570044026309106616e-10
6.570044026308725078e-10
6.570044026308852257e-10
6.570044026309106616e-10
6.570044026308979437e-10
6.570044026308979437e-10
6.570044026308979437e-10
6.570044026308852257e-10
6.570044026309106616e-10
6.570044026308979437e-10
6.570044026308979437e-10
6.570044026308852257e-10
6.570044026309106616e-10
6.570044026308852257e-10
6.570044026308852257e-10
6.570044026309106616e-10
6.570044026308979437e-10
6.570044026308852257e-10
6.570044026308979437e-10
6.570044026308725078e-10
6.570044026308979437e-10
6.570044026308979437e-10
6.570044026309233795e-10
6.570044026309106616e-10
6.570044026308852257e-10
6.570044026308979437e-10
6.570044026308979437e-10
6.570044026308725078e-10
6.570044026308852257e-10
6.570044026308852257e-10
6.570044026309106616e-10
6.570044026308852257e-10
6.570044026308852257e-10
6.570044026308979437e-10
6.570044026308725078e-10
6.570044026308979437e-10
6.570044026308725078e-10
6.570044026308852257e-10
6.570044026308852257e-10
6.570044026308979437e-10
6.570044026308725078e-10
6.570044026309106616e-10
6.570044026308852257e-10
6.570044026308852257e-10
6.570044026308725078e-10
6.570044026308852257e-10
6.570044026308979437e-10
6.570044026308979437e-10
6.570044026308979437e-10
6.570044026308852257e-10
6.570044026308979437e-10
6.570044026308852257e-10
6.570044026308725078e-10
6.570044026309106616e-10
6.570044026308852257e-10
6.570044026308979437e-10
6.570044026309106616e-10
6.570044026309106616e-10
6.570044026309106616e-10
6.570044026309106616e-10
6.570044026308852257e-10
6.570044026309106616e-10
6.570044026308852257e-10
6.570044026308852257e-10
6.570044026308979437e-10
6.570044026308852257e-10
6.570044026308725078e-10
6.570044026308852257e-10
6.570044026308979437e-10
6.570044026308725078e-10
6.570044026308852257e-10
6.570044026308852257e-10
6.570044026308979437e-10
6.570044026308725078e-10
6.570044026308852257e-10
6.570044026308852257e-10
6.570044026308979437e-10
6.570044026308979437e-10
6.570044026308852257e-10
6.570044026308852257e-10
6.570044026309106616e-10
6.570044026308979437e-10
6.570044026308852257e-10
6.570044026308852257e-10
6.570044026308852257e-10
6.570044026308852257e-10
6.570044026308852257e-10
6.570044026308725078e-10
6.570044026308979437e-10
6.570044026308852257e-10
6.570044026308916364e-10
6.570044026308916364e-10
6.570044026308852257e-10
6.570044026308916364e-10
6.570044026308916364e-10
6.570044026308979437e-10
6.570044026308789185e-10
6.570044026308916364e-10
6.570044026309106616e-10
6.570044026308979437e-10
6.570044026308916364e-10
6.570044026308979437e-10
6.570044026308916364e-10
6.570044026308852257e-10
6.570044026308916364e-10
6.570044026308916364e-10
6.570044026308852257e-10
6.570044026308916364e-10
6.570044026308916364e-10
6.570044026308916364e-10
6.570044026308979437e-10
6.570044026308916364e-10
6.570044026308916364e-10
6.570044026308916364e-10
6.570044026308916364e-10
6.570044026308852257e-10
6.570044026308916364e-10
6.570044026308916364e-10
6.570044026308852257e-10
6.570044026308916364e-10
6.570044026308852257e-10
6.570044026308852257e-10
6.570044026308916364e-10
6.570044026308916364e-10
6.570044026308916364e-10
6.570044026308916364e-10
6.570044026308979437e-10
6.570044026309043543e-10
6.570044026309043543e-10
6.570044026308916364e-10
6.570044026308916364e-10
6.570044026308979437e-10
6.570044026308852257e-10
6.570044026308979437e-10
6.570044026308916364e-10
6.570044026308916364e-10
6.570044026308916364e-10
6.570044026308979437e-10
6.570044026308979437e-10
6.570044026308916364e-10
6.570044026308789185e-10
6.570044026308916364e-10
6.570044026308916364e-10
6.570044026308979437e-10
6.570044026308979437e-10
6.570044026308852257e-10
6.570044026308852257e-10
6.570044026308979437e-10
6.570044026308852257e-10
6.570044026308852257e-10
6.570044026308852257e-10
6.570044026308979437e-10
6.570044026308916364e-10
6.570044026308916364e-10
6.570044026308916364e-10
6.570044026308979437e-10
6.570044026308916364e-10
6.570044026308789185e-10
6.570044026309043543e-10
6.570044026308979437e-10
6.570044026308916364e-10
6.570044026308916364e-10
6.570044026308916364e-10
6.570044026308979437e-10
6.570044026308852257e-10
6.570044026308916364e-10
6.570044026308979437e-10
6.570044026308916364e-10
6.570044026308852257e-10
6.570044026308852257e-10
6.570044026308789185e-10
6.570044026308852257e-10
6.570044026308916364e-10
6.570044026308979437e-10
6.570044026308916364e-10
6.570044026308979437e-10
6.570044026309043543e-10
6.570044026309043543e-10
6.570044026308979437e-10
6.570044026308852257e-10
6.570044026308916364e-10
6.570044026308979437e-10
6.570044026308916364e-10
6.570044026308979437e-10
6.570044026308916364e-10
6.570044026308979437e-10
6.570044026309043543e-10
6.570044026308852257e-10
6.570044026308852257e-10
6.570044026308916364e-10
6.570044026308979437e-10
6.570044026308979437e-10
6.570044026308979437e-10
6.570044026308979437e-10
6.570044026308916364e-10
6.570044026308852257e-10
6.570044026308916364e-10
6.570044026308852257e-10
6.570044026308916364e-10
6.570044026308979437e-10
6.570044026309043543e-10
6.570044026308916364e-10
6.570044026308916364e-10
6.570044026308979437e-10
6.570044026308979437e-10
6.570044026308916364e-10
6.570044026308916364e-10
6.570044026308916364e-10
6.570044026308916364e-10
6.570044026308979437e-10
6.570044026308916364e-10
6.570044026308916364e-10
6.570044026308979437e-10
6.570044026308979437e-10
6.570044026308916364e-10
6.570044026308916364e-10
6.570044026308916364e-10
6.570044026308916364e-10
6.570044026308916364e-10
6.570044026308916364e-10
6.570044026308916364e-10
6.570044026308916364e-10
6.570044026308916364e-10
6.570044026308852257e-10
6.570044026308979437e-10
6.570044026308916364e-10
6.570044026308979437e-10
6.570044026308916364e-10
6.570044026308852257e-10
6.570044026308916364e-10
6.570044026308979437e-10
6.570044026308916364e-10
6.570044026308979437e-10
6.570044026308979437e-10
6.570044026308916364e-10
6.570044026308916364e-10
6.570044026308979437e-10
6.570044026308852257e-10
6.570044026308916364e-10
6.570044026308916364e-10
6.570044026308916364e-10
6.570044026308916364e-10
6.570044026308916364e-10
6.570044026308916364e-10
6.570044026308916364e-10
6.570044026308852257e-10
6.570044026308916364e-10
6.570044026308852257e-10
6.570044026308916364e-10
6.570044026308852257e-10
6.570044026308916364e-10
6.570044026308789185e-10
6.570044026308979437e-10
6.570044026308979437e-10
6.570044026309043543e-10
6.570044026308852257e-10
6.570044026308852257e-10
6.570044026308916364e-10
6.570044026308916364e-10
6.570044026308916364e-10
6.570044026308852257e-10
6.570044026308852257e-10
6.570044026308916364e-10
6.570044026308852257e-10
6.570044026308916364e-10
6.570044026308916364e-10
6.570044026308916364e-10
6.570044026308852257e-10
6.570044026309043543e-10
6.570044026308979437e-10
6.570044026308852257e-10
6.570044026308916364e-10
6.570044026308852257e-10
6.570044026308979437e-10
6.570044026308852257e-10
6.570044026308979437e-10
6.570044026308916364e-10
6.570044026308916364e-10
6.570044026308979437e-10
6.570044026308916364e-10
6.570044026308852257e-10
6.570044026308852257e-10
6.570044026308979437e-10
6.570044026308916364e-10
6.570044026308916364e-10
6.570044026308852257e-10
6.570044026308916364e-10
6.570044026308916364e-10
6.570044026308979437e-10
6.570044026308852257e-10
6.570044026308916364e-10
6.570044026308979437e-10
6.570044026308916364e-10
6.570044026308852257e-10
6.570044026308916364e-10
6.570044026308916364e-10
6.570044026308852257e-10
6.570044026308979437e-10
6.570044026308916364e-10
6.570044026308916364e-10
6.570044026308916364e-10
6.570044026308979437e-10
6.570044026308852257e-10
6.570044026308852257e-10
6.570044026308979437e-10
6.570044026308916364e-10
6.570044026308852257e-10
6.570044026309043543e-10
6.570044026308916364e-10
6.570044026308916364e-10
6.570044026308916364e-10
6.570044026308916364e-10
6.570044026308916364e-10
6.570044026308979437e-10
6.570044026308979437e-10
6.570044026308916364e-10
6.570044026308916364e-10
6.570044026308916364e-10
6.570044026308916364e-10
6.570044026308916364e-10
6.570044026308916364e-10
6.570044026308916364e-10
6.570044026308979437e-10
6.570044026308852257e-10
6.570044026308916364e-10
6.570044026308916364e-10
6.570044026308916364e-10
6.570044026308852257e-10
6.570044026308852257e-10
6.570044026308979437e-10
6.570044026308916364e-10
6.570044026308979437e-10
6.570044026308979437e-10
6.570044026308979437e-10
6.570044026308916364e-10
6.570044026308916364e-10
6.570044026308852257e-10
6.570044026308979437e-10
6.570044026308916364e-10
6.570044026308916364e-10
6.570044026308852257e-10
6.570044026308852257e-10
6.570044026308852257e-10
6.570044026308852257e-10
6.570044026308789185e-10
6.570044026308979437e-10
6.570044026308916364e-10
6.570044026308852257e-10
6.570044026308916364e-10
6.570044026308916364e-10
6.570044026308852257e-10
6.570044026308916364e-10
6.570044026308979437e-10
6.570044026308979437e-10
6.570044026308852257e-10
6.570044026308979437e-10
6.570044026308916364e-10
6.570044026308916364e-10
6.570044026308979437e-10
6.570044026308916364e-10
6.570044026308852257e-10
6.570044026308916364e-10
6.570044026308852257e-10
6.570044026308916364e-10
6.570044026308916364e-10
6.570044026308916364e-10
6.570044026308979437e-10
6.570044026308979437e-10
6.570044026308852257e-10
6.570044026308852257e-10
6.570044026308916364e-10
6.570044026308852257e-10
6.570044026308979437e-10
6.570044026308916364e-10
6.570044026308979437e-10
6.570044026308852257e-10
6.570044026309043543e-10
6.570044026308916364e-10
6.570044026308916364e-10
6.570044026308916364e-10
6.570044026308789185e-10
6.570044026308852257e-10
6.570044026309043543e-10
6.570044026308916364e-10
6.570044026308979437e-10
6.570044026308916364e-10
6.570044026308916364e-10
6.570044026308916364e-10
6.570044026308852257e-10
6.570044026308979437e-10
6.570044026308916364e-10
6.570044026308852257e-10
6.570044026308916364e-10
6.570044026308916364e-10
6.570044026308916364e-10
6.570044026308916364e-10
6.570044026308852257e-10
6.570044026308916364e-10
6.570044026308916364e-10
6.570044026308916364e-10
6.570044026308789185e-10
6.570044026308916364e-10
6.570044026308916364e-10
6.570044026308916364e-10
6.570044026308916364e-10
6.570044026308916364e-10
6.570044026308979437e-10
6.570044026308979437e-10
6.570044026308852257e-10
6.570044026308916364e-10
6.570044026308916364e-10
6.570044026308852257e-10
6.570044026309043543e-10
6.570044026308979437e-10
6.570044026308916364e-10
6.570044026308979437e-10
6.570044026308916364e-10
6.570044026308852257e-10
6.570044026308979437e-10
6.570044026308916364e-10
6.570044026308916364e-10
6.570044026308979437e-10
6.570044026308789185e-10
6.570044026308979437e-10
6.570044026308916364e-10
6.570044026308916364e-10
6.570044026308789185e-10
6.570044026308916364e-10
6.570044026308852257e-10
6.570044026308916364e-10
6.570044026308852257e-10
6.570044026308916364e-10
6.570044026308916364e-10
6.570044026308916364e-10
6.570044026308979437e-10
6.570044026309043543e-10
6.570044026308916364e-10
6.570044026309043543e-10
6.570044026308916364e-10
6.570044026308916364e-10
6.570044026308852257e-10
6.570044026308916364e-10
6.570044026308979437e-10
6.570044026308852257e-10
6.570044026308916364e-10
6.570044026308789185e-10
6.570044026308852257e-10
6.570044026308916364e-10
6.570044026309043543e-10
6.570044026308916364e-10
6.570044026308916364e-10
6.570044026308916364e-10
6.570044026308852257e-10
6.570044026308916364e-10
6.570044026308916364e-10
6.570044026308852257e-10
6.570044026308916364e-10
6.570044026308789185e-10
6.570044026308916364e-10
6.570044026308979437e-10
6.570044026308916364e-10
6.570044026309043543e-10
6.570044026308916364e-10
6.570044026308916364e-10
6.570044026308916364e-10
6.570044026308916364e-10
6.570044026308916364e-10
6.570044026308852257e-10
6.570044026308979437e-10
6.570044026308979437e-10
6.570044026308916364e-10
6.570044026308852257e-10
6.570044026308916364e-10
6.570044026308916364e-10
6.570044026308916364e-10
6.570044026308916364e-10
6.570044026308916364e-10
6.570044026308852257e-10
6.570044026308979437e-10
6.570044026308852257e-10
6.570044026308852257e-10
6.570044026308979437e-10
6.570044026308852257e-10
6.570044026308852257e-10
6.570044026308916364e-10
6.570044026308979437e-10
6.570044026308916364e-10
6.570044026309043543e-10
6.570044026308916364e-10
6.570044026309043543e-10
6.570044026308916364e-10
6.570044026308916364e-10
6.570044026308916364e-10
6.570044026308979437e-10
6.570044026308979437e-10
6.570044026308916364e-10
6.570044026308979437e-10
6.570044026308916364e-10
6.570044026308916364e-10
6.570044026308852257e-10
6.570044026308852257e-10
6.570044026308916364e-10
6.570044026308916364e-10
6.570044026308852257e-10
6.570044026308789185e-10
6.570044026308916364e-10
6.570044026308916364e-10
6.570044026308916364e-10
6.570044026308916364e-10
6.570044026308852257e-10
6.570044026308916364e-10
6.570044026308852257e-10
6.570044026308916364e-10
6.570044026308916364e-10
6.570044026308979437e-10
6.570044026308916364e-10
6.570044026308852257e-10
6.570044026308916364e-10
6.570044026308789185e-10
6.570044026308979437e-10
6.570044026308916364e-10
6.570044026308979437e-10
6.570044026308916364e-10
6.570044026308916364e-10
6.570044026308979437e-10
6.570044026308916364e-10
6.570044026308916364e-10
6.570044026308916364e-10
6.570044026308916364e-10
6.570044026308852257e-10
6.570044026308852257e-10
6.570044026308916364e-10
6.570044026308916364e-10
6.570044026308916364e-10
6.570044026308852257e-10
6.570044026308852257e-10
6.570044026308979437e-10
6.570044026308916364e-10
6.570044026308979437e-10
6.570044026308916364e-10
6.570044026308916364e-10
6.570044026308916364e-10
6.570044026308852257e-10
6.570044026308916364e-10
6.570044026308916364e-10
6.570044026308916364e-10
6.570044026308916364e-10
6.570044026308916364e-10
6.570044026308916364e-10
6.570044026308979437e-10
6.570044026308916364e-10
6.570044026308916364e-10
6.570044026308916364e-10
6.570044026308916364e-10
6.570044026308916364e-10
6.570044026309043543e-10
6.570044026308916364e-10
6.570044026308916364e-10
6.570044026309043543e-10
6.570044026308852257e-10
6.570044026308916364e-10
6.570044026308979437e-10
6.570044026308852257e-10
6.570044026308852257e-10
6.570044026308979437e-10
6.570044026308852257e-10
6.570044026308916364e-10
6.570044026308979437e-10
6.570044026308979437e-10
6.570044026308979437e-10
6.570044026308852257e-10
6.570044026308979437e-10
6.570044026308979437e-10
6.570044026308916364e-10
6.570044026308852257e-10
6.570044026308979437e-10
6.570044026309043543e-10
6.570044026308916364e-10
6.570044026308916364e-10
6.570044026308916364e-10
6.570044026308916364e-10
6.570044026308852257e-10
6.570044026308852257e-10
6.570044026308916364e-10
6.570044026308979437e-10
6.570044026308979437e-10
6.570044026308916364e-10
6.570044026309043543e-10
6.570044026308916364e-10
6.570044026309043543e-10
6.570044026308852257e-10
6.570044026308852257e-10
6.570044026308916364e-10
6.570044026308852257e-10
6.570044026308852257e-10
6.570044026308852257e-10
6.570044026308852257e-10
6.570044026308916364e-10
6.570044026308916364e-10
6.570044026309043543e-10
6.570044026308979437e-10
6.570044026308916364e-10
6.570044026308916364e-10
6.570044026308852257e-10
6.570044026308916364e-10
6.570044026308916364e-10
6.570044026308916364e-10
6.570044026308916364e-10
6.570044026308916364e-10
6.570044026308916364e-10
6.570044026308979437e-10
6.570044026308979437e-10
6.570044026308852257e-10
6.570044026308916364e-10
6.570044026308789185e-10
6.570044026308979437e-10
6.570044026308916364e-10
6.570044026308979437e-10
6.570044026308979437e-10
6.570044026308916364e-10
6.570044026308979437e-10
6.570044026308852257e-10
6.570044026308852257e-10
6.570044026308916364e-10
6.570044026308852257e-10
6.570044026308852257e-10
6.570044026308916364e-10
6.570044026308916364e-10
6.570044026308916364e-10
6.570044026308916364e-10
6.570044026308979437e-10
6.570044026308916364e-10
6.570044026308916364e-10
6.570044026308916364e-10
6.570044026308979437e-10
6.570044026308916364e-10
6.570044026308979437e-10
6.570044026308916364e-10
6.570044026308979437e-10
6.570044026308916364e-10
6.570044026308852257e-10
6.570044026308979437e-10
6.570044026308852257e-10
6.570044026308916364e-10
6.570044026308852257e-10
6.570044026308916364e-10
6.570044026308979437e-10
6.570044026308916364e-10
6.570044026308916364e-10
6.570044026308789185e-10
6.570044026308916364e-10
6.570044026308916364e-10
6.570044026308852257e-10
6.570044026308916364e-10
6.570044026308916364e-10
6.570044026308916364e-10
6.570044026308979437e-10
6.570044026308979437e-10
6.570044026308852257e-10
6.570044026308916364e-10
6.570044026308916364e-10
6.570044026308852257e-10
6.570044026308916364e-10
6.570044026308916364e-10
6.570044026308852257e-10
6.570044026308916364e-10
6.570044026308979437e-10
6.570044026308852257e-10
6.570044026308916364e-10
6.570044026308916364e-10
6.570044026308852257e-10
6.570044026308852257e-10
6.570044026308979437e-10
6.570044026308979437e-10
6.570044026308916364e-10
6.570044026308916364e-10
6.570044026308916364e-10
6.570044026308916364e-10
6.570044026308979437e-10
6.570044026308979437e-10
6.570044026308916364e-10
6.570044026308916364e-10
6.570044026308916364e-10
6.570044026308916364e-10
6.570044026308916364e-10
6.570044026308916364e-10
6.570044026308916364e-10
6.570044026308916364e-10
6.570044026308852257e-10
6.570044026308916364e-10
6.570044026308916364e-10
6.570044026308916364e-10
6.570044026308979437e-10
6.570044026308979437e-10
6.570044026308916364e-10
6.570044026308916364e-10
6.570044026308852257e-10
6.570044026308916364e-10
6.570044026308979437e-10
6.570044026308916364e-10
6.570044026309043543e-10
6.570044026308916364e-10
6.570044026308979437e-10
6.570044026308916364e-10
6.570044026308916364e-10
6.570044026308916364e-10
6.570044026308979437e-10
6.570044026308852257e-10
6.570044026309043543e-10
6.570044026308852257e-10
6.570044026308979437e-10
6.570044026308916364e-10
6.570044026309043543e-10
6.570044026308852257e-10
6.570044026308852257e-10
6.570044026308852257e-10
6.570044026308916364e-10
6.570044026308979437e-10
6.570044026308916364e-10
6.570044026308852257e-10
6.570044026308916364e-10
6.570044026308979437e-10
6.570044026308916364e-10
6.570044026308916364e-10
6.570044026309043543e-10
6.570044026308916364e-10
6.570044026308916364e-10
6.570044026308916364e-10
6.570044026308789185e-10
6.570044026308916364e-10
6.570044026308852257e-10
6.570044026308852257e-10
6.570044026308979437e-10
6.570044026308979437e-10
6.570044026308789185e-10
6.570044026308979437e-10
6.570044026308979437e-10
6.570044026308979437e-10
6.570044026308916364e-10
6.570044026308916364e-10
6.570044026308852257e-10
6.570044026308852257e-10
6.570044026308979437e-10
6.570044026308916364e-10
6.570044026308916364e-10
6.570044026308852257e-10
6.570044026308789185e-10
6.570044026308852257e-10
6.570044026308979437e-10
6.570044026308852257e-10
6.570044026308852257e-10
6.570044026308852257e-10
6.570044026308916364e-10
6.570044026308916364e-10
6.570044026308789185e-10
6.570044026308916364e-10
6.570044026308916364e-10
6.570044026308852257e-10
6.570044026308852257e-10
6.570044026308916364e-10
6.570044026308852257e-10
6.570044026308916364e-10
6.570044026308916364e-10
6.570044026308789185e-10
6.570044026308852257e-10
6.570044026308979437e-10
6.570044026308916364e-10
6.570044026308916364e-10
6.570044026308979437e-10
6.570044026308852257e-10
6.570044026308979437e-10
6.570044026308979437e-10
6.570044026308916364e-10
6.570044026308979437e-10
6.570044026308916364e-10
6.570044026308852257e-10
6.570044026308916364e-10
6.570044026308979437e-10
6.570044026308916364e-10
6.570044026308852257e-10
6.570044026308852257e-10
6.570044026308852257e-10
6.570044026308979437e-10
6.570044026308979437e-10
6.570044026308979437e-10
6.570044026308979437e-10
6.570044026308916364e-10
6.570044026308979437e-10
6.570044026308979437e-10
6.570044026309043543e-10
6.570044026308916364e-10
6.570044026308979437e-10
6.570044026308789185e-10
6.570044026308916364e-10
6.570044026308852257e-10
6.570044026308916364e-10
6.570044026308979437e-10
6.570044026308852257e-10
6.570044026308916364e-10
6.570044026308979437e-10
6.570044026308852257e-10
6.570044026308852257e-10
6.570044026308916364e-10
6.570044026309043543e-10
6.570044026308916364e-10
6.570044026308979437e-10
6.570044026308916364e-10
6.570044026308916364e-10
6.570044026308916364e-10
6.570044026308916364e-10
6.570044026308916364e-10
6.570044026308916364e-10
6.570044026308979437e-10
6.570044026308979437e-10
6.570044026308979437e-10
6.570044026308979437e-10
6.570044026308916364e-10
6.570044026308916364e-10
6.570044026308852257e-10
6.570044026308916364e-10
6.570044026308979437e-10
6.570044026308789185e-10
6.570044026308852257e-10
6.570044026308916364e-10
6.570044026308916364e-10
6.570044026308979437e-10
6.570044026308979437e-10
6.570044026308852257e-10
6.570044026308979437e-10
6.570044026308852257e-10
6.570044026308916364e-10
6.570044026308979437e-10
6.570044026308916364e-10
6.570044026308916364e-10
6.570044026308916364e-10
6.570044026308916364e-10
6.570044026308916364e-10
6.570044026308916364e-10
6.570044026308852257e-10
6.570044026308789185e-10
6.570044026308979437e-10
6.570044026308916364e-10
6.570044026308916364e-10
6.570044026308916364e-10
6.570044026308979437e-10
6.570044026308979437e-10
6.570044026308979437e-10
6.570044026308916364e-10
6.570044026308916364e-10
6.570044026308916364e-10
6.570044026308916364e-10
6.570044026308916364e-10
6.570044026308916364e-10
6.570044026308916364e-10
6.570044026308916364e-10
6.570044026308852257e-10
6.570044026308979437e-10
6.570044026308916364e-10
6.570044026308979437e-10
6.570044026308916364e-10
6.570044026308979437e-10
6.570044026308916364e-10
6.570044026308852257e-10
6.570044026308916364e-10
6.570044026308979437e-10
6.570044026308916364e-10
6.570044026308916364e-10
6.570044026308916364e-10
6.570044026308916364e-10
6.570044026308916364e-10
6.570044026308916364e-10
6.570044026308979437e-10
6.570044026308916364e-10
6.570044026308852257e-10
6.570044026308916364e-10
6.570044026308852257e-10
6.570044026308916364e-10
6.570044026308979437e-10
6.570044026308916364e-10
6.570044026308916364e-10
6.570044026308916364e-10
6.570044026308916364e-10
6.570044026308979437e-10
6.570044026308916364e-10
6.570044026308916364e-10
6.570044026308852257e-10
6.570044026308979437e-10
6.570044026308916364e-10
6.570044026308916364e-10
6.570044026308916364e-10
6.570044026308916364e-10
6.570044026308916364e-10
6.570044026308916364e-10
6.570044026308916364e-10
6.570044026308916364e-10
6.570044026308916364e-10
6.570044026308852257e-10
6.570044026308916364e-10
6.570044026308852257e-10
6.570044026308979437e-10
6.570044026308916364e-10
6.570044026308852257e-10
6.570044026308916364e-10
6.570044026308852257e-10
6.570044026308916364e-10
6.570044026308852257e-10
6.570044026308852257e-10
6.570044026308916364e-10
6.570044026308916364e-10
6.570044026308916364e-10
6.570044026308852257e-10
6.570044026308852257e-10
6.570044026308916364e-10
6.570044026308916364e-10
6.570044026308979437e-10
6.570044026308852257e-10
6.570044026308852257e-10
6.570044026308916364e-10
6.570044026308916364e-10
6.570044026308916364e-10
6.570044026308852257e-10
6.570044026308916364e-10
6.570044026308916364e-10
6.570044026308789185e-10
6.570044026308916364e-10
6.570044026308979437e-10
6.570044026308916364e-10
6.570044026308916364e-10
6.570044026308852257e-10
6.570044026308916364e-10
6.570044026308979437e-10
6.570044026308979437e-10
6.570044026308916364e-10
6.570044026308916364e-10
6.570044026308916364e-10
6.570044026308979437e-10
6.570044026308852257e-10
6.570044026308916364e-10
6.570044026308916364e-10
6.570044026308916364e-10
6.570044026308979437e-10
6.570044026308916364e-10
6.570044026308916364e-10
6.570044026308916364e-10
6.570044026308979437e-10
6.570044026308916364e-10
6.570044026308852257e-10
6.570044026308852257e-10
6.570044026308916364e-10
6.570044026308916364e-10
6.570044026309106616e-10
6.570044026308916364e-10
6.570044026308916364e-10
6.570044026308916364e-10
6.570044026308852257e-10
6.570044026308979437e-10
6.570044026308979437e-10
6.570044026309043543e-10
6.570044026308916364e-10
6.570044026308916364e-10
6.570044026308852257e-10
6.570044026308916364e-10
6.570044026308916364e-10
6.570044026308979437e-10
6.570044026308852257e-10
6.570044026308979437e-10
6.570044026308979437e-10
6.570044026308916364e-10
6.570044026308979437e-10
6.570044026308916364e-10
6.570044026308852257e-10
6.570044026308916364e-10
6.570044026308852257e-10
6.570044026309043543e-10
6.570044026308916364e-10
6.570044026308852257e-10
6.570044026308916364e-10
6.570044026308916364e-10
6.570044026308979437e-10
6.570044026308789185e-10
6.570044026308979437e-10
6.570044026308916364e-10
6.570044026308852257e-10
6.570044026308852257e-10
6.570044026308916364e-10
6.570044026308916364e-10
6.570044026308916364e-10
6.570044026308916364e-10
6.570044026308916364e-10
6.570044026308916364e-10
6.570044026308916364e-10
6.570044026308916364e-10
6.570044026308852257e-10
6.570044026308979437e-10
6.570044026308916364e-10
6.570044026308916364e-10
6.570044026308852257e-10
6.570044026308916364e-10
6.570044026308789185e-10
6.570044026308916364e-10
6.570044026308916364e-10
6.570044026308979437e-10
6.570044026308852257e-10
6.570044026308852257e-10
6.570044026308916364e-10
6.570044026308916364e-10
6.570044026308916364e-10
6.570044026308916364e-10
6.570044026308916364e-10
6.570044026308852257e-10
6.570044026308789185e-10
6.570044026308916364e-10
6.570044026308916364e-10
6.570044026308852257e-10
6.570044026308789185e-10
6.570044026308852257e-10
6.570044026308916364e-10
6.570044026308916364e-10
6.570044026308916364e-10
6.570044026308979437e-10
6.570044026308916364e-10
6.570044026308916364e-10
6.570044026308979437e-10
6.570044026308916364e-10
6.570044026308916364e-10
6.570044026308852257e-10
6.570044026308852257e-10
6.570044026308916364e-10
6.570044026308789185e-10
6.570044026308916364e-10
6.570044026308916364e-10
6.570044026308852257e-10
6.570044026308916364e-10
6.570044026308979437e-10
6.570044026308979437e-10
6.570044026308916364e-10
6.570044026308916364e-10
6.570044026308979437e-10
6.570044026308916364e-10
6.570044026308916364e-10
6.570044026308916364e-10
6.570044026308916364e-10
6.570044026308852257e-10
6.570044026308852257e-10
6.570044026308979437e-10
6.570044026308979437e-10
6.570044026308916364e-10
6.570044026308916364e-10
6.570044026308916364e-10
6.570044026308852257e-10
6.570044026308916364e-10
6.570044026308979437e-10
6.570044026308916364e-10
6.570044026308916364e-10
6.570044026308916364e-10
6.570044026308916364e-10
6.570044026308916364e-10
6.570044026308979437e-10
6.570044026308979437e-10
6.570044026308979437e-10
6.570044026308979437e-10
6.570044026308916364e-10
6.570044026308979437e-10
6.570044026308979437e-10
6.570044026308916364e-10
6.570044026308979437e-10
6.570044026308979437e-10
6.570044026308916364e-10
6.570044026308916364e-10
6.570044026308916364e-10
6.570044026308916364e-10
6.570044026308916364e-10
6.570044026308916364e-10
6.570044026308979437e-10
6.570044026308916364e-10
6.570044026308852257e-10
6.570044026308916364e-10
6.570044026308916364e-10
6.570044026308916364e-10
6.570044026308916364e-10
6.570044026308979437e-10
6.570044026308916364e-10
6.570044026308979437e-10
6.570044026308916364e-10
6.570044026308979437e-10
6.570044026308916364e-10
6.570044026308979437e-10
6.570044026308852257e-10
6.570044026308979437e-10
6.570044026308789185e-10
6.570044026308979437e-10
6.570044026308916364e-10
6.570044026309043543e-10
6.570044026308979437e-10
6.570044026308916364e-10
6.570044026308852257e-10
6.570044026308916364e-10
6.570044026308916364e-10
6.570044026308852257e-10
6.570044026308852257e-10
6.570044026308916364e-10
6.570044026308916364e-10
6.570044026308916364e-10
6.570044026308852257e-10
6.570044026308979437e-10
6.570044026308916364e-10
6.570044026308916364e-10
6.570044026308916364e-10
6.570044026308916364e-10
6.570044026308916364e-10
6.570044026308916364e-10
6.570044026308852257e-10
6.570044026308852257e-10
6.570044026308852257e-10
6.570044026308979437e-10
6.570044026308852257e-10
6.570044026308852257e-10
6.570044026308852257e-10
6.570044026308916364e-10
6.570044026308979437e-10
6.570044026308852257e-10
6.570044026308916364e-10
6.570044026308916364e-10
6.570044026308979437e-10
6.570044026308916364e-10
6.570044026308852257e-10
6.570044026308852257e-10
6.570044026308916364e-10
6.570044026308916364e-10
6.570044026308852257e-10
6.570044026308916364e-10
6.570044026308916364e-10
6.570044026308916364e-10
6.570044026308916364e-10
6.570044026308852257e-10
6.570044026308916364e-10
6.570044026308916364e-10
6.570044026308916364e-10
6.570044026308852257e-10
6.570044026308916364e-10
6.570044026308852257e-10
6.570044026308852257e-10
6.570044026308852257e-10
6.570044026308916364e-10
6.570044026308916364e-10
6.570044026308852257e-10
6.570044026308979437e-10
6.570044026309043543e-10
6.570044026308852257e-10
6.570044026308916364e-10
6.570044026308916364e-10
6.570044026308916364e-10
6.570044026308916364e-10
6.570044026308979437e-10
6.570044026308916364e-10
6.570044026308916364e-10
6.570044026308916364e-10
6.570044026308916364e-10
6.570044026308852257e-10
6.570044026308979437e-10
6.570044026308916364e-10
6.570044026308916364e-10
6.570044026308916364e-10
6.570044026308916364e-10
6.570044026308852257e-10
6.570044026308979437e-10
6.570044026308916364e-10
6.570044026308979437e-10
6.570044026308852257e-10
6.570044026308979437e-10
6.570044026308979437e-10
6.570044026308916364e-10
6.570044026308852257e-10
6.570044026308916364e-10
6.570044026308916364e-10
6.570044026308852257e-10
6.570044026308852257e-10
6.570044026308916364e-10
6.570044026308916364e-10
6.570044026308979437e-10
6.570044026308916364e-10
6.570044026308916364e-10
6.570044026308852257e-10
6.570044026308916364e-10
6.570044026308916364e-10
6.570044026308916364e-10
6.570044026308916364e-10
6.570044026308852257e-10
6.570044026308979437e-10
6.570044026308916364e-10
6.570044026308979437e-10
6.570044026308852257e-10
6.570044026308979437e-10
6.570044026308979437e-10
6.570044026308916364e-10
6.570044026308979437e-10
6.570044026308916364e-10
6.570044026308916364e-10
6.570044026308916364e-10
6.570044026308979437e-10
6.570044026308916364e-10
6.570044026308916364e-10
6.570044026308852257e-10
6.570044026308852257e-10
6.570044026308916364e-10
6.570044026308916364e-10
6.570044026308916364e-10
6.570044026308916364e-10
6.570044026308852257e-10
6.570044026308852257e-10
6.570044026308916364e-10
6.570044026308916364e-10
6.570044026308916364e-10
6.570044026308852257e-10
6.570044026308916364e-10
6.570044026308916364e-10
6.570044026308916364e-10
6.570044026308916364e-10
6.570044026308852257e-10
6.570044026308916364e-10
6.570044026308852257e-10
6.570044026308916364e-10
6.570044026308916364e-10
6.570044026309043543e-10
6.570044026308916364e-10
6.570044026308916364e-10
6.570044026308852257e-10
6.570044026308852257e-10
6.570044026308916364e-10
6.570044026308916364e-10
6.570044026308979437e-10
6.570044026308852257e-10
6.570044026308916364e-10
6.570044026308916364e-10
6.570044026308916364e-10
6.570044026308916364e-10
6.570044026308789185e-10
6.570044026308979437e-10
6.570044026308852257e-10
6.570044026308916364e-10
6.570044026308852257e-10
6.570044026308852257e-10
6.570044026308916364e-10
6.570044026308916364e-10
6.570044026308916364e-10
6.570044026308979437e-10
6.570044026308916364e-10
6.570044026309043543e-10
6.570044026308916364e-10
6.570044026308916364e-10
6.570044026308789185e-10
6.570044026308852257e-10
6.570044026308916364e-10
6.570044026308916364e-10
6.570044026309043543e-10
6.570044026308979437e-10
6.570044026308979437e-10
6.570044026308916364e-10
6.570044026308852257e-10
6.570044026308916364e-10
6.570044026308916364e-10
6.570044026308979437e-10
6.570044026308852257e-10
6.570044026308916364e-10
6.570044026308789185e-10
6.570044026308916364e-10
6.570044026308916364e-10
6.570044026308979437e-10
6.570044026309043543e-10
6.570044026308916364e-10
6.570044026308916364e-10
6.570044026308916364e-10
6.570044026308852257e-10
6.570044026308916364e-10
6.570044026308916364e-10
6.570044026308916364e-10
6.570044026309043543e-10
6.570044026308979437e-10
6.570044026308916364e-10
6.570044026308852257e-10
6.570044026308916364e-10
6.570044026308916364e-10
6.570044026308916364e-10
6.570044026308916364e-10
6.570044026308916364e-10
6.570044026308979437e-10
6.570044026309043543e-10
6.570044026308979437e-10
6.570044026308916364e-10
6.570044026308916364e-10
6.570044026308916364e-10
6.570044026308916364e-10
6.570044026308852257e-10
6.570044026308916364e-10
6.570044026308916364e-10
6.570044026308852257e-10
6.570044026308916364e-10
6.570044026308852257e-10
6.570044026308852257e-10
6.570044026308916364e-10
6.570044026308852257e-10
6.570044026308916364e-10
6.570044026309043543e-10
6.570044026308979437e-10
6.570044026308979437e-10
6.570044026308852257e-10
6.570044026308916364e-10
6.570044026308916364e-10
6.570044026308852257e-10
6.570044026308979437e-10
6.570044026308916364e-10
6.570044026308916364e-10
6.570044026308916364e-10
6.570044026308916364e-10
6.570044026308916364e-10
6.570044026308916364e-10
6.570044026308852257e-10
6.570044026308916364e-10
6.570044026308916364e-10
6.570044026308916364e-10
6.570044026308916364e-10
6.570044026308916364e-10
6.570044026308852257e-10
6.570044026308916364e-10
6.570044026308979437e-10
6.570044026308916364e-10
6.570044026308916364e-10
6.570044026308916364e-10
6.570044026308916364e-10
6.570044026308852257e-10
6.570044026308916364e-10
6.570044026308979437e-10
6.570044026308979437e-10
6.570044026308916364e-10
6.570044026308916364e-10
6.570044026308979437e-10
6.570044026308979437e-10
6.570044026308916364e-10
6.570044026308852257e-10
6.570044026308852257e-10
6.570044026308916364e-10
6.570044026308916364e-10
6.570044026308916364e-10
6.570044026308979437e-10
6.570044026308916364e-10
6.570044026308852257e-10
6.570044026308852257e-10
6.570044026309106616e-10
6.570044026308916364e-10
6.570044026309043543e-10
6.570044026308979437e-10
6.570044026308979437e-10
6.570044026308916364e-10
6.570044026308852257e-10
6.570044026308916364e-10
6.570044026308852257e-10
6.570044026308852257e-10
6.570044026308789185e-10
6.570044026308916364e-10
6.570044026308916364e-10
6.570044026308916364e-10
6.570044026308916364e-10
6.570044026308916364e-10
6.570044026308916364e-10
6.570044026308916364e-10
6.570044026308916364e-10
6.570044026308916364e-10
6.570044026308916364e-10
6.570044026308916364e-10
6.570044026308852257e-10
6.570044026308852257e-10
6.570044026308852257e-10
6.570044026308916364e-10
6.570044026308916364e-10
6.570044026308916364e-10
6.570044026308916364e-10
6.570044026308789185e-10
6.570044026308852257e-10
6.570044026308852257e-10
6.570044026308979437e-10
6.570044026308979437e-10
6.570044026308916364e-10
6.570044026308979437e-10
6.570044026308979437e-10
6.570044026308916364e-10
6.570044026308916364e-10
6.570044026308916364e-10
6.570044026308852257e-10
6.570044026308916364e-10
6.570044026308916364e-10
6.570044026308916364e-10
6.570044026308979437e-10
6.570044026308916364e-10
6.570044026308852257e-10
6.570044026308916364e-10
6.570044026308916364e-10
6.570044026308852257e-10
6.570044026308916364e-10
6.570044026308916364e-10
6.570044026308852257e-10
6.570044026308916364e-10
6.570044026309106616e-10
6.570044026308979437e-10
6.570044026308916364e-10
6.570044026308979437e-10
6.570044026308916364e-10
6.570044026308852257e-10
6.570044026308916364e-10
6.570044026308916364e-10
6.570044026308916364e-10
6.570044026308916364e-10
6.570044026308916364e-10
6.540602574269236314e-10
6.540602574269109135e-10
6.540602574269109135e-10
6.540602574269236314e-10
6.423669208062672699e-10
6.423669208062735772e-10
6.423669208062672699e-10
6.365619846074608965e-10
6.365619846074608965e-10
6.365619846074608965e-10
6.365619846074545892e-10
6.250356964517471570e-10
6.250356964517408497e-10
6.250356964517344391e-10
6.250356964517408497e-10
6.193144471869586834e-10
6.193144471869649906e-10
6.193144471869714013e-10
6.193144471869586834e-10
6.079558449116658338e-10
6.079558449116595266e-10
6.079558449116595266e-10
6.079558449116595266e-10
6.023185872719425920e-10
6.023185872719362848e-10
6.023185872719490027e-10
6.023185872719362848e-10
5.911282522868638106e-10
5.911282522868573999e-10
5.911282522868638106e-10
5.911282522868638106e-10
5.855752630068651544e-10
5.855752630068588471e-10
5.855752630068651544e-10
5.855752630068651544e-10
5.745537208105674892e-10
5.745537208105611820e-10
5.745537208105547713e-10
5.745537208105547713e-10
5.690852486695939102e-10
5.690852486695939102e-10
5.690852486695939102e-10
5.690852486695876029e-10
5.582329689951250069e-10
5.582329689951185962e-10
5.582329689951250069e-10
5.528492349568530317e-10
5.528492349568530317e-10
5.528492349568466210e-10
5.528492349568530317e-10
5.421666319291207234e-10
5.421666319291207234e-10
5.421666319291239287e-10
5.421666319291239287e-10
5.368678291741386154e-10
5.368678291741386154e-10
5.368678291741386154e-10
5.368678291741386154e-10
5.263552614469844697e-10
5.263552614469908803e-10
5.263552614469876750e-10
5.263552614469876750e-10
5.211415554655200030e-10
5.211415554655200030e-10
5.211415554655167977e-10
5.211415554655167977e-10
5.107993263702590395e-10
5.107993263702621414e-10
5.107993263702590395e-10
5.107993263702653468e-10
5.056708550171943509e-10
5.056708550171911455e-10
5.056708550171911455e-10
4.954992127086327890e-10
4.954992127086295837e-10
4.954992127086295837e-10
4.954992127086295837e-10
4.904560863100145315e-10
4.904560863100082243e-10
4.904560863100050190e-10
4.904560863100113262e-10
4.804552239281878984e-10
4.804552239281878984e-10
4.804552239281911037e-10
4.804552239281943090e-10
4.754975253134580240e-10
4.754975253134548187e-10
4.754975253134548187e-10
4.754975253134516134e-10
4.656675811479987664e-10
4.656675811480019718e-10
4.656675811479987664e-10
4.656675811479923558e-10
4.607953658001763007e-10
4.607953658001794543e-10
4.607953658001730953e-10
4.511364235108810819e-10
4.511364235108937998e-10
4.511364235108906462e-10
4.511364235108906462e-10
4.463497196290100205e-10
4.463497196290068669e-10
4.463497196290163795e-10
4.463497196290132258e-10
4.368618084131808399e-10
4.368618084131776862e-10
4.368618084131808399e-10
4.368618084131744809e-10
4.321606170221308274e-10
4.321606170221276738e-10
4.321606170221276738e-10
4.321606170221308274e-10
4.228437118213789103e-10
4.228437118213725514e-10
4.228437118213789103e-10
4.182280068549709462e-10
4.182280068549740998e-10
4.182280068549740998e-10
4.182280068549677925e-10
4.090820285246764284e-10
4.090820285246827874e-10
4.090820285246827874e-10
4.090820285246764284e-10
4.045517569384664102e-10
4.045517569384601029e-10
4.045517569384664102e-10
4.045517569384664102e-10
3.955765724757785244e-10
3.955765724757816780e-10
3.955765724757785244e-10
3.911316543233536992e-10
3.911316543233600581e-10
3.911316543233568528e-10
3.911316543233568528e-10
3.823270770337086946e-10
3.823270770337086946e-10
3.823270770337054892e-10
3.823270770337086946e-10
3.779674056066450161e-10
3.779674056066418625e-10
3.779674056066450161e-10
3.779674056066450161e-10
3.693331953879089544e-10
3.693331953879121081e-10
3.693331953879153134e-10
3.693331953879089544e-10
3.650586373148422981e-10
3.650586373148390927e-10
3.650586373148390927e-10
3.565945008459683590e-10
3.565945008459588464e-10
3.565945008459620000e-10
3.565945008459620000e-10
3.524048962114097627e-10
3.524048962114034037e-10
3.524048962114097627e-10
3.524048962114034037e-10
3.441104872059797515e-10
3.441104872059829051e-10
