1.183784449656478294e-09
1.369242279491787409e-09
1.556012874785366042e-09
1.741394723308911106e-09
1.922793268446699177e-09
2.097731510659953911e-09
2.263874640475502243e-09
2.419041253625511882e-09
2.561207829395386538e-09
2.688520089843809611e-09
2.799287931496399755e-09
2.891999370896154889e-09
2.965308478619118149e-09
3.018044063818484025e-09
3.049202855016448669e-09
3.057939893564741897e-09
3.043573805323582260e-09
3.005566088080312888e-09
2.943540606859717144e-09
2.857234787462079707e-09
2.746536158311565722e-09
2.611444379663260047e-09
2.452088714674143904e-09
2.268679530668228596e-09
2.061543525288654377e-09
1.831099387005952757e-09
1.577827170048914009e-09
1.302299763203237800e-09
1.005138847486407551e-09
6.870258397286657670e-10
3.487158013622275196e-10
-9.041208079652314689e-12
-3.854063376491766847e-10
-7.795661941431849537e-10
-1.190649738599554787e-09
-1.617793571869831471e-09
-2.060098113454405507e-09
-2.516699726442673836e-09
-2.986690615385988222e-09
-3.469207634906964275e-09
-3.963391129573368952e-09
-4.468373148959313854e-09
-4.983323735962949804e-09
-5.507448188687755758e-09
-6.039943023453723428e-09
-6.580056519357176780e-09
-7.127051505233482167e-09
-7.680231911937663231e-09
-8.238946848690454594e-09
-8.802533006531963565e-09
-9.370425484535992955e-09
-9.942053100349421943e-09
-1.051687397091228509e-08
-1.109442651688551768e-08
-1.167423989035672632e-08
-1.225589520896954161e-08
-1.283903020088288268e-08
-1.342328776039431723e-08
-1.400835908309290549e-08
-1.459397201254930848e-08
-1.517987853319670045e-08
-1.576587123283961857e-08
-1.635176655079866006e-08
-1.693739709837095770e-08
-1.752265640199038561e-08
-1.810744128652181785e-08
-1.869164494458343411e-08
-1.927524252321212572e-08
-1.985820408097905668e-08
-2.044049839040525723e-08
-2.102211893289457522e-08
-2.160311008399490083e-08
-2.218350082875016601e-08
-2.276331648378932138e-08
-2.334262084585518494e-08
-2.392149179479917224e-08
-2.450000057151315160e-08
-2.507820987108889314e-08
-2.565621345778667227e-08
-2.623410330879664233e-08
-2.681197377300121893e-08
-2.738990195945183562e-08
-2.796797672597041088e-08
-2.854629372468425298e-08
-2.912494679219024769e-08
-2.970400865939593079e-08
-3.028354230658905580e-08
-3.086363959949025347e-08
-3.144436805484162963e-08
-3.202576817343886717e-08
-3.260789051086693283e-08
-3.319079412522751787e-08
-3.377449733902913076e-08
-3.435902541968809797e-08
-3.494438528246609754e-08
-3.553057920359478188e-08
-3.611761479917088959e-08
-3.670545895029087972e-08
-3.729407701186726679e-08
-3.788342482239738307e-08
-3.847345958884499040e-08
-3.906412687405429625e-08
-3.965533966152594125e-08
-4.024700492222424491e-08
-4.083901359832792088e-08
-4.143129345342726467e-08
-4.202370020443825414e-08
-4.261614527547389390e-08
-4.320842528680846482e-08
-4.380042737464751877e-08
-4.439199879015155885e-08
-4.498296886664256359e-08
-4.557321429835802101e-08
-4.616245893731054640e-08
-4.675058769090789753e-08
-4.733734044054121861e-08
-4.792261985729679557e-08
-4.850613216825271230e-08
-4.908778501674804185e-08
-4.966719402765931127e-08
-5.024428516920577446e-08
-5.081872473302200617e-08
-5.139044653081000685e-08
-5.195908215041744941e-08
-5.252457338488370626e-08
-5.308648776857794600e-08
-5.364477952220692330e-08
-5.419909778977376713e-08
-5.474938531833103854e-08
-5.529527518277745266e-08
-5.583670649702952135e-08
-5.637329585480003028e-08
-5.690496065627353683e-08
-5.743147753132325017e-08
-5.795264588696184765e-08
-5.846836373805080082e-08
-5.897829137702910574e-08
-5.948242782527726002e-08
-5.998043399365302112e-08
-6.047234796323303165e-08
-6.095786934199877410e-08
-6.143694805166835412e-08
-6.190940445374840144e-08
-6.237509406356107232e-08
-6.283403971101598752e-08
-6.328594190504123045e-08
-6.373091485269841557e-08
-6.416874255330152290e-08
-6.459939066741489275e-08
-6.502283191079440622e-08
-6.543890329867322725e-08
-6.584769306748992409e-08
-6.624908750616299810e-08
-6.664312913735576404e-08
-6.702980286761874145e-08
-6.740906300778297071e-08
-6.778097333413543739e-08
-6.814547842941851243e-08
-6.850259535321457995e-08
-6.885249959355551575e-08
-6.919510437318643627e-08
-6.953055379227459208e-08
-6.985890105143474093e-08
-7.018010407921801904e-08
-7.049443863969415427e-08
-7.080178992072349337e-08
-7.110234129799345997e-08
-7.139622661350939032e-08
-7.168350841887566997e-08
-7.196430728055025286e-08
-7.223880275134911341e-08
-7.250698100134177886e-08
-7.276910176551588980e-08
-7.302526812621411614e-08
-7.327549320245215152e-08
-7.352011333043045003e-08
-7.375914452381509926e-08
-7.399272094656867196e-08
-7.422111535130461890e-08
-7.444435498432000941e-08
-7.466258915816874157e-08
-7.487605843507827505e-08
-7.508486254352197345e-08
-7.528911796234619385e-08
-7.548905951487606838e-08
-7.568480045890342719e-08
-7.587644168769896482e-08
-7.606422359925046569e-08
-7.624824480259255032e-08
-7.642859948029271180e-08
-7.660555095867357055e-08
-7.677918635858893841e-08
-7.694958598524201713e-08
-7.711700231446337280e-08
-7.728151776463400400e-08
-7.744318146713769978e-08
-7.760226703314050625e-08
-7.775882458717234313e-08
-7.791289269235630997e-08
-7.806474053339135191e-08
-7.821443123108799505e-08
-7.836197305464773862e-08
-7.850759431561817450e-08
-7.865138888439280306e-08
-7.879336382861453621e-08
-7.893362354543293620e-08
-7.907235006756467556e-08
-7.920953559658918039e-08
-7.934523062583447594e-08
-7.947959650715726934e-08
-7.961266215830473148e-08
-7.974443250142767053e-08
-7.987504132813296237e-08
-8.000452814073383844e-08
-8.013289965942029568e-08
-8.026020729121482600e-08
-8.038653443726840504e-08
-8.051186668628952313e-08
-8.063622639503519671e-08
-8.075967975625034168e-08
-8.088221056179010573e-08
-8.100383078202999182e-08
-8.112457273602029573e-08
-8.124443959486180280e-08
-8.136342104124852319e-08
-8.148153695292614657e-08
-8.159878514526964704e-08
-8.171512395194484369e-08
-8.183056445364617008e-08
-8.194512394845929922e-08
-8.205871502084765691e-08
-8.217133511264468752e-08
-8.228299203235067024e-08
-8.239368017046873606e-08
-8.250330051136727397e-08
-8.261185970601251329e-08
-8.271937227182919194e-08
-8.282576214790563768e-08
-8.293094438911919218e-08
-8.303493683548722132e-08
-8.313775065516031048e-08
-8.323926088263606998e-08
-8.333941609310431599e-08
-8.343823426977332092e-08
-8.353572696426666116e-08
-8.363171484300167811e-08
-8.372619584586718910e-08
-8.381918745416209362e-08
-8.391069248086163369e-08
-8.400050746975302164e-08
-8.408864530950134115e-08
-8.417512633410657893e-08
-8.425995736351803728e-08
-8.434293606511213308e-08
-8.442408470581803869e-08
-8.450342256215745784e-08
-8.458096164037773880e-08
-8.465650436724869931e-08
-8.473007061117750404e-08
-8.480168603832124599e-08
-8.487136802666198091e-08
-8.493893602238138637e-08
-8.500440938026701042e-08
-8.506781120786469811e-08
-8.512914712979085655e-08
-8.518833268741622714e-08
-8.524532656037723626e-08
-8.530015752145136589e-08
-8.535283247478299330e-08
-8.540333301455793287e-08
-8.545157217615759989e-08
-8.549757970504976133e-08
-8.554138559439579375e-08
-8.558299601489424538e-08
-8.562236281481847134e-08
-8.565947803432458060e-08
-8.569436822628610696e-08
-8.572707724670210328e-08
-8.575753309396040470e-08
-8.578577817851363629e-08
-8.581181868988565352e-08
-8.583568096438484142e-08
-8.585741442244496908e-08
-8.587696384603055664e-08
-8.589437946802820036e-08
-8.590965138187936234e-08
-8.592288589928217552e-08
-8.593403976546157301e-08
-8.594314602935616770e-08
-8.595022430145157862e-08
-8.595530440222034020e-08
-8.595847740316263357e-08
-8.595972900653171566e-08
-8.595908571005927543e-08
-8.595655924013296215e-08
-8.595219436007234594e-08
-8.594606378907472878e-08
-8.593820019897965546e-08
-8.592859817165617556e-08
-8.591726887377256680e-08
-8.590434458023850973e-08
-8.588987982426334634e-08
-8.587384597966982200e-08
-8.585627095267836201e-08
-8.583718302290269064e-08
-8.581670007708497824e-08
-8.579486776125900512e-08
-8.577169417460558214e-08
-8.574715741573260535e-08
-8.572130678886092345e-08
-8.569429883738941953e-08
-8.566613698441116752e-08
-8.563682794003647226e-08
-8.560636562606278338e-08
-8.557480155431174421e-08
-8.554227846093109869e-08
-8.550881458245549793e-08
-8.547440684116955224e-08
-8.543905191492533921e-08
-8.540279016532983945e-08
-8.536575894805046101e-08
-8.532797392322291514e-08
-8.528942690228323921e-08
-8.525011153739711990e-08
-8.521007144413330799e-08
-8.516943372740883553e-08
-8.512820844038246775e-08
-8.508638595843058326e-08
-8.504397176238574637e-08
-8.500098938358556146e-08
-8.495754967848343998e-08
-8.491365501180478825e-08
-8.486931911876059323e-08
-8.482453971970990815e-08
-8.477931563251237601e-08
-8.473373684272958791e-08
-8.468783473081465723e-08
-8.464160704988563646e-08
-8.459504628805200869e-08
-8.454815463156933825e-08
-8.450099525609352134e-08
-8.445359415329643905e-08
-8.440595479592845859e-08
-8.435807797198433079e-08
-8.430995541967409473e-08
-8.426161505855894461e-08
-8.421309453777107825e-08
-8.416438533092861780e-08
-8.411548518699915430e-08
-8.406640634717578651e-08
-8.401713891987128388e-08
-8.396771869525581069e-08
-8.391813961988135444e-08
-8.386840576549882006e-08
-8.381851290412207549e-08
-8.376845529981340853e-08
-8.371825725278340559e-08
-8.366791169005284723e-08
-8.361740910054287860e-08
-8.356674614698603917e-08
-8.351593187857411764e-08
-8.346496250148889490e-08
-8.341384850009243382e-08
-8.336254824362593729e-08
-8.331106833310186655e-08
-8.325941234858967645e-08
-8.320757813496226349e-08
-8.315556933336015801e-08
-8.310337293712658682e-08
-8.305095839145380184e-08
-8.299833261397518000e-08
-8.294549128954489899e-08
-8.289244185282524674e-08
-8.283917971073771512e-08
-8.278568126094216294e-08
-8.273193303089250696e-08
-8.267791419787195217e-08
-8.262364904682330287e-08
-8.256913572664075615e-08
-8.251436380647355557e-08
-8.245930087951876554e-08
-8.240394696386053947e-08
-8.234826861226419685e-08
-8.229229853896328147e-08
-8.223603842860044630e-08
-8.217946993969365809e-08
-8.212256534449233352e-08
-8.206532986101588921e-08
-8.200772345317210618e-08
-8.194978548289968070e-08
-8.189151868001639516e-08
-8.183289419644353859e-08
-8.177390785800274690e-08
-8.171455999243224321e-08
-8.165481064709372968e-08
-8.159469682824257294e-08
-8.153422433674156064e-08
-8.147336730676675828e-08
-8.141212830834318277e-08
-8.135049448897405732e-08
-8.128844636001945236e-08
-8.122601478238364729e-08
-8.116317974980487849e-08
-8.109995636077248570e-08
-8.103635169656661128e-08
-8.097230502407790415e-08
-8.090786493868767786e-08
-8.084302612498892918e-08
-8.077777089045390414e-08
-8.071211630859866561e-08
-8.064607188353522243e-08
-8.057962258021700261e-08
-8.051278281171428497e-08
-8.044553084191226937e-08
-8.037789020051802176e-08
-8.030986965048972215e-08
-8.024144671441051076e-08
-8.017264819610860789e-08
-8.010347749822124176e-08
-8.003392447005380324e-08
-7.996401077004817121e-08
-7.989370846559884408e-08
-7.982303804101180505e-08
-7.975201943228743476e-08
-7.968065496872398653e-08
-7.960895486519999104e-08
-7.953690676460589071e-08
-7.946452980931454623e-08
-7.939181493694163075e-08
-7.931876187622484292e-08
-7.924541869825329101e-08
-7.917176654970409435e-08
-7.909783542966788659e-08
-7.902362197775319450e-08
-7.894911017525408444e-08
-7.887432633683724965e-08
-7.879924946101956512e-08
-7.872392866006303791e-08
-7.864838396098173884e-08
-7.857260110175253940e-08
-7.849658293463183452e-08
-7.842032837071641887e-08
-7.834384757745097809e-08
-7.826713533118332648e-08
-7.819024624501918879e-08
-7.811318777422492940e-08
-7.803594929984495011e-08
-7.795853483033561886e-08
-7.788094607138835736e-08
-7.780318117960536250e-08
-7.772525015033540089e-08
-7.764719794152503811e-08
-7.756903064768220879e-08
-7.749074215132320960e-08
-7.741233018214563204e-08
-7.733380207045729169e-08
-7.725515204889558046e-08
-7.717639170880990677e-08
-7.709755767105564627e-08
-7.701866056718801224e-08
-7.693969394012661699e-08
-7.686065022684132945e-08
-7.678154329817428724e-08
-7.670236055436216921e-08
-7.662311861681720261e-08
-7.654383655453801910e-08
-7.646454087622538430e-08
-7.638521329820726361e-08
-7.630586291696106000e-08
-7.622648555741902481e-08
-7.614707605136727871e-08
-7.606764516347226267e-08
-7.598820616987428205e-08
-7.590877945260009170e-08
-7.582934767428286567e-08
-7.574993292012085751e-08
-7.567051240274667623e-08
-7.559109990050644841e-08
-7.551168616380041649e-08
-7.543228762445364508e-08
-7.535291834941757496e-08
-7.527357392245300155e-08
-7.519425964933195479e-08
-7.511496470579922591e-08
-7.503570519342174662e-08
-7.495645901054764838e-08
-7.487724959394330702e-08
-7.479807221816014056e-08
-7.471894450590919905e-08
-7.463984863081036028e-08
-7.456080243273274614e-08
-7.448178708948194998e-08
-7.440281832597052771e-08
-7.432388306780024614e-08
-7.424499550139654325e-08
-7.416614847847897057e-08
-7.408734469773684970e-08
-7.400858174048877558e-08
-7.392985912409537487e-08
-7.385117982339988579e-08
-7.377254111747835864e-08
-7.369394519303107653e-08
-7.361539049155975491e-08
-7.353687966002117814e-08
-7.345840662110218043e-08
-7.337997451655384227e-08
-7.330158248515541453e-08
-7.322323302340945430e-08
-7.314491998448256666e-08
-7.306665026999920584e-08
-7.298841569406356297e-08
-7.291022043278100208e-08
-7.283206014877108599e-08
-7.275393707898430094e-08
-7.267585206878070409e-08
-7.259780226953555428e-08
-7.251979071204920381e-08
-7.244181523029958788e-08
-7.236386942323754826e-08
-7.228595154255531808e-08
-7.220806206918761688e-08
-7.213019852345607949e-08
-7.205236609380807152e-08
-7.197455910100417513e-08
-7.189678210365923217e-08
-7.181903296376679258e-08
-7.174130641772647925e-08
-7.166360122284566736e-08
-7.158591814243868524e-08
-7.150825538002276715e-08
-7.143061684370205259e-08
-7.135299845490702143e-08
-7.127540463928953185e-08
-7.119783361882154846e-08
-7.112027963940709022e-08
-7.104274342678398635e-08
-7.096522659696404527e-08
-7.088773221091258012e-08
-7.081025686828993952e-08
-7.073280443866026389e-08
-7.065536896359146159e-08
-7.057795851098765193e-08
-7.050056078199396824e-08
-7.042318237658525642e-08
-7.034581892551146463e-08
-7.026847860510750411e-08
-7.019115079686249543e-08
-7.011384621311740598e-08
-7.003655368120061204e-08
-6.995928537308144477e-08
-6.988203283271352469e-08
-6.980479496118806979e-08
-6.972757621432189908e-08
-6.965037729057838088e-08
-6.957319981901363099e-08
-6.949604300273905263e-08
-6.941890776026658590e-08
-6.934179058178815890e-08
-6.926469480019842458e-08
-6.918761526218069558e-08
-6.911055700224470050e-08
-6.903353094714722264e-08
-6.895653078655633245e-08
-6.887955846533379219e-08
-6.880261554116260395e-08
-6.872570005294973661e-08
-6.864881316623370141e-08
-6.857195427015551261e-08
-6.849512003471100397e-08
-6.841831409355507865e-08
-6.834154881254289620e-08
-6.826481912900088252e-08
-6.818812500676073079e-08
-6.811146229306342256e-08
-6.803483546936969937e-08
-6.795824347894243203e-08
-6.788168506619291910e-08
-6.780516072235791833e-08
-6.772867340575293757e-08
-6.765223940197340423e-08
-6.757584459819045556e-08
-6.749950069744539519e-08
-6.742319275133253373e-08
-6.734693297777273972e-08
-6.727071576786206721e-08
-6.719454030848065058e-08
-6.711840970076434048e-08
-6.704232300885819723e-08
-6.696630638726557165e-08
-6.689033666040269720e-08
-6.681443186409976813e-08
-6.673857257241846881e-08
-6.666277355270059503e-08
-6.658702682523935958e-08
-6.651133268338343470e-08
-6.643569502923361387e-08
-6.636011198463197942e-08
-6.628460627572661607e-08
-6.620915663970355876e-08
-6.613377590993781554e-08
-6.605845402178273680e-08
-6.598319595571793700e-08
-6.590800168943468591e-08
-6.583286499057043675e-08
-6.575779906878399644e-08
-6.568279517712610769e-08
-6.560787030877175833e-08
-6.553301266855422376e-08
-6.545822722894865712e-08
-6.538351798329188824e-08
-6.530887373534360162e-08
-6.523431181535554645e-08
-6.515980994765293518e-08
-6.508538688579932990e-08
-6.501103146653576052e-08
-6.493674811166007209e-08
-6.486255625400333731e-08
-6.478843347492218181e-08
-6.471440171812859320e-08
-6.464043895134270133e-08
-6.456655841335065861e-08
-6.449275506208296738e-08
-6.441902384879974553e-08
-6.434537971894206717e-08
-6.427180994556461408e-08
-6.419832811038541528e-08
-6.412492579589809040e-08
-6.405160426554757148e-08
-6.397837355092504734e-08
-6.390521839382252813e-08
-6.383215174597728833e-08
-6.375916270664704403e-08
-6.368625558408488692e-08
-6.361343093267388100e-08
-6.354068589141201613e-08
-6.346804123913980713e-08
-6.339547390966779260e-08
-6.332299504780021231e-08
-6.325060446328287838e-08
-6.317829629284785082e-08
-6.310608046024842311e-08
-6.303394501156274701e-08
-6.296189850281884027e-08
-6.288993325336545916e-08
-6.281804584759518344e-08
-6.274626148377469394e-08
-6.267455703449522301e-08
-6.260294083091872996e-08
-6.253141391866503653e-08
-6.245997037717501172e-08
-6.238861922495667574e-08
-6.231734956801224448e-08
-6.224617058775534973e-08
-6.217507172541208418e-08
-6.210405484053740441e-08
-6.203313784807931518e-08
-6.196230201381836932e-08
-6.189155418571948386e-08
-6.182089541266355738e-08
-6.175032380285544174e-08
-6.167983969122255220e-08
-6.160944196514476091e-08
-6.153913069977506609e-08
-6.146890398434478160e-08
-6.139876026843421288e-08
-6.132871284070915177e-08
-6.125874615065056478e-08
-6.118886903725900152e-08
-6.111908500656264934e-08
-6.104938308414853373e-08
-6.097977092591336055e-08
-6.091024866726593431e-08
-6.084080951693960592e-08
-6.077146218334363355e-08
-6.070219208961274221e-08
-6.063300738510385699e-08
-6.056390973014978527e-08
-6.049489586500775701e-08
-6.042597311375990888e-08
-6.035713484330181886e-08
-6.028837953560221468e-08
-6.021971470907376695e-08
-6.015112896076835733e-08
-6.008263403693655767e-08
-6.001421498954325548e-08
-5.994587458850265533e-08
-5.987763421550979639e-08
-5.980946829082612212e-08
-5.974138915325469055e-08
-5.967340059164799014e-08
-5.960549058626968617e-08
-5.953766784589960714e-08
-5.946993001337212899e-08
-5.940227377409909176e-08
-5.933470780973410041e-08
-5.926721470961021533e-08
-5.919980019780668748e-08
-5.913248297311580438e-08
-5.906524552110910363e-08
-5.899809316668037734e-08
-5.893102687140260307e-08
-5.886404397979572742e-08
-5.879714557639014817e-08
-5.873033131373295034e-08
-5.866359776976867537e-08
-5.859695209959638697e-08
-5.853038127617758163e-08
-5.846389092783443561e-08
-5.839748646246997649e-08
-5.833116364816995693e-08
-5.826492612325851611e-08
-5.819876930651562042e-08
-5.813269335136010579e-08
-5.806670278564894344e-08
-5.800079117075647599e-08
-5.793495887325738722e-08
-5.786921279351616983e-08
-5.780354128118755740e-08
-5.773795076385401524e-08
-5.767244598408477875e-08
-5.760702245612041423e-08
-5.754168277555574566e-08
-5.747642518333627568e-08
-5.741124813059873274e-08
-5.734615596472912412e-08
-5.728114253570710664e-08
-5.721620599524325531e-08
-5.715136211160762501e-08
-5.708658741045734080e-08
-5.702188781027630295e-08
-5.695728918822809950e-08
-5.689276486603596882e-08
-5.682832335429521215e-08
-5.676397087728979955e-08
-5.669969324103452400e-08
-5.663550319552458778e-08
-5.657139554252938149e-08
-5.650736420792270082e-08
-5.644342485547190416e-08
-5.637955571081866703e-08
-5.631575987635879500e-08
-5.625206804201237913e-08
-5.618844571826010937e-08
-5.612490208614504059e-08
-5.606145405390593181e-08
-5.599808084937265268e-08
-5.593478547080890243e-08
-5.587158247262299506e-08
-5.580845372144889243e-08
-5.574540380399117977e-08
-5.568244144948553784e-08
-5.561955434566221570e-08
-5.555674724124201891e-08
-5.549403063340898483e-08
-5.543139366937347564e-08
-5.536884051990454780e-08
-5.530637452819889246e-08
-5.524398354785698558e-08
-5.518167944653039617e-08
-5.511946012030575030e-08
-5.505731631217172566e-08
-5.499526181181411564e-08
-5.493328038611118389e-08
-5.487138055736846220e-08
-5.480957322143661922e-08
-5.474784399244572163e-08
-5.468619754018369223e-08
-5.462464165936536225e-08
-5.456316829335214397e-08
-5.450177615253637519e-08
-5.444047071078377425e-08
-5.437924856390068987e-08
-5.431810625885143345e-08
-5.425705611205621739e-08
-5.419607568382291183e-08
-5.413517513848335634e-08
-5.407437256293324398e-08
-5.401364455123819820e-08
-5.395299734665572708e-08
-5.389244322143327481e-08
-5.383196802761128714e-08
-5.377157614429715520e-08
-5.371126900273305112e-08
-5.365104389496522381e-08
-5.359089987172384929e-08
-5.353084645839205128e-08
-5.347086179033895573e-08
-5.341095968000377857e-08
-5.335115168931213443e-08
-5.329141863327481746e-08
-5.323176876441736571e-08
-5.317220736390550202e-08
-5.311272884373581842e-08
-5.305333004785296552e-08
-5.299401754443628996e-08
-5.293478936824229916e-08
-5.287563787686328033e-08
-5.281657506780096658e-08
-5.275758646987861227e-08
-5.269867996059791807e-08
-5.263985660766508981e-08
-5.258111750480083273e-08
-5.252246233182669277e-08
-5.246388889196272122e-08
-5.240540564236702829e-08
-5.234699640832079938e-08
-5.228867178736028700e-08
-5.223043630949180848e-08
-5.217227750420927037e-08
-5.211419787505619116e-08
-5.205621096202363928e-08
-5.199829420920655790e-08
-5.194044674611978825e-08
-5.188270499061666566e-08
-5.182503007570102077e-08
-5.176743488121820668e-08
-5.170992967592863744e-08
-5.165250104517035707e-08
-5.159515409497443864e-08
-5.153788838872716159e-08
-5.148070460110085631e-08
-5.142359722332145913e-08
-5.136657627200885154e-08
-5.130962631285689393e-08
-5.125275568236385319e-08
-5.119596280350261229e-08
-5.113925398356636349e-08
-5.108262315509930017e-08
-5.102606782945508921e-08
-5.096960252072327630e-08
-5.091320911525251518e-08
-5.085689192722512818e-08
-5.080066031785866596e-08
-5.074450522966041693e-08
-5.068842483813200062e-08
-5.063243345806669814e-08
-5.057650381907995399e-08
-5.052065214577023544e-08
-5.046488615325243928e-08
-5.040919297828305818e-08
-5.035357985341173094e-08
-5.029804333234726881e-08
-5.024259299613344144e-08
-5.018721242984349153e-08
-5.013190736437527864e-08
-5.007668838599951710e-08
-5.002154299463807573e-08
-4.996647177735890236e-08
-4.991148779010549981e-08
-4.985656407659430522e-08
-4.980171770641326616e-08
-4.974695350521496226e-08
-4.969225977336739748e-08
-4.963764566085928124e-08
-4.958310308614926378e-08
-4.952864660616558212e-08
-4.947425741420394463e-08
-4.941994219028381072e-08
-4.936570904099752294e-08
-4.931154708205642559e-08
-4.925745846228780805e-08
-4.920345209502996217e-08
-4.914950918217598075e-08
-4.909564142246847524e-08
-4.904184375160333311e-08
-4.898813160396080936e-08
-4.893448630239030164e-08
-4.888091266476227438e-08
-4.882742294649997986e-08
-4.877400227383191924e-08
-4.872065355652802458e-08
-4.866738206508140358e-08
-4.861418641620255008e-08
-4.856105744545025499e-08
-4.850800254731626873e-08
-4.845502741638191325e-08
-4.840211657528002472e-08
-4.834926384167593319e-08
-4.829651198385133232e-08
-4.824381776533765477e-08
-4.819119556600148784e-08
-4.813865141950203680e-08
-4.808618409456044578e-08
-4.803378121539008068e-08
-4.798145068787883383e-08
-4.792920077314962771e-08
-4.787701881185037329e-08
-4.782490595647527445e-08
-4.777287423691447336e-08
-4.772090138127306699e-08
-4.766900263389946861e-08
-4.761716860089124373e-08
-4.756542235177303936e-08
-4.751373731684714300e-08
-4.746212083294353054e-08
-4.741058565176205809e-08
-4.735911728945225615e-08
-4.730771922202558202e-08
-4.725639181650141174e-08
-4.720514341597428126e-08
-4.715395647792598484e-08
-4.710283998780908188e-08
-4.705180710006641907e-08
-4.700082584954862743e-08
-4.694991800223900640e-08
-4.689908331963425386e-08
-4.684832091850135197e-08
-4.679762767339460447e-08
-4.674700101480780215e-08
-4.669645454684181303e-08
-4.664597355566614776e-08
-4.659556100026334602e-08
-4.654522032662813503e-08
-4.649495570827184041e-08
-4.644475267572237697e-08
-4.639461762024567238e-08
-4.634456647538908535e-08
-4.629456534477871509e-08
-4.624463649838246464e-08
-4.619477637377034026e-08
-4.614499287608908046e-08
-4.609527360835505162e-08
-4.604561866573240537e-08
-4.599604408004549813e-08
-4.594653441824815181e-08
-4.589709019996331580e-08
-4.584771646214652635e-08
-4.579841670541554125e-08
-4.574918011374197244e-08
-4.570001140323585703e-08
-4.565091902305084388e-08
-4.560188215632522677e-08
-4.555291588005488442e-08
-4.550400714696781378e-08
-4.545518948967961648e-08
-4.540642428896184813e-08
-4.535772583663202118e-08
-4.530910106796297367e-08
-4.526054757902226174e-08
-4.521205417705299291e-08
-4.516362840737172174e-08
-4.511527549526117239e-08
-4.506698842303220103e-08
-4.501876572979649562e-08
-4.497060976486346284e-08
-4.492252854929629338e-08
-4.487450295258060105e-08
-4.482653511783679071e-08
-4.477865143985028450e-08
-4.473082390026408281e-08
-4.468306717510984295e-08
-4.463537192829512907e-08
-4.458775280131383007e-08
-4.454019534855901402e-08
-4.449270300275875461e-08
-4.444527688350002569e-08
-4.439792217767378309e-08
-4.435062919387844539e-08
-4.430339966248585682e-08
-4.425624414768034761e-08
-4.420914436319584476e-08
-4.416211004312439021e-08
-4.411512636224006089e-08
-4.406823380103091158e-08
-4.402138931580247921e-08
-4.397461147060530506e-08
-4.392789679506069433e-08
-4.388125561677667509e-08
-4.383467272861075629e-08
-4.378815201635834718e-08
-4.374169839624102529e-08
-4.369531412529454559e-08
-4.364898429565433312e-08
-4.360272109366810332e-08
-4.355652985445757777e-08
-4.351038839343577448e-08
-4.346431334557803580e-08
-4.341828967087205907e-08
-4.337235302370862712e-08
-4.332646324437106232e-08
-4.328063890106035417e-08
-4.323487616453113054e-08
-4.318918469335185822e-08
-4.314355009498221281e-08
-4.309797728475440046e-08
-4.305246782057376279e-08
-4.300702755740731694e-08
-4.296164111216265287e-08
-4.291631826747738831e-08
-4.287106492856876998e-08
-4.282586363629839787e-08
-4.278072578672165973e-08
-4.273563481675513462e-08
-4.269063183368067035e-08
-4.264567338794797380e-08
-4.260078177983813964e-08
-4.255594646799437555e-08
-4.251118296246874243e-08
-4.246647542628622547e-08
-4.242182836632914252e-08
-4.237724168602514967e-08
-4.233272225979835563e-08
-4.228826036815744890e-08
-4.224385725260920156e-08
-4.219951637560196907e-08
-4.215524225491302394e-08
-4.211101627468518548e-08
-4.206684449229458147e-08
-4.202274032692420625e-08
-4.197869910782263044e-08
-4.193471243519705017e-08
-4.189078097045314231e-08
-4.184691763153156675e-08
-4.180311555468082991e-08
-4.175936591779867627e-08
-4.171567518478410873e-08
-4.167204703138954147e-08
-4.162848176741727493e-08
-4.158496661137306911e-08
-4.154151200730021861e-08
-4.149812511644936389e-08
-4.145478462079057966e-08
-4.141150529218671330e-08
-4.136826989436432114e-08
-4.132511855961738252e-08
-4.128200815101430256e-08
-4.123896171176876734e-08
-4.119596756492808799e-08
-4.115304163492343113e-08
-4.111017139136347396e-08
-4.106735427689693005e-08
-4.102459446177404816e-08
-4.098189814952649114e-08
-4.093925994944600025e-08
-4.089667404362324979e-08
-4.085414140845429390e-08
-4.081168329963802086e-08
-4.076926237732572565e-08
-4.072690418338300416e-08
-4.068459065166647055e-08
-4.064235866917984042e-08
-4.060016640364459056e-08
-4.055803644550353964e-08
-4.051595787333621191e-08
-4.047394648476234725e-08
-4.043198829554328544e-08
-4.039008343819732445e-08
-4.034823419510768023e-08
-4.030644719848939021e-08
-4.026471751648253109e-08
-4.022303826873376354e-08
-4.018141226910771416e-08
-4.013985726408812240e-08
-4.009834043441994691e-08
-4.005688401086405322e-08
-4.001546887935965688e-08
-3.997413477486817620e-08
-3.993283804743132275e-08
-3.989160228204623812e-08
-3.985041615477180210e-08
-3.980929363991522685e-08
-3.976822717140765057e-08
-3.972720845477422850e-08
-3.968624459189917941e-08
-3.964533881006273564e-08
-3.960449150585631100e-08
-3.956368934910947937e-08
-3.952294522085345321e-08
-3.948226115644487068e-08
-3.944162530409285468e-08
-3.940104273328959452e-08
-3.936050361477889666e-08
-3.932002954593156447e-08
-3.927961085958174676e-08
-3.923924094441494406e-08
-3.919892164953584397e-08
-3.915866050195450149e-08
-3.911845718771815473e-08
-3.907830218433417988e-08
-3.903820100465298668e-08
-3.899815215502726386e-08
-3.895816312837399029e-08
-3.891822420386777758e-08
-3.887833616298122286e-08
-3.883849721345613722e-08
-3.879872769144185349e-08
-3.875899030563524244e-08
-3.871931177655883397e-08
-3.867967282228049479e-08
-3.864011167855569147e-08
-3.860058546674491862e-08
-3.856111710169402579e-08
-3.852169622333244720e-08
-3.848233568534280578e-08
-3.844302901730394493e-08
-3.840376756528141288e-08
-3.836455810179066687e-08
-3.832540245118185661e-08
-3.828630369932306389e-08
-3.824725297363945742e-08
-3.820825228436256719e-08
-3.816930371910038291e-08
-3.813041706115756076e-08
-3.809156327412820182e-08
-3.805276638888759112e-08
-3.801400927811189782e-08
-3.797532704084534080e-08
-3.793667767100882400e-08
-3.789808500603648311e-08
-3.785953750319858766e-08
-3.782104909989288913e-08
-3.778261254511501175e-08
-3.774421921398374708e-08
-3.770587650921764641e-08
-3.766758555084837590e-08
-3.762935031390626580e-08
-3.759116036012902139e-08
-3.755301984864958402e-08
-3.751492812110100751e-08
-3.747689904580550651e-08
-3.743890013220976275e-08
-3.740095711599109837e-08
-3.736305152974544460e-08
-3.732521960596357077e-08
-3.728741969609898786e-08
-3.724967481779558147e-08
-3.721197317892535773e-08
-3.717432919411501851e-08
-3.713673510674505261e-08
-3.709918421715542418e-08
-3.706168224987007646e-08
-3.702422959999811561e-08
-3.698683211983840499e-08
-3.694948068852958064e-08
-3.691217542739851773e-08
-3.687491452180419494e-08
-3.683771676125612844e-08
-3.680055236960278277e-08
-3.676344079346066537e-08
-3.672636446407472494e-08
-3.668934965253180957e-08
-3.665238495647672397e-08
-3.661546101587776364e-08
-3.657858431264396952e-08
-3.654175453534250274e-08
-3.650498304400867494e-08
-3.646825536835513172e-08
-3.643157236308046850e-08
-3.639493628447928644e-08
-3.635835095312545787e-08
-3.632181637383648267e-08
-3.628532333318088367e-08
-3.624887788082678885e-08
-3.621248098131179106e-08
-3.617614043683636197e-08
-3.613982912806309636e-08
-3.610357106437381822e-08
-3.606734695375670880e-08
-3.603119389251732495e-08
-3.599507063833558463e-08
-3.595899945273025048e-08
-3.592296895810065848e-08
-3.588698977569998370e-08
-3.585105980954519815e-08
-3.581517230209215195e-08
-3.577933087343260670e-08
-3.574353441843208821e-08
-3.570778885179461223e-08
-3.567209122839720905e-08
-3.563642992175976555e-08
-3.560081871252599840e-08
-3.556525523900923198e-08
-3.552974258596581734e-08
-3.549425984559447346e-08
-3.545882786618182889e-08
-3.542343066763606448e-08
-3.538810188826131783e-08
-3.535280115629680087e-08
-3.531755144024790036e-08
-3.528234095643577606e-08
-3.524718076406140051e-08
-3.521206768735473247e-08
-3.517699659293612259e-08
-3.514196964445594341e-08
-3.510698651476888827e-08
-3.507205218857916170e-08
-3.503716456760615223e-08
-3.500231365012717033e-08
-3.496750915555941212e-08
-3.493275015545947621e-08
-3.489804455816106255e-08
-3.486336537617803207e-08
-3.482873689185916393e-08
-3.479413864090962829e-08
-3.475960866193796000e-08
-3.472511075550885049e-08
-3.469065700213324844e-08
-3.465624361851731912e-08
-3.462187383801875627e-08
-3.458755773380747850e-08
-3.455328219235233050e-08
-3.451904619026810538e-08
-3.448485292704176691e-08
-3.445070448160980499e-08
-3.441660452950228765e-08
-3.438254435037738005e-08
-3.434852719160058329e-08
-3.431454864271369266e-08
-3.428062757327084448e-08
-3.424673510191551420e-08
-3.421288989846089450e-08
-3.417907719578751588e-08
-3.414530868670875918e-08
-3.411159979685926417e-08
-3.407791640470259686e-08
-3.404428190816867243e-08
-3.401068469056060828e-08
-3.397713757843479722e-08
-3.394363279227007475e-08
-3.391016503466944919e-08
-3.387674113521722258e-08
-3.384335818777511665e-08
-3.381002180754688489e-08
-3.377672912552605583e-08
-3.374347058742450642e-08
-3.371025645792630465e-08
-3.367708284100811844e-08
-3.364396374158681305e-08
-3.361086716427394331e-08
-3.357782001576988091e-08
-3.354480182192245010e-08
-3.351183723610203674e-08
-3.347891755404984409e-08
-3.344602849380570563e-08
-3.341318404264702553e-08
-3.338037696528189581e-08
-3.334761912647137895e-08
-3.331490274083920845e-08
-3.328222089734826983e-08
-3.324958084900404759e-08
-3.321698097453254110e-08
-3.318442780698240553e-08
-3.315191659177771342e-08
-3.311943760853776868e-08
-3.308700154640543709e-08
-3.305460559737120731e-08
-3.302226219821867353e-08
-3.298994025502479259e-08
-3.295766674008205006e-08
-3.292542043623155674e-08
-3.289322467455115248e-08
-3.286107644380694603e-08
-3.282895532639679878e-08
-3.279687867465884400e-08
-3.276483716665668398e-08
-3.273284406266993216e-08
-3.270089050843025684e-08
-3.266897212119860650e-08
-3.263709424135889491e-08
-3.260525554113403768e-08
-3.257345952292056843e-08
-3.254170455966348667e-08
-3.250998474770196872e-08
-3.247830478150436651e-08
-3.244666069463772757e-08
-3.241507010469915376e-08
-3.238350376724085980e-08
-3.235198053973617458e-08
-3.232048834337880323e-08
-3.228903166600341019e-08
-3.225763492284765611e-08
-3.222625965618051592e-08
-3.219492966067154940e-08
-3.216363282579307780e-08
-3.213237590479055880e-08
-3.210116540447580200e-08
-3.206999085353105192e-08
-3.203885011550628153e-08
-3.200774698362678685e-08
-3.197668355624728814e-08
-3.194566416155791508e-08
-3.191468169685917968e-08
-3.188373101046493302e-08
-3.185282043138778829e-08
-3.182195022733250848e-08
-3.179112502354367788e-08
-3.176032106841277419e-08
-3.172956303324610595e-08
-3.169883075984537461e-08
-3.166814692974120440e-08
-3.163750659224836477e-08
-3.160689121222132699e-08
-3.157631808226121910e-08
-3.154577831497014649e-08
-3.151528275891315691e-08
-3.148482456027021809e-08
-3.145440221561078821e-08
-3.142401605000493661e-08
-3.139366558585313598e-08
-3.136335270939188073e-08
-3.133308210108171543e-08
-3.130284646033507976e-08
-3.127264520660617960e-08
-3.124247879592696584e-08
-3.121235465969864956e-08
-3.118227125706242059e-08
-3.115220947662564828e-08
-3.112219155433727492e-08
-3.109219798829071746e-08
-3.106225500213897892e-08
-3.103235102143094497e-08
-3.100247175761018003e-08
-3.097263345610157397e-08
-3.094282672885780756e-08
-3.091306369626390548e-08
-3.088333707589057623e-08
-3.085364514255405240e-08
-3.082398751737649669e-08
-3.079436422726179308e-08
-3.076477785661334277e-08
-3.073523223682586398e-08
-3.070572203470463510e-08
-3.067624173910389357e-08
-3.064679836867629643e-08
-3.061739297652731249e-08
-3.058803106305596714e-08
-3.055868797555891296e-08
-3.052938891882498448e-08
-3.050011382581780414e-08
-3.047087727295795463e-08
-3.044169124359111767e-08
-3.041252457160586718e-08
-3.038340010432893887e-08
-3.035430523547485789e-08
-3.032524623535324704e-08
-3.029623059302708531e-08
-3.026724791433273078e-08
-3.023829380556205528e-08
-3.020937572361196161e-08
-3.018049207114771785e-08
-3.015164913574783101e-08
-3.012284147437858204e-08
-3.009406178534067990e-08
-3.006531907142968360e-08
-3.003660686333616729e-08
-3.000794239488776700e-08
-2.997930283624897736e-08
-2.995069296637968678e-08
-2.992211878892237045e-08
-2.989356864493437754e-08
-2.986507399646985802e-08
-2.983660597076967838e-08
-2.980816553355727761e-08
-2.977976229915423560e-08
-2.975138905502207352e-08
-2.972305696108456596e-08
-2.969475874136045972e-08
-2.966649360726208091e-08
-2.963826052310106911e-08
-2.961005880256897880e-08
-2.958189227646760513e-08
-2.955376475810750962e-08
-2.952567086611897837e-08
-2.949760279088999814e-08
-2.946957162482523298e-08
-2.944157137843824583e-08
-2.941361839987784726e-08
-2.938568312273903535e-08
-2.935778463136232601e-08
-2.932991418702526945e-08
-2.930206942507657474e-08
-2.927428001316285680e-08
-2.924651269867643057e-08
-2.921877480154897127e-08
-2.919107161502700915e-08
-2.916339719372275997e-08
-2.913576355477852003e-08
-2.910816195517314404e-08
-2.908059232723929402e-08
-2.905305356510133867e-08
-2.902554492130564157e-08
-2.899807062769233468e-08
-2.897063413944645271e-08
-2.894323014953600419e-08
-2.891585104379124385e-08
-2.888850715300716122e-08
-2.886119319431337966e-08
-2.883392403703447504e-08
-2.880667604399607622e-08
-2.877945737730295416e-08
-2.875227179075102119e-08
-2.872510798470900272e-08
-2.869799580477454798e-08
-2.867091124163994506e-08
-2.864384915028943611e-08
-2.861682390125106687e-08
-2.858982729462122113e-08
-2.856286503861845789e-08
-2.853593956496848961e-08
-2.850904484075326486e-08
-2.848217569012501987e-08
-2.845533918569239719e-08
-2.842853415250423195e-08
-2.840176562862779112e-08
-2.837502815598393293e-08
-2.834831890840487719e-08
-2.832164268626985799e-08
-2.829499398665992690e-08
-2.826838179384179719e-08
-2.824180554928194015e-08
-2.821524544519959415e-08
-2.818872550209388729e-08
-2.816222551077513762e-08
-2.813575716576137977e-08
-2.810933874064495625e-08
-2.808293536443468134e-08
-2.805656787763506839e-08
-2.803022737268882540e-08
-2.800391638234093169e-08
-2.797764346187826442e-08
-2.795139990593029608e-08
-2.792518587369686912e-08
-2.789900205541454433e-08
-2.787284590877745802e-08
-2.784672175960404762e-08
-2.782063340482537833e-08
-2.779457598988386789e-08
-2.776854234730319027e-08
-2.774254126805713689e-08
-2.771656792930951269e-08
-2.769063451236818705e-08
-2.766472808432119275e-08
-2.763884076329402153e-08
-2.761299121294827603e-08
-2.758716087597792804e-08
-2.756136449007863343e-08
-2.753561261239376106e-08
-2.750987533262293245e-08
-2.748417425740137382e-08
-2.745849751915163153e-08
-2.743285006337085932e-08
-2.740724006987740466e-08
-2.738165797445168317e-08
-2.735610337635181961e-08
-2.733057839172022279e-08
-2.730507998968243164e-08
-2.727961267697252992e-08
-2.725417971644613375e-08
-2.722877668726888482e-08
-2.720339634347626002e-08
-2.717804789983381342e-08
-2.715272607725105289e-08
-2.712744057876567494e-08
-2.710218500406967518e-08
-2.707694538856495661e-08
-2.705174386399423321e-08
-2.702656063517635183e-08
-2.700140646633306111e-08
-2.697630024806726610e-08
-2.695120855678709342e-08
-2.692614750058162848e-08
-2.690111435504350849e-08
-2.687610684594221627e-08
-2.685113475013436636e-08
-2.682619175825152916e-08
-2.680127843823988373e-08
-2.677638800980185761e-08
-2.675152683011030236e-08
-2.672669461270926314e-08
-2.670189462215900986e-08
-2.667712355254288896e-08
-2.665237941912506216e-08
-2.662766177113577076e-08
-2.660297157948653054e-08
-2.657831020367580977e-08
-2.655368849338039355e-08
-2.652907979759798114e-08
-2.650450273240809936e-08
-2.647995120189462133e-08
-2.645541926971183621e-08
-2.643093204185277976e-08
-2.640647260326007442e-08
-2.638202944099837363e-08
-2.635762164474450087e-08
-2.633323715296104548e-08
-2.630888003028383562e-08
-2.628455774880342759e-08
-2.626026224891662495e-08
-2.623599112431929161e-08
-2.621174928011569763e-08
-2.618753173953199769e-08
-2.616334332518204071e-08
-2.613918702413810309e-08
-2.611505890154039212e-08
-2.609095278491159036e-08
-2.606687714186007704e-08
-2.604282535180692981e-08
-2.601880500905896803e-08
-2.599481882994498106e-08
-2.597084522005877752e-08
-2.594690515294198303e-08
-2.592298615845908111e-08
-2.589908736953420738e-08
-2.587523511321132401e-08
-2.585140522617095676e-08
-2.582759228264827080e-08
-2.580381356664701638e-08
-2.578005706317424329e-08
-2.575632737116357490e-08
-2.573263134376800504e-08
-2.570896110430110224e-08
-2.568531411979554105e-08
-2.566169522242605478e-08
-2.563809970401294568e-08
-2.561453244186721523e-08
-2.559099643210321657e-08
-2.556748660278294942e-08
-2.554399951072807773e-08
-2.552054040708759096e-08
-2.549710458019836836e-08
-2.547369805504811539e-08
-2.545032697291157328e-08
-2.542696754793891280e-08
-2.540363811353359049e-08
-2.538033300372281558e-08
-2.535704632648187948e-08
-2.533379781792197521e-08
-2.531057995555408609e-08
-2.528737596832702684e-08
-2.526420509526011742e-08
-2.524105518587748773e-08
-2.521793044985877022e-08
-2.519483794469306933e-08
-2.517177079943969936e-08
-2.514873070378115930e-08
-2.512571115705721303e-08
-2.510271785807377255e-08
-2.507975171696773638e-08
-2.505681203890738998e-08
-2.503390135604478960e-08
-2.501101644599131818e-08
-2.498815044403198218e-08
-2.496531370786565510e-08
-2.494249922506538533e-08
-2.491972101277707631e-08
-2.489696454557152876e-08
-2.487422233905503283e-08
-2.485151460582657809e-08
-2.482882239050641484e-08
-2.480615325664348186e-08
-2.478352847201747484e-08
-2.476092014893681420e-08
-2.473833038412568175e-08
-2.471577144657044486e-08
-2.469323411794801108e-08
-2.467072207371432974e-08
-2.464824153155710843e-08
-2.462578502798317195e-08
-2.460335099686036458e-08
-2.458094243956523162e-08
-2.455855562424001404e-08
-2.453619529293513958e-08
-2.451386481582529879e-08
-2.449155811515263357e-08
-2.446927583705505192e-08
-2.444701459527482521e-08
-2.442478001190843755e-08
-2.440256788772652546e-08
-2.438039184461765547e-08
-2.435823365308813787e-08
-2.433609135804828754e-08
-2.431398175656378918e-08
-2.429188655799576220e-08
-2.426981483362237939e-08
-2.424778616598776041e-08
-2.422577207084560554e-08
-2.420377640560513902e-08
-2.418181043528574834e-08
-2.415986518199464313e-08
-2.413794422328135525e-08
-2.411605400244081116e-08
-2.409418637263600879e-08
-2.407234165078432535e-08
-2.405051996406775788e-08
-2.402872028680352262e-08
-2.400694609767123067e-08
-2.398519888616773185e-08
-2.396347668082384144e-08
-2.394177859010561870e-08
-2.392009829967890339e-08
-2.389844573011004079e-08
-2.387681402224269106e-08
-2.385521474193058412e-08
-2.383363835156155808e-08
-2.381207378074321758e-08
-2.379054095680444016e-08
-2.376902438258924815e-08
-2.374752559628829463e-08
-2.372606816600041388e-08
-2.370463177751442641e-08
-2.368320849092347916e-08
-2.366181636080895824e-08
-2.364044277843958113e-08
-2.361909152621979800e-08
-2.359776941527918055e-08
-2.357647155518830452e-08
-2.355519763733071559e-08
-2.353394056538084868e-08
-2.351270969025421621e-08
-2.349150210329261687e-08
-2.347031657618181012e-08
-2.344915933602215054e-08
-2.342802547511532967e-08
-2.340690941257301626e-08
-2.338581937735205665e-08
-2.336474931311393839e-08
-2.334370313908010513e-08
-2.332269065219245011e-08
-2.330169133420014143e-08
-2.328070967212257432e-08
-2.325975804878734425e-08
-2.323881951422873163e-08
-2.321790335399248117e-08
-2.319702804378358454e-08
-2.317616622894829586e-08
-2.315532036137171172e-08
-2.313450404345005297e-08
-2.311370631529696014e-08
-2.309293032259162900e-08
-2.307218408306206465e-08
-2.305145862607878425e-08
-2.303075727423440252e-08
-2.301007314450742633e-08
-2.298941237876551997e-08
-2.296877562996520665e-08
-2.294816034045873839e-08
-2.292757224840728891e-08
-2.290700666408588747e-08
-2.288645752945137447e-08
-2.286593440442463874e-08
-2.284543009136438681e-08
-2.282494963360007786e-08
-2.280450147924774537e-08
-2.278406566088208637e-08
-2.276364708805429391e-08
-2.274325783586489371e-08
-2.272288094056270498e-08
-2.270252515324744644e-08
-2.268220891397461059e-08
-2.266190682910936730e-08
-2.264161883424544885e-08
-2.262136023094834409e-08
-2.260111892299464317e-08
-2.258089897917063569e-08
-2.256070635620375949e-08
-2.254053587409578936e-08
-2.252038799050921462e-08
-2.250025520126151819e-08
-2.248014796714607119e-08
-2.246006128885794858e-08
-2.243999541661068961e-08
-2.241995644750626397e-08
-2.239993804505001193e-08
-2.237994003306966838e-08
-2.235996109816653321e-08
-2.234000514651774599e-08
-2.232006808628713303e-08
-2.230016294058508255e-08
-2.228027604698191355e-08
-2.226039975024795866e-08
-2.224055233850217544e-08
-2.222071988539000446e-08
-2.220090322945288769e-08
-2.218111985228618615e-08
-2.216136273338437146e-08
-2.214161559878813133e-08
-2.212189315676931462e-08
-2.210219044656299869e-08
-2.208250727524684191e-08
-2.206284623886036057e-08
-2.204321214697309621e-08
-2.202359738408122667e-08
-2.200400258216661849e-08
-2.198442698288068061e-08
-2.196487129461823934e-08
-2.194533844212053407e-08
-2.192582612610604157e-08
-2.190633907899018980e-08
-2.188687277617708440e-08
-2.186742126101340294e-08
-2.184799434719110856e-08
-2.182858498870898118e-08
-2.180919691742477981e-08
-2.178984004612273451e-08
-2.177049669020545055e-08
-2.175116609569713784e-08
-2.173186448363872529e-08
-2.171257500686252937e-08
-2.169330130235861901e-08
-2.167406460418419069e-08
-2.165484710597027558e-08
-2.163564040392183914e-08
-2.161646006160224873e-08
-2.159729701395902370e-08
-2.157815259781132516e-08
-2.155903019289472472e-08
-2.153993423434785621e-08
-2.152085697763201254e-08
-2.150179833736627262e-08
-2.148275877640120258e-08
-2.146373819742330468e-08
-2.144473983245619577e-08
-2.142576116298505004e-08
-2.140680704994136936e-08
-2.138787297769722071e-08
-2.136895360290407503e-08
-2.135005745713188694e-08
-2.133117897913290168e-08
-2.131231994493403932e-08
-2.129349156411638426e-08
-2.127467813474314931e-08
-2.125587503260736552e-08
-2.123709985618435273e-08
-2.121833787882164712e-08
-2.119959094836397477e-08
-2.118087326116823496e-08
-2.116218348367634345e-08
-2.114350264138678175e-08
-2.112484146791164208e-08
-2.110620165663919921e-08
-2.108757979581602950e-08
-2.106897693906641603e-08
-2.105040002151496610e-08
-2.103184091907810017e-08
-2.101330337221096168e-08
-2.099477887343109543e-08
-2.097627748760749718e-08
-2.095779437070697234e-08
-2.093933030375742575e-08
-2.092089063129323261e-08
-2.090246941363349315e-08
-2.088406807646171256e-08
-2.086568114354048023e-08
-2.084731696419002428e-08
-2.082897002029774281e-08
-2.081064546799670770e-08
-2.079234681887376006e-08
-2.077405641078846613e-08
-2.075578383353021738e-08
-2.073753669230079777e-08
-2.071929988119932925e-08
-2.070107992467708255e-08
-2.068289518074381800e-08
-2.066472544880724468e-08
-2.064656602557927681e-08
-2.062843220847494178e-08
-2.061031396256785855e-08
-2.059221328259944206e-08
-2.057413311613846965e-08
-2.055607750669788536e-08
-2.053803857292198861e-08
-2.052001961642874076e-08
-2.050201531995822751e-08
-2.048403043341710719e-08
-2.046606578074609132e-08
-2.044811820173936908e-08
-2.043019466576285465e-08
-2.041228875635139017e-08
-2.039440133746799392e-08
-2.037652853917794859e-08
-2.035867790109092426e-08
-2.034084343750036840e-08
-2.032303149994636348e-08
-2.030524382176536900e-08
-2.028746351828731771e-08
-2.026970114428388622e-08
-2.025196332789376591e-08
-2.023423520386872366e-08
-2.021652288850662327e-08
-2.019884484891506868e-08
-2.018118227616630677e-08
-2.016352935561208871e-08
-2.014590039300361892e-08
-2.012828708593570663e-08
-2.011069110015158219e-08
-2.009311421264166565e-08
-2.007556115878600026e-08
-2.005802431744799477e-08
-2.004050770872013222e-08
-2.002300317279521853e-08
-2.000552012862668762e-08
-1.998805370579626859e-08
-1.997060554351388470e-08
-1.995318005705524055e-08
-1.993577189580849954e-08
-1.991838342805660637e-08
-1.990100712360254456e-08
-1.988365226102521285e-08
-1.986631243075218397e-08
-1.984899202308227848e-08
-1.983169888364758242e-08
-1.981441761327264767e-08
-1.979714605053056317e-08
-1.977990030380687254e-08
-1.976266588028315158e-08
-1.974544576065775047e-08
-1.972824853127189178e-08
-1.971108141778248372e-08
-1.969392197375289657e-08
-1.967677543780662340e-08
-1.965965337809497099e-08
-1.964254499637722997e-08
-1.962545291463330065e-08
-1.960838268225247651e-08
-1.959133314814874599e-08
-1.957430009641678443e-08
-1.955728234224808106e-08
-1.954028179159382213e-08
-1.952329787887952084e-08
-1.950633352336187827e-08
-1.948938495256790558e-08
-1.947245850973676235e-08
-1.945554881394342037e-08
-1.943865617899241078e-08
-1.942177714584469896e-08
-1.940491884536361841e-08
-1.938807564826349289e-08
-1.937125201725387202e-08
-1.935445301752825292e-08
-1.933766285191157808e-08
-1.932088520490188346e-08
-1.922968457282212023e-08
-1.921300943087037822e-08
-1.919634722427641108e-08
-1.917971176903697313e-08
-1.886743415768481698e-08
-1.885110090035932255e-08
-1.883478150320335063e-08
-1.867158254760647860e-08
-1.865543248416336034e-08
-1.863929861767367157e-08
-1.862318570293568587e-08
-1.831542561479512009e-08
-1.829961287425054824e-08
-1.828381531742800646e-08
-1.826803383934485846e-08
-1.810750661048621558e-08
-1.809189111958403785e-08
-1.807629060925362569e-08
-1.806071221865923550e-08
-1.775777181436416602e-08
-1.774248623556340005e-08
-1.772721266360289217e-08
-1.771195901407964987e-08
-1.755410667053450523e-08
-1.753901362748955114e-08
-1.752394625023111313e-08
-1.750888996330210846e-08
-1.721077176833421038e-08
-1.719600102648199962e-08
-1.718124133812387691e-08
-1.716649457319095243e-08
-1.701131085813868621e-08
-1.699673447854178315e-08
-1.698216338878210271e-08
-1.696760168492039542e-08
-1.667431715218154854e-08
-1.666003913547221701e-08
-1.664577491067214034e-08
-1.663152871021437357e-08
-1.647901458915608193e-08
-1.646492251260052397e-08
-1.645084628095032680e-08
-1.643677991650339923e-08
-1.614832522690204219e-08
-1.613453475044574941e-08
-1.612076154235486109e-08
-1.597076703295592750e-08
-1.595715142181408998e-08
-1.594354607313285898e-08
-1.592995077531281636e-08
-1.564607352057455458e-08
-1.563275212337821239e-08
-1.561944267639797578e-08
-1.560615238442727265e-08
-1.545882512653151886e-08
-1.544568135948693277e-08
-1.543254493353396371e-08
-1.541942811966009440e-08
-1.514038782776829082e-08
-1.512752678837833365e-08
-1.511468664722877312e-08
-1.510186417388947310e-08
-1.495717541599053202e-08
-1.494448630294363720e-08
-1.493181321912706040e-08
-1.491914798939172328e-08
-1.464494072867354665e-08
-1.463253785557221798e-08
-1.462015247422005779e-08
-1.460777400123685167e-08
-1.446572964621733381e-08
-1.445349076236859898e-08
-1.444126457967302911e-08
-1.417165078593876733e-08
-1.415967663782783155e-08
-1.414771949367567179e-08
-1.413577728944299011e-08
-1.399624457341697799e-08
-1.398443349845544591e-08
-1.397263695829870904e-08
-1.396085175186632292e-08
-1.369607477096898438e-08
-1.368453948290470483e-08
-1.367302463186079257e-08
-1.366151446513142643e-08
-1.352460843874185061e-08
-1.351323253888425311e-08
-1.350186257218540168e-08
-1.349050049384615452e-08
-1.323055057783411905e-08
-1.321944317266125206e-08
-1.320833884386969785e-08
-1.319724112520679698e-08
-1.306295997588785197e-08
-1.305199387632466618e-08
-1.304103739015662131e-08
-1.278567994153433006e-08
-1.277496561893070746e-08
-1.276426051394608117e-08
-1.275356567809244585e-08
-1.262177491469921439e-08
-1.261120791313209408e-08
-1.260064881552586612e-08
-1.259010035718285127e-08
-1.233955808656135385e-08
-1.232924559933134818e-08
-1.231894391089791728e-08
-1.230865038834914185e-08
-1.217946588553937976e-08
-1.216929781795098259e-08
-1.215913901048675380e-08
-1.214898639262049587e-08
-1.190325932849715864e-08
-1.189334306892266842e-08
-1.188342986508835850e-08
-1.175672728952683441e-08
-1.174693952208699933e-08
-1.173715424088474082e-08
-1.172737700361027524e-08
-1.148622721444609468e-08
-1.147667732881383956e-08
-1.146713171459933084e-08
-1.145759566708727182e-08
-1.133347799672513717e-08
-1.132405890732655865e-08
-1.131464733030024702e-08
-1.130524895029606955e-08
-1.106887912784071655e-08
-1.105969344823868779e-08
-1.105051976191380206e-08
-1.092886535954816803e-08
-1.091980519297592001e-08
-1.091075313436715574e-08
-1.090171073592033899e-08
-1.066990560733789798e-08
-1.066107452948714677e-08
-1.065225378165317358e-08
-1.064344065932859926e-08
-1.052434970564783812e-08
-1.051564944115141697e-08
-1.050695821435890017e-08
-1.049827291223891810e-08
-1.027123232917758782e-08
-1.026275833331234471e-08
-1.025428735264616582e-08
-1.024582344306926411e-08
-1.012928618022735537e-08
-1.012093048933738824e-08
-1.011258247843162474e-08
-9.890086553668808908e-09
-9.881942134162293097e-09
-9.873801350571173155e-09
-9.865668490062714359e-09
-9.751562963309407906e-09
-9.743535332488607326e-09
-9.735515925621864712e-09
-9.727508328930211709e-09
-9.509731722814274214e-09
-9.501914070211724378e-09
