4.647673282563609477e-08
5.017675784704204480e-08
5.376282627263313206e-08
5.723347894066211690e-08
6.059481916688370133e-08
6.384719816593743978e-08
6.699413251688627855e-08
7.003839626837889737e-08
7.298206521319679871e-08
7.582785000751598236e-08
7.857825194664791410e-08
8.123582288550019728e-08
8.380281571115851612e-08
8.628156399865438024e-08
8.867427026250757115e-08
9.098286589657255738e-08
9.320977913375037147e-08
9.535697405132595794e-08
9.742622693174795578e-08
9.941927565389474791e-08
1.013381281795340909e-07
1.031849064971808482e-07
1.049612703190089359e-07
1.066683280611096929e-07
1.083082910617438608e-07
1.098829385563635383e-07
1.113931697579763941e-07
1.128410513032912351e-07
1.142277681216510847e-07
1.155543395854178772e-07
1.168234280433333890e-07
1.180346296312222553e-07
1.191909196036084588e-07
1.202923401148209725e-07
1.213409994135649192e-07
1.223374318594694231e-07
1.232834624383149743e-07
1.241794641189147226e-07
1.250276152211112600e-07
1.258277110608957304e-07
1.265821046346731796e-07
1.272906203746014817e-07
1.279556564094656601e-07
1.285765985322958574e-07
1.291559949339202900e-07
1.296939963164591144e-07
1.301916057252566899e-07
1.306503659928533178e-07
1.310698930572254705e-07
1.314526164407008556e-07
1.317984347231534120e-07
1.321083427753872782e-07
1.323841150595791028e-07
1.326251509573261657e-07
1.328332771327488908e-07
1.330095634060030625e-07
1.331534129840369930e-07
1.332670346673703661e-07
1.333511276744379123e-07
1.334050121545562884e-07
1.334310597940776661e-07
1.334299095607227997e-07
1.334008968312146180e-07
1.333460250343332296e-07
1.332660875900394667e-07
1.331607791325155015e-07
1.330310458042551361e-07
1.328785017612963233e-07
1.327030872972783808e-07
1.325050507386476473e-07
1.322861654788996837e-07
1.320464608848403334e-07
1.317860104787461150e-07
1.315058810131766082e-07
1.312075292209844156e-07
1.308906252102017544e-07
1.305555574650353840e-07
1.302033382753072276e-07
1.298351353657608812e-07
1.294504778718270253e-07
1.290500327654414310e-07
1.286348808054390253e-07
1.282060160233751002e-07
1.277628531001326617e-07
1.273059160058747045e-07
1.268367460399646469e-07
1.263559675589567601e-07
1.258628646289831116e-07
1.253578764011107086e-07
1.248427977623176152e-07
1.243177417139592028e-07
1.237833422395334668e-07
1.232390035825301213e-07
1.226854327945920209e-07
1.221241649119332220e-07
1.215554090698871866e-07
1.209790324540197955e-07
1.203950736612074320e-07
1.198045144087999813e-07
1.192081903454740926e-07
1.186063983207638576e-07
1.179990166019026200e-07
1.173863216997447467e-07
1.167690677781379705e-07
1.161479703418349682e-07
1.155230599483398187e-07
1.148944958981964027e-07
1.142626255305015508e-07
1.136278282021724591e-07
1.129910086104161314e-07
1.123520348585619822e-07
1.117111413938026460e-07
1.110687051125068357e-07
1.104250122155861921e-07
1.097806398429674236e-07
1.091357714087289808e-07
1.084904003847716737e-07
1.078447687167420773e-07
1.071994876356112859e-07
1.065547872592598430e-07
1.059110885069202241e-07
1.052684476183723072e-07
1.046266897037573619e-07
1.039861910643238741e-07
1.033475763655540658e-07
1.027110542280109558e-07
1.020768892647424000e-07
1.014451306216350328e-07
1.008154580289726828e-07
1.001880555122059430e-07
9.956384538254321118e-08
9.894290941329171599e-08
9.832556000299563310e-08
9.771168689833996384e-08
9.710130526538747774e-08
9.649386884884030509e-08
9.589042606712786781e-08
9.529107892416493985e-08
9.469623812717427397e-08
9.410580359200953388e-08
9.351987894685001014e-08
9.293823580857945166e-08
9.236061660042749608e-08
9.178801167205460283e-08
9.122016028463514201e-08
9.065762911633474199e-08
9.010005155240790806e-08
8.954761126975288265e-08
8.900022462719186692e-08
8.845748960721282285e-08
8.792038687798926823e-08
8.738850232851568946e-08
8.686227806185471643e-08
8.634160049097098599e-08
8.582623724820246777e-08
8.531676463484388810e-08
8.481241185941300944e-08
8.431372442935899042e-08
8.382079083195783786e-08
8.333331930187893086e-08
8.285204516456042028e-08
8.237621314740827129e-08
8.190615487070973676e-08
8.144201356706070186e-08
8.098324315478856035e-08
8.053059589355301072e-08
8.008361307940950096e-08
7.964218359415018369e-08
7.920695549421960878e-08
7.877709402114719804e-08
7.835293152215636017e-08
7.793475081933018789e-08
7.752196233565876739e-08
7.711511791436120095e-08
7.671399642860681734e-08
7.631820090391680117e-08
7.592842683378090519e-08
7.554395132230131611e-08
7.516459165774671660e-08
7.479124548596426867e-08
7.442317398127891749e-08
7.406036120736594948e-08
7.370347392350419695e-08
7.335168070214516696e-08
7.300504622549981678e-08
7.266402741170399042e-08
7.232771644575808942e-08
7.199622340678829412e-08
7.167028749705980624e-08
7.134919252913309868e-08
7.103301058294662439e-08
7.072226814724330633e-08
7.041617189852501808e-08
7.011473126187461515e-08
6.981841906463885251e-08
6.952627394806273024e-08
6.923825030190500990e-08
6.895518401815799432e-08
6.867647175288583099e-08
6.840200492308771194e-08
6.813231626557465945e-08
6.786689186028709034e-08
6.760550276709107296e-08
6.734848269956062346e-08
6.709543873042591199e-08
6.684593013871742045e-08
6.660014336355353235e-08
6.635846400734944683e-08
6.612035545488577285e-08
6.588580857580475568e-08
6.565529710317699727e-08
6.542816393238978512e-08
6.520432259406471409e-08
6.498407696090046565e-08
6.476704358443232277e-08
6.455288226714707567e-08
6.434167645596108863e-08
6.413380502802464536e-08
6.392873558971552911e-08
6.372644205451862677e-08
6.352722968850855459e-08
6.333072592455795023e-08
6.313672929455036164e-08
6.294529017607388220e-08
6.275656700531207615e-08
6.256999725091287692e-08
6.238555909101637882e-08
6.220349372183975003e-08
6.202363288581084536e-08
6.184575793510526459e-08
6.166986442736914210e-08
6.149616630420053098e-08
6.132420976876105875e-08
6.115393982147079980e-08
6.098542263975431897e-08
6.081866605532309959e-08
6.065331166228511917e-08
6.048934596895616737e-08
6.032688252575294364e-08
6.016579220717471399e-08
6.000589625063860557e-08
5.984717935043183121e-08
5.968973119596173814e-08
5.953327636284976678e-08
5.937771570996363640e-08
5.922303839319184628e-08
5.906933241746815978e-08
5.891634717252483972e-08
5.876403582738007944e-08
5.861239349560113991e-08
5.846145002176862865e-08
5.831100961599445853e-08
5.816104703772973159e-08
5.801155687559605729e-08
5.786247955554759141e-08
5.771360958714962127e-08
5.756492859311170312e-08
5.741643301728778874e-08
5.726809284052155012e-08
5.711979307704344490e-08
5.697152251102051791e-08
5.682328048142750272e-08
5.667498924580524501e-08
5.652657065935533678e-08
5.637802215998830179e-08
5.622934272023478513e-08
5.608043536138790357e-08
5.593114819001073262e-08
5.578148156720276815e-08
5.563143714700037827e-08
5.548097009263237941e-08
5.532999933583551678e-08
5.517856600360525803e-08
5.502667524726738590e-08
5.487430849719598309e-08
5.472128266099646202e-08
5.456767928668086484e-08
5.441350561930803791e-08
5.425876532513120546e-08
5.410327247834670184e-08
5.394697974641834691e-08
5.378992629522764622e-08
5.363211703141132448e-08
5.347350113030051692e-08
5.331398873060566101e-08
5.315372146152532461e-08
5.299270578018764688e-08
5.283094684148004514e-08
5.266823565535571524e-08
5.250466835826716264e-08
5.234030000567582270e-08
5.217513406980361994e-08
5.200911777837560012e-08
5.184204282613025407e-08
5.167405010218074037e-08
5.150514759688018346e-08
5.133534027140906168e-08
5.116451276569402621e-08
5.099274635025340822e-08
5.082015806914450240e-08
5.064675520398291919e-08
5.047253804132404058e-08
5.029729953279281919e-08
5.012121055129967550e-08
4.994432040503042608e-08
4.976663407653799043e-08
4.958812716792370395e-08
4.940861788979873707e-08
4.922827431543987761e-08
4.904711235469176940e-08
4.886513866253489632e-08
4.868231800376224992e-08
4.849861109644083024e-08
4.831423305005914744e-08
4.812918952720252223e-08
4.794348760694069830e-08
4.775707620697242770e-08
4.756990691584311624e-08
4.738215133534885272e-08
4.719381299238503042e-08
4.700489648088891653e-08
4.681536445286985403e-08
4.662518383074542123e-08
4.643448657746529428e-08
4.624327590125170906e-08
4.605155768663460823e-08
4.585932031218245311e-08
4.566659401814834679e-08
4.547353997623412794e-08
4.528016530109981328e-08
4.508647279393506148e-08
4.489245976069982877e-08
4.469811885299916165e-08
4.450357818197300861e-08
4.430884815632886506e-08
4.411392994495342451e-08
4.391882558006268578e-08
4.372356128421272440e-08
4.352822282201603664e-08
4.333282689418585440e-08
4.313737416829999171e-08
4.294186682694173465e-08
4.274634698284342625e-08
4.255094025691592141e-08
4.235567727405251243e-08
4.216055707073092762e-08
4.196557985083910454e-08
4.177076134826315214e-08
4.157622941252253330e-08
4.138199647205233993e-08
4.118806030147612927e-08
4.099441990796554038e-08
4.080107323906826249e-08
4.060814172076313590e-08
4.041570496189118500e-08
4.022372700415768014e-08
4.003220616243432730e-08
3.984114031911801927e-08
3.965055230734992662e-08
3.946066799108947660e-08
3.927142945314094390e-08
3.908282530080262215e-08
3.889485043812440089e-08
3.870750176573913352e-08
3.852088872978191059e-08
3.833517224631753251e-08
3.815023069849635099e-08
3.796605969308771961e-08
3.778265543899204428e-08
3.760001330520700779e-08
3.741837251521700570e-08
3.723776208807548763e-08
3.705808371852566463e-08
3.687933431964415774e-08
3.670150625254493924e-08
3.652460135354600646e-08
3.634893652712964280e-08
3.617440439139935987e-08
3.600092865848417696e-08
3.582850515749917940e-08
3.565712591258003906e-08
3.548680381092879534e-08
3.531789232762896016e-08
3.515019498029551859e-08
3.498364085458888664e-08
3.481822221537934150e-08
3.465393306394022322e-08
3.449078618945876327e-08
3.432918519556927193e-08
3.416893356870335529e-08
3.400994520376408261e-08
3.385221511151887886e-08
3.369573830787238416e-08
3.354051305049929300e-08
3.338691956777793426e-08
3.323477705694593690e-08
3.308396323582821832e-08
3.293447552357179534e-08
3.278630282861275688e-08
3.263943501853162670e-08
3.249417444860841737e-08
3.235048744488736790e-08
3.220813916226599674e-08
3.206713085869078111e-08
3.192744963099227016e-08
3.178908592848919901e-08
3.165220131794771903e-08
3.151709308111232844e-08
3.138340258395136912e-08
3.125112401488661683e-08
3.112024042557689498e-08
3.099075210294718969e-08
3.086267338683144505e-08
3.073641846893200358e-08
3.061167112123556180e-08
3.048832575456569805e-08
3.036638550265731196e-08
3.024583124766842431e-08
3.012666036137157859e-08
3.000908011664018225e-08
2.989320096049561711e-08
2.977865943088332960e-08
2.966545856904461371e-08
2.955357994708859762e-08
2.944302100370154498e-08
2.933379329019102936e-08
2.922631251838222148e-08
2.912030729428716218e-08
2.901565808616290460e-08
2.891234584614037492e-08
2.881037118360320943e-08
2.870972454937338855e-08
2.861048620563683443e-08
2.851296460830424873e-08
2.841675982264711509e-08
2.832184253551594409e-08
2.822819722457977749e-08
2.813582159744755289e-08
2.804470534484118078e-08
2.795500863397420757e-08
2.786685654582694702e-08
2.777987348344585177e-08
2.769404553647423395e-08
2.760936949088865147e-08
2.752583993718375512e-08
2.744344846040396786e-08
2.736239541246163218e-08
2.728274223823172285e-08
2.720419324491121416e-08
2.712674131455813119e-08
2.705038656449559973e-08
2.697511687338785026e-08
2.690093276020451500e-08
2.682799867968511417e-08
2.675634051617924169e-08
2.668567515035781820e-08
2.661599714812708756e-08
2.654730523256938703e-08
2.647959133288579275e-08
2.641284826267793431e-08
2.634719194735213704e-08
2.628269318875183522e-08
2.621904778049121002e-08
2.615624332614592108e-08
2.609427429591070527e-08
2.603313542098722557e-08
2.597282635791195652e-08
2.591339347456085091e-08
2.585500681347202702e-08
2.579738341886787308e-08
2.574049007237482437e-08
2.568432366308389129e-08
2.562888119715365422e-08
2.557415902694001752e-08
2.552015888596681035e-08
2.546704014790139421e-08
2.541461366139081275e-08
2.536278429558590213e-08
2.531154915663117906e-08
2.526090513299493253e-08
2.521084745737686791e-08
2.516137662167454449e-08
2.511254891793267820e-08
2.506437175914555753e-08
2.501664545525114296e-08
2.496936456474139383e-08
2.492252881594886897e-08
2.487613312718380020e-08
2.483017488666436539e-08
2.478465734601673398e-08
2.473965705614233474e-08
2.469503676135729047e-08
2.465073494126937091e-08
2.460674943203297894e-08
2.456307838891407728e-08
2.451971945756200701e-08
2.447667133999330996e-08
2.443394204332248641e-08
2.439153721338473425e-08
2.434932930221874253e-08
2.430730439830620704e-08
2.426546119626923413e-08
2.422379801797259739e-08
2.418231352240547738e-08
2.414100634856931713e-08
2.409987518240270258e-08
2.405887935653709687e-08
2.401794098617467012e-08
2.397705770113788662e-08
2.393622890391751604e-08
2.389545399747228728e-08
2.385473237053545759e-08
2.381406340836510653e-08
2.377342508807057860e-08
2.373276666784077445e-08
2.369205863511179552e-08
2.365130071045014927e-08
2.361049257233707773e-08
2.356963441057153487e-08
2.352872594204257176e-08
2.348776678718571837e-08
2.344671557557866051e-08
2.340551105245258234e-08
2.336415516246239472e-08
2.332264729543351786e-08
2.328098877426419915e-08
2.323917806206016282e-08
2.319721720533664070e-08
2.315510620249676393e-08
2.311280818735990432e-08
2.307024944816020976e-08
2.302746131281641066e-08
2.298444429455567610e-08
2.294120196716390583e-08
2.289773452801844108e-08
2.285404250323349800e-08
2.281012588398518036e-08
2.276596870555019178e-08
2.272146601274583589e-08
2.267667189651451382e-08
2.263160062773752869e-08
2.258625496927695673e-08
2.254063600118121350e-08
2.249474464865219796e-08
2.244858098767695786e-08
2.240214663106623840e-08
2.235534361177304759e-08
2.230816635037176431e-08
2.226067035330311409e-08
2.221286093097983841e-08
2.216473842205198954e-08
2.211630287260360267e-08
2.206755511552207225e-08
2.201849876625010378e-08
2.196910778477048757e-08
2.191928301049958233e-08
2.186912049242296191e-08
2.181863687017537114e-08
2.176783670850486525e-08
2.171672121692512017e-08
2.166529012310155369e-08
2.161354542424154183e-08
2.156148928917271113e-08
2.150906106419592611e-08
2.145622741059614068e-08
2.140309321752951202e-08
2.134965969907966725e-08
2.129593151466166444e-08
2.124190770761068823e-08
2.118758922016315173e-08
2.113297944668945009e-08
2.107807717307105245e-08
2.102280737041155149e-08
2.096719317268928257e-08
2.091130968092350006e-08
2.085515925554762486e-08
2.079873901767103231e-08
2.074205465632575101e-08
2.068510534851940884e-08
2.062789157013994093e-08
2.057041388167494460e-08
2.051261807000227405e-08
2.045455495750278601e-08
2.039628440524008078e-08
2.033780995742012244e-08
2.027912871577796607e-08
2.022024553696676667e-08
2.016115989381721935e-08
2.010187265875456218e-08
2.004238443331237497e-08
1.998266447042793072e-08
1.992274838206197795e-08
1.986269915749542413e-08
1.980251588496616599e-08
1.974220086885481877e-08
1.968175355646612429e-08
1.962117530650267402e-08
1.956046630003238498e-08
1.949962763735268686e-08
1.943865439549919638e-08
1.937756354618453567e-08
1.931640652498426704e-08
1.925518728118630092e-08
1.919390491179735989e-08
1.913256116317202894e-08
1.907115561886916352e-08
1.900968923771695076e-08
1.894816242260383602e-08
1.888658331322366016e-08
1.882499057262333114e-08
1.876342215492612730e-08
1.870188695908340978e-08
1.864038610064873044e-08
1.857891877345520279e-08
1.851748521707644441e-08
1.845608613236029084e-08
1.839472090257952533e-08
1.833339148288043199e-08
1.827214167024334571e-08
1.821100575830982774e-08
1.814998781914170696e-08
1.808908750619086503e-08
1.802830627203732589e-08
1.796764191841044225e-08
1.790709504669649623e-08
1.784666521781686498e-08
1.778635228687961786e-08
1.772616957916020736e-08
1.766619950249646408e-08
1.760642760666452764e-08
1.754684213648785914e-08
1.748744149373697202e-08
1.742822561767176558e-08
1.736919483304546920e-08
1.731034736692222427e-08
1.725168262626645130e-08
1.719320179003609532e-08
1.713494286171835016e-08
1.707701250109771202e-08
1.701936213935436471e-08
1.696198060148116984e-08
1.690486868522959597e-08
1.684802518092638088e-08
1.679144769768311347e-08
1.673513613897530390e-08
1.667909257150544743e-08
1.662331320551648730e-08
1.656784995388742877e-08
1.651280593737242675e-08
1.645810223175363435e-08
1.640372381596816303e-08
1.634967389237550350e-08
1.629594874487599183e-08
1.624254512849020548e-08
1.618946630377550873e-08
1.613670836295555390e-08
1.608427091197741211e-08
1.603219869668895453e-08
1.598061502950909494e-08
1.592941805254291697e-08
1.587857663394362127e-08
1.582809078214146870e-08
1.577796017267051632e-08
1.572818650457360255e-08
1.567876333636017962e-08
1.562969342714716760e-08
1.558097202288237342e-08
1.553262293629548231e-08
1.548480164552604790e-08
1.543742877174609991e-08
1.539044593523288373e-08
1.534385897082768535e-08
1.529766089642317690e-08
1.525185057706939061e-08
1.520642760192297122e-08
1.516139106011425398e-08
1.511673837926473102e-08
1.507247151957267220e-08
1.502870154663976249e-08
1.498546249315736184e-08
1.494262922058325246e-08
1.490020225562376130e-08
1.485817333190041265e-08
1.481654158292218034e-08
1.477530495725296649e-08
1.473446648606061992e-08
1.469401930782843760e-08
1.465396557191190838e-08
1.461433035905431034e-08
1.457525147889120500e-08
1.453662407458604269e-08
1.449838090185411295e-08
1.446052042724959311e-08
1.442304641727497664e-08
1.438595284234238170e-08
1.434923919651517920e-08
1.431290170027634015e-08
1.427694377792399504e-08
1.424136112843101415e-08
1.420621124711127880e-08
1.417159127050770892e-08
1.413736914681276277e-08
1.410350971361064087e-08
1.407001167726369515e-08
1.403687569584748746e-08
1.400409902297579284e-08
1.397168183269842690e-08
1.393962319900854471e-08
1.390791885969861920e-08
1.387656983865347766e-08
1.384564253853214972e-08
1.381519814432413588e-08
1.378509978394269988e-08
1.375532840011246203e-08
1.372588411215992995e-08
1.369676522345044605e-08
1.366796960359551319e-08
1.363949800202179866e-08
1.361134890041578462e-08
1.358351914878743510e-08
1.355600882753544325e-08
1.352886631692604132e-08
1.350214798103724008e-08
1.347572982402231687e-08
1.344958680340179381e-08
1.342371786265716058e-08
1.339812193421432864e-08
1.337279901909470061e-08
1.334774722883116217e-08
1.332296521668484184e-08
1.329845222155263547e-08
1.327420945431561636e-08
1.325025543427791117e-08
1.322665509021625412e-08
1.320331618179650332e-08
1.318019597282724510e-08
1.315729363800784825e-08
1.313460834251361498e-08
1.311213924216066452e-08
1.308988599841465887e-08
1.306784851494705570e-08
1.304602470400534857e-08
1.302441368201424555e-08
1.300301689455768374e-08
1.298188210218845902e-08
1.296098452545602947e-08
1.294024930156821909e-08
1.291967385562569371e-08
1.289925756932169216e-08
1.287899981683138076e-08
1.285889996494061885e-08
1.283895815253525804e-08
1.281917319107355102e-08
1.279954424651930664e-08
1.278007065449516032e-08
1.276076192356477534e-08
1.274164183990507956e-08
1.272265043678940888e-08
1.270376174039350168e-08
1.268497534027094848e-08
1.266629106698411739e-08
1.264770825963400448e-08
1.262922646322338903e-08
1.261084524679549308e-08
1.259256417442229735e-08
1.257438280528997907e-08
1.255630069378325294e-08
1.253832284435030250e-08
1.252044753790541028e-08
1.250262848714502289e-08
1.248485750418078079e-08
1.246713442531678237e-08
1.244945880622460542e-08
1.243183039847971048e-08
1.241424895084155069e-08
1.239671423680733033e-08
1.237922602962458238e-08
1.236178400591642497e-08
1.234438786708489437e-08
1.232702720301472811e-08
1.230968864301941113e-08
1.229234591557129906e-08
1.227499543360445980e-08
1.225763672849942404e-08
1.224027002518260960e-08
1.222289527106645405e-08
1.220551233796255618e-08
1.218812096803719374e-08
1.217072125004163026e-08
1.215331308070317358e-08
1.213589635662968667e-08
1.211845388907300084e-08
1.210096669557721873e-08
1.208342732411903020e-08
1.206583446085656818e-08
1.204818865531060326e-08
1.203048953752486127e-08
1.201273740779530090e-08
1.199493246241166478e-08
1.197707426387453036e-08
1.195916299598024510e-08
1.194119920130230967e-08
1.192318294346688935e-08
1.190510271437594017e-08
1.188692601016306897e-08
1.186866043766839182e-08
1.185031399061105113e-08
1.183188523250753249e-08
1.181337491918858681e-08
1.179478421531912829e-08
1.177611240244018790e-08
1.175736045610149819e-08
1.173852819195921574e-08
1.171961465758273537e-08
1.170062152852270140e-08
1.168154784821021503e-08
1.166235852079096361e-08
1.164304512749405080e-08
1.162363245057987167e-08
1.160412208445618616e-08
1.158451416601960225e-08
1.156481065418518783e-08
1.154501082694194616e-08
1.152511551449017383e-08
1.150512360397969908e-08
1.148503651457165833e-08
1.146485473603359099e-08
1.144457787838306276e-08
1.142419982431008655e-08
1.140368750491193948e-08
1.138305593455901509e-08
1.136232964471877220e-08
1.134150976233982411e-08
1.132059665308879884e-08
1.129959041603404788e-08
1.127849037089348720e-08
1.125729761897618009e-08
1.123601280516101437e-08
1.121463648107475917e-08
1.119316702343914535e-08
1.117160688454578079e-08
1.114994740668768943e-08
1.112816492180175794e-08
1.110628272739154115e-08
1.108432220603411084e-08
1.106228562361680069e-08
1.104017188959723778e-08
1.101798256992163426e-08
1.099571627232241781e-08
1.097337372565069219e-08
1.095095588643864427e-08
1.092846292026676275e-08
1.090589396557493276e-08
1.088325076278303439e-08
1.086052941494416025e-08
1.083771509773541210e-08
1.081482572613238281e-08
1.079188371409317003e-08
1.076888920708201908e-08
1.074584330332273200e-08
1.072274422611755682e-08
1.069959367155421765e-08
1.067639192556646029e-08
1.065313838207904827e-08
1.062983408225278366e-08
1.060647832167696882e-08
1.058307203062057786e-08
1.055961491956485429e-08
1.053610939480248438e-08
1.051256242236513970e-08
1.048899702206630134e-08
1.046541465201505207e-08
1.044181607583870223e-08
1.041820107839424817e-08
1.039457016984229527e-08
1.037092260109428633e-08
1.034725934140427067e-08
1.032358016465616444e-08
1.029988544568286692e-08
1.027617494591291136e-08
1.025244882295321864e-08
1.022871439618358065e-08
1.020498268893156621e-08
1.018126389202415916e-08
1.015756438078282005e-08
1.013388427780182191e-08
1.011022343987608698e-08
1.008658196053729452e-08
1.006295981766123179e-08
1.003935685914842586e-08
1.001577344369351866e-08
9.992209227698131153e-09
9.968664298179230209e-09
9.945138861978656698e-09
9.921633461333768250e-09
9.898170809742589710e-09
9.874759740756158480e-09
9.851399684681261938e-09
9.828089001782196007e-09
9.804827504446787701e-09
9.781616836559207374e-09
9.758455212776052660e-09
9.735343128814293350e-09
9.712280797114161782e-09
9.689267362125925112e-09
9.666304053209944321e-09
9.643389312996371356e-09
9.620523666135797435e-09
9.597710484926227823e-09
9.574986717793955740e-09
9.552357564791020774e-09
9.529813585176261788e-09
9.507351238390540615e-09
9.484969224120105581e-09
9.462671985936473516e-09
9.440454807602031248e-09
9.418319037549861728e-09
9.396265305023800811e-09
9.374291393735620942e-09
9.352400451921126377e-09
9.330589338922867008e-09
9.308858912452863850e-09
9.287211011452151938e-09
9.265683113721020491e-09
9.244286474111516874e-09
9.222999717011213320e-09
9.201814292548848670e-09
9.180733714381918759e-09
9.159754986684288320e-09
9.138877768098840728e-09
9.118104927488434006e-09
9.097432264079017668e-09
9.076862707807807490e-09
9.056394890742747453e-09
9.036027849485350151e-09
9.015761649416212740e-09
8.995595890930159977e-09
8.975558421998001793e-09
8.955680467749169236e-09
8.935931868565281730e-09
8.916298339542991355e-09
8.896774973314120724e-09
8.877365746240213286e-09
8.858066944371948784e-09
8.838878940821290484e-09
8.819804223435829365e-09
8.800838797431468964e-09
8.781984512159287506e-09
8.763240426537799644e-09
8.744608081259499308e-09
8.726083918904147619e-09
8.707675813161186527e-09
8.689429151518233338e-09
8.671343951154806980e-09
8.653386344373164796e-09
8.635546965287016420e-09
8.617828463255404428e-09
8.600228480601004243e-09
8.582746786259802287e-09
8.565385450774896726e-09
8.548141271392259830e-09
8.531016203241526229e-09
8.514007835685228583e-09
8.497117662508982765e-09
8.480344699960260122e-09
8.463690131169948253e-09
8.447162260083970985e-09
8.430805039437771538e-09
8.414603260458366753e-09
8.398517281733115383e-09
8.382549576716864272e-09
8.366694391388723853e-09
8.350958575185198541e-09
8.335334706670893021e-09
8.319827932659870691e-09
8.304433527407801086e-09
8.289154452196210262e-09
8.273988898772063558e-09
8.258937819170363723e-09
8.243998981274979048e-09
8.229174133933295947e-09
8.214471083510632191e-09
8.199927886298086492e-09
8.185527560523775984e-09
8.171229629927412342e-09
8.157034795715021813e-09
8.142939771651800290e-09
8.128947702975374688e-09
8.115054527396565374e-09
8.101264623663292289e-09
8.087573349878247134e-09
8.073983280325882692e-09
8.060492380915736088e-09
8.047101032011864852e-09
8.033809345071804106e-09
8.020616131199556527e-09
8.007527303606746860e-09
7.994570090642522693e-09
7.981741199457741910e-09
7.969005061759857240e-09
7.956351938576917741e-09
7.943786080963807521e-09
7.931302398064642668e-09
7.918905270500817874e-09
7.906590454400045231e-09
7.894361125483913035e-09
7.882214227039132477e-09
7.870151393316384572e-09
7.858171467730286399e-09
7.846274197615449361e-09
7.834460282214459134e-09
7.822727740614297613e-09
7.811092102549548499e-09
7.799563920765183413e-09
7.788118403299962289e-09
7.776735470591587635e-09
7.765415894322520742e-09
7.754158006074159513e-09
7.742963602977825615e-09
7.731830221451888416e-09
7.720760390782981047e-09
7.709751364674993248e-09
7.698804657825035704e-09
7.687919059056061614e-09
7.677094732746648039e-09
7.666331812569228290e-09
7.655629111570566099e-09
7.644988685178780944e-09
7.634418755965569713e-09
7.623921546592070420e-09
7.613468939851243155e-09
7.603055154749049565e-09
7.592678064379565168e-09
7.582340278585702414e-09
7.572038917601112107e-09
7.561776089803107930e-09
7.551549760038124559e-09
7.541361319500823165e-09
7.531209509769158892e-09
7.521095121296501579e-09
7.511017405679472522e-09
7.500976897185590475e-09
7.490972483480617734e-09
7.481005557952625485e-09
7.471077237851577362e-09
7.461187337875534764e-09
7.451317623614332616e-09
7.441464515765695468e-09
7.431627146593395852e-09
7.421806668577210768e-09
7.412001788388492063e-09
7.402213324485351846e-09
7.392440543467858031e-09
7.382683819469301232e-09
7.372942917984040656e-09
7.363217854542348464e-09
7.353508406055702080e-09
7.343814702393089704e-09
7.334136429543793852e-09
7.324473667339321499e-09
7.314822498589241963e-09
7.305181594082954453e-09
7.295542945251791715e-09
7.285902374959261943e-09
7.276260178987953446e-09
7.266616267777120443e-09
7.256970448259185738e-09
7.247322837175747295e-09
7.237673525289624652e-09
7.228022246918477511e-09
7.218369266758890898e-09
7.208714165794414191e-09
7.199057283487174297e-09
7.189398516474825097e-09
7.179737702236691780e-09
7.170075016101852078e-09
7.160406781847349303e-09
7.150728165058894196e-09
7.141037353925877320e-09
7.131333029189609578e-09
7.121615280229291288e-09
7.111883104841527218e-09
7.102137546043606387e-09
7.092378404990220756e-09
7.082605231719392364e-09
7.072818628446450877e-09
7.063018266667229573e-09
7.053204282668208836e-09
7.043376612869545510e-09
7.033535295450533352e-09
7.023680423857516354e-09
7.013812270018884718e-09
7.003929831649437531e-09
6.994027660580372261e-09
6.984102078224494520e-09
6.974156031768951105e-09
6.964191941661425013e-09
6.954208732712513460e-09
6.944207556177071309e-09
6.934188416791805235e-09
6.924150319696812765e-09
6.914094387785332652e-09
6.904020260367073627e-09
6.893927633037188817e-09
6.883817157922855266e-09
6.873688671469749960e-09
6.863542025214690058e-09
6.853377137335550996e-09
6.843194601236431985e-09
6.832993586122181076e-09
6.822768718108982081e-09
6.812517934963479115e-09
6.802246222392006021e-09
6.791957253223245883e-09
6.781649991348443574e-09
6.771325555438393497e-09
6.760984020665050393e-09
6.750624255019805632e-09
6.740247475150565261e-09
6.729853395686632086e-09
6.719441690429080082e-09
6.709013109050531255e-09
6.698566917199019921e-09
6.688103556691071407e-09
6.677623106333817180e-09
6.667125614549357297e-09
6.656611038433158529e-09
6.646077457681410390e-09
6.635524214648584016e-09
6.624954645813822753e-09
6.614374194287373101e-09
6.603783192391782466e-09
6.593180858073139300e-09
6.582568046424113665e-09
6.571944741361778317e-09
6.561310322929688584e-09
6.550665483480248080e-09
6.540010072008073315e-09
6.529344043639946165e-09
6.518667475192538501e-09
6.507980338224516335e-09
6.497282895056254379e-09
6.486575079002771892e-09
6.475856585074083534e-09
6.465128702750589762e-09
6.454393118458550917e-09
6.443650814262023151e-09
6.432907340338881017e-09
6.422163828646768066e-09
6.411420374436713876e-09
6.400676980680600544e-09
6.389933627569547647e-09
6.379190395535963379e-09
6.368447336969386431e-09
6.357704164508096701e-09
6.346961376829004896e-09
6.336218725158079459e-09
6.325476059231365353e-09
6.314733693499569010e-09
6.303991585163715372e-09
6.293249596717891087e-09
6.282507809280473652e-09
6.271770773882984383e-09
6.261043077593386448e-09
6.250325719290497229e-09
6.239620490352401190e-09
6.228927282803024132e-09
6.218246032468722196e-09
6.207577163882212504e-09
6.196920454492122891e-09
6.186275788487492315e-09
6.175643045394397861e-09
6.165022704378200713e-09
6.154414408408629042e-09
6.143818170537233028e-09
6.133233763292258376e-09
6.122661922057796961e-09
6.112101861797792307e-09
6.101553968478531535e-09
6.091017916524624812e-09
6.080501801882587798e-09
6.070012674444291209e-09
6.059550578500206909e-09
6.049113720021737931e-09
6.038701095986971496e-09
6.028313103827812194e-09
6.017949193468283312e-09
6.007610936458536376e-09
5.997296461281251390e-09
5.987006426027574303e-09
5.976740717909172047e-09
5.966500112368456215e-09
5.956283269313981398e-09
5.946091105529548568e-09
5.935922602624466563e-09
5.925779216800797114e-09
5.915659650642274843e-09
5.905564422066633696e-09
5.895497685922292411e-09
5.885473776954543734e-09
5.875491527505919279e-09
5.865544320591632045e-09
5.855631498951051888e-09
5.845752765885521882e-09
5.835907154453522513e-09
5.826094891962899756e-09
5.816316060274489398e-09
5.806571742609626242e-09
5.796860209248529246e-09
5.787181749975053893e-09
5.777536962081054061e-09
5.767925504030152331e-09
5.758347134119380449e-09
5.748801992256689966e-09
5.739289631242221944e-09
5.729810273281837684e-09
5.720364796159022977e-09
5.710964807643345909e-09
5.701617767671088491e-09
5.692318790140819881e-09
5.683058805036950954e-09
5.673836528019852422e-09
5.664652094285199941e-09
5.655505015002222911e-09
5.646397687500263612e-09
5.637327192830042651e-09
5.628294370702649437e-09
5.619299089077759070e-09
5.610341473258869534e-09
5.601422233755621754e-09
5.592539535375112243e-09
5.583694935208915569e-09
5.574887068129568802e-09
5.566116707917896889e-09
5.557383603850433524e-09
5.548688947878855660e-09
5.540046727406276573e-09
5.531460913517324543e-09
5.522924336333063769e-09
5.514426452104864526e-09
5.505967586387239436e-09
5.497546742671262597e-09
5.489165690039674487e-09
5.480823733549538685e-09
5.472519767561067113e-09
5.464254341682962157e-09
5.456027330281847860e-09
5.447838719318991883e-09
5.439689290756562343e-09
5.431577418431169311e-09
5.423503862172584054e-09
5.415468628730262056e-09
5.407470679613074555e-09
5.399511509712261921e-09
5.391590878533204648e-09
5.383718707117453345e-09
5.375900400145584759e-09
5.368129268634271048e-09
5.360394578422075295e-09
5.352693946744581139e-09
5.345028345213272047e-09
5.337396806847483010e-09
5.329799706993967845e-09
5.322238585738760610e-09
5.314711139491200228e-09
5.307217896076055304e-09
5.299758632242957105e-09
5.292334442969064299e-09
5.284943519549672655e-09
5.277587735970826019e-09
5.270265099119838809e-09
5.262976855018224968e-09
5.255722464673502551e-09
5.248501405508437497e-09
5.241318248707733068e-09
5.234181375860449235e-09
5.227088526085247662e-09
5.220027028319061896e-09
5.212992543501134949e-09
5.205985933931059638e-09
5.199007293892899675e-09
5.192055344266240135e-09
5.185130656265372081e-09
5.178233026698949101e-09
5.171362325484299084e-09
5.164518996604618758e-09
5.157702811331093242e-09
5.150913685437503401e-09
5.144150798310395619e-09
5.137415227375640754e-09
5.130706424077843394e-09
5.124023854859193347e-09
5.117368177380082260e-09
5.110739176033693096e-09
5.104142467696049039e-09
5.097580135786445246e-09
5.091050419274277144e-09
5.084542241132602528e-09
5.078054784860922371e-09
5.071587616927351180e-09
5.065140348385444622e-09
5.058713572282744879e-09
5.052306733848712583e-09
5.045919812288102410e-09
5.039553415472308184e-09
5.033207159655487544e-09
5.026880870943889039e-09
5.020574344339062821e-09
5.014287351364110211e-09
5.008021070313244044e-09
5.001774162226578002e-09
4.995546843851045393e-09
4.989339463345344768e-09
4.983151714329087031e-09
4.976986512677506880e-09
4.970844428919987349e-09
4.964724368208408294e-09
4.958617666283275828e-09
4.952523444115097192e-09
4.946441999055630589e-09
4.940372716240263204e-09
4.934315574983545529e-09
4.928270902139758935e-09
4.922238339822239094e-09
4.916217852388186176e-09
4.910209957362984160e-09
4.904214033346189106e-09
4.898230317272662817e-09
4.892258729884943465e-09
4.886298970302159703e-09
4.880351324325437948e-09
4.874415931873521148e-09
4.868492252915615515e-09
4.862580521375307104e-09
4.856680958526981539e-09
4.850794506500468889e-09
4.844921138409171588e-09
4.839055137938954494e-09
4.833194219339001334e-09
4.827338361201843938e-09
4.821487479307363631e-09
4.815641569156306684e-09
4.809800915431407486e-09
4.803965207873287078e-09
4.798134409433970082e-09
4.792308608192432290e-09
4.786487721416809282e-09
4.780671708854112655e-09
4.774860714438648530e-09
4.769054677000369251e-09
4.763253445262107076e-09
4.757457074521074551e-09
4.751665606430316209e-09
4.745878909111139071e-09
4.740097112763646769e-09
4.734320213834962916e-09
4.728548041823298522e-09
4.722780221565206302e-09
4.717013899662820949e-09
4.711248705072833833e-09
4.705484655204102188e-09
4.699721771954422859e-09
4.693960001147543726e-09
4.688199338074643197e-09
4.682439794635636691e-09
4.676681369437997907e-09
4.670924038859317978e-09
4.665167797490663707e-09
4.659412700762522979e-09
4.653658697623953712e-09
4.647905768997959099e-09
4.642153923032395560e-09
4.636403170134498836e-09
4.630653477533427777e-09
4.624904841963647030e-09
4.619157315661851334e-09
4.613410532767782910e-09
4.607664347121664100e-09
4.601918608991330975e-09
4.596172502201047199e-09
4.590425935087362292e-09
4.584678897108014858e-09
4.578931398399408470e-09
4.573183440711334527e-09
4.567435024068363603e-09
4.561686148478947828e-09
4.555936813399372287e-09
4.550187019021006042e-09
4.544436765735551373e-09
4.538686046127784075e-09
4.532934865359994421e-09
4.527183224596635992e-09
4.521431124843251875e-09
4.515678566130573484e-09
4.509925547874197716e-09
4.504172068930876592e-09
4.498418112630604664e-09
4.492664120769058171e-09
4.486910535018646898e-09
4.481157325881622991e-09
4.475404473473299888e-09
4.469651985649272901e-09
4.463899856695272479e-09
4.458148099373560582e-09
4.452396716102356716e-09
4.446645709300105383e-09
4.440895081385436372e-09
4.435144810118711350e-09
4.429394920103756718e-09
4.423645416965695947e-09
4.417896328396442351e-09
4.412147629928824726e-09
4.406399312859487723e-09
4.400651392219939234e-09
4.394903870434528176e-09
4.389156749927533981e-09
4.383410013502197624e-09
4.377663673321507735e-09
4.371917949370674892e-09
4.366175194517464718e-09
4.360435915350231156e-09
4.354700110162141607e-09
4.348968098332754962e-09
4.343239911144987332e-09
4.337515579038353204e-09
4.331795095768650595e-09
4.326078455706846781e-09
4.320365636230102084e-09
4.314656635431190301e-09
4.308951451375694149e-09
4.303250082102196341e-09
4.297552531577854269e-09
4.291858804027240620e-09
4.286168885325596272e-09
4.280482773400631959e-09
4.274800466154125473e-09
4.269121961462118539e-09
4.263447293666048263e-09
4.257776432536978007e-09
4.252109406018593358e-09
4.246446544924576604e-09
4.240791640954824982e-09
4.235145161543292529e-09
4.229506802078234649e-09
4.223876018726301658e-09
4.218252756817228493e-09
4.212637007059514537e-09
4.207028781938135091e-09
4.201428154278862069e-09
4.195835027331419232e-09
4.190249380665048466e-09
4.184671204589112999e-09
4.179100489348709919e-09
4.173537225125222724e-09
4.167981402036851552e-09
4.162433043774539663e-09
4.156892133359134436e-09
4.151358634598061197e-09
4.145832537342321720e-09
4.140313831382519531e-09
4.134802506449361181e-09
4.129298592103712539e-09
4.123802358352491899e-09
4.118317631739946182e-09
4.112846281618051607e-09
4.107388055342597881e-09
4.101940891818188106e-09
4.096504240958266753e-09
4.091078094656254543e-09
4.085662409039284225e-09
4.080257170049553638e-09
4.074862363528310672e-09
4.069477975216705261e-09
4.064103990756622362e-09
4.058740395691512434e-09
4.053387175467216972e-09
4.048044315432793204e-09
4.042711849570493252e-09
4.037389813514941094e-09
4.032078095281498962e-09
4.026776679776396249e-09
4.021485551813528316e-09
4.016204696115251404e-09
4.010934097313147785e-09
4.005673739948812405e-09
4.000424937729728578e-09
3.995192958333765100e-09
3.989978192441879675e-09
3.984779333975647654e-09
3.979593615964504982e-09
3.974420839662228274e-09
3.969260895574566641e-09
3.964113765911075333e-09
3.958979432745390591e-09
3.953857878016355440e-09
3.948749091077748423e-09
3.943653162809928962e-09
3.938569961962552803e-09
3.933499469854989065e-09
3.928441667677941404e-09
3.923396536494529136e-09
3.918364057241362576e-09
3.913344210729591902e-09
3.908336977645979177e-09
3.903342338553924060e-09
3.898360273894520109e-09
3.893390763987584624e-09
3.888433843659629968e-09
3.883491052178101508e-09
3.878567292408832560e-09
3.873662929698473708e-09
3.868776217588177150e-09
3.863903638740091376e-09
3.859044849886051155e-09
3.854199738977179042e-09
3.849368285805924166e-09
3.844550470005979017e-09
3.839746271053586389e-09
3.834955668268842195e-09
3.830178640816982554e-09
3.825415167709668407e-09
3.820665227806261026e-09
3.815928799815082642e-09
3.811205885455299116e-09
3.806496528318441167e-09
3.801800623213642706e-09
3.797118148149629689e-09
3.792449080991022453e-09
3.787793399459541751e-09
3.783151081135218912e-09
3.778522122399075891e-09
3.773906902354112693e-09
3.769309934829617652e-09
3.764732132764600006e-09
3.760173033063758192e-09
3.755627833444872075e-09
3.751095315004376114e-09
3.746575458653816225e-09
3.742068311116493445e-09
3.737573832291511412e-09
3.733091953675087961e-09
3.728622655560113184e-09
3.724165918083030846e-09
3.719721721225119693e-09
3.715290044813772272e-09
3.710870868523764237e-09
3.706464171878506703e-09
3.702069934251304390e-09
3.697688134866595147e-09
3.693318769990203206e-09
3.688961965948162409e-09
3.684617532726965083e-09
3.680285448950167712e-09
3.675965693098720427e-09
3.671658243512154011e-09
3.667364329207621042e-09
3.663087103548816089e-09
3.658826755434134153e-09
3.654581734813593591e-09
3.650347679351029162e-09
3.646124067519943317e-09
3.641910883480228508e-09
3.637708111247863890e-09
3.633515734696080821e-09
3.629333737556520497e-09
3.625162105066855311e-09
3.621000924020092576e-09
3.616850069799591175e-09
3.612709525597798756e-09
3.608579274471155454e-09
3.604459299341198168e-09
3.600349582995671472e-09
3.596250108089619901e-09
3.592160857146479007e-09
3.588081812559151933e-09
3.584013097607582809e-09
3.579954572700016076e-09
3.575906194958730736e-09
3.571867946295177729e-09
3.567840621468651141e-09
3.563826450798801485e-09
3.559825604643959818e-09
3.555837048192756242e-09
3.551856663415186164e-09
3.547884015110198813e-09
3.543919091502752026e-09
3.539961880702311025e-09
3.536012399927850839e-09
3.532070723596217434e-09
3.528136718722059770e-09
3.524210373017173924e-09
3.520291674082083223e-09
3.516380609406931599e-09
3.512477166372375291e-09
3.508581405678965821e-09
3.504693338646220299e-09
3.500812850546017486e-09
3.496939928352182623e-09
3.493074558933298757e-09
3.489216729053566190e-09
3.485366425373652815e-09
3.481523634451537842e-09
3.477688386526279291e-09
3.473860780456193827e-09
3.470042302732153629e-09
3.466233364845575647e-09
3.462433908873660679e-09
3.458641145610743836e-09
3.454853615929048723e-09
3.451071312220186264e-09
3.447294226791844533e-09
3.443522355380611403e-09
3.439755922683952253e-09
3.435994697798353841e-09
3.432238652280377006e-09
3.428487778106681653e-09
3.424742067173429778e-09
3.421001528499918368e-09
3.417266191391734186e-09
3.413535991277835130e-09
3.409810919746420544e-09
3.406090968308308269e-09
3.402376128397553372e-09
3.398666400906207691e-09
3.394961886948839230e-09
3.391262460441937714e-09
3.387568128658553612e-09
3.383878859845953318e-09
3.380194812676164833e-09
3.376517382281159145e-09
3.372846498006455961e-09
3.369182006282283267e-09
3.365521647673186726e-09
3.361864902791271471e-09
3.358211753691258604e-09
3.354562165591869309e-09
3.350916134055541817e-09
3.347273654586081726e-09
3.343634871341401931e-09
3.339999700283376313e-09
3.336368062083613959e-09
3.332739952070486629e-09
3.329115367000240707e-09
3.325494362610235678e-09
3.321876870930827196e-09
3.318262887071975770e-09
3.314652406088633158e-09
3.311045422981167949e-09
3.307442037405256319e-09
3.303842180014731084e-09
3.300245801645392062e-09
3.296652897114972156e-09
3.293063461188542225e-09
3.289477613642097745e-09
3.285896528881715966e-09
3.282320299530450911e-09
3.278748895967414831e-09
3.275181076261195029e-09
3.271616146297614368e-09
3.268054103636797754e-09
3.264495037988557600e-09
3.260938997975703962e-09
3.257385832838535094e-09
3.253835539988703598e-09
3.250288116790200754e-09
3.246743621206205000e-09
3.243202002462519108e-09
3.239663278359118603e-09
3.236127410603649851e-09
3.232594455830441766e-09
3.229064426752067569e-09
3.225537243188334293e-09
3.222012902167067431e-09
3.218491400671388330e-09
3.214972793729125761e-09
3.211457083650593108e-09
3.207944200560287152e-09
3.204434141301747472e-09
3.200926902675259134e-09
3.197423326768712464e-09
3.193924248700959769e-09
3.190429692406475381e-09
3.186939520787507056e-09
3.183452523457578006e-09
3.179968617258309224e-09
3.176487827791658247e-09
3.173010147447830620e-09
3.169535516129314715e-09
3.166063932334231368e-09
3.162595546480028490e-09
3.159130343512234827e-09
3.155668177959413134e-09
3.152209048164651163e-09
3.148753033303020242e-09
3.145300065990855735e-09
3.141850127794861207e-09
3.138403255134357253e-09
3.134959558361687115e-09
3.131518916463557730e-09
3.128081292170274574e-09
3.124646683474470891e-09
3.121215144017250170e-09
3.117786659832375421e-09
3.114361237511116654e-09
3.110938818822565193e-09
3.107520513564482182e-09
3.104107387333386945e-09
3.100699311307429560e-09
3.097296196562643597e-09
3.093896929578007204e-09
3.090501418342335994e-09
3.087109714201394109e-09
3.083721776473468741e-09
3.080337537608011564e-09
3.076957037727881826e-09
3.073580586892862283e-09
3.070207844310294432e-09
3.066838787872021953e-09
3.063473504740593441e-09
3.060111950798942625e-09
3.056754119547963958e-09
3.053399996309406541e-09
3.050049795336516352e-09
3.046703263449459663e-09
3.043360398762363938e-09
3.040021265517870240e-09
3.036685962350554871e-09
3.033354315648776329e-09
3.030026323330623996e-09
3.026702107822586409e-09
3.023381657485484994e-09
3.020065339755359491e-09
3.016755310484862904e-09
3.013451585738504472e-09
3.010153949717424773e-09
3.006861364342133205e-09
3.003573347456505263e-09
3.000289919267731168e-09
2.997011347553828602e-09
2.993737423445401771e-09
2.990467988815116147e-09
2.987203145275137263e-09
2.983942972578688960e-09
2.980687281338402068e-09
2.977436168998932899e-09
2.974189809027750753e-09
2.970948033115146548e-09
2.967710791352335958e-09
2.964478192809212568e-09
2.961250059175232835e-09
2.958026385432642236e-09
2.954807460127714941e-09
2.951593128103629534e-09
2.948383244012302909e-09
2.945177834652224661e-09
2.941977009454551238e-09
2.938780754724987481e-09
2.935588951593009517e-09
2.932403132160657810e-09
2.929224597002779873e-09
2.926053458471745716e-09
2.922889542169220404e-09
2.919731200996610960e-09
2.916578240401639088e-09
2.913430575233760120e-09
2.910288176173692904e-09
2.907151590772111152e-09
2.904020305110944857e-09
2.900894213319422690e-09
2.897773562204122573e-09
2.894658222713701183e-09
2.891548068065477967e-09
2.888443511210845310e-09
2.885344250209312260e-09
2.882250344631309714e-09
2.879161801577333719e-09
2.876078454681665024e-09
2.873000278214490438e-09
2.869927707451646958e-09
2.866860391973919752e-09
2.863798225191858989e-09
2.860741334548003325e-09
2.857689820664500974e-09
2.854643511044688272e-09
2.851602488999775358e-09
2.848567740895548828e-09
2.845540660015892747e-09
2.842521731520107202e-09
2.839510502477467150e-09
2.836505218289125760e-09
2.833505315662166337e-09
2.830510928929953976e-09
2.827522378891499838e-09
2.824539130704992285e-09
2.821561220010231791e-09
2.818588895952217258e-09
2.815621815336520815e-09
2.812660202967101971e-09
2.809704294864083607e-09
2.806753742645329559e-09
2.803808577941330201e-09
2.800868710742077282e-09
2.797934211348832566e-09
2.795005332293394157e-09
2.792081729708575370e-09
2.789163373121275705e-09
2.786250698871477268e-09
2.783343222628256277e-09
2.780440956849396952e-09
2.777544328672351088e-09
2.774652992765504267e-09
2.771766845136805893e-09
2.768886209870319391e-09
2.766012482664935979e-09
2.763146719069529950e-09
2.760288851257553414e-09
2.757437823368349507e-09
2.754592041380368076e-09
2.751751254224886314e-09
2.748915543716124246e-09
2.746084640207155476e-09
2.743259072844399181e-09
2.740438648201575845e-09
2.737623017711054878e-09
2.734812505505890719e-09
2.732006882700294835e-09
2.729206221130882500e-09
2.726410720747496856e-09
2.723620273663484409e-09
2.720834774879566509e-09
2.718054108251237661e-09
2.715278378259212438e-09
2.712507873297141505e-09
2.709742126744114506e-09
2.706981322451279208e-09
2.704225625202649043e-09
2.701474673533049798e-09
2.698728754659513623e-09
2.695987840923595758e-09
2.693251701397016759e-09
2.690520627607521986e-09
2.687795965734556112e-09
2.685078675152262018e-09
2.682368653602865494e-09
2.679665018308562737e-09
2.676966192424853388e-09
2.674271988005173389e-09
2.671582362851545267e-09
2.668897216514457126e-09
2.666217198074514466e-09
2.663541612521434714e-09
2.660870576052800237e-09
2.658204176789064971e-09
2.655542183051201175e-09
2.652885102905627428e-09
2.650232661427923136e-09
2.647584730892465687e-09
2.644941275308289141e-09
2.642302391226815102e-09
2.639668273774981612e-09
2.637038506490710659e-09
2.634413556540982081e-09
2.631793044512617207e-09
2.629176911478153040e-09
2.626565658655028789e-09
2.623958778382557964e-09
2.621356344438702829e-09
2.618758484986984246e-09
2.616165118553613745e-09
2.613577171888912003e-09
2.610995175580967297e-09
2.608419562016189545e-09
2.605849915860696922e-09
2.603284750611213675e-09
2.600723469058151103e-09
2.598166309337251970e-09
2.595612899505012214e-09
2.593063390798530946e-09
2.590517651809727189e-09
2.587975663352291803e-09
2.585437974568151225e-09
2.582903907214487164e-09
2.580373699049182143e-09
2.577847258366228066e-09
2.575324683595945117e-09
2.572806017901980436e-09
2.570291230374067743e-09
2.567780187301879341e-09
2.565272835829239969e-09
2.562769533261785748e-09
2.560269853322330651e-09
2.557774057287304029e-09
2.555282088869669164e-09
2.552793762563955114e-09
2.550309428394787572e-09
2.547828750792298297e-09
2.545351783080039863e-09
2.542878609015364754e-09
2.540410028368159851e-09
2.537946554203282347e-09
2.535488133135732145e-09
2.533034727596424141e-09
2.530584638085906289e-09
2.528137455592610651e-09
2.525693469878073311e-09
2.523252423721289921e-09
2.520814306690821021e-09
2.518379111796848988e-09
2.515946772388524619e-09
2.513517752428775498e-09
2.511091488802167282e-09
2.508668210045517548e-09
2.506247760916226661e-09
2.503830356595040026e-09
2.501415977632117444e-09
2.499004512562089154e-09
2.496595859360351991e-09
2.494190219016063073e-09
2.491787508751479647e-09
2.489387660635099495e-09
2.486990861873597605e-09
2.484596792809682993e-09
2.482205828373000759e-09
2.479817677580170208e-09
2.477432352170271415e-09
2.475050005051753765e-09
2.472670542505315246e-09
2.470294404708512135e-09
2.467922497965919720e-09
2.465554810685549252e-09
2.463191267439724343e-09
2.460831107087997769e-09
2.458473736290069520e-09
2.456118953999677241e-09
2.453766822555796389e-09
2.451417181269447254e-09
2.449070410624789026e-09
2.446726267056654825e-09
2.444384690904874168e-09
2.442045702850247808e-09
2.439709309256152532e-09
2.437375765533015922e-09
2.435044733103500261e-09
2.432716276862302337e-09
2.430390417990427701e-09
2.428067230835652739e-09
2.425746703684618142e-09
2.423428766066459101e-09
2.421113290434939943e-09
2.418800650366609510e-09
2.416490414376961446e-09
2.414182914378478708e-09
2.411877901585248115e-09
2.409575559970707402e-09
2.407275818536506540e-09
2.404978571961769811e-09
2.402683915515309106e-09
2.400392576991778758e-09
2.398104944716611878e-09
2.395821187844350606e-09
2.393541052737579789e-09
2.391263701676691599e-09
2.388988903223314914e-09
2.386716732178026437e-09
2.384446925447049993e-09
2.382179580231486834e-09
2.379914649694455755e-09
2.377652460307168302e-09
2.375392556094659298e-09
2.373135177034303529e-09
2.370880135347454598e-09
2.368627792664844438e-09
2.366377830917337408e-09
2.364130279724035373e-09
2.361885160714584732e-09
2.359642534001932303e-09
2.357402444977938453e-09
2.355164736637794102e-09
2.352929413314301079e-09
2.350696652319244376e-09
2.348466178651297107e-09
2.346238313519172992e-09
2.344012720730002786e-09
2.341789732650389535e-09
2.339569027872521696e-09
2.337350742625134588e-09
2.335134898291864064e-09
2.332922076700376129e-09
2.330712838622546113e-09
2.328507308417783883e-09
