3.164244695525989833e-12
4.049697765542500672e-12
5.066494501335474138e-12
6.218010331846696577e-12
7.506737859311233641e-12
8.934387428538048974e-12
1.050189543047986527e-11
1.220956387473402604e-11
1.405701438374205891e-11
1.604333487772031637e-11
1.816705389632678418e-11
2.042619007067915691e-11
2.281830145243610370e-11
2.534054023741961678e-11
2.798963449617313041e-11
3.076202297925507636e-11
3.365373884079104962e-11
3.666057689307017760e-11
3.977807826730784098e-11
4.300145462801969608e-11
4.632587736595173523e-11
4.974628409869744246e-11
5.325746748739626903e-11
5.685403204599425732e-11
6.053057492189778659e-11
6.428167145670880020e-11
6.810163552884029186e-11
7.198502638891518508e-11
7.592617422337768617e-11
7.991939440618333636e-11
8.395933198709866008e-11
8.804026491710479767e-11
9.215685701833596709e-11
9.630366618086842029e-11
1.004754266020394023e-10
1.046670360280133830e-10
1.088734045981056421e-10
1.130896643160301244e-10
1.173112097948311814e-10
1.215333289796353256e-10
1.257520341822636936e-10
1.299627788977853607e-10
1.341620174568710323e-10
1.383458066961581131e-10
1.425108965396400764e-10
1.466539140200646388e-10
1.507718700111004991e-10
1.548619526889410622e-10
1.589215643464739089e-10
1.629486867132969911e-10
1.669407927169047569e-10
1.708962865101668876e-10
1.748135949358481394e-10
1.786909957880313091e-10
1.825278183172073337e-10
1.863229173189496577e-10
1.900753851683385404e-10
1.937851757947225853e-10
1.974518818070178985e-10
2.010752288591937981e-10
2.046557821154554939e-10
2.081938369150158698e-10
2.116896626540568221e-10
2.151440685216817085e-10
2.185582628553884126e-10
2.219330111003225224e-10
2.252695093490618777e-10
2.285692570166827301e-10
2.318337379778537272e-10
2.350645625983792988e-10
2.382634078049716616e-10
2.414319999540094603e-10
2.445724894795042942e-10
2.476870794320956551e-10
2.507774798336611955e-10
2.538456512650418105e-10
2.568943192837088845e-10
2.599258939022146588e-10
2.629422492749226513e-10
2.659454378619257324e-10
2.689383759010466034e-10
2.719236052216929440e-10
2.749030404187575476e-10
2.778787232876590831e-10
2.808535973870032676e-10
2.838301246789317887e-10
2.868102093808603468e-10
2.897960785422541095e-10
2.927901413776014631e-10
2.957943276688312474e-10
2.988110438391935897e-10
3.018424284549744051e-10
3.048900410150026630e-10
3.079556803181498222e-10
3.110415659401387795e-10
3.141491837064609392e-10
3.172805713308949557e-10
3.204368581558519583e-10
3.236190212020728694e-10
3.268290092038487233e-10
3.300678793337365655e-10
3.333370139958284291e-10
3.366372092568344344e-10
3.399688785244193786e-10
3.433330855038819127e-10
3.467303356661037777e-10
3.501614702775907415e-10
3.536267542055454106e-10
3.571260717307088114e-10
3.606595803945916881e-10
3.642270885229025001e-10
3.678286979475303529e-10
3.714641614076465423e-10
3.751328019412847328e-10
3.788344389583735918e-10
3.825676050378594724e-10
3.863318415206658591e-10
3.901260116541668231e-10
3.939493830513245212e-10
3.978002630742890541e-10
4.016778861773296715e-10
4.055798425636228356e-10
4.095053296932738246e-10
4.134517419354416957e-10
4.174182381903802923e-10
4.214019712627165374e-10
4.254019740009668334e-10
4.294149157339397222e-10
4.334397282617679766e-10
4.374725523527896513e-10
4.415123286626022848e-10
4.455554769139632421e-10
4.496008603555700834e-10
4.536444529696795931e-10
4.576846509629336163e-10
4.617179553150189393e-10
4.657413469172849061e-10
4.697527085327940047e-10
4.737485239729339718e-10
4.777273866547925970e-10
4.816845849178961088e-10
4.856190100212628420e-10
4.895257546278968085e-10
4.934031627473579678e-10
4.972482164144901426e-10
5.010578514306966144e-10
5.048305669594739669e-10
5.085615378405804746e-10
5.122500623628058745e-10
5.158915579574680235e-10
5.194842955722412246e-10
5.230262164234022603e-10
5.265140022236460592e-10
5.299468779312084390e-10
5.333208754495179083e-10
5.366345784362545176e-10
5.398861138315801355e-10
5.430728039287674529e-10
5.461940514862088498e-10
5.492466894172742956e-10
5.522300797314539626e-10
5.551428468207717303e-10
5.579828826610968769e-10
5.607499461299425878e-10
5.634422173373170178e-10
5.660593657643467032e-10
5.686008853247275275e-10
5.710656743303506002e-10
5.734529186872624034e-10
5.757623962346027400e-10
5.779944240101863224e-10
5.801489249221035497e-10
5.822259746209845236e-10
5.842266324340263487e-10
5.861500092466261601e-10
5.879973073122029998e-10
5.897693285214802451e-10
5.914660769402160425e-10
5.930895085137311348e-10
5.946410425972681346e-10
5.961206787309146213e-10
5.975320445033355455e-10
5.988753701003665350e-10
6.001513856412470658e-10
6.013636108787452244e-10
6.025125258065798854e-10
6.035991021786675746e-10
6.046285807387306983e-10
6.056017132735085698e-10
6.065193770014233569e-10
6.073870219905380447e-10
6.082053750202676681e-10
6.089752315180771700e-10
6.097023223732300524e-10
6.103876636851263527e-10
6.110317259249817334e-10
6.116415519652883331e-10
6.122184743999686753e-10
6.127629276973676972e-10
6.132809694387539786e-10
6.137751938378907756e-10
6.142455554660188469e-10
6.146968873826238956e-10
6.151335794497751195e-10
6.155555061557185812e-10
6.159658625087313238e-10
6.163708383297920948e-10
6.167704589120987926e-10
6.171659359984864465e-10
6.175641263583825160e-10
6.179661521694905367e-10
6.183720603389069407e-10
6.187878885730662939e-10
6.192163099855274002e-10
6.196576170561052020e-10
6.201143648742434706e-10
6.205914553182078958e-10
6.210894126610264140e-10
6.216083388484081832e-10
6.221545087024116968e-10
6.227284076933532286e-10
6.233307362579231538e-10
6.239638094926762737e-10
6.246316132937873726e-10
6.253348718228102826e-10
6.260732208178582486e-10
6.268509609133586643e-10
6.276684627517386580e-10
6.285258619568697194e-10
6.294249214623954358e-10
6.303677956886762148e-10
6.313548723094571247e-10
6.323861761150102515e-10
6.334636009247601236e-10
6.345884730473800978e-10
6.357606688875282800e-10
6.369803165490117750e-10
6.382483744740949472e-10
6.395645363472090564e-10
6.409285399302623550e-10
6.423414601007857195e-10
6.438021651658515919e-10
6.453107125344414613e-10
6.468671751532974431e-10
6.484718073447236949e-10
6.501229151520135490e-10
6.518197992971912321e-10
6.535638427316114710e-10
6.553527175605810269e-10
6.571848566176375243e-10
6.590591809303751826e-10
6.609768134341949782e-10
6.629350699564641899e-10
6.649315804414246293e-10
6.669656790609610060e-10
6.690381161267841653e-10
6.711459083544431639e-10
6.732858032942539896e-10
6.754567234680299201e-10
6.776595111951122072e-10
6.798915159492667256e-10
6.821479310924800259e-10
6.844277770278398862e-10
6.867315700225894025e-10
6.890577132614660672e-10
6.913998317137815154e-10
6.937576933732410272e-10
6.961306165351555071e-10
6.985189498548296571e-10
7.009141478941295700e-10
7.033149462737399895e-10
7.057215346324264050e-10
7.081333036696113544e-10
7.105453299937157767e-10
7.129532675342738474e-10
7.153568566022335946e-10
7.177563643041409790e-10
7.201488797543627351e-10
7.225281226992415953e-10
7.248935342207785913e-10
7.272450898066343231e-10
7.295826782089573360e-10
7.318977242104499265e-10
7.341886039080006317e-10
7.364558843987703166e-10
7.386994409770098328e-10
7.409153120484490482e-10
7.430987730750664151e-10
7.452501576588029763e-10
7.473690378117775852e-10
7.494551788072639236e-10
7.515023435605065316e-10
7.535090828573587891e-10
7.554757472609347629e-10
7.574022127014217595e-10
7.592866136943016975e-10
7.611246057295022597e-10
7.629158464657537957e-10
7.646608837143357529e-10
7.663589127191711123e-10
7.680073105669689569e-10
7.696056609701524687e-10
7.711531617124199815e-10
7.726500905146990764e-10
7.740957579636390933e-10
7.754887506739253363e-10
7.768282468886030928e-10
7.781148925301825205e-10
7.793478938702276547e-10
7.805275764532786274e-10
7.816534853584535474e-10
7.827268174926068496e-10
7.837465364318491018e-10
7.847131023953194547e-10
7.856263218637827291e-10
7.864885061826950844e-10
7.873000438543056907e-10
7.880598217588695921e-10
7.887687195579696134e-10
7.894268945208086414e-10
7.900380623585801320e-10
7.906026186849704175e-10
7.911194883858749664e-10
7.915896076748989780e-10
7.920135118285577693e-10
7.923962310767474464e-10
7.927389411994678549e-10
7.930408966932436143e-10
7.933018867388533424e-10
7.935232223179753900e-10
7.937105000406665733e-10
7.938644226951263128e-10
7.939856443393515270e-10
7.940738877321793900e-10
7.941286307896327385e-10
7.941569559518920040e-10
7.941614832020435019e-10
7.941420027141443294e-10
7.940984292148068829e-10
7.940308917197221746e-10
7.939440230990871412e-10
7.938427465740816375e-10
7.937268408874575677e-10
7.935967936019672831e-10
7.934527071047035165e-10
7.932958719800633300e-10
7.931332639023711318e-10
7.929660496522325753e-10
7.927939969338397263e-10
7.926170034944339834e-10
7.924348981383996668e-10
7.922540436078299615e-10
7.920779884933252134e-10
7.919069641483692029e-10
7.917407092484084512e-10
7.915792497235699282e-10
7.914241518142045957e-10
7.912817106172295053e-10
7.911531561928980429e-10
7.910376690355102510e-10
7.909352855142124301e-10
7.908460462644176080e-10
7.907739939474046693e-10
7.907218590142455022e-10
7.906894829569515345e-10
7.906769190148522238e-10
7.906849545669451526e-10
7.907134943468391732e-10
7.907667958134424267e-10
7.908456806899606567e-10
7.909506580504743524e-10
7.910814319863394963e-10
7.912378820392139491e-10
7.914210614340180009e-10
7.916338269021937022e-10
7.918756183805932448e-10
7.921464243326940617e-10
7.924466038769738591e-10
7.927758767500827254e-10
7.931345198295548890e-10
7.935240513392302421e-10
7.939444899532074212e-10
7.943953554047979501e-10
7.948767234501801764e-10
7.953886066409927151e-10
7.959307977718008442e-10
7.965031339671023571e-10
7.971058481900745064e-10
7.977384804095135767e-10
7.984009876259243495e-10
7.990933090964565948e-10
7.998149762792107108e-10
8.005646468989422847e-10
8.013414577053318448e-10
8.021453926672882477e-10
8.029764545849833028e-10
8.038345094538342876e-10
8.047198312208399565e-10
8.056288466785049338e-10
8.065607387414597345e-10
8.075154408858542635e-10
8.084933847894569436e-10
8.094942738441598314e-10
8.105180865174589653e-10
8.115604988732490958e-10
8.126197718936633781e-10
8.136958221125384108e-10
8.147882793979829397e-10
8.158972771993760602e-10
8.170232312504144522e-10
8.181629627333926379e-10
8.193127043217086827e-10
8.204713436890492742e-10
8.216403193256606993e-10
8.228188112179541044e-10
8.240072504401869373e-10
8.252043986212567618e-10
8.264047538268909518e-10
8.276076057362525569e-10
8.288131095075795403e-10
8.300211516953669963e-10
8.312311102204204878e-10
8.324438299815612887e-10
8.336553872750161500e-10
8.348619507295587739e-10
8.360617714676602861e-10
8.372565585490218506e-10
8.384457955403025044e-10
8.396295871010255591e-10
8.408065642128665261e-10
8.419739489028964536e-10
8.431291413897648187e-10
8.442728201554650504e-10
8.454033984912273653e-10
8.465221273287263654e-10
8.476291551591242770e-10
8.487233819857311263e-10
8.497996187057101489e-10
8.508590905459329754e-10
8.519013109395727120e-10
8.529254713910342264e-10
8.539322690656740074e-10
8.549210913095243896e-10
8.558925316852245006e-10
8.568406412812006820e-10
8.577678650309236592e-10
8.586735254542811611e-10
8.595573406176801830e-10
8.604192352774634847e-10
8.612588634699720774e-10
8.620773176066497176e-10
8.628706577488147102e-10
8.636409553903166927e-10
8.643877996185984676e-10
8.651106172358767162e-10
8.658096961079529240e-10
8.664845535170370234e-10
8.671365813089914317e-10
8.677632888525870469e-10
8.683671268622944593e-10
8.689466287144621325e-10
8.695017824401174751e-10
8.700329347940350138e-10
8.705403752237510014e-10
8.710238684610666906e-10
8.714850375316203505e-10
8.719241017104044570e-10
8.723407912172598734e-10
8.727355672338331113e-10
8.731080013234148238e-10
8.734588112827349018e-10
8.737875504562655709e-10
8.740960501509109271e-10
8.743856969463707357e-10
8.746572739975620634e-10
8.749097574853390883e-10
8.751441138863714644e-10
8.753596728802914306e-10
8.755558637553242810e-10
8.757354483383297186e-10
8.759010029356033544e-10
8.760529583704360385e-10
8.761906667769394820e-10
8.763143391903946432e-10
8.764240841992673071e-10
8.765199061232600687e-10
8.766025347012747583e-10
8.766753108569102181e-10
8.767388971348710150e-10
8.767952851857290323e-10
8.768428172536753662e-10
8.768821589391852027e-10
8.769132981895752722e-10
8.769355432745620191e-10
8.769507842583354266e-10
8.769636767886686512e-10
8.769733738822452753e-10
8.769790140546109987e-10
8.769827721192716147e-10
8.769830921321241182e-10
8.769807730387980333e-10
8.769750953289761122e-10
8.769690648514383556e-10
8.769654351365883587e-10
8.769645377556387601e-10
8.769654245293204916e-10
8.769690580496976147e-10
8.769751650257256009e-10
8.769831186012419754e-10
8.769943519339904885e-10
8.770100255833514064e-10
8.770321280370888224e-10
8.770614417089659741e-10
8.770971350429157405e-10
8.771393881962285576e-10
8.771886119322382405e-10
8.772438058375361438e-10
8.773066629150896891e-10
8.773775355246492336e-10
8.774575825441022947e-10
8.775477466966346201e-10
8.776469891575477679e-10
8.777558933049022917e-10
8.778746174949818392e-10
8.780022777966281359e-10
8.781398691239876787e-10
8.782880995739396233e-10
8.784470950453584340e-10
8.786175962596229338e-10
8.787990381125812257e-10
8.789920654856539483e-10
8.791961480405940417e-10
8.794113359389573401e-10
8.796379557145919879e-10
8.798754661653916322e-10
8.801246838054748270e-10
8.803844742216478521e-10
8.806556140870404942e-10
8.809382315792443686e-10
8.812314099224060544e-10
8.815361186951225027e-10
8.818522222778235630e-10
8.821790311191848490e-10
8.825156870070785639e-10
8.828627289262707107e-10
8.832194010692624544e-10
8.835855018228563222e-10
8.839620389951247633e-10
8.843484281715499166e-10
8.847445398943954506e-10
8.851503113604696655e-10
8.855652830041060948e-10
8.859872925487137450e-10
8.864164412893415045e-10
8.868538688494283358e-10
8.872984139180176680e-10
8.877502716862421342e-10
8.882095662361567011e-10
8.886766868270462353e-10
8.891507311473029429e-10
8.896295300287632753e-10
8.901131923525495183e-10
8.906008748803227597e-10
8.910929540427891821e-10
8.915893323780548560e-10
8.920902268082797230e-10
8.925950154991148074e-10
8.931050291911017519e-10
8.936184155290640300e-10
8.941321475486167080e-10
8.946484141101158694e-10
8.951646172296744620e-10
8.956820519248813228e-10
8.962011478388060038e-10
8.967210898552651861e-10
8.972420273736654087e-10
8.977643336882094074e-10
8.982869318104013828e-10
8.988061654024178868e-10
8.993243106221135651e-10
8.998395210005291299e-10
9.003526049354869651e-10
9.008637989184205079e-10
9.013724074930938513e-10
9.018789416425549022e-10
9.023832366078111994e-10
9.028847665617278715e-10
9.033804006610897355e-10
9.038722521152919008e-10
9.043584627047781700e-10
9.048400554081134266e-10
9.053170600744409468e-10
9.057888228356844808e-10
9.062557293016080328e-10
9.067179381724369491e-10
9.071750130096475096e-10
9.076250264455202102e-10
9.080689332468250816e-10
9.085053411066292331e-10
9.089357635177957613e-10
9.093589811203142481e-10
9.097758839532446112e-10
9.101858283316002497e-10
9.105889929651055279e-10
9.109855272460532313e-10
9.113746860739703739e-10
9.117564698152979670e-10
9.121305101405713110e-10
9.124970241261368140e-10
9.128556648641915357e-10
9.132072841347068299e-10
9.135507499281104001e-10
9.138870502904681172e-10
9.142156937565549360e-10
9.145367806714855291e-10
9.148504850197977296e-10
9.151568265826887059e-10
9.154559476380362313e-10
9.157480315684733863e-10
9.160324903076453415e-10
9.163095912858565494e-10
9.165795435073286921e-10
9.168418280209484581e-10
9.170972080422788124e-10
9.173458699501664502e-10
9.175884765204302018e-10
9.178250356337851990e-10
9.180549496621650397e-10
9.182786883999862092e-10
9.184961704397724148e-10
9.187073116453439591e-10
9.189125863627613659e-10
9.191109831258286452e-10
9.193038153324187170e-10
9.194924588494152335e-10
9.196760178918308702e-10
9.198556462489034518e-10
9.200300648320611974e-10
9.202004643002979392e-10
9.203665311875648497e-10
9.205277317031284282e-10
9.206845891727293739e-10
9.208369449307184898e-10
9.209852212594159291e-10
9.211316280403186820e-10
9.212746388459404134e-10
9.214157309862789933e-10
9.215537421834037147e-10
9.216896785660449473e-10
9.218231658526771760e-10
9.219537751994527565e-10
9.220819396895199724e-10
9.222076160940891395e-10
9.223311368209833680e-10
9.224546384175061339e-10
9.225767880756605713e-10
9.226990421294677049e-10
9.228199881339517593e-10
9.229409027591738403e-10
9.230610854041655031e-10
9.231807039808008318e-10
9.232998066063414945e-10
9.234180068489713946e-10
9.235360530017498104e-10
9.236552001406916487e-10
9.237750843779612273e-10
9.238965179028459857e-10
9.240184478929317200e-10
9.241418317958808262e-10
9.242659692544122677e-10
9.243913647229682489e-10
9.245179224818626463e-10
9.246453876696349791e-10
9.247740595986120493e-10
9.249043127715074680e-10
9.250369280555875996e-10
9.251715178973794367e-10
9.253084258512957162e-10
9.254473893748422250e-10
9.255886051546941438e-10
9.257319249731551568e-10
9.258773919293130282e-10
9.260250142521259278e-10
9.261748027836155804e-10
9.263268846435750343e-10
9.264816003725017462e-10
9.266389612736533506e-10
9.267990647609473015e-10
9.269617410970873392e-10
9.271272501895011172e-10
9.272953040135684724e-10
9.274662083683665704e-10
9.276396318305826659e-10
9.278159250902203319e-10
9.279946536236789661e-10
9.281761373662215305e-10
9.283597725975964114e-10
9.285461762597101336e-10
9.287347209926472295e-10
9.289258819134005540e-10
9.291194011154923554e-10
9.293153447455783692e-10
9.295138496255357664e-10
9.297145784565051927e-10
9.299180806985024922e-10
9.301236306440559861e-10
9.303315416874979426e-10
9.305409049250046761e-10
9.307524657544206028e-10
9.309654653315014231e-10
9.311805461997244923e-10
9.313972385003186734e-10
9.316158099348209417e-10
9.318363029918597695e-10
9.320584042596493774e-10
9.322827276334246581e-10
9.325084139541841675e-10
9.327356403035953881e-10
9.329633384503582293e-10
9.331924029046919740e-10
9.334218434636573038e-10
9.336525435349726017e-10
9.338838234867806693e-10
9.341161479625615994e-10
9.343494104692635347e-10
9.345833723236725687e-10
9.348185746946423939e-10
9.350543141333871525e-10
9.352906960028645491e-10
9.355262233451383417e-10
9.357622337694925436e-10
9.359973433270753276e-10
9.362327820338031988e-10
9.364676518870176103e-10
9.367025536206000101e-10
9.369371793892765514e-10
9.371715489595205877e-10
9.374058808771648851e-10
9.376396858752995941e-10
9.378732538061177235e-10
9.381054369233494132e-10
9.383369581897156337e-10
9.385671249756220672e-10
9.387964950354727142e-10
9.390246916186079311e-10
9.392519236519907309e-10
9.394780652660288432e-10
9.397031711185837578e-10
9.399271979995600723e-10
9.401502450338983378e-10
9.403721499309957591e-10
9.405927270395109896e-10
9.408115406280770146e-10
9.410289849212130456e-10
9.412445223802302265e-10
9.414587074859652837e-10
9.416710866282867247e-10
9.418820315481175312e-10
9.420912338238871234e-10
9.422989075674093119e-10
9.425048985541676086e-10
9.427093183020879379e-10
9.429120759993949049e-10
9.431129415772989385e-10
9.433119377557217696e-10
9.435090653213948786e-10
9.437042734055230078e-10
9.438976722441502862e-10
9.440890725719832711e-10
9.442786855152100700e-10
9.444663139652933899e-10
9.446521378055614479e-10
9.448359230068493362e-10
9.450179548241283730e-10
9.451979629863077282e-10
9.453763015335551734e-10
9.455526461650793459e-10
9.457272238317779339e-10
9.458999020303183084e-10
9.460707866553698719e-10
9.462398143344752271e-10
9.464070535729956262e-10
9.465723492335380573e-10
9.467359108605558605e-10
9.468974190739069829e-10
9.470572885899386688e-10
9.472152439448510747e-10
9.473719816449858954e-10
9.475270689413758146e-10
9.476807592065562106e-10
9.478329970323300600e-10
9.479837512111580846e-10
9.481331417305512189e-10
9.482810183550714788e-10
9.484273648618045368e-10
9.485723277020852287e-10
9.487156958437758825e-10
9.488577184860375321e-10
9.489983540905895110e-10
9.491379005618145008e-10
9.492765488957986579e-10
9.494139856776956350e-10
9.495507669571729080e-10
9.496862736941803287e-10
9.498209722281663998e-10
9.499544644715130131e-10
9.500871073491803266e-10
9.502186559334025537e-10
9.503493964202343955e-10
9.504788603499980031e-10
9.506075842533799380e-10
9.507352588534221490e-10
9.508628127496150152e-10
9.509894865334116226e-10
9.511159118772335625e-10
9.512415544092529539e-10
9.513667793529540141e-10
9.514914248066742719e-10
9.516155772601704217e-10
9.517391513181284375e-10
9.518622123685967153e-10
9.519847185808862422e-10
9.521066808326702273e-10
9.522282363693423152e-10
9.523496435293339736e-10
9.524710356974214920e-10
9.525921995722626241e-10
9.527135264829135653e-10
9.528345321475511459e-10
9.529557501190944403e-10
9.530766344039933974e-10
9.531976332087394399e-10
9.533184319613432617e-10
9.534392517599861266e-10
9.535599398444266671e-10
9.536805527246664826e-10
9.538012518139178925e-10
9.539220188943550860e-10
9.540429853641146755e-10
9.541641227123488978e-10
9.542853752492884490e-10
9.544068142054411094e-10
9.545285010702703299e-10
9.546502810725759556e-10
9.547723257355371888e-10
9.548943846916003805e-10
9.550167128865984340e-10
9.551391631617089356e-10
9.552617732329763773e-10
9.553846403729530463e-10
9.555076388687973985e-10
9.556309201522160197e-10
9.557544835217597504e-10
9.558781477456305389e-10
9.560021318473579550e-10
9.561264296845469239e-10
9.562509068096595051e-10
9.563756303031556278e-10
9.565005811276389302e-10
9.566257461362316286e-10
9.567513119448503819e-10
9.568768861312370972e-10
9.570028313050679742e-10
9.571289222133162502e-10
9.572551437255250324e-10
9.573816374231687365e-10
9.575081438123272970e-10
9.576349853256873814e-10
9.577620133885415215e-10
9.578891451526302337e-10
9.580164610247067055e-10
9.581440024844872161e-10
9.582716754078343255e-10
9.583995840552394180e-10
9.585276044094984868e-10
9.586557296170065668e-10
9.587841688127625948e-10
9.589122866901269586e-10
9.590406713423378574e-10
9.591689493967758333e-10
9.592972474241514438e-10
9.594256281659487148e-10
9.595538618128646335e-10
9.596822817052857329e-10
9.598106349520130330e-10
9.599390179787313101e-10
9.600674074874850213e-10
9.601959055766808658e-10
9.603242976964301806e-10
9.604526816312273342e-10
9.605808938348920795e-10
9.607088937847561063e-10
9.608368626657163255e-10
9.609645021290286308e-10
9.610920904423042698e-10
9.612195027269133461e-10
9.613466618729964395e-10
9.614737118601899973e-10
9.616005729926198503e-10
9.617272281345778648e-10
9.618536933996250917e-10
9.619801151214712834e-10
9.621063189333384460e-10
9.622322354953228071e-10
9.623577492496310485e-10
9.624829080425404700e-10
9.626077602712306591e-10
9.627320649839448796e-10
9.628560847889382030e-10
9.629796990135459935e-10
9.631029156860524043e-10
9.632257862356675583e-10
9.633482025988544871e-10
9.634702416012533525e-10
9.635918838127224378e-10
9.637131865836788448e-10
9.638341061546965263e-10
9.639545580913144560e-10
9.640744947883784827e-10
9.641939666055541974e-10
9.643130299497764951e-10
9.644314916205228869e-10
9.645495037398648978e-10
9.646670383101376168e-10
9.647840491266036697e-10
9.649006573300292012e-10
9.650166430577099099e-10
9.651322069045839348e-10
9.652473080889927156e-10
9.653618662425642453e-10
9.654759841465428183e-10
9.655895429591453668e-10
9.657026235494363228e-10
9.658152862369148786e-10
9.659273277239956803e-10
9.660389245053788475e-10
9.661499743374047656e-10
9.662605689466278691e-10
9.663706829935281452e-10
9.664802094802254087e-10
9.665892958027774729e-10
9.666978424179385509e-10
9.668059283676965378e-10
9.669134539987906253e-10
9.670204931604169771e-10
9.671271085565056192e-10
9.672330884745628260e-10
9.673386425837807741e-10
9.674436508401520932e-10
9.675481774153560883e-10
9.676522991434701636e-10
9.677557082630138679e-10
9.678587312940214297e-10
9.679612148681910129e-10
9.680632208331552736e-10
9.681647294111912018e-10
9.682656636977456052e-10
9.683661765007054549e-10
9.684660878363228072e-10
9.685655297814359673e-10
9.686645127182369574e-10
9.687630376572923319e-10
9.688612169814280638e-10
9.689589292026275874e-10
9.690562900695975062e-10
9.691532736806658633e-10
9.692498488115843321e-10
9.693460719153617678e-10
9.694417790324757713e-10
9.695371940130547866e-10
9.696321928608224766e-10
9.697267817630071051e-10
9.698210685133193247e-10
9.699147951070123269e-10
9.700082175500336880e-10
9.701012637533448699e-10
9.701940004018480329e-10
9.702865150434293107e-10
9.703786581158103020e-10
9.704705965346087609e-10
9.705622513488266599e-10
9.706535980998913384e-10
9.707447581515768342e-10
9.708355046325602340e-10
9.709260454279705693e-10
9.710163581903655390e-10
9.711063099223375344e-10
9.711960687707626515e-10
9.712854752300724996e-10
9.713745996732367178e-10
9.714635246815008883e-10
9.715521670607613132e-10
9.716405571186674823e-10
9.717287181748470705e-10
9.718167058177397567e-10
9.719044443078762416e-10
9.719918965316476733e-10
9.720792135910464455e-10
9.721662090355920219e-10
9.722530095638770828e-10
9.723396760256235932e-10
9.724259543650449889e-10
9.725120820244188214e-10
9.725980118205357699e-10
9.726836401371954295e-10
9.727690775717544210e-10
9.728543479810942271e-10
9.729393886140528086e-10
9.730243185699972763e-10
9.731091047899099870e-10
9.731936948455947920e-10
9.732781380157576577e-10
9.733624438257142099e-10
9.734465791200802640e-10
9.735305509040002734e-10
9.736143802713243210e-10
9.736980331010175749e-10
9.737815311933423610e-10
9.738649025134553923e-10
9.739480903277681499e-10
9.740310946316484222e-10
9.741139742925625546e-10
9.741967419999574519e-10
9.742793286380952877e-10
9.743618316660575776e-10
9.744442483290020096e-10
9.745264579085208597e-10
9.746085979937013172e-10
9.746906493517669595e-10
9.747725042030692044e-10
9.748542746868293345e-10
9.749359481905282418e-10
9.750174554498664620e-10
9.750988590132640661e-10
9.751801580552775209e-10
9.752613083946186668e-10
9.753423410810834390e-10
9.754232490886824326e-10
9.755039770940873549e-10
9.755845193070339182e-10
9.756649154355829654e-10
9.757451633075582080e-10
9.758251876885668286e-10
9.759050776890391382e-10
9.759848248438569022e-10
9.760643462662140202e-10
9.761437327554781781e-10
9.762229602889181802e-10
9.763019922116795425e-10
9.763808783028297839e-10
9.764595825786060514e-10
9.765381265383423639e-10
9.766164951889765286e-10
9.766946807018230739e-10
9.767726985154636708e-10
9.768504895796250587e-10
9.769281110666323534e-10
9.770055803580731255e-10
9.770827844427950087e-10
9.771598453581865726e-10
9.772367385957961659e-10
9.773133914897094912e-10
9.773898792426383485e-10
9.774661856599993461e-10
9.775422995794037080e-10
9.776182013745024762e-10
9.776939316959288018e-10
9.777695035414611630e-10
9.778448219928687321e-10
9.779199750122483345e-10
9.779949829611884158e-10
9.780697226511545069e-10
9.781442925085331317e-10
9.782187034910272237e-10
9.782928719052882264e-10
9.783668535883649518e-10
9.784406741316952682e-10
9.785142620703070505e-10
9.785876540391610892e-10
9.786608875295982626e-10
9.787338964783426409e-10
9.788066949310864614e-10
9.788793429168644444e-10
9.789517617581858317e-10
9.790239782951176264e-10
9.790960354941505404e-10
9.791678424415178092e-10
9.792394237028706235e-10
9.793107865462314355e-10
9.793818827490798438e-10
9.794527864105859933e-10
9.795234337087198237e-10
9.795938217019443588e-10
9.796640214925543839e-10
9.797339696913007354e-10
9.798036554075648275e-10
9.798731440727393201e-10
9.799423860305102972e-10
9.800113706786143344e-10
9.800801595954367986e-10
9.801486867798643827e-10
9.802169684860374825e-10
9.802850540976312842e-10
9.803528540266841091e-10
9.804204034458668606e-10
9.804877562483952703e-10
9.805547971183436312e-10
9.806216384272055419e-10
9.806882382815089810e-10
9.807545369114989911e-10
9.808206399824677907e-10
9.808865022141764173e-10
9.809520714013952563e-10
9.810174286834286459e-10
9.810825558921643300e-10
9.811473801415338913e-10
9.812120129229107566e-10
9.812763799229263615e-10
9.813404802615018933e-10
9.814043792059173784e-10
9.814679871224266913e-10
9.815314195391687252e-10
9.815946324337567160e-10
9.816575801914398617e-10
9.817203743944573794e-10
9.817829279204248423e-10
9.818452196205673749e-10
9.819073451598531033e-10
9.819692673853407374e-10
9.820308920239589682e-10
9.820923550398813894e-10
9.821536325343711791e-10
9.822145967996339509e-10
9.822754045073586759e-10
9.823360117747453186e-10
9.823963479112696024e-10
9.824564754627873386e-10
9.825163984316532799e-10
9.825761130448484983e-10
9.826355698888365876e-10
9.826948467627665725e-10
9.827539323379036556e-10
9.828127750485529131e-10
9.828714140793766552e-10
9.829298585408180717e-10
9.829881070438754779e-10
9.830460808641156159e-10
9.831038928153669168e-10
9.831615093577302884e-10
9.832188713847255474e-10
9.832760354106969915e-10
9.833330196318810176e-10
9.833897677805158685e-10
9.834462819088366442e-10
9.835026266465739138e-10
9.835587354961405669e-10
9.836146277782836840e-10
9.836703386682797876e-10
9.837258208248453420e-10
9.837811508092122261e-10
9.838362433773577481e-10
9.838911195429781893e-10
9.839458176508580252e-10
9.840003545374314437e-10
9.840545932763483625e-10
9.841086918059594250e-10
9.841626180579612075e-10
9.842162745889886263e-10
9.842697476641774803e-10
9.843230559203205606e-10
9.843761567082336383e-10
9.844289798361409870e-10
9.844816902166838669e-10
9.845341730077042666e-10
9.845865169207660058e-10
9.846386994802137887e-10
9.846906830108244865e-10
9.847425713507310626e-10
9.847942375675795956e-10
9.848457480790515490e-10
9.848971188037001439e-10
9.849483320262117915e-10
9.849993387610333346e-10
9.850502056131612862e-10
9.851009456499813731e-10
9.851514695838811970e-10
9.852018357159978968e-10
9.852520684644963599e-10
9.853021370064762929e-10
9.853519962581541289e-10
9.854017210934787335e-10
9.854512959912330926e-10
9.855006696947983181e-10
9.855498794927733204e-10
9.855989347699770983e-10
9.856478795174049114e-10
9.856965799233311970e-10
9.857451467115471326e-10
9.857935806124531989e-10
9.858418419801511761e-10
9.858898866382746290e-10
9.859378209818131536e-10
9.859855940325354968e-10
9.860331861942020750e-10
9.860806039948395644e-10
9.861279000758912757e-10
9.861750089452908509e-10
9.862219356468547932e-10
9.862687252015423019e-10
9.863153267800146344e-10
9.863617879530152282e-10
9.864080319636012715e-10
9.864541533121946648e-10
9.865000923061336838e-10
9.865458735185968627e-10
9.865914706191431739e-10
9.866368952344165125e-10
9.866821759378822139e-10
9.867273043275772831e-10
9.867722095496092728e-10
9.868169955670567777e-10
9.868616145372820930e-10
9.869060522190888435e-10
9.869503013622803194e-10
9.869944156034808261e-10
9.870383783342271525e-10
9.870821190555700521e-10
9.871257493880885634e-10
9.871691623594210229e-10
9.872124974468184449e-10
9.872555727615772942e-10
9.872985559883037814e-10
9.873413557129523076e-10
9.873840072060906018e-10
9.874265157208118620e-10
9.874688004935585432e-10
9.875109956030701101e-10
9.875530126027700521e-10
9.875948341586750429e-10
9.876365298133894639e-10
9.876780841036403031e-10
9.877194359775012947e-10
9.877606285498593525e-10
9.878016902920643655e-10
9.878425937382458384e-10
9.878832971967224602e-10
9.879238639901553553e-10
9.879642686401822451e-10
9.880045062389751192e-10
9.880445344120977891e-10
9.880844105849926381e-10
9.881241566439487757e-10
9.881636883710197009e-10
9.882030600594456894e-10
9.882422606654970241e-10
9.882813292018238071e-10
9.883201965904903659e-10
9.883588610619919343e-10
9.883974269018007508e-10
9.884358106432984648e-10
9.884739644966628535e-10
9.885119892154703761e-10
9.885498682276537683e-10
9.885875469538509806e-10
9.886250445200494182e-10
9.886624097147678166e-10
9.886995692332189323e-10
9.887365782930173757e-10
9.887733843973523662e-10
9.888100798452286812e-10
9.888465470802192064e-10
9.888828908208252312e-10
9.889190588867152774e-10
9.889550315033509804e-10
9.889908599573778844e-10
9.890265487260764910e-10
9.890620235270975090e-10
9.890973342154436374e-10
9.891324860773366578e-10
9.891675316248488332e-10
9.892022964310247798e-10
9.892369565033552367e-10
9.892714575220474305e-10
9.893057971387769611e-10
9.893398979093793637e-10
9.893739181114320508e-10
9.894076978156020037e-10
9.894413941462941429e-10
9.894748171824262360e-10
9.895081592866695295e-10
9.895412743508864238e-10
9.895742688342557302e-10
9.896070916649507094e-10
9.896396797436490025e-10
9.896721732341201730e-10
9.897044823627832129e-10
9.897365932102977234e-10
9.897685420976680934e-10
9.898003473966998048e-10
9.898319903203013490e-10
9.898634091100514992e-10
9.898947021252937904e-10
9.899258465496158734e-10
9.899567859381979811e-10
9.899875340130565770e-10
9.900181419531382897e-10
9.900486030514559175e-10
9.900788678747861555e-10
9.901089651602933826e-10
9.901389038674189675e-10
9.901687249122383197e-10
9.901983473091786180e-10
9.902278099966918635e-10
9.902571044874913811e-10
9.902862872402108541e-10
9.903152899974777779e-10
9.903440633042726385e-10
9.903727588331356571e-10
9.904012797703929912e-10
9.904296291581667795e-10
9.904577798102149328e-10
9.904858432615446553e-10
9.905137245624095377e-10
9.905414125519097290e-10
9.905689295157384974e-10
9.905963469717661682e-10
9.906235477672297661e-10
9.906506292453228028e-10
9.906775441590189734e-10
9.907043423079825940e-10
9.907309642548612365e-10
9.907574677975353550e-10
9.907838168423097930e-10
9.908099991545215463e-10
9.908360531086922335e-10
9.908619852427746981e-10
9.908877462688812690e-10
9.909133386259953411e-10
9.909388109085790784e-10
9.909641776565651340e-10
9.909893410130808358e-10
9.910143531140380633e-10
9.910392534560702947e-10
9.910640138213584990e-10
9.910886030194446777e-10
9.911130306880169427e-10
9.911373712026064814e-10
9.911615024831422049e-10
9.911854924301509014e-10
9.912093175753605401e-10
9.912329887538445286e-10
9.912565235563844145e-10
9.912798716222806311e-10
9.913031041215740560e-10
9.913260984172528937e-10
9.913490149965007680e-10
9.913717489100329986e-10
9.913943075562357023e-10
9.914167075060594494e-10
9.914389686641581148e-10
9.914611043862312280e-10
9.914829952485741599e-10
9.915047784175434476e-10
9.915264159764619414e-10
9.915478941403647333e-10
9.915691732064022180e-10
9.915903224012371420e-10
9.916113055784829438e-10
9.916321734099418185e-10
9.916528238169766836e-10
9.916733717593706334e-10
9.916937567456536262e-10
9.917140482485746406e-10
9.917341347534751156e-10
9.917540857861263072e-10
9.917738947114230088e-10
9.917935903825003212e-10
9.918131304014301263e-10
9.918324583554872647e-10
9.918517109233225843e-10
9.918708069980158679e-10
9.918897639221117611e-10
9.919085135305097566e-10
9.919271809670338552e-10
9.919457055777143838e-10
9.919640542225113583e-10
9.919822511863308692e-10
9.920003230423500949e-10
9.920182376336332091e-10
9.920360265794072810e-10
9.920536522449810318e-10
9.920711784522604446e-10
9.920885431723775911e-10
9.921058002453604895e-10
9.921229256545990809e-10
9.921399084965294027e-10
9.921567427115571597e-10
9.921734678422243543e-10
9.921900815476512120e-10
9.922065229157049906e-10
9.922228231188525101e-10
9.922390183450047989e-10
9.922551053622844856e-10
9.922710186750269767e-10
9.922867860803472439e-10
9.923024579176863119e-10
9.923180039800625717e-10
9.923334003838352476e-10
9.923486262699081149e-10
9.923637846488612930e-10
9.923787476779045194e-10
9.923936180384827479e-10
9.924082329905032385e-10
9.924228090999833199e-10
9.924371235383212457e-10
9.924513891009969585e-10
9.924654116214237320e-10
9.924793397152544746e-10
9.924930593177568739e-10
9.925066880576122706e-10
9.925201486811972540e-10
9.925334162983576790e-10
9.925465523756440937e-10
9.925595438692454187e-10
9.925724173065130263e-10
9.925850479959666335e-10
9.925975691157114540e-10
9.926099541908393662e-10
9.926221865455132981e-10
9.926342398229051607e-10
9.926461243309675164e-10
9.926578867626810957e-10
9.926695026043416506e-10
9.926809709068007870e-10
9.926922634353236304e-10
9.927034550801958633e-10
9.927144844352924815e-10
9.927254156792824664e-10
9.927361513593708752e-10
9.927467522250253826e-10
9.927572304478364712e-10
9.927675844095907087e-10
9.927777952992083487e-10
9.927878054488003705e-10
9.927977354737491525e-10
9.928075158263217935e-10
9.928171758075303366e-10
9.928266197119161652e-10
9.928359755952271904e-10
9.928452074312248348e-10
9.928542784030512912e-10
9.928631987556279593e-10
9.928719666617128661e-10
9.928806355637083092e-10
9.928891289278448061e-10
9.928975267553088901e-10
9.929057429195175148e-10
9.929138931586720899e-10
9.929218507052757903e-10
9.929297451052010415e-10
9.929374657561694982e-10
9.929450809505020460e-10
9.929525329258042790e-10
9.929598973921392258e-10
9.929671454918222926e-10
9.929742169841018810e-10
9.929811633307790303e-10
9.929880069359579132e-10
9.929947442965286357e-10
9.930013087932671782e-10
9.930077336430999628e-10
9.930140687365157369e-10
9.930202778605398998e-10
9.930263493871223495e-10
9.930322509369811111e-10
9.930380635401086049e-10
9.930437427865425909e-10
9.930492770165519498e-10
9.930546437992732157e-10
9.930598813771686223e-10
9.930649888212729829e-10
9.930699428068301026e-10
9.930747811319821492e-10
9.930794374131275006e-10
9.930839645609981157e-10
9.930883436368802799e-10
9.930926104832543976e-10
9.930967306218263306e-10
9.931006574408031255e-10
9.931044809907885775e-10
9.931081632397552006e-10
9.931117370407526656e-10
9.931150872542928902e-10
9.931183278858820549e-10
9.931214506154480455e-10
9.931244334919748695e-10
9.931272504063336724e-10
9.931298940765226496e-10
9.931324483477607181e-10
9.931348290286538745e-10
9.931371130859592931e-10
9.931391953565247464e-10
9.931411909592415194e-10
9.931430309810723949e-10
9.931447671393345032e-10
9.931463665298997708e-10
9.931478071626679213e-10
9.931491099283334788e-10
9.931502988522746171e-10
9.931513674266892257e-10
9.931523000366820865e-10
9.931530431927429657e-10
9.931537060784940993e-10
9.931542284860229594e-10
9.931546481606148725e-10
9.931548561814015243e-10
9.931549634681331795e-10
9.931549676793096780e-10
9.931548253210713083e-10
9.931545454121682890e-10
9.931540882677008343e-10
9.931535537831695949e-10
9.931528591254111331e-10
9.931520615538526835e-10
9.931511135122678282e-10
9.931500576535217499e-10
9.931488821854517131e-10
9.931475753532008281e-10
9.931461810544997405e-10
9.931446195663427568e-10
9.931429518304343264e-10
9.931411467775811285e-10
9.931392568798198843e-10
9.931372492049810975e-10
9.931350722126815708e-10
9.931327787184034158e-10
9.931303942919123687e-10
9.931278958429992974e-10
9.931252505009128661e-10
9.931224550081331046e-10
9.931195828333117356e-10
9.931165854214431107e-10
9.931134633500647335e-10
9.931101954596897398e-10
9.931068060417175881e-10
9.931033264245386442e-10
9.930996885551767325e-10
9.930959551872754342e-10
9.930920081166838564e-10
9.930880119470499412e-10
9.930838266587817058e-10
9.930795633700286846e-10
9.930751421407536710e-10
9.930705905379086312e-10
9.930658936979058178e-10
9.930610820647968035e-10
9.930561548552208687e-10
9.930510932005264966e-10
9.930458523457344138e-10
9.930405173002582108e-10
9.930350565023391917e-10
9.930294941905199739e-10
9.930237283332714109e-10
9.930178476430258620e-10
9.930118733754092581e-10
9.930057613034730698e-10
9.929995028960280110e-10
9.929930914569643050e-10
9.929865630819209828e-10
9.929799214929212876e-10
9.929731341675809986e-10
9.929662363852566388e-10
9.929591452761406695e-10
9.929520002175606869e-10
9.929446662191207939e-10
9.929372621712009197e-10
9.929297056643195363e-10
9.929220139208526260e-10
9.929141826585275166e-10
9.929062413719992329e-10
9.928981851896289162e-10
9.928900079537600097e-10
9.928816444592130713e-10
9.928731890569177853e-10
9.928646122795574463e-10
9.928559330168146382e-10
9.928470758253507209e-10
9.928380753596699825e-10
9.928289987304037651e-10
9.928197827749917518e-10
9.928104344631130275e-10
9.928009450788481956e-10
9.927913080819903456e-10
9.927816015418870491e-10
9.927717170806106664e-10
9.927617692535356903e-10
9.927516377240189294e-10
9.927414358583007074e-10
9.927310993108697133e-10
9.927206526914658645e-10
9.927101179977167809e-10
9.926994211904642712e-10
9.926886275425925105e-10
9.926776915222135145e-10
9.926666861447874280e-10
9.926555585060136211e-10
9.926442859113441284e-10
9.926328784903293335e-10
9.926213924954901908e-10
9.926097907952473496e-10
9.925980954737101630e-10
9.925862073754564742e-10
9.925742397959819850e-10
9.925621742526183321e-10
9.925499992213747344e-10
9.925376865065592423e-10
9.925252252535149470e-10
9.925126819386944944e-10
9.925000226461211266e-10
9.924872356937091683e-10
9.924743327749387077e-10
9.924612538918770157e-10
9.924481274529611370e-10
9.924348169399719037e-10
9.924214460305763605e-10
9.924079231602647550e-10
9.923942731250787580e-10
9.923804975144665959e-10
9.923666068951229268e-10
9.923526218495761377e-10
9.923385099976343549e-10
9.923242330033639356e-10
9.923098446567691505e-10
9.922953711336496114e-10
9.922807676948045153e-10
9.922660455360820938e-10
9.922511425940589487e-10
9.922361704272548930e-10
9.922210889557707188e-10
9.922058842862601781e-10
9.921905341516622459e-10
9.921750360868752993e-10
9.921594592069340612e-10
9.921437513285292031e-10
9.921279130853431128e-10
9.921119613963832829e-10
9.920958333722037553e-10
9.920796539820934216e-10
9.920632922365222125e-10
9.920468569410287854e-10
9.920302947102656252e-10
9.920135849482213011e-10
9.919967531442182345e-10
9.919797963968170295e-10
9.919627475395045353e-10
9.919455891050593082e-10
9.919282589983769325e-10
9.919107894144228630e-10
9.918932485929299780e-10
9.918755717065542596e-10
9.918578178789398888e-10
9.918398503394328543e-10
9.918217839620583002e-10
9.918036381856226601e-10
9.917853544687548658e-10
9.917669468329314422e-10
9.917483898367650841e-10
9.917297034305079978e-10
9.917109574382748067e-10
9.916920308554532952e-10
9.916730493199424440e-10
9.916539007607013325e-10
9.916346666945388509e-10
9.916153382411334562e-10
9.915958517193032669e-10
9.915763286829497844e-10
9.915566257541070594e-10
9.915368564868888123e-10
9.915169229317988219e-10
9.914969157002693388e-10
9.914768112822763906e-10
9.914565932261695309e-10
9.914362277003651037e-10
9.914157534956013324e-10
9.913951983908365741e-10
9.913745397054608566e-10
9.913537580937876039e-10
9.913328210508240674e-10
9.913118082247574542e-10
9.912906989585510836e-10
9.912694888925081781e-10
9.912481399723500932e-10
9.912266518056623465e-10
9.912050805122447628e-10
9.911834026584221403e-10
9.911616087326307309e-10
9.911397204735285843e-10
9.911176338739070198e-10
9.910955019762827892e-10
9.910732355536551537e-10
9.910508782735917534e-10
9.910284242503302988e-10
9.910057856015762137e-10
9.909830809351238505e-10
9.909602285187871669e-10
9.909373166183416709e-10
9.909142717127337480e-10
9.908911057055887211e-10
9.908677863562187270e-10
9.908443945485981283e-10
9.908209063869059149e-10
9.907972958267194356e-10
9.907735555646749465e-10
9.907496616827623177e-10
9.907257078051089881e-10
9.907016517037104172e-10
9.906774716143486743e-10
9.906531576067618648e-10
9.906287091974836001e-10
9.906041736860247951e-10
9.905795378187393284e-10
9.905547541367599404e-10
9.905298880003624378e-10
9.905048453837197966e-10
9.904797383960059636e-10
9.904545098605324451e-10
9.904291364463805510e-10
9.904037015081063384e-10
9.903781081573622349e-10
9.903524166728053903e-10
9.903265852266832827e-10
9.903006553096309754e-10
9.902746244344197639e-10
9.902485084298537729e-10
9.902222085399356842e-10
9.901957871474219714e-10
9.901693000250895132e-10
9.901426815802454301e-10
9.901159978949633314e-10
9.900891165706316538e-10
9.900621240155711604e-10
9.900350627836955531e-10
9.900078727600053666e-10
9.899805715556101117e-10
9.899531590367960425e-10
9.899255705635548706e-10
9.898979356226776465e-10
9.898701763484479857e-10
9.898422803084239995e-10
9.898143482665012253e-10
9.897862040449965130e-10
9.897580400123506939e-10
9.897297264980145444e-10
9.897013126522328820e-10
9.896728476734131149e-10
9.896442045800254344e-10
9.896155152958797322e-10
9.895866494003807643e-10
9.895577220626917175e-10
9.895287059958199041e-10
9.894995813547511710e-10
9.894703201777822844e-10
9.894409408278265344e-10
9.894114904504772035e-10
9.893819403402095712e-10
9.893523072848196055e-10
9.893224973082145166e-10
9.892926010393214251e-10
9.892626242983485570e-10
9.892325483693005776e-10
9.892023594305064389e-10
9.891720502391933769e-10
9.891416108374716646e-10
9.891111042842558881e-10
9.890804801507281571e-10
9.890497626326658515e-10
9.890189230117643104e-10
9.889879240556315461e-10
9.889568803130452861e-10
9.889257002940867896e-10
9.888944521772982491e-10
9.888631021989868574e-10
9.888315730189647528e-10
9.887999859872540953e-10
9.887682631195621594e-10
9.887364729832887435e-10
9.887045742810074962e-10
9.886725646024381894e-10
9.886404025181778050e-10
9.886081490821378423e-10
9.885758279160943743e-10
9.885433871295393302e-10
9.885108652324658331e-10
9.884781545883689061e-10
9.884453654274196958e-10
9.884125092105778206e-10
9.883795379421564826e-10
9.883464567355794334e-10
9.883132438480113614e-10
9.882799085923685905e-10
9.882465065422015487e-10
9.882129924020097912e-10
9.881793472929054411e-10
9.881456243281763101e-10
9.881117461606862190e-10
9.880778110447267654e-10
9.880437690195608881e-10
9.880095750894377170e-10
9.879753296543346788e-10
9.879409723999431395e-10
9.879064959954576383e-10
9.878719078512377314e-10
9.878372062265645376e-10
9.878024311840285106e-10
9.877675498730201626e-10
9.877325766650374944e-10
9.876974409905313942e-10
9.876622240406497451e-10
9.876269231198177258e-10
9.875915081808029831e-10
9.875560433423659422e-10
9.875203707884752931e-10
9.874846137419728206e-10
9.874487981750269494e-10
9.874128630404677021e-10
9.873768261951392703e-10
9.873406929147582419e-10
9.873043919452421889e-10
9.872680416295222316e-10
9.872316025821586451e-10
9.871950026529635647e-10
9.871583890076250031e-10
9.871215673265484999e-10
9.870846915238510186e-10
9.870477553864962600e-10
9.870106225635002966e-10
9.869734875542452948e-10
9.869362043828184757e-10
9.868988066748562022e-10
9.868613353646525370e-10
9.868237091593163816e-10
9.867860449874034062e-10
9.867482730516823574e-10
9.867103876712629038e-10
9.866723721628219888e-10
9.866342490615098740e-10
9.865960566070177379e-10
9.865577706570247480e-10
9.865194062843333082e-10
9.864808626471895059e-10
9.864422349356357185e-10
9.864035301094869017e-10
9.863647287781198929e-10
9.863258400775170829e-10
9.862868150203055171e-10
9.862476641718150054e-10
9.862084381190203711e-10
9.861691135750502915e-10
9.861296900879332799e-10
9.860901907595210355e-10
9.860505165451922446e-10
9.860107715355560731e-10
9.859709512274205866e-10
9.859309903492457787e-10
9.858909914483906258e-10
9.858508729134167757e-10
9.858106057763350995e-10
9.857702668708094110e-10
9.857298131473000648e-10
9.856893044914293424e-10
9.856486805647556154e-10
9.856079610997551143e-10
9.855670900894140907e-10
9.855261287547965661e-10
9.854851197735831417e-10
9.854439958826310501e-10
9.854027959941706669e-10
9.853614224477847157e-10
9.853199480134881738e-10
9.852784291777286727e-10
9.852368270299095185e-10
9.851950984258202444e-10
9.851532414625525309e-10
9.851112884082773170e-10
9.850692348111912640e-10
9.850271273569545541e-10
9.849848790527606034e-10
9.849425371021673757e-10
9.849001102125949864e-10
9.848575456576693557e-10
9.848149441290938329e-10
9.847722299996682071e-10
9.847293832715153483e-10
9.846864902577061721e-10
9.846434999239886184e-10
9.846004028371536227e-10
9.845572089226447526e-10
9.845138932832768280e-10
9.844705186624570697e-10
9.844270442095400547e-10
9.843835161218392110e-10
9.843398211105796791e-10
9.842960277207653424e-10
9.842521817930293486e-10
9.842082311225143146e-10
9.841642239951026765e-10
9.841200849729979043e-10
9.840758093083073590e-10
9.840314733620024933e-10
9.839870652429690909e-10
9.839425602696265983e-10
9.838979503797350983e-10
9.838532453577245435e-10
9.838083991731651945e-10
9.837635097516270731e-10
9.837185430432542394e-10
9.836734201111314156e-10
9.836282724683319603e-10
9.835829463565590582e-10
9.835375384405113234e-10
9.834921179922016797e-10
9.834464721499964147e-10
9.834008070448639939e-10
9.833550642279535006e-10
9.833091480491240214e-10
9.832632156871676022e-10
9.832171011652958043e-10
9.831709207123522179e-10
9.831246852107456612e-10
9.830783296441006672e-10
9.830318746976400958e-10
9.829852733181460596e-10
9.829386096729622858e-10
9.828918665410156016e-10
9.828450217769232501e-10
9.827981049689150628e-10
9.827510116615125057e-10
9.827038435152128616e-10
9.826566076176718501e-10
9.826092691418559867e-10
9.825618544582004814e-10
9.825143111306096109e-10
9.824666380552522066e-10
9.824188881906712669e-10
9.823710624946799028e-10
9.823231221968471749e-10
9.822751147188172155e-10
9.822269924751848105e-10
9.821787279643452623e-10
9.821304270122913027e-10
9.820820178847828378e-10
9.820335150822960057e-10
9.819849596274470789e-10
9.819362655169649607e-10
9.818874787764817431e-10
9.818385927225435129e-10
9.817896160927831574e-10
9.817405896827972301e-10
9.816914460006448061e-10
9.816422243431125279e-10
9.815928515418979531e-10
9.815433947066604865e-10
9.814938986352066777e-10
9.814442967581501391e-10
9.813946093834159738e-10
9.813448008546807742e-10
9.812948614934143855e-10
9.812448809173363090e-10
9.811948257187722732e-10
9.811446596409277843e-10
9.810943937668649977e-10
9.810440327376461763e-10
9.809935505489255695e-10
9.809429996409968424e-10
9.808923902489172660e-10
9.808416296937166487e-10
9.807908207470233104e-10
9.807399217136404226e-10
9.806888926863634097e-10
9.806378367043101226e-10
9.805866752704806126e-10
9.805354005189662808e-10
9.804840858667200617e-10
9.804326795628206128e-10
9.803811700757911686e-10
9.803295859842255843e-10
9.802778842495236782e-10
9.802261247772841436e-10
9.801742898475818599e-10
9.801223922084487989e-10
