4.647623851224675671e-08
5.017623927865433691e-08
5.376206915880521847e-08
5.723256754016783742e-08
6.059372654940409033e-08
6.384586850521053727e-08
6.699255993353512634e-08
7.003656654500341258e-08
7.297995867599778033e-08
7.582539033313467426e-08
7.857547704892459360e-08
8.123265748471677134e-08
8.379926377554140372e-08
8.627759496970640926e-08
8.866984621417096693e-08
9.097796967275397531e-08
9.320438089329852942e-08
9.535105337979474881e-08
9.741974655328098140e-08
9.941222126378311760e-08
1.013304725068829383e-07
1.031766244016162885e-07
1.049523324038904943e-07
1.066587135747080896e-07
1.082979822767177318e-07
1.098719105485028129e-07
1.113813982502995571e-07
1.128285184478892471e-07
1.142144438109548744e-07
1.155402141261066586e-07
1.168084777340001254e-07
1.180188343718425135e-07
1.191742637702885396e-07
1.202748041236956231e-07
1.213225684805695442e-07
1.223180894676167700e-07
1.232631907064704347e-07
1.241582512125353661e-07
1.250054490405709070e-07
1.258045767023802912e-07
1.265579906904173271e-07
1.272655165038048349e-07
1.279295520511768812e-07
1.285494822699032337e-07
1.291278603844119122e-07
1.296648350370897467e-07
1.301614116798665270e-07
1.306191335304346559e-07
1.310376169266778358e-07
1.314192922482487545e-07
1.317640600183182989e-07
1.320729146396897107e-07
1.323476328415885406e-07
1.325876131809172857e-07
1.327946847498919638e-07
1.329699170966352317e-07
1.331127147734123147e-07
1.332252876197298682e-07
1.333083357947227758e-07
1.333611801537690278e-07
1.333861927686988993e-07
1.333840122280658600e-07
1.333539782779050684e-07
1.332980927596601717e-07
1.332171492095091846e-07
1.331108444113794145e-07
1.329801254023226178e-07
1.328266061831348253e-07
1.326502275866720819e-07
1.324512399817771149e-07
1.322314164057605603e-07
1.319907868851371199e-07
1.317294258832255610e-07
1.314484006647886689e-07
1.311491688451660925e-07
1.308314015157588521e-07
1.304954872263889290e-07
1.301424386026021902e-07
1.297734243094977487e-07
1.293879746497992396e-07
1.289867564227134637e-07
1.285708502487975901e-07
1.281412507890795777e-07
1.276973749313123437e-07
1.272397464790081679e-07
1.267699049917875018e-07
1.262884758719138269e-07
1.257947460355393858e-07
1.252891547982794585e-07
1.247734940295335973e-07
1.242478783069390076e-07
1.237129418532812067e-07
1.231680917837948909e-07
1.226140347012064113e-07
1.220523028935091391e-07
1.214831062409514563e-07
1.209063136465341421e-07
1.203219648763656044e-07
1.197310408533371634e-07
1.191343757984411258e-07
1.185322665372194279e-07
1.179245932796925272e-07
1.173116324319169100e-07
1.166941383688085712e-07
1.160728250652490228e-07
1.154477234462563075e-07
1.148189932691945666e-07
1.141869812919333324e-07
1.135520684278432289e-07
1.129151572563903245e-07
1.122761173349110502e-07
1.116351812439963785e-07
1.109927267948090833e-07
1.103490393050565206e-07
1.097046965038974628e-07
1.090598816416405637e-07
1.084145881313480320e-07
1.077690578042773698e-07
1.071238999784542560e-07
1.064793453919718327e-07
1.058358140106323372e-07
1.051933632550321319e-07
1.045518180313286355e-07
1.039115546400079383e-07
1.032731946699482324e-07
1.026369474346023887e-07
1.020030766181836648e-07
1.013716322147140158e-07
1.007422953534126929e-07
1.001152494850519185e-07
9.949141337393799736e-08
9.887086772730043924e-08
9.825392572492931654e-08
9.764047584271601276e-08
9.703053650616162531e-08
9.642356070920932698e-08
9.582059586340434197e-08
9.522173954827890462e-08
9.462740380405908503e-08
9.403748703579341865e-08
9.345209341977749997e-08
9.287099661869045084e-08
9.229393858048195487e-08
9.172190762917308131e-08
9.115464003943907399e-08
9.059270372555891064e-08
9.003573040517085137e-08
8.948390419006969841e-08
8.893714259847270037e-08
8.839504311107212080e-08
8.785858543083336542e-08
8.732735276613544246e-08
8.680178766708498670e-08
8.628177556579230234e-08
8.576708361074152572e-08
8.525828883672365037e-08
8.475461985171966118e-08
8.425662204836137587e-08
8.376438209823300909e-08
8.327760772582528878e-08
8.279703411344829856e-08
8.232190493131543542e-08
8.185255176400126968e-08
8.138911727822330017e-08
8.093105510950055438e-08
8.047911714893671788e-08
8.003284375243733900e-08
7.959212369619216702e-08
7.915760455369105724e-08
7.872845131759672091e-08
7.830499598047174551e-08
7.788751990749838549e-08
7.747543340114946317e-08
7.706928783310615953e-08
7.666886152168340522e-08
7.627375760989412644e-08
7.588467110677854025e-08
7.550087966651440393e-08
7.512220066524935373e-08
7.474952944106223478e-08
7.438212668685057744e-08
7.401997642007013747e-08
7.366374432620509499e-08
7.331259947208251451e-08
7.296660647918993190e-08
7.262622214072589761e-08
7.229054021137959411e-08
7.195967041250946363e-08
7.163434856760967851e-08
7.131385858196912738e-08
7.099827237354680275e-08
7.068811533305979795e-08
7.038259512289891101e-08
7.008172119442184032e-08
6.978596623443961798e-08
6.949437152438770421e-08
6.920689149738556241e-08
6.892435830673529071e-08
6.864616820043216754e-08
6.837221275813449667e-08
6.810302349088453944e-08
6.783808725152743919e-08
6.757717558501166592e-08
6.732062155751933521e-08
6.706803442512393670e-08
6.681897485247556668e-08
6.657362849346526006e-08
6.633237782416334129e-08
6.609468697490577550e-08
6.586054681323676028e-08
6.563042973041965211e-08
6.540368023281674489e-08
6.518021210900438551e-08
6.496032842681391268e-08
6.474364772875263509e-08
6.452983103527113206e-08
6.431896140920222486e-08
6.411141531407126124e-08
6.390666145977596117e-08
6.370467382209986277e-08
6.350575671241131559e-08
6.330953872950512149e-08
6.311581904020519909e-08
6.292464787226630289e-08
6.273618351805089813e-08
6.254986574988692473e-08
6.236567281137976092e-08
6.218384486474026307e-08
6.200421367176497810e-08
6.182656125153520580e-08
6.165088317319182059e-08
6.147739289381731100e-08
6.130563827785601967e-08
6.113556451631326639e-08
6.096723761592423485e-08
6.080066586835068076e-08
6.063549230976422169e-08
6.047170348600337304e-08
6.030941272918576936e-08
6.014849157507425049e-08
5.998876179091630175e-08
5.983020811402891261e-08
5.967292045576232511e-08
5.951662473927987641e-08
5.936122209507637379e-08
5.920670170774511831e-08
5.905315200650342130e-08
5.890032330273258470e-08
5.874816885145662810e-08
5.859668379389306483e-08
5.844589909435532477e-08
5.829561955889937318e-08
5.814581994020802254e-08
5.799649488586618913e-08
5.784758673189112318e-08
5.769889066233600099e-08
5.755038824470376902e-08
5.740207593525507576e-08
5.725392536899030618e-08
5.710582140432366109e-08
5.695775267156166137e-08
5.680971846567675764e-08
5.666164340366983996e-08
5.651344948702911372e-08
5.636513375737155330e-08
5.621669516421221131e-08
5.606803897718123553e-08
5.591901486206371612e-08
5.576962246705177116e-08
5.561986337804256067e-08
5.546969397375845753e-08
5.531903464837912225e-08
5.516792491189336063e-08
5.501636978854062678e-08
5.486435115199914605e-08
5.471169009365395237e-08
5.455846588611353592e-08
5.440468558846743019e-08
5.425035276727888500e-08
5.409528565168252331e-08
5.393943717316689408e-08
5.378284544663833513e-08
5.362551526739356520e-08
5.346739711895023547e-08
5.330840359982259250e-08
5.314867303459373875e-08
5.298821174165862955e-08
5.282702476852133254e-08
5.266490830011330817e-08
5.250195650671972769e-08
5.233822319022236142e-08
5.217371173943558121e-08
5.200837075234663841e-08
5.184199720773285597e-08
5.167472843676718952e-08
5.150657224652054355e-08
5.133753348681570855e-08
5.116750027800069140e-08
5.099655288064071265e-08
5.082480551855642329e-08
5.065226529843067566e-08
5.047893253982982338e-08
5.030460642195173869e-08
5.012945392729304519e-08
4.995352310727847175e-08
4.977681880818748477e-08
4.959931746239505903e-08
4.942084353470743743e-08
4.924156043934705339e-08
4.906148364634763152e-08
4.888061963131773687e-08
4.869893466226941587e-08
4.851639289543813563e-08
4.833320354844330030e-08
4.814937213871623925e-08
4.796490551337119032e-08
4.777975476164272472e-08
4.759387486296206564e-08
4.740743200879931012e-08
4.722042959886445301e-08
4.703287205246422871e-08
4.684472410366576006e-08
4.665595620159485745e-08
4.646669528159388035e-08
4.627694445999497329e-08
4.608670936963607016e-08
4.589597972466058139e-08
4.570478873067413529e-08
4.551329159692625536e-08
4.532149509385784313e-08
4.512940190315005668e-08
4.493700987547697557e-08
4.474431626853965456e-08
4.455144328216276038e-08
4.435840073045979405e-08
4.416518970372893153e-08
4.397181212267558776e-08
4.377829859881373951e-08
4.358473086953801326e-08
4.339112411329534289e-08
4.319747889567145823e-08
4.300379727813149102e-08
4.281012353154690388e-08
4.261658187017665263e-08
4.242319953129656823e-08
4.222997532103554248e-08
4.203690937069327749e-08
4.184401782174220721e-08
4.165143077324504017e-08
4.145915582999294125e-08
4.126719037500912935e-08
4.107553334114954397e-08
4.088418256380264190e-08
4.069326101638033968e-08
4.050284601264471892e-08
4.031289957375569609e-08
4.012341995049193958e-08
3.993440494631836600e-08
3.974587748684806286e-08
3.955806388678516911e-08
3.937090261074680433e-08
3.918438192204625227e-08
3.899849664848625604e-08
3.881324364251853578e-08
3.862873250892432964e-08
3.844512279622950290e-08
3.826229102173827230e-08
3.808023275911719606e-08
3.789894418883166496e-08
3.771842064631226661e-08
3.753890032985216992e-08
3.736040980656366489e-08
3.718285016008805706e-08
3.700621828122515977e-08
3.683050652482631457e-08
3.665571667360933344e-08
3.648216355079814035e-08
3.630973827576708206e-08
3.613836448441134572e-08
3.596803801330955484e-08
3.579875091548113861e-08
3.563051594547111694e-08
3.546368352865377049e-08
3.529805723184208726e-08
3.513356641078658365e-08
3.497020337283066064e-08
3.480796214757026953e-08
3.464685532439522487e-08
3.448728141333796651e-08
3.432904389692180450e-08
3.417205720702903168e-08
3.401631637972565092e-08
3.386181645658136754e-08
3.370855567707790534e-08
3.355690936802542761e-08
3.340669729430241345e-08
3.325779816938192711e-08
3.311020943687153670e-08
3.296392013034818390e-08
3.281892023014894857e-08
3.267550784609508913e-08
3.253364894332347964e-08
3.239311141004012312e-08
3.225389646821974793e-08
3.211599138211715100e-08
3.197938670691992222e-08
3.184424117787192725e-08
3.171084589092850945e-08
3.157884649105096468e-08
3.144823721597539966e-08
3.131900135664350804e-08
3.119113916289395742e-08
3.106466468452245603e-08
3.093998469597357383e-08
3.081678697754790168e-08
3.069496743693411473e-08
3.057452915018132339e-08
3.045545331686353690e-08
3.033773734628118612e-08
3.022158458508202347e-08
3.010710298735726161e-08
2.999393525946489883e-08
2.988208437195973159e-08
2.977153221922284689e-08
2.966227626537755301e-08
2.955432778238162842e-08
2.944809310740683489e-08
2.934330473734787926e-08
2.923984515136362896e-08
2.913769566349102696e-08
2.903685686524510618e-08
2.893731935533076351e-08
2.883916161715156643e-08
2.874268508476202806e-08
2.864749731078538606e-08
2.855356950135188662e-08
2.846088646024940000e-08
2.836944594257674205e-08
2.827923785035883941e-08
2.819041858285156725e-08
2.810310997953606673e-08
2.801694454802728677e-08
2.793190866040866154e-08
2.784799917444952117e-08
2.776521076980521616e-08
2.768353522374096271e-08
2.760316764715469101e-08
2.752416693169090468e-08
2.744624374224423265e-08
2.736939112597550514e-08
2.729360917853012412e-08
2.721888605435084560e-08
2.714522225901029453e-08
2.707277794818589513e-08
2.700157791831951473e-08
2.693134563714938845e-08
2.686207580093752346e-08
2.679376716577450895e-08
2.672641185331443032e-08
2.666000285648384555e-08
2.659465290077805712e-08
2.653043061952166589e-08
2.646703951453887622e-08
2.640446750045920885e-08
2.634270918281023692e-08
2.628175941962816818e-08
2.622161787140813199e-08
2.616232951127247701e-08
2.610405922015349697e-08
2.604653122795032472e-08
2.598971314448587193e-08
2.593360193862774275e-08
2.587819468988558888e-08
2.582348784802867295e-08
2.576948308219381315e-08
2.571633528236678852e-08
2.566386048434814561e-08
2.561196610976526295e-08
2.556064934468353446e-08
2.550990716353253997e-08
2.545973493083662905e-08
2.541013312454836970e-08
2.536115641234027227e-08
2.531281208668543061e-08
2.526490613561585584e-08
2.521743326559965033e-08
2.517039321169532735e-08
2.512378102819397490e-08
2.507759417295748151e-08
2.503183581247707260e-08
2.498658053163209895e-08
2.494169500072177595e-08
2.489711938355266119e-08
2.485285157571109857e-08
2.480888978313052353e-08
2.476523171555626613e-08
2.472187611064139386e-08
2.467883095212538802e-08
2.463610257287010313e-08
2.459356709315821152e-08
2.455121098599828436e-08
2.450903297342969337e-08
2.446703142108284534e-08
2.442520502322005615e-08
2.438355245455620572e-08
2.434207303341356774e-08
2.430072823638778076e-08
2.425944213109547551e-08
2.421821240944763385e-08
2.417703847211004664e-08
2.413591973076424102e-08
2.409485558647536735e-08
2.405384543930570551e-08
2.401286904418429839e-08
2.397187816952831603e-08
2.393084346855252450e-08
2.388976464371145147e-08
2.384864138312342987e-08
2.380747384339674856e-08
2.376626174735657470e-08
2.372500472916194366e-08
2.368366417718669389e-08
2.364218222990064293e-08
2.360055967653600381e-08
2.355879592973978224e-08
2.351689221602776270e-08
2.347484709634142250e-08
2.343266247361671908e-08
2.339033834051919413e-08
2.334784031191295798e-08
2.330509935512979396e-08
2.326214413732730407e-08
2.321897511953410641e-08
2.317559564040732492e-08
2.313200588753646456e-08
2.308820635465323516e-08
2.304419703700348565e-08
2.299996307007088553e-08
2.295540662547846980e-08
2.291057810472400399e-08
2.286549085178703610e-08
2.282014744916265173e-08
2.277454891090843829e-08
2.272869610193421162e-08
2.268258909997807151e-08
2.263622941600832912e-08
2.258952598443996198e-08
2.254247364881432979e-08
2.249512424456664231e-08
2.244748271871077163e-08
2.239954939259993044e-08
2.235132432101664625e-08
2.230280827375156205e-08
2.225400463163544983e-08
2.220488938072325773e-08
2.215537115530800200e-08
2.210553948143689246e-08
2.205540992614877853e-08
2.200498673764575555e-08
2.195427104111761923e-08
2.190326261445744818e-08
2.185196329452335225e-08
2.180037511441228425e-08
2.174844254726303327e-08
2.169613555143101308e-08
2.164355168787132810e-08
2.159069212332139191e-08
2.153756115162630881e-08
2.148415791919590208e-08
2.143048327153928355e-08
2.137654036646378105e-08
2.132232810476347604e-08
2.126777856832358281e-08
2.121291370810598624e-08
2.115780289505904338e-08
2.110244829081415427e-08
2.104684726541291417e-08
2.099100503392437175e-08
2.093492087161488182e-08
2.087859518697336240e-08
2.082202858452194390e-08
2.076517358223511190e-08
2.070807753362527482e-08
2.065079544770136358e-08
2.059333050683183255e-08
2.053568011850691715e-08
2.047784866889631776e-08
2.041983572130739084e-08
2.036164203090558757e-08
2.030326823748020142e-08
2.024468887349277432e-08
2.018593748899290726e-08
2.012707118358974749e-08
2.006808919019653008e-08
2.000899350432113224e-08
1.994978370114229226e-08
1.989046092165391863e-08
1.983102539172578399e-08
1.977147802206058168e-08
1.971181694244099374e-08
1.965205974721703147e-08
1.959225172733897785e-08
1.953239624866017641e-08
1.947249264588057070e-08
1.941254230257985180e-08
1.935254491685562163e-08
1.929250130115971809e-08
1.923241177057200945e-08
1.917228510986112228e-08
1.911216154216680844e-08
1.905207336192630681e-08
1.899202785735652618e-08
1.893202632891888653e-08
1.887206767994644063e-08
1.881215226288479358e-08
1.875228061773995848e-08
1.869245214357017349e-08
1.863266873524588211e-08
1.857297492192935599e-08
1.851340297593323417e-08
1.845395343998427899e-08
1.839462588461841948e-08
1.833542178570471481e-08
1.827633885946266231e-08
1.821737773049866855e-08
1.815853789441718329e-08
1.809981922175451449e-08
1.804123479726652008e-08
1.798286586430428615e-08
1.792469569142864925e-08
1.786671173325333183e-08
1.780891235556390652e-08
1.775129751079733260e-08
1.769386747334662131e-08
1.763662048753796241e-08
1.757955594883020696e-08
1.752267499291157147e-08
1.746601434237055203e-08
1.740967677665579970e-08
1.735361283765894263e-08
1.729781117123866191e-08
1.724227254840636690e-08
1.718699576015305450e-08
1.713197846805997467e-08
1.707722059404955599e-08
1.702272408144946828e-08
1.696848527572183310e-08
1.691455401691358998e-08
1.686102915925340458e-08
1.680783292880454191e-08
1.675495054123126357e-08
1.670238508266519771e-08
1.665013295287667483e-08
1.659819101733689381e-08
1.654656243326157301e-08
1.649524340043325534e-08
1.644423353989486952e-08
1.639357550433324496e-08
1.634338671699082449e-08
1.629356866017920107e-08
1.624409120286187190e-08
1.619495434840231878e-08
1.614615779783215661e-08
1.609770313430377485e-08
1.604958420319570436e-08
1.600180364249346604e-08
1.595435688466138946e-08
1.590726644680379843e-08
1.586067946529838790e-08
1.581451940266163427e-08
1.576873011802376472e-08
1.572331715305482987e-08
1.567827385255442500e-08
1.563359914448605375e-08
1.558929261260399464e-08
1.554535340363935123e-08
1.550177904594750188e-08
1.545857137083336545e-08
1.541583512776100779e-08
1.537360207364923823e-08
1.533175289862100411e-08
1.529028804069723229e-08
1.524919967636158244e-08
1.520848698292172400e-08
1.516814800775809860e-08
1.512818562451468311e-08
1.508859332962750987e-08
1.504937315129265198e-08
1.501054859049117794e-08
1.497224896453367829e-08
1.493437500426215764e-08
1.489686299060779295e-08
1.485971147211585015e-08
1.482292399799632243e-08
1.478649486364940384e-08
1.475042360125854779e-08
1.471470663499202841e-08
1.467934719718845127e-08
1.464434121503150777e-08
1.460974237411409285e-08
1.457564132603345748e-08
1.454191355412211084e-08
1.450852583792132141e-08
1.447547695885342452e-08
1.444276753532841018e-08
1.441039497553092365e-08
1.437835944531795693e-08
1.434666007469659324e-08
1.431529285122700930e-08
1.428425873777771624e-08
1.425361962542547330e-08
1.422343260069443298e-08
1.419356922942851985e-08
1.416401157920586958e-08
1.413475976121618118e-08
1.410581218213307784e-08
1.407716684680659844e-08
1.404882445712761522e-08
1.402078358951805078e-08
1.399304129116206640e-08
1.396559763687641636e-08
1.393849757050928262e-08
1.391179349321428948e-08
1.388536954536215160e-08
1.385920226212447197e-08
1.383329065385682195e-08
1.380763372058991113e-08
1.378223146248122975e-08
1.375708211132609120e-08
1.373218440594810957e-08
1.370753763329220075e-08
1.368314292591668865e-08
1.365901746998863242e-08
1.363522165020527283e-08
1.361166945577056853e-08
1.358832093040116262e-08
1.356517530386717094e-08
1.354223179706371649e-08
1.351948962216495870e-08
1.349694846302718240e-08
1.347460822944824265e-08
1.345246697361880674e-08
1.343052387100515238e-08
1.340878027866076739e-08
1.338728093647756940e-08
1.336600301771725879e-08
1.334487680091345240e-08
1.332389988449587775e-08
1.330307169200948965e-08
1.328239163997877738e-08
1.326185913802806826e-08
1.324147431601462519e-08
1.322123606552048053e-08
1.320114360881528662e-08
1.318119632642447037e-08
1.316140325925585975e-08
1.314178709066111545e-08
1.312229203709015869e-08
1.310289388123939236e-08
1.308359223795855129e-08
1.306438695100157227e-08
1.304527739746844957e-08
1.302626315002345122e-08
1.300734380419899611e-08
1.298851895084442507e-08
1.296978817620688916e-08
1.295115106201018667e-08
1.293261303681791804e-08
1.291417324599650424e-08
1.289578823984477439e-08
1.287745032850967949e-08
1.285915937495030494e-08
1.284091493425837491e-08
1.282271677197219673e-08
1.280456465090781637e-08
1.278645836070972991e-08
1.276839769104187547e-08
1.275038232820286969e-08
1.273241201033239419e-08
1.271447860808624727e-08
1.269657077068328804e-08
1.267866338482614671e-08
1.266075303336769070e-08
1.264283935377062212e-08
1.262492247480983804e-08
1.260700233346154100e-08
1.258907880877695183e-08
1.257115167889167186e-08
1.255322099093894705e-08
1.253528664269100296e-08
1.251734853162442749e-08
1.249939247873962622e-08
1.248140253392081939e-08
1.246337060738032166e-08
1.244529519254265550e-08
1.242717673846324612e-08
1.240901493613148764e-08
1.239081003017876704e-08
1.237256217905558382e-08
1.235427101568275679e-08
1.233593668739107922e-08
1.231755963724288900e-08
1.229913991341301793e-08
1.228066794673708197e-08
1.226211666247991462e-08
1.224349172915722531e-08
1.222479947064288449e-08
1.220603869198077282e-08
1.218721002305577954e-08
1.216831443314747250e-08
1.214935132553909515e-08
1.213032151183866849e-08
1.211122483917693371e-08
1.209206051619921340e-08
1.207282993688988001e-08
1.205353231251791090e-08
1.203413866972882914e-08
1.201464191100254809e-08
1.199506249585088449e-08
1.197540175315785749e-08
1.195565980913327708e-08
1.193583828971859816e-08
1.191593660295615352e-08
1.189595543237837716e-08
1.187589386880838646e-08
1.185575308917960686e-08
1.183553350209659457e-08
1.181523478885766108e-08
1.179485205050333020e-08
1.177435875165502078e-08
1.175376732749316829e-08
1.173309829986013515e-08
1.171235258095689029e-08
1.169153048275062961e-08
1.167063210305388889e-08
1.164965688424188333e-08
1.162860571873396780e-08
1.160747915794329533e-08
1.158627765403590882e-08
1.156499989851365699e-08
1.154364788380614711e-08
1.152221492071858592e-08
1.150068271942727767e-08
1.147907045882734381e-08
1.145739597593669572e-08
1.143566106724190418e-08
1.141386487062390025e-08
1.139200863241350223e-08
1.137009128037824973e-08
1.134811334922092723e-08
1.132607563745793858e-08
1.130397827807205362e-08
1.128182060027025191e-08
1.125960397955463047e-08
1.123732578091793879e-08
1.121497588070982263e-08
1.119256869279234307e-08
1.117012235723690579e-08
1.114763694789784046e-08
1.112511330870269120e-08
1.110255015544239010e-08
1.107994871208442630e-08
1.105730922423113139e-08
1.103463126687263984e-08
1.101191561764235543e-08
1.098916173856715239e-08
1.096637031933335428e-08
1.094354148942698702e-08
1.092068015781144415e-08
1.089779234152183897e-08
1.087489587564279469e-08
1.085199210854108249e-08
1.082908141239652739e-08
1.080616364827413332e-08
1.078323931496819369e-08
1.076030775486185305e-08
1.073736967029216483e-08
1.071442496971298271e-08
1.069147386199560045e-08
1.066851620746817277e-08
1.064555206666510042e-08
1.062258932458035516e-08
1.059963973707452614e-08
1.057670980556232093e-08
1.055380411852130200e-08
1.053092268114575001e-08
1.050806536681317289e-08
1.048523218667785140e-08
1.046242325352776789e-08
1.043963822280323701e-08
1.041687753356502444e-08
1.039414073562289421e-08
1.037142803531779790e-08
1.034873949194824400e-08
1.032607566550094885e-08
1.030345858990153948e-08
1.028089657238462125e-08
1.025838647475863727e-08
1.023592624590939529e-08
1.021351567289744954e-08
1.019115641629614988e-08
1.016884665512668662e-08
1.014658686842564795e-08
1.012437729972642129e-08
1.010221706175636792e-08
1.008010735671713033e-08
1.005804662089828285e-08
1.003603544270235147e-08
1.001407689433504123e-08
9.992205236097540193e-09
9.970424905274683334e-09
9.948725438289469682e-09
9.927103219810562041e-09
9.905557037241721490e-09
9.884091084841290211e-09
9.862700897021955561e-09
9.841387727207356453e-09
9.820152196425173677e-09
9.798992191423663784e-09
9.777910642270447573e-09
9.756904621336760254e-09
9.735974931542587695e-09
9.715123223896922852e-09
9.694383602863024805e-09
9.673766279326874907e-09
9.653250366903641003e-09
9.632827783628787739e-09
9.612501758161871119e-09
9.592269522038982361e-09
9.572130754673122896e-09
9.552088107901442685e-09
9.532137704122500894e-09
9.512282208246125511e-09
9.492520408414506710e-09
9.472851379677094294e-09
9.453275180426635654e-09
9.433791466271363121e-09
9.414425209220649132e-09
9.395204394122990666e-09
9.376101204492578262e-09
9.357102214749912615e-09
9.338203000762504185e-09
9.319407149958820157e-09
9.300711299108098121e-09
9.282115767204357182e-09
9.263622836625104076e-09
9.245228861921438221e-09
9.226935504232087416e-09
9.208741945844932391e-09
9.190649530536379970e-09
9.172655065249885764e-09
9.154765567776505561e-09
9.137021169501152179e-09
9.119421800191642119e-09
9.101936528307601861e-09
9.084556864523599286e-09
9.067285174895234822e-09
9.050119348596384485e-09
9.033059167734357321e-09
9.016106499448280791e-09
8.999258463595266467e-09
8.982516803354235509e-09
8.965879374888681205e-09
8.949347481507850850e-09
8.932920285932252537e-09
8.916598790992976753e-09
8.900390278445741813e-09
8.884333501894978911e-09
8.868414897242348888e-09
8.852598899693803664e-09
8.836887657173932053e-09
8.821276079603758023e-09
8.805770232424087809e-09
8.790363539959336506e-09
8.775060549515557808e-09
8.759857089585932871e-09
8.744755755738898639e-09
8.729754977803093725e-09
8.714855565204526016e-09
8.700055564355174078e-09
8.685356502316806339e-09
8.670765187545464068e-09
8.656315005830947723e-09
8.641990999831127111e-09
8.627757249022177334e-09
8.613614339644203866e-09
8.599559381388356232e-09
8.585595142460461210e-09
8.571718038155130192e-09
8.557931935358919948e-09
8.544232731138037915e-09
8.530622697263381395e-09
8.517100038758402787e-09
8.503665085151921424e-09
8.490317941897223133e-09
8.477057547714632039e-09
8.463889115247721265e-09
8.450836534094207575e-09
8.437897012860813359e-09
8.425039164721336083e-09
8.412254385017707220e-09
8.399546413172671036e-09
8.386910769190503951e-09
8.374351308919618141e-09
8.361864295110522616e-09
8.349452524492963026e-09
8.337113303601514801e-09
8.324848072675165108e-09
8.312655811292081619e-09
8.300536298012788348e-09
8.288490146980508935e-09
8.276515616026893737e-09
8.264626584677491600e-09
8.252832589843592642e-09
8.241111912876403036e-09
8.229446882004783996e-09
8.217838176536425602e-09
8.206284317814181982e-09
8.194786905835562179e-09
8.183343746856453056e-09
8.171957100402836836e-09
8.160624515284779511e-09
8.149347346536041982e-09
8.138124513305277705e-09
8.126956166747997661e-09
8.115842424316073333e-09
8.104782233824764052e-09
8.093777459562898325e-09
8.082836103318958991e-09
8.071960297564067249e-09
8.061125263883112775e-09
8.050325914325782819e-09
8.039560311469482877e-09
8.028830858774579878e-09
8.018134910117678906e-09
8.007474394597455960e-09
7.996847465177588570e-09
7.986255371807887951e-09
7.975697003276666666e-09
7.965173039115238111e-09
7.954682854701034259e-09
7.944226882157963398e-09
7.933804150060003395e-09
7.923416049190048222e-09
7.913064874999402644e-09
7.902750683822704319e-09
7.892457057749216317e-09
7.882180769108644324e-09
7.871920959251945398e-09
7.861678843556751616e-09
7.851453073561252047e-09
7.841244478679403883e-09
7.831052357973620838e-09
7.820877021781263496e-09
7.810718367641165099e-09
7.800576290174899666e-09
7.790450634784395945e-09
7.780341511445467042e-09
7.770248594965124588e-09
7.760172132287717983e-09
7.750110409771503139e-09
7.740062899514528052e-09
7.730021753294638758e-09
7.719983186267781336e-09
7.709947294105581062e-09
7.699913957788705511e-09
7.689883223975800802e-09
7.679854946449548111e-09
7.669829365726641915e-09
7.659806141220887990e-09
7.649785512123966511e-09
7.639767196199992973e-09
7.629751371118217644e-09
7.619737949965455037e-09
7.609726854409726081e-09
7.599718164053929844e-09
7.589709860873047407e-09
7.579699332972619435e-09
7.569684676640596220e-09
7.559663446514862046e-09
7.549635574383415264e-09
7.539600552271622495e-09
7.529558903393555056e-09
7.519510534134825560e-09
7.509455197186173877e-09
7.499393200839591090e-09
7.489324393253093992e-09
7.479248814627777814e-09
7.469166458239248164e-09
7.459077309994827291e-09
7.448981436656014282e-09
7.438878973961121890e-09
7.428769374443471631e-09
7.418649706079535269e-09
7.408517922895721316e-09
7.398375112086693560e-09
7.388222302376985650e-09
7.378058902368235173e-09
7.367885547244741728e-09
7.357702239124707241e-09
7.347508434733236477e-09
7.337304750733309830e-09
7.327090982289241782e-09
7.316866977955467992e-09
7.306633087774932479e-09
7.296389220607551037e-09
7.286135308151572920e-09
7.275871287802288417e-09
7.265597501203695282e-09
7.255313513525225358e-09
7.245016882753853446e-09
7.234706603559492058e-09
7.224385304527117575e-09
7.214055046954340298e-09
7.203715296536912173e-09
7.193366635922161574e-09
7.183009100805870906e-09
7.172642125433060083e-09
7.162266325016539464e-09
7.151881546907198569e-09
7.141487656568331043e-09
7.131085030530193427e-09
7.120673256747032444e-09
7.110252622883851485e-09
7.099823138428121837e-09
7.089384832183142621e-09
7.078937741566510739e-09
7.068481869816307416e-09
7.058017736497456163e-09
7.047546964344549271e-09
7.037072593526465067e-09
7.026594745261641129e-09
7.016113180116321220e-09
7.005628177031647576e-09
6.995139753447774637e-09
6.984647678657036575e-09
6.974152223769949589e-09
6.963653349511150187e-09
6.953150999767311231e-09
6.942645285802372840e-09
6.932136123298382376e-09
6.921623617596708130e-09
6.911107887491611644e-09
6.900588632432186399e-09
6.890067264317387901e-09
6.879547149432213105e-09
6.869028701970355187e-09
6.858514565993094116e-09
6.848005458050681319e-09
6.837501201256126270e-09
6.827001782759260871e-09
6.816507439598698535e-09
6.806017987824524890e-09
6.795533474269227158e-09
6.785053740617960132e-09
6.774579246025283996e-09
6.764109533619658709e-09
6.753644736724111531e-09
6.743184944299393611e-09
6.732730122144069819e-09
6.722280240304317170e-09
6.711835186363517709e-09
6.701399836837586930e-09
6.690978761784391376e-09
6.680572288946413318e-09
6.670180223478075650e-09
6.659802194769829193e-09
6.649438151941423890e-09
6.639088564386301253e-09
6.628753156096831545e-09
6.618431814283876020e-09
6.608124400970192988e-09
6.597831416389578591e-09
6.587552468695160743e-09
6.577287558957311156e-09
6.567036472478448070e-09
6.556799932734267683e-09
6.546577123309460649e-09
6.536368454737732135e-09
6.526173562650408850e-09
6.515999874048059664e-09
6.505853683026255658e-09
6.495734639385844715e-09
6.485639759706882881e-09
6.475567981239299676e-09
6.465519679888664844e-09
6.455494324396329938e-09
6.445493397112673224e-09
6.435515133414083073e-09
6.425560115805487060e-09
6.415628326830437771e-09
6.405720375381176612e-09
6.395835056244217891e-09
6.385973236626699541e-09
6.376133946701125964e-09
6.366318514272374810e-09
6.356525762908214318e-09
6.346756153027713195e-09
6.337013222263892929e-09
6.327309378737587421e-09
6.317643487262893835e-09
6.308008833937545126e-09
6.298404545652635128e-09
6.288830408655801366e-09
6.279285537800964041e-09
6.269770134077832411e-09
6.260284288395542683e-09
6.250828914998981573e-09
6.241402519584180475e-09
6.232005327052035365e-09
6.222637913638978369e-09
6.213299916779584968e-09
6.203991137791857390e-09
6.194711719770099846e-09
6.185461249352225190e-09
6.176239924861278649e-09
6.167048474702291957e-09
6.157896643964383780e-09
6.148790662899053254e-09
6.139726175982070053e-09
6.130694973840046680e-09
6.121695902328969202e-09
6.112729089337618295e-09
6.103794112823183952e-09
6.094893010659338014e-09
6.086023297784550438e-09
6.077185686900901880e-09
6.068380067952012668e-09
6.059606553890512140e-09
6.050865719702133681e-09
6.042156021460510830e-09
6.033478789381255585e-09
6.024832852373366307e-09
6.016218865793634244e-09
6.007636601151079621e-09
5.999087081950849672e-09
5.990581809841575272e-09
5.982124085307690836e-09
5.973707812810720438e-09
5.965323882413584142e-09
5.956972563116285690e-09
5.948653021011869301e-09
5.940366733630487792e-09
5.932113117217917744e-09
5.923891251163829771e-09
5.915701586948032761e-09
5.907544027849499581e-09
5.899418562948450220e-09
5.891325824068930958e-09
5.883264467959995662e-09
5.875235128991708698e-09
5.867237811594119379e-09
5.859271646921980168e-09
5.851337865411046397e-09
5.843436285081787618e-09
5.835575110263401766e-09
5.827758828781869536e-09
5.819981909431394419e-09
5.812235295194273303e-09
5.804516990883861264e-09
5.796827804253400192e-09
5.789166931917575421e-09
5.781534686814446393e-09
5.773932345990854983e-09
5.766357995786828459e-09
5.758812076269941164e-09
5.751294397841874259e-09
5.743805876742095897e-09
5.736345004822158574e-09
5.728913337692686604e-09
5.721509220669771724e-09
5.714133691799693232e-09
5.706786299538577930e-09
5.699466611154329677e-09
5.692178496396255748e-09
5.684929053279354891e-09
5.677716459099523805e-09
5.670530211972781678e-09
5.663366693120929700e-09
5.656226631887062951e-09
5.649110100786921915e-09
5.642016028471564428e-09
5.634944893823389730e-09
5.627896529782272439e-09
5.620870823492115197e-09
5.613868146091859466e-09
5.606888316373862524e-09
5.599931255541230089e-09
5.592996276131473965e-09
5.586084282549299766e-09
5.579194814693319157e-09
5.572327424391533319e-09
5.565482667871536277e-09
5.558660376142190045e-09
5.551865594476662783e-09
5.545100300122078523e-09
5.538363066900980364e-09
5.531644684371241634e-09
5.524944452974883441e-09
5.518261998893271368e-09
5.511596989746086059e-09
5.504949943109583930e-09
5.498320378265559141e-09
5.491708273570584463e-09
5.485114148598391228e-09
5.478537701008964798e-09
5.471978761898889687e-09
5.465437151084571116e-09
5.458912675781351649e-09
5.452406354171968415e-09
5.445917028481744678e-09
5.439444883981352441e-09
5.432990240051473905e-09
5.426552843714590485e-09
5.420135757146307116e-09
5.413739857898275675e-09
5.407364223142450058e-09
5.401001452625105143e-09
5.394650823032755674e-09
5.388312573838117266e-09
5.381986146238086339e-09
5.375671521541358899e-09
5.369369008900609110e-09
5.363078282486126323e-09
5.356799298951992081e-09
5.350532528829764870e-09
5.344277413442527514e-09
5.338034205237488969e-09
5.331802789709942039e-09
5.325582893433802477e-09
5.319374776907766639e-09
5.313178592014397557e-09
5.306993822933336463e-09
5.300820682366672954e-09
5.294659872023962930e-09
5.288513180894090499e-09
5.282380576300936613e-09
5.276256827608514845e-09
5.270139849540987671e-09
5.264029618926420513e-09
5.257926043857437257e-09
5.251829119650623991e-09
5.245739200543430237e-09
5.239655925969317562e-09
5.233579235328247641e-09
5.227509225205924169e-09
5.221445805281252806e-09
5.215388948651635006e-09
5.209338813628683353e-09
5.203295316336286217e-09
5.197258291425133692e-09
5.191227799572974412e-09
5.185203942825360718e-09
5.179186538629610368e-09
5.173175768147003441e-09
5.167172796601021099e-09
5.161178087188363186e-09
5.155191168801090108e-09
5.149208860772417673e-09
5.143230783396914371e-09
5.137256989199555657e-09
5.131287482196678115e-09
5.125322147389783292e-09
5.119360975175183506e-09
5.113403991329932647e-09
5.107451193297797777e-09
5.101502562271500871e-09
5.095558067634236994e-09
5.089617816939086650e-09
5.083681701776795216e-09
5.077749681858744307e-09
5.071821774897765971e-09
5.065898091192438365e-09
5.059978480752460960e-09
5.054062931007084788e-09
5.048151651007143985e-09
5.042245492290451954e-09
5.036344901309672905e-09
5.030449498667745780e-09
5.024557510980633927e-09
5.018668746200864927e-09
5.012783235429725880e-09
5.006901028041669737e-09
5.001022019716852423e-09
4.995146202565669095e-09
4.989273569722767997e-09
4.983404145269113839e-09
4.977537912375261282e-09
4.971674843151205454e-09
4.965814957319658545e-09
4.959958278715626419e-09
4.954104798106778342e-09
4.948254453871592306e-09
4.942407238921791377e-09
4.936563180624192828e-09
4.930722263129726610e-09
4.924884519976965842e-09
4.919051050708770339e-09
4.913223176956230342e-09
4.907400640122130930e-09
4.901582241269509649e-09
4.895767549791507457e-09
4.889956582335506412e-09
4.884149307237735769e-09
4.878345719838149471e-09
4.872545815448246446e-09
4.866749589351773714e-09
4.860957101242343430e-09
4.855168288375165327e-09
4.849383142128118981e-09
4.843601727565869009e-09
4.837823973631986963e-09
4.832049904490693283e-09
4.826279482255917329e-09
4.820512701960891991e-09
4.814749558613502035e-09
4.808990098469645129e-09
4.803234291036879635e-09
4.797482375368912827e-09
4.791737294618785424e-09
4.785999667057724552e-09
4.780269109961790916e-09
4.774544648702161239e-09
4.768826189826326552e-09
4.763113766442855099e-09
4.757407385788291800e-09
4.751707049836871933e-09
4.746012691609710038e-09
4.740324303654283510e-09
4.734641878470255394e-09
4.728965408509809396e-09
4.723294903282461992e-09
4.717630373066262337e-09
4.711971775469860882e-09
4.706319102746129681e-09
4.700672347102406980e-09
4.695031500701530359e-09
4.689396660464086755e-09
4.683767727840271816e-09
4.678144729226083115e-09
4.672527982857174781e-09
4.666921302745684854e-09
4.661325176853149460e-09
4.655738947151766483e-09
4.650161126263550588e-09
4.644591571611680928e-09
4.639030271065926050e-09
4.633477234414148707e-09
4.627932554863391195e-09
4.622396112463158910e-09
4.616867881226538933e-09
4.611347848567895527e-09
4.605836001828387470e-09
4.600332328277001203e-09
4.594836815110761763e-09
4.589349491402541474e-09
4.583870335512306201e-09
4.578399301845112811e-09
4.572936377292508539e-09
4.567481548677257248e-09
4.562034802754418891e-09
4.556596175958032089e-09
4.551165922227954042e-09
4.545747399333978512e-09
4.540342251604745642e-09
4.534950195035776884e-09
4.529568685969965157e-09
4.524197035111130760e-09
4.518835233895182472e-09
4.513483237745524999e-09
4.508141032115192171e-09
4.502808602360482356e-09
4.497485933741780671e-09
4.492173011424597930e-09
4.486869820480099206e-09
4.481576345885942592e-09
4.476292572527180835e-09
4.471018534268420293e-09
4.465754266643233253e-09
4.460499656533470709e-09
4.455254688397442927e-09
4.450019346604745052e-09
4.444793615437828753e-09
4.439577479092167654e-09
4.434370921677167241e-09
4.429175037036286345e-09
4.423994184499861447e-09
4.418828680446609748e-09
4.413677253489300481e-09
4.408537121309163195e-09
4.403408077070346636e-09
4.398290028672619184e-09
4.393182959986702528e-09
4.388086854764909110e-09
4.383001696642916421e-09
4.377927475869258483e-09
4.372864273201494955e-09
4.367811971382391605e-09
4.362770553507684606e-09
4.357740002561731919e-09
4.352720301418087352e-09
4.347711432840460090e-09
4.342713379483822290e-09
4.337726123895368614e-09
4.332749648515127510e-09
4.327783935677334336e-09
4.322828967610758092e-09
4.317884775137265096e-09
4.312952598875407511e-09
4.308036397374893144e-09
4.303136469724212899e-09
4.298251308565539327e-09
4.293377779035721595e-09
4.288515578519504024e-09
4.283664615776338840e-09
4.278824873800842696e-09
4.273996335456356201e-09
4.269178983476020082e-09
4.264372800464226056e-09
4.259577768896947705e-09
4.254793871123762933e-09
4.250021089368022709e-09
4.245259405728545959e-09
4.240508821525388865e-09
4.235769373054533602e-09
4.231040972340855249e-09
4.226323600904228197e-09
4.221617240145125794e-09
4.216921871346311936e-09
4.212237475673461447e-09
4.207564049486855554e-09
4.202901899965103544e-09
4.198254691269709894e-09
4.193623162008273608e-09
4.189006962190422958e-09
4.184402102922817458e-09
4.179807566447994213e-09
4.175223337172419945e-09
4.170649452934375760e-09
4.166085881079686886e-09
4.161532565893789281e-09
4.156989491279086479e-09
4.152456641010802998e-09
4.147933998737439282e-09
4.143421547982322672e-09
4.138919272144496621e-09
4.134427154499360932e-09
4.129945178200454335e-09
4.125473326279734898e-09
4.121011595604983141e-09
4.116560088766093323e-09
4.112118651273417718e-09
4.107687265669287990e-09
4.103265914379696160e-09
4.098854579715691714e-09
4.094454320565137934e-09
4.090067852279854378e-09
4.085695343248688151e-09
4.081335567751974770e-09
4.076984970480132572e-09
4.072643121356897515e-09
4.068310007572736750e-09
4.063985616198445072e-09
4.059669934186633844e-09
4.055362948371999836e-09
4.051064646889919289e-09
4.046775105298026526e-09
4.042494217178625842e-09
4.038221968919260847e-09
4.033958346794523635e-09
4.029703336966881972e-09
4.025456925487712437e-09
4.021219098298296353e-09
4.016989841230311956e-09
4.012769140007260458e-09
4.008557101630622761e-09
4.004353606828356974e-09
4.000158619582785839e-09
3.995972125218298403e-09
3.991794912786037856e-09
3.987629190773701857e-09
3.983475140848102742e-09
3.979331940098823792e-09
3.975196191318229630e-09
3.971067537913349038e-09
3.966945970059468365e-09
3.962831477828517747e-09
3.958724079060673686e-09
3.954623845544707330e-09
3.950530652664145479e-09
3.946444490134194148e-09
3.942365347570408073e-09
3.938293214489347499e-09
3.934228080309430997e-09
3.930170006954491930e-09
3.926119007532616618e-09
3.922074970531583376e-09
3.918037885007071396e-09
3.914007739920457976e-09
3.909984524139608469e-09
3.905968226439351092e-09
3.901958835502490216e-09
3.897956383211089551e-09
3.893960993761354987e-09
3.889974427816133215e-09
3.885997184514693335e-09
3.882029208243056468e-09
3.878068095598132979e-09
3.874112558594940882e-09
3.870162590112344322e-09
3.866218182942684351e-09
3.862279333265172361e-09
3.858346289900720372e-09
3.854418801975560051e-09
3.850496837879441721e-09
3.846580390061940988e-09
3.842669450889732587e-09
3.838764032906286726e-09
3.834864172557531918e-09
3.830969795743782685e-09
3.827080894514323735e-09
3.823197460838387719e-09
3.819319486605944360e-09
3.815446974856222319e-09
3.811580046669706127e-09
3.807718554643368972e-09
3.803862506318451064e-09
3.800011870642592207e-09
3.796166873150288047e-09
3.792329465748770372e-09
3.788499570834311576e-09
3.784677022196155185e-09
3.780859566422713985e-09
3.777046706965489915e-09
3.773238420108470348e-09
3.769434658638915616e-09
3.765635417719907768e-09
3.761840692442315983e-09
3.758050680927704144e-09
3.754265257672447016e-09
3.750484328089598782e-09
3.746707887053803608e-09
3.742935931442703663e-09
3.739168540492651953e-09
3.735405620729364807e-09
3.731647166759750361e-09
3.727893173122740706e-09
3.724143634290184410e-09
3.720398687925366763e-09
3.716658237920137360e-09
3.712922221104965647e-09
3.709190631727515221e-09
3.705463463970492427e-09
3.701740896629607054e-09
3.698024668159292700e-09
3.694314927123109747e-09
3.690611627856222848e-09
3.686913316859067770e-09
3.683219156951184735e-09
3.679529144884917491e-09
3.675843406550124231e-09
3.672162021618070502e-09
3.668484767464530208e-09
3.664811640630999168e-09
3.661142637591309829e-09
3.657477844596887471e-09
3.653817186597200848e-09
3.650160687524838734e-09
3.646508294189317928e-09
3.642860090883526253e-09
3.639216096835339501e-09
3.635576193659433544e-09
3.631940377353019361e-09
3.628308643849924801e-09
3.624681074480347634e-09
3.621057669049403695e-09
3.617438329266550196e-09
3.613823050866947297e-09
3.610211829524130200e-09
3.606605764963039370e-09
3.603005906216401979e-09
3.599412278626220822e-09
3.595824662287934604e-09
3.592241392244735521e-09
3.588662355198025941e-09
3.585087578997300810e-09
3.581517050104695987e-09
3.577950690844622138e-09
3.574388498561623116e-09
3.570830666763724561e-09
3.567277189967113164e-09
3.563727864467788643e-09
3.560182687392084190e-09
3.556641759358270196e-09
3.553104993322689149e-09
3.549572364912112748e-09
3.546043927635758805e-09
3.542519814294124171e-09
3.538999868978036469e-09
3.535484043174386749e-09
3.531972333514315289e-09
3.528464807876036923e-09
3.524961450004149389e-09
3.521462275865802770e-09
3.517967198867822116e-09
3.514477437192229934e-09
3.510994167179813167e-09
3.507517220110459140e-09
3.504046375012649447e-09
3.500580072761027167e-09
3.497118182326314960e-09
3.493660753791529515e-09
3.490207737619551989e-09
3.486759059323142107e-09
3.483314761907438940e-09
3.479875203989877873e-09
3.476439995043828289e-09
3.473009106306629207e-09
3.469582632092296964e-09
3.466160523446442431e-09
3.462742780501124993e-09
3.459329381371854659e-09
3.455920555734179337e-09
3.452516026464560870e-09
3.449115790660030819e-09
3.445719921765271694e-09
3.442328538233975340e-09
3.438941433315676638e-09
3.435558603871700792e-09
3.432180182627623595e-09
3.428806156001014072e-09
3.425436860308517879e-09
3.422074357745998526e-09
3.418718651038623220e-09
3.415369519136001058e-09
3.412025606908355737e-09
3.408686322117262134e-09
3.405351695262067191e-09
3.402021984829807027e-09
3.398696974716670919e-09
3.395376513533696839e-09
3.392060699146733611e-09
3.388749616585418150e-09
3.385443073027456301e-09
3.382141160699785559e-09
3.378844044296195459e-09
3.375551577840793902e-09
3.372263706468117744e-09
3.368980524311279335e-09
3.365701860684826637e-09
3.362427710099919978e-09
3.359158356832293588e-09
3.355893643266197262e-09
3.352633428906802662e-09
3.349377738571824832e-09
3.346126675847746472e-09
3.342880244767217825e-09
3.339638315353923183e-09
3.336402235651864134e-09
3.333173132330004070e-09
3.329951084285367482e-09
3.326735910762880773e-09
3.323525859919966308e-09
3.320320703089243912e-09
3.317120365223324383e-09
3.313924825107921795e-09
3.310734573422913587e-09
3.307549142653822170e-09
3.304368440014783283e-09
3.301192683745387992e-09
3.298021764877783708e-09
3.294855564663079748e-09
3.291694442830792136e-09
3.288538141164436506e-09
3.285386720383742976e-09
3.282240170885352671e-09
3.279098347079830619e-09
3.275961226717735983e-09
3.272829197234647854e-09
3.269701943320379026e-09
3.266579371505010860e-09
3.263461592444566108e-09
3.260348705707996436e-09
3.257240553330894596e-09
3.254137201710758845e-09
3.251039495927170100e-09
3.247948623974649778e-09
3.244865004260755060e-09
3.241788247069266510e-09
3.238716684063743399e-09
3.235649780847810849e-09
3.232587657317183426e-09
3.229530585077587198e-09
3.226478103953971741e-09
3.223430245035630866e-09
3.220387223520631962e-09
3.217348742739510965e-09
3.214314994919136744e-09
3.211286186104285545e-09
3.208262016361644986e-09
3.205242510011980678e-09
3.202227589924586596e-09
3.199217319146012217e-09
3.196211910741459986e-09
3.193211070167154992e-09
3.190214772048751676e-09
3.187223394026770733e-09
3.184236516188578762e-09
3.181254149065012142e-09
3.178276658564190563e-09
3.175303750790870632e-09
3.172335334291962584e-09
3.169371687809775941e-09
3.166414024063178323e-09
3.163463259866155764e-09
3.160519331728294912e-09
3.157581331129004858e-09
3.154647861885143002e-09
3.151718703453628311e-09
3.148793928050988534e-09
3.145873302021778963e-09
3.142957282114040745e-09
3.140045702094311298e-09
3.137138260464108179e-09
3.134235237620598028e-09
3.131336435185522554e-09
3.128441916147381353e-09
3.125551853409277004e-09
3.122666151916991426e-09
3.119784722766784825e-09
3.116907465288564357e-09
3.114034469132888181e-09
3.111165985154726949e-09
3.108301609044223868e-09
3.105441499522344600e-09
3.102585798650701786e-09
3.099734194690585420e-09
3.096886936723634850e-09
3.094043999997545581e-09
3.091205184845703596e-09
3.088370749453946219e-09
3.085541913222194918e-09
3.082719530918094850e-09
3.079903509237285921e-09
3.077093104753073195e-09
3.074286957838735302e-09
3.071484902456810106e-09
3.068686905919041754e-09
3.065892874825469992e-09
3.063103388574216804e-09
3.060317829706429140e-09
3.057536301594371843e-09
3.054758881141894588e-09
3.051985363851008756e-09
3.049216205481314780e-09
3.046451152244929217e-09
3.043690097823191803e-09
3.040933009154870531e-09
3.038179969535565815e-09
3.035431159814048071e-09
3.032686204519865649e-09
3.029945515053302116e-09
3.027208759357712649e-09
3.024475884695247693e-09
3.021747339541851514e-09
3.019022668703900093e-09
3.016301940143690758e-09
3.013585265385146494e-09
3.010872570095768942e-09
3.008164766127578811e-09
3.005462420474007688e-09
3.002765954771865485e-09
3.000074963975414856e-09
2.997388176740313525e-09
2.994705055747365425e-09
2.992025845733939630e-09
2.989350191509778367e-09
2.986678228773425200e-09
2.984009839494376780e-09
2.981345004995079338e-09
2.978684244468474092e-09
2.976026913360123657e-09
2.973373245502551432e-09
2.970723140904594153e-09
2.968076712033780677e-09
2.965433988148709359e-09
2.962794932550953977e-09
2.960159432521336242e-09
2.957527426877586902e-09
2.954899274447967347e-09
2.952274556760647632e-09
2.949653518255956689e-09
2.947036106235934093e-09
2.944422150159946037e-09
2.941811992880874623e-09
2.939205299582869338e-09
2.936602131564025398e-09
2.934002561707662087e-09
2.931407487263660580e-09
2.928817504499169617e-09
2.926232590613554906e-09
2.923652681825194160e-09
2.921076232117371816e-09
2.918502865344738735e-09
2.915932886591583397e-09
2.913366038431276763e-09
2.910802295313491429e-09
2.908241656826601642e-09
2.905684051564282382e-09
2.903129971053197534e-09
2.900578815791509401e-09
2.898030835908131266e-09
2.895485854156536894e-09
2.892944125457827731e-09
2.890405597718154031e-09
2.887870167830775101e-09
2.885337726951088679e-09
2.882808487794732340e-09
2.880282374103654925e-09
2.877759296523533160e-09
2.875239456913298785e-09
2.872722517340513455e-09
2.870208892795073042e-09
2.867698256619175975e-09
2.865190630084806922e-09
2.862686161566266927e-09
2.860184762104872375e-09
2.857686950580102325e-09
2.855193769070454115e-09
2.852705217688277900e-09
2.850221194834185603e-09
2.847740943679399434e-09
2.845263891636285586e-09
2.842789807846819960e-09
2.840318762296913706e-09
2.837850571863669284e-09
2.835385671583290707e-09
2.832923783966088735e-09
2.830464839904473685e-09
2.828008862361102197e-09
2.825555861456406229e-09
2.823106126558057332e-09
2.820659271059249352e-09
2.818215369636483141e-09
2.815774446160392060e-09
2.813336589452182718e-09
2.810901779202751281e-09
2.808469939462689595e-09
2.806040921985826894e-09
2.803615159304139097e-09
2.801192152954019323e-09
2.798772283226853145e-09
2.796355264487682740e-09
2.793941312272996592e-09
2.791530341224786109e-09
2.789122232384821871e-09
2.786717093606578331e-09
2.784315772596906787e-09
2.781918726610620588e-09
2.779526152258501094e-09
2.777137752220009965e-09
2.774752579632192562e-09
2.772370375416930593e-09
2.769991228371298088e-09
2.767614831240317964e-09
2.765241297642437913e-09
2.762870572719825533e-09
2.760503036641774128e-09
2.758138158814521373e-09
2.755776218262031376e-09
2.753416996885872684e-09
2.751060915313425199e-09
2.748707603165739911e-09
2.746357095326325233e-09
2.744009416707752320e-09
2.741664638070276358e-09
2.739322810725669332e-09
2.736983753080199898e-09
2.734647469861453412e-09
2.732314167977637921e-09
2.729983526890124247e-09
2.727655919942870037e-09
2.725330956507048166e-09
2.723009023807182177e-09
2.720689747122473530e-09
2.718373285477897442e-09
2.716059662663437574e-09
2.713749518369935545e-09
2.711443439225341135e-09
2.709141567338725234e-09
