-1.659397610218547884e-13
-1.992424776540747873e-13
-2.357181548912910439e-13
-2.754247092730165611e-13
-3.184270241847554830e-13
-3.647958890815856582e-13
-4.146091366960646008e-13
-4.679497994180803838e-13
-5.249059934895659823e-13
-5.855673244084288084e-13
-6.500336255954148238e-13
-7.184022313932030425e-13
-7.907731327177278543e-13
-8.672489423165932986e-13
-9.479335467955465441e-13
-1.032933991928530323e-12
-1.122349777617067414e-12
-1.216291048584547621e-12
-1.314852658624428729e-12
-1.418141848063533948e-12
-1.526259566685563537e-12
-1.639298509673449168e-12
-1.757352094835105843e-12
-1.880512813536162099e-12
-2.008866106916449560e-12
-2.142496596214377094e-12
-2.281483246738197377e-12
-2.425901211486155143e-12
-2.575826505047821160e-12
-2.731312416383490373e-12
-2.892423713073380790e-12
-3.059223036512664317e-12
-3.231746448467326219e-12
-3.410052731700416157e-12
-3.594165139913314626e-12
-3.784132830133720340e-12
-3.979960179801434526e-12
-4.181697675388835992e-12
-4.389324921268996331e-12
-4.602886697029813840e-12
-4.822364909253440971e-12
-5.047762731004707478e-12
-5.279070925654022156e-12
-5.516287116876919647e-12
-5.759381866969761222e-12
-6.008322500313117567e-12
-6.263083641652774322e-12
-6.523634116205803973e-12
-6.789939942069155478e-12
-7.061939385761095653e-12
-7.339587551888443675e-12
-7.622835667897048333e-12
-7.911599158870616073e-12
-8.205834778483235257e-12
-8.505465544013142550e-12
-8.810404230919108691e-12
-9.120596271750481550e-12
-9.435943741557626267e-12
-9.756350725770668726e-12
-1.008175437454491943e-11
-1.041204197227964819e-11
-1.074710229031398749e-11
-1.108687240005565997e-11
-1.143123310544013962e-11
-1.178006042996070435e-11
-1.213327529250381937e-11
-1.249076570472594420e-11
-1.285239437251249465e-11
-1.321805574166161179e-11
-1.358764665282474127e-11
-1.396102781540417245e-11
-1.433808436445307150e-11
-1.471872724570668933e-11
-1.510281246687271517e-11
-1.549018457093554825e-11
-1.588075115454157701e-11
-1.627441537204642499e-11
-1.667103115129485569e-11
-1.707043105637250634e-11
-1.747252953496647079e-11
-1.787722065303354960e-11
-1.828436326245925017e-11
-1.869380396292984679e-11
-1.910545252823110014e-11
-1.951919951773575802e-11
-1.993489730749774830e-11
-2.035241966975559539e-11
-2.077166725283854228e-11
-2.119252490923485464e-11
-2.161486640655084546e-11
-2.203856805547690294e-11
-2.246352166145064964e-11
-2.288962970715705495e-11
-2.331677545623586395e-11
-2.374483975894466655e-11
-2.417371283187256470e-11
-2.460330751996149737e-11
-2.503352887677377777e-11
-2.546425349556469135e-11
-2.589538781955998041e-11
-2.632683789361520422e-11
-2.675851841555687388e-11
-2.719035339858868679e-11
-2.762221709206694468e-11
-2.805404009619999885e-11
-2.848573300930724455e-11
-2.891723292595745836e-11
-2.934847416139255867e-11
-2.977934053974987040e-11
-3.020978035628541826e-11
-3.063969680241250756e-11
-3.106907177081667019e-11
-3.149781480367308239e-11
-3.192588776398505144e-11
-3.235318190132481534e-11
-3.277966284931578565e-11
-3.320527285354583648e-11
-3.362997873811671699e-11
-3.405373667304386078e-11
-3.447647824519666672e-11
-3.489816530831399338e-11
-3.531874153470486128e-11
-3.573819282854987511e-11
-3.615646931482857777e-11
-3.657355554048362488e-11
-3.698940070868448472e-11
-3.740398831486181822e-11
-3.781728930115333606e-11
-3.822927072790354445e-11
-3.863993107574710074e-11
-3.904922169256735897e-11
-3.945716228842394214e-11
-3.986369325602017810e-11
-4.026885916186222482e-11
-4.067258027632695695e-11
-4.107491844406916746e-11
-4.147579501013878284e-11
-4.187526664964263983e-11
-4.227328016163247442e-11
-4.266986824025654870e-11
-4.306502793479619451e-11
-4.345873320295873779e-11
-4.385103460996415812e-11
-4.424187174945930518e-11
-4.463131554986558674e-11
-4.501931503601233105e-11
-4.540592053919282105e-11
-4.579113603847668830e-11
-4.617494965455770687e-11
-4.655742351928780428e-11
-4.693850276875478714e-11
-4.731825689771064497e-11
-4.769666116551413499e-11
-4.807374204293746273e-11
-4.844954990527994557e-11
-4.882405518050379960e-11
-4.919732843108575543e-11
-4.956934329511055033e-11
-4.994012365394421965e-11
-5.030971854649307671e-11
-5.067810214586227894e-11
-5.104533678772105678e-11
-5.141143180134321793e-11
-5.177640056918759744e-11
-5.214030454911933384e-11
-5.250310919873779788e-11
-5.286485689814537181e-11
-5.322558250241694996e-11
-5.358527791444696512e-11
-5.394399815332666769e-11
-5.430175752795717880e-11
-5.465857259386213740e-11
-5.501449756412802443e-11
-5.536950682262563682e-11
-5.572363134263669031e-11
-5.607691019918071812e-11
-5.642933718741049642e-11
-5.678095159542727774e-11
-5.713178953595137914e-11
-5.748184631655260881e-11
-5.783116072273728555e-11
-5.817975360872125562e-11
-5.852761541825235125e-11
-5.887478152984535842e-11
-5.922127025926427897e-11
-5.956708781135632378e-11
-5.991226739212913095e-11
-6.025682841749692349e-11
-6.060076853198016323e-11
-6.094411804877046298e-11
-6.128688705219210648e-11
-6.162906571732465007e-11
-6.197068134410617114e-11
-6.231174870234278934e-11
-6.265226877869555224e-11
-6.299226677934295781e-11
-6.333176285440472784e-11
-6.367073705294624496e-11
-6.400920825354516751e-11
-6.434719691204718459e-11
-6.468466995677878960e-11
-6.502164292186101404e-11
-6.535814064521156009e-11
-6.569414608955676126e-11
-6.602967127780139783e-11
-6.636474136285353629e-11
-6.669934116958853100e-11
-6.703344746051775480e-11
-6.736707848655421720e-11
-6.770023826382524121e-11
-6.803288139897491562e-11
-6.836502171220604273e-11
-6.869668236457578694e-11
-6.902782832266907507e-11
-6.935846034616859462e-11
-6.968860494985257259e-11
-7.001823957253523774e-11
-7.034730998723348130e-11
-7.067583339798056829e-11
-7.100382462785304984e-11
-7.133121320238623833e-11
-7.165799700697561582e-11
-7.198420526392699034e-11
-7.230981371434911436e-11
-7.263476925688623081e-11
-7.295908824092859585e-11
-7.328280169766058104e-11
-7.360580465885507015e-11
-7.392808274381169072e-11
-7.424965991032793442e-11
-7.457052595364203323e-11
-7.489058572813120883e-11
-7.520985022140097390e-11
-7.552836068097800952e-11
-7.584605806006322662e-11
-7.616287288243346203e-11
-7.647883116953643838e-11
-7.679397239939407037e-11
-7.710815548874282544e-11
-7.742135294077566629e-11
-7.773359317642579764e-11
-7.804489467126852216e-11
-7.835511627487324156e-11
-7.866425783900919007e-11
-7.897236214909724362e-11
-7.927942728971798871e-11
-7.958530758013802238e-11
-7.989001444107463893e-11
-8.019359553335124470e-11
-8.049602386507183534e-11
-8.079712846594474296e-11
-8.109692713524236261e-11
-8.139547334721345857e-11
-8.169273571167727343e-11
-8.198855962394510960e-11
-8.228296691331333236e-11
-8.257602091137662965e-11
-8.286769992780495325e-11
-8.315782799415050198e-11
-8.344642792405457003e-11
-8.373356314407216676e-11
-8.401921926192237822e-11
-8.430319692343799738e-11
-8.458551012716194073e-11
-8.486622135236199305e-11
-8.514535818848943319e-11
-8.542271108819578880e-11
-8.569828312495334389e-11
-8.597211979171055539e-11
-8.624430633273828229e-11
-8.651462812378429877e-11
-8.678305395764021185e-11
-8.704961314230774102e-11
-8.731440292180144251e-11
-8.757730367157723461e-11
-8.783817709464677301e-11
-8.809707027743922084e-11
-8.835406798479155402e-11
-8.860916111672441773e-11
-8.886212423508802801e-11
-8.911299975935855778e-11
-8.936182872166485662e-11
-8.960871642838548812e-11
-8.985344713195695463e-11
-9.009597317155586274e-11
-9.033634530000674851e-11
-9.057464828677878636e-11
-9.081086112710924563e-11
-9.104477530894890863e-11
-9.127644927922551006e-11
-9.150593256785974253e-11
-9.173333496984304556e-11
-9.195843919971775252e-11
-9.218121125010364787e-11
-9.240167761956621862e-11
-9.261994698905004240e-11
-9.283603204618222681e-11
-9.304971233707249977e-11
-9.326102865529079636e-11
-9.347002967148262763e-11
-9.367682799702396981e-11
-9.388133664130026765e-11
-9.408342461695280091e-11
-9.428314938888046815e-11
-9.448056450313129789e-11
-9.467578419698747839e-11
-9.486864383239036696e-11
-9.505907186251829111e-11
-9.524712198165005805e-11
-9.543288368642660682e-11
-9.561642150702732004e-11
-9.579754801028109360e-11
-9.597628685868196632e-11
-9.615267354770807570e-11
-9.632678645090266379e-11
-9.649871238748847587e-11
-9.666824149860079505e-11
-9.683542593830812796e-11
-9.700029999655558739e-11
-9.716295517573166170e-11
-9.732346192482388857e-11
-9.748160952685040949e-11
-9.763746031632238913e-11
-9.779105027278405945e-11
-9.794245632337064339e-11
-9.809175058929800497e-11
-9.823876349920232822e-11
-9.838355841362958376e-11
-9.852615521403124335e-11
-9.866663904740171299e-11
-9.880508832549997903e-11
-9.894136989425042473e-11
-9.907550515678596377e-11
-9.920754103393422649e-11
-9.933752719226616854e-11
-9.946555279837766456e-11
-9.959155538226536556e-11
-9.971548540821828880e-11
-9.983741414165123656e-11
-9.995737780645760666e-11
-1.000754590134960212e-10
-1.001916679466833226e-10
-1.003059021912989455e-10
-1.004182550238683562e-10
-1.005287491839174659e-10
-1.006374609894456946e-10
-1.007444408806033066e-10
-1.008495810322467863e-10
-1.009529555111207982e-10
-1.010545923212595442e-10
-1.011545329672774398e-10
-1.012528521366354814e-10
-1.013495335378460687e-10
-1.014445255877607667e-10
-1.015379201628191367e-10
-1.016297308527714624e-10
-1.017200255704695364e-10
-1.018088420823331239e-10
-1.018961111877556808e-10
-1.019819106789379145e-10
-1.020662727671200584e-10
-1.021492244013501612e-10
-1.022308326826849494e-10
-1.023111044007883268e-10
-1.023899903314655294e-10
-1.024675791143983817e-10
-1.025438877092709828e-10
-1.026189549757050215e-10
-1.026928272740305451e-10
-1.027654824611188639e-10
-1.028369348146036589e-10
-1.029072542264490433e-10
-1.029764525620645958e-10
-1.030445616875907983e-10
-1.031116277224827037e-10
-1.031776234524981589e-10
-1.032426021515427710e-10
-1.033066049571281995e-10
-1.033696462870125214e-10
-1.034317676261232663e-10
-1.034929883289978171e-10
-1.035532885419779964e-10
-1.036127346782371333e-10
-1.036713493464411662e-10
-1.037291487929136340e-10
-1.037861667227829564e-10
-1.038424176950896588e-10
-1.038978883516940291e-10
-1.039526488462801263e-10
-1.040067187117254990e-10
-1.040601106947179507e-10
-1.041128523360705401e-10
-1.041649586927865215e-10
-1.042164266207523865e-10
-1.042673071518834098e-10
-1.043176259810563953e-10
-1.043673933396683396e-10
-1.044166262047741349e-10
-1.044653473842248109e-10
-1.045135479042687745e-10
-1.045612719851543920e-10
-1.046085560372215585e-10
-1.046554043626366397e-10
-1.047018295575405677e-10
-1.047478469846625509e-10
-1.047934618077602812e-10
-1.048386869842871822e-10
-1.048835746393604260e-10
-1.049281254643375685e-10
-1.049723468499119470e-10
-1.050162513829600703e-10
-1.050598505687370784e-10
-1.051031382371373461e-10
-1.051461612788791425e-10
-1.051889262126419770e-10
-1.052314365762773424e-10
-1.052737015299833420e-10
-1.053157306161155224e-10
-1.053575232324863976e-10
-1.053991072117383464e-10
-1.054405055273239575e-10
-1.054817217437299265e-10
-1.055227598597127706e-10
-1.055636260592747492e-10
-1.056043267800316976e-10
-1.056448575206321584e-10
-1.056852465676752307e-10
-1.057254984039835262e-10
-1.057656148940221456e-10
-1.058056006329448276e-10
-1.058454595210735967e-10
-1.058851937343897723e-10
-1.059247974073556306e-10
-1.059642854429533958e-10
-1.060036594184510600e-10
-1.060429201155343020e-10
-1.060820718711110734e-10
-1.061211181014373041e-10
-1.061600572477738477e-10
-1.061988905029151476e-10
-1.062376261851548797e-10
-1.062762643917694841e-10
-1.063148070509169686e-10
-1.063532586176266764e-10
-1.063916212690379795e-10
-1.064298883845626914e-10
-1.064680429605107042e-10
-1.065060866528976043e-10
-1.065440213632461838e-10
-1.065818482287643488e-10
-1.066195714265487566e-10
-1.066571911083043316e-10
-1.066946979737085746e-10
-1.067320619052808186e-10
-1.067692830118780322e-10
-1.068063623855440602e-10
-1.068433021466736848e-10
-1.068801069158978206e-10
-1.069167799762962929e-10
-1.069533111416361796e-10
-1.069896622992398849e-10
-1.070258318104626154e-10
-1.070618201952701041e-10
-1.070976273830211268e-10
-1.071332622293458853e-10
-1.071687285546607567e-10
-1.072040229751352912e-10
-1.072390821047463295e-10
-1.072738999494122808e-10
-1.073084778327875613e-10
-1.073428160177501696e-10
-1.073769218926773371e-10
-1.074108018280178333e-10
-1.074444557728173325e-10
-1.074778280861101867e-10
-1.075108881651915818e-10
-1.075436398026846262e-10
-1.075760825724258685e-10
-1.076082232478664725e-10
-1.076400708305513002e-10
-1.076716284842807585e-10
-1.077028763125487014e-10
-1.077337330571022185e-10
-1.077642012807122838e-10
-1.077942800638849284e-10
-1.078239753358507829e-10
-1.078532987998920261e-10
-1.078822566017951730e-10
-1.079108541519831743e-10
-1.079390110966424015e-10
-1.079666970345692376e-10
-1.079939187994335950e-10
-1.080206755377505178e-10
-1.080469752157656131e-10
-1.080728353559766690e-10
-1.080982626171876165e-10
-1.081232412579859627e-10
-1.081476702012021926e-10
-1.081715561843878317e-10
-1.081948984108025140e-10
-1.082177020858938342e-10
-1.082399800038297628e-10
-1.082617471915041798e-10
-1.082830128450148271e-10
-1.083037364139828439e-10
-1.083238231268365249e-10
-1.083432890017629961e-10
-1.083621371492922328e-10
-1.083803674431964737e-10
-1.083980001250816163e-10
-1.084150527950349899e-10
-1.084315314158707583e-10
-1.084473841543010693e-10
-1.084625333895170382e-10
-1.084770035911755455e-10
-1.084907957980500046e-10
-1.085039161223433978e-10
-1.085163853308385933e-10
-1.085282210166746036e-10
-1.085394297350096289e-10
-1.085499578737866279e-10
-1.085597288278090719e-10
-1.085687714215916125e-10
-1.085770892838928788e-10
-1.085846841477389722e-10
-1.085915752784972313e-10
-1.085977858268023448e-10
-1.086033243981450716e-10
-1.086081507368710158e-10
-1.086121781384046782e-10
-1.086154350231002629e-10
-1.086179289107740004e-10
-1.086196635216706958e-10
-1.086206529921415816e-10
-1.086209180530698875e-10
-1.086204744394988158e-10
-1.086193136970634798e-10
-1.086173370635420271e-10
-1.086145787032308353e-10
-1.086110494873511049e-10
-1.086067535148309254e-10
-1.086016957728249278e-10
-1.085959089288461585e-10
-1.085894061881713783e-10
-1.085821955940566966e-10
-1.085741857825009415e-10
-1.085653892054674640e-10
-1.085558177665815871e-10
-1.085454798831505062e-10
-1.085343810420286604e-10
-1.085225386568568690e-10
-1.085099781463163295e-10
-1.084967086758163829e-10
-1.084827045174757192e-10
-1.084679008463905033e-10
-1.084523444403688377e-10
-1.084360390775581703e-10
-1.084189910299727777e-10
-1.084012072245058274e-10
-1.083827193796460620e-10
-1.083635331298996600e-10
-1.083436560784626578e-10
-1.083230500182761519e-10
-1.083017080305533447e-10
-1.082796718723641747e-10
-1.082569428274102344e-10
-1.082335204857408123e-10
-1.082094134933785431e-10
-1.081846590585617405e-10
-1.081592605332744008e-10
-1.081332288651692131e-10
-1.081064933748061211e-10
-1.080791032082113210e-10
-1.080510679673800813e-10
-1.080223955195444899e-10
-1.079930914204631311e-10
-1.079631726715100069e-10
-1.079326448851882915e-10
-1.079015316660893810e-10
-1.078698324525576392e-10
-1.078374945502929146e-10
-1.078045771323220705e-10
-1.077710938700381171e-10
-1.077370460627763605e-10
-1.077024374892632750e-10
-1.076672862759212139e-10
-1.076315971180754880e-10
-1.075953914524425440e-10
-1.075586699576413565e-10
-1.075213992695900722e-10
-1.074836374345301243e-10
-1.074453900765452155e-10
-1.074066674362967654e-10
-1.073674749942699224e-10
-1.073278096086672839e-10
-1.072877013564376669e-10
-1.072471520759899828e-10
-1.072061702905932633e-10
-1.071647247588765431e-10
-1.071228643437220949e-10
-1.070806186113774252e-10
-1.070379813923159355e-10
-1.069949590170335715e-10
-1.069515550019578354e-10
-1.069077860751622548e-10
-1.068636503374401432e-10
-1.068191618562385752e-10
-1.067743119866929948e-10
-1.067291211724895103e-10
-1.066836290746223878e-10
-1.066378430270403743e-10
-1.065917613575151436e-10
-1.065453853925962440e-10
-1.064987271268161478e-10
-1.064517934517474105e-10
-1.064045852590907323e-10
-1.063571112307683865e-10
-1.063093694612043960e-10
-1.062614111803410741e-10
-1.062132414980866549e-10
-1.061648659099809740e-10
-1.061162818955219868e-10
-1.060674961534664481e-10
-1.060185148261267144e-10
-1.059693401786541752e-10
-1.059199778536613788e-10
-1.058704284029605121e-10
-1.058207194258463030e-10
-1.057708877976168690e-10
-1.057209341766252596e-10
-1.056708600573386874e-10
-1.056206650587577623e-10
-1.055703532242240366e-10
-1.055199285351232345e-10
-1.054693939045373193e-10
-1.054187470638407431e-10
-1.053679973949987314e-10
-1.053171844912594583e-10
-1.052663231919122407e-10
-1.052154140649820053e-10
-1.051644573056006586e-10
-1.051134546977486148e-10
-1.050624063983420618e-10
-1.050113151432808629e-10
-1.049601821334658313e-10
-1.049090081899564430e-10
-1.048578024075208149e-10
-1.048066000372879317e-10
-1.047554075018189415e-10
-1.047042245104425770e-10
-1.046530517585695791e-10
-1.046018902322819561e-10
-1.045507381487573338e-10
-1.044995979375906073e-10
-1.044484682502292241e-10
-1.043973499390000872e-10
-1.043462542665462630e-10
-1.042952164770484190e-10
-1.042442426931320131e-10
-1.041933312049320012e-10
-1.041424839556610781e-10
-1.040916992510879134e-10
-1.040409775185340114e-10
-1.039903160522088704e-10
-1.039397148694832833e-10
-1.038891740560531615e-10
-1.038386981485905746e-10
-1.037883147828689158e-10
-1.037380249959245190e-10
-1.036878300824604790e-10
-1.036377289023737574e-10
-1.035877221389155403e-10
-1.035378074290789718e-10
-1.034879827341119961e-10
-1.034382462903001111e-10
-1.033885970907163572e-10
-1.033390359436816160e-10
-1.032895811915951245e-10
-1.032402366108672384e-10
-1.031909985200479233e-10
-1.031418689532570237e-10
-1.030928449939384177e-10
-1.030439293189312856e-10
-1.029951154095560921e-10
-1.029464051806532373e-10
-1.028977922675642158e-10
-1.028492811600599566e-10
-1.028008733080226372e-10
-1.027525831193668853e-10
-1.027044015386983809e-10
-1.026563292457941515e-10
-1.026083645319472058e-10
-1.025605089912173022e-10
-1.025127589676315693e-10
-1.024651142434760700e-10
-1.024175689468437898e-10
-1.023701272635167824e-10
-1.023227830413392422e-10
-1.022755465128662184e-10
-1.022284055550213717e-10
-1.021813576513558425e-10
-1.021344004573916207e-10
-1.020875353610550560e-10
-1.020407606061589900e-10
-1.019940755708290381e-10
-1.019474767635358348e-10
-1.019009624280922215e-10
-1.018545317011697929e-10
-1.018081835451531886e-10
-1.017619160834177530e-10
-1.017157118681601074e-10
-1.016695675143917490e-10
-1.016234827250721071e-10
-1.015774567781552507e-10
-1.015314895126718198e-10
-1.014855796842940188e-10
-1.014397253139095142e-10
-1.013939250657043348e-10
-1.013481784834056546e-10
-1.013024843794302683e-10
-1.012568331060398194e-10
-1.012111985410359995e-10
-1.011655779751541484e-10
-1.011199710748750432e-10
-1.010743768535376490e-10
-1.010287958565848620e-10
-1.009832270417691102e-10
-1.009376703540828829e-10
-1.008921249770989156e-10
-1.008465905280807387e-10
-1.008010664453727164e-10
-1.007555423568744299e-10
-1.007099898069110627e-10
-1.006644030584887585e-10
-1.006187834063106121e-10
-1.005731313859760700e-10
-1.005274446645876507e-10
-1.004817252641056435e-10
-1.004359731741075727e-10
-1.003901886389425913e-10
-1.003443724171353209e-10
-1.002985229042035274e-10
-1.002526367290553424e-10
-1.002066760592619617e-10
-1.001606322441685394e-10
-1.001145062623297401e-10
-1.000682965984333996e-10
-1.000220047620014177e-10
-9.997563085899563103e-11
-9.992917451131178148e-11
-9.988263957237073973e-11
-9.983602498313319337e-11
-9.978933250268142014e-11
-9.974256333075818049e-11
-9.969568732556369747e-11
-9.964868137931125105e-11
-9.960153998893366203e-11
-9.955426702464358042e-11
-9.950686480659990638e-11
-9.945932773677512640e-11
-9.941166112020938101e-11
-9.936386941251103975e-11
-9.931594800984096731e-11
-9.926790453160794011e-11
-9.921974008954270143e-11
-9.917144718641105132e-11
-9.912299818296543806e-11
-9.907438238285064267e-11
-9.902560201647646884e-11
-9.897666208142002342e-11
-9.892755781403087679e-11
-9.887829211175727859e-11
-9.882886546098142901e-11
-9.877928349620950657e-11
-9.872954788909081119e-11
-9.867966206919888057e-11
-9.862962478699468138e-11
-9.857943526195058763e-11
-9.852905189449184952e-11
-9.847847877775629216e-11
-9.842771794933791845e-11
-9.837677326265761197e-11
-9.832563880006527050e-11
-9.827432127537233585e-11
-9.822281860176755865e-11
-9.817113818528847632e-11
-9.811927993444890017e-11
-9.806724825013922806e-11
-9.801504582830649949e-11
-9.796266516534722380e-11
-9.791007655402095888e-11
-9.785728227279670198e-11
-9.780428876189590729e-11
-9.775109934406173642e-11
-9.769771166120905811e-11
-9.764412346179360405e-11
-9.759034112552856659e-11
-9.753636868099032403e-11
-9.748220857456553800e-11
-9.742786111198016289e-11
-9.737333168686538285e-11
-9.731862213299789786e-11
-9.726370523266139634e-11
-9.720859546470124334e-11
-9.715329407634036646e-11
-9.709780479737750673e-11
-9.704212902818808217e-11
-9.698626554181509019e-11
-9.693021840765627230e-11
-9.687398562372775096e-11
-9.681757629290401315e-11
-9.676099639218537001e-11
-9.670423953751593096e-11
-9.664731243691687349e-11
-9.659021035539957620e-11
-9.653291134294066340e-11
-9.647543923168891755e-11
-9.641779683600228285e-11
-9.635998345120562130e-11
-9.630199876983588631e-11
-9.624384430025692485e-11
-9.618552111743130197e-11
-9.612703655791338362e-11
-9.606838981975156594e-11
-9.600958119940738044e-11
-9.595061630214617103e-11
-9.589149783520600547e-11
-9.583220605697030750e-11
-9.577275782492501161e-11
-9.571316984021891652e-11
-9.565343599035952673e-11
-9.559356056680121920e-11
-9.553354413467378844e-11
-9.547338562306785439e-11
-9.541309008022533644e-11
-9.535265682405310148e-11
-9.529209053713787910e-11
-9.523139348723667766e-11
-9.517056845251830247e-11
-9.510961094494890401e-11
-9.504852045903840994e-11
-9.498731972157415016e-11
-9.492601298579475732e-11
-9.486460187789595667e-11
-9.480308505250984093e-11
-9.474146734132244511e-11
-9.467974396939231129e-11
-9.461792181815905824e-11
-9.455599974143985725e-11
-9.449398105937225099e-11
-9.443186789119296882e-11
-9.436966200177456569e-11
-9.430736151391335945e-11
-9.424496631209357758e-11
-9.418250141373110225e-11
-9.411997587653635897e-11
-9.405738666033108340e-11
-9.399473741761398833e-11
-9.393202740636270526e-11
-9.386925745342697451e-11
-9.380642733617113420e-11
-9.374354025429522981e-11
-9.368059552020537717e-11
-9.361759311595175697e-11
-9.355453593869310565e-11
-9.349142402722419394e-11
-9.342825931520378078e-11
-9.336506531457903350e-11
-9.330185378682428682e-11
-9.323862539318772244e-11
-9.317537905754872245e-11
-9.311211627061082775e-11
-9.304883659434054498e-11
-9.298554030290688816e-11
-9.292222764644926161e-11
-9.285889997786294203e-11
-9.279555745087943335e-11
-9.273220021894073919e-11
-9.266882843433081032e-11
-9.260544407963613891e-11
-9.254206643122556572e-11
-9.247871137903186273e-11
-9.241537850963015978e-11
-9.235206833343225386e-11
-9.228878065906991026e-11
-9.222551637013745929e-11
-9.216227443509931807e-11
-9.209905547438230506e-11
-9.203585896715214756e-11
-9.197268658274203975e-11
-9.190953567181655673e-11
-9.184640732236635819e-11
-9.178330189136123747e-11
-9.172022562215366297e-11
-9.165720464070561478e-11
-9.159424505371932410e-11
-9.153134698973865812e-11
-9.146850958369813224e-11
-9.140573299048731616e-11
-9.134301710906609804e-11
-9.128036151240248668e-11
-9.121776829251895633e-11
-9.115523304418246265e-11
-9.109275510990848282e-11
-9.103033455715359579e-11
-9.096797140763129264e-11
-9.090566414458184317e-11
-9.084342630332704671e-11
-9.078127660234377986e-11
-9.071921502078709119e-11
-9.065724041971199528e-11
-9.059535158142591239e-11
-9.053355086111884161e-11
-9.047183564940818161e-11
-9.041020672392642626e-11
-9.034866528412682277e-11
-9.028720575687999409e-11
-9.022582861727712502e-11
-9.016453223564833176e-11
-9.010331740757592744e-11
-9.004218196692204198e-11
-8.998113729474064640e-11
-8.992019866690698497e-11
-8.985936083946820538e-11
-8.979862337265373495e-11
-8.973798561708543381e-11
-8.967744612374966391e-11
-8.961700746931403337e-11
-8.955666694625096116e-11
-8.949642362174887052e-11
-8.943627568606064535e-11
-8.937622390292217106e-11
-8.931626533580090113e-11
-8.925639878929677334e-11
-8.919662371101857463e-11
-8.913694249581961445e-11
-8.907737635604359821e-11
-8.901791702550922854e-11
-8.895856293881855521e-11
-8.889931232183460043e-11
-8.884016629207837176e-11
-8.878112509679415427e-11
-8.872218632404735887e-11
-8.866335026566730566e-11
-8.860461623434962367e-11
-8.854598045339443113e-11
-8.848744157946041327e-11
-8.842899906826272701e-11
-8.837065215027524851e-11
-8.831240234399478725e-11
-8.825425847696876331e-11
-8.819621703595432003e-11
-8.813827114414407591e-11
-8.808041994950064099e-11
-8.802266262546378819e-11
-8.796499911239379533e-11
-8.790743167370497254e-11
-8.784995698057438073e-11
-8.779257435496207179e-11
-8.773528150363386158e-11
-8.767807687074576180e-11
-8.762096131615200627e-11
-8.756393353646410380e-11
-8.750699188550991733e-11
-8.745013508479909212e-11
-8.739337312311655117e-11
-8.733669036501163793e-11
-8.728008336238196898e-11
-8.722355210162042325e-11
-8.716709756909852217e-11
-8.711071831290749556e-11
-8.705441341789607273e-11
-8.699818253520083031e-11
-8.694202591032897414e-11
-8.688594115508599866e-11
-8.682992691860324552e-11
-8.677398257292655270e-11
-8.671810823675633811e-11
-8.666230192374243778e-11
-8.660656312839477939e-11
-8.655089544125624784e-11
-8.649528042091411270e-11
-8.643971563516785985e-11
-8.638420095576313530e-11
-8.632873684099935744e-11
-8.627332287803068255e-11
-8.621795812362305814e-11
-8.616264231924118374e-11
-8.610737509083398637e-11
-8.605215513906615982e-11
-8.599698122453162035e-11
-8.594185360721326034e-11
-8.588677138614594367e-11
-8.583173506855682196e-11
-8.577674280185083630e-11
-8.572179333706797979e-11
-8.566687276107170834e-11
-8.561197735680186233e-11
-8.555710663382305659e-11
-8.550226037181573495e-11
-8.544743838809705915e-11
-8.539264050114224376e-11
-8.533786696774950993e-11
-8.528311755370266723e-11
-8.522839113337433810e-11
-8.517368701482794013e-11
-8.511900492707910466e-11
-8.506434490110574561e-11
-8.500970646413278390e-11
-8.495508923747693508e-11
-8.490049184623994402e-11
-8.484590274521384711e-11
-8.479131452922964660e-11
-8.473672668121674159e-11
-8.468213910997846953e-11
-8.462755172460768112e-11
-8.457296443680284596e-11
-8.451837715363022223e-11
-8.446378988753887814e-11
-8.440920248479729687e-11
-8.435461467934283437e-11
-8.430002637216197133e-11
-8.424543747466365121e-11
-8.419084789362464484e-11
-8.413625787281506580e-11
-8.408166694177594071e-11
-8.402706797384998406e-11
-8.397244978861588238e-11
-8.391781071066066400e-11
-8.386315072492964176e-11
-8.380846981723666815e-11
-8.375376797252705603e-11
-8.369904517806222396e-11
-8.364430141878748480e-11
-8.358953668283279675e-11
-8.353475112653529559e-11
-8.347994512510410717e-11
-8.342511873441528187e-11
-8.337027201150292293e-11
-8.331540501311162036e-11
-8.326051779598596418e-11
-8.320561026690269937e-11
-8.315067757535743197e-11
-8.309571608709078170e-11
-8.304072572625028640e-11
-8.298570667233413897e-11
-8.293065893286968300e-11
-8.287558262076707210e-11
-8.282047778871771130e-11
-8.276534448970251881e-11
-8.271018277786046575e-11
-8.265499302666359866e-11
-8.259977613910363326e-11
-8.254453230365367210e-11
-8.248926170733923876e-11
-8.243396443904091591e-11
-8.237864069562767642e-11
-8.232329075358464002e-11
-8.226791061241821023e-11
-8.221249948870562890e-11
-8.215705898229691876e-11
-8.210158920812882594e-11
-8.204609027969053047e-11
-8.199056231162926526e-11
-8.193500542119788213e-11
-8.187941967701101289e-11
-8.182380494936673750e-11
-8.176816172667384864e-11
-8.171249049965724471e-11
-8.165679162702379833e-11
-8.160106532330280138e-11
-8.154531179462766250e-11
-8.148953124481568462e-11
-8.143372388000027641e-11
-8.137788920192919587e-11
-8.132202755743927386e-11
-8.126614467976069501e-11
-8.121024103761535343e-11
-8.115431673349092700e-11
-8.109837187711292400e-11
-8.104240654057013479e-11
-8.098642079450378369e-11
-8.093041463312360642e-11
-8.087438817686710016e-11
-8.081834180615462862e-11
-8.076227594946573619e-11
-8.070619068757463552e-11
-8.065008621213906163e-11
-8.059396271626432851e-11
-8.053782036063027014e-11
-8.048165925380434194e-11
-8.042548368724092085e-11
-8.036930277944820741e-11
-8.031311886303416999e-11
-8.025693202340520685e-11
-8.020074237086585265e-11
-8.014455056203207765e-11
-8.008835607664863559e-11
-8.003215900272754363e-11
-7.997595942683325288e-11
-7.991975743842534659e-11
-7.986355317994432624e-11
-7.980734705555063912e-11
-7.975113900531504986e-11
-7.969492913056718349e-11
-7.963871756014042041e-11
-7.958250442605278640e-11
-7.952629002476581298e-11
-7.947008071167358254e-11
-7.941388678244502532e-11
-7.935770947764426501e-11
-7.930154880393010554e-11
-7.924540482296886157e-11
-7.918927829010050946e-11
-7.913316879826946977e-11
-7.907707616710900993e-11
-7.902100045683786561e-11
-7.896494181366023593e-11
-7.890889976219540993e-11
-7.885287380563871171e-11
-7.879686371469567548e-11
-7.874086947170599514e-11
-7.868489106132547035e-11
-7.862892846560428181e-11
-7.857298227659695295e-11
-7.851705947707270173e-11
-7.846117171241106392e-11
-7.840532055930100510e-11
-7.834950695808144563e-11
-7.829373083637408190e-11
-7.823799130421529288e-11
-7.818228837665976571e-11
-7.812662190663478747e-11
-7.807099249516979126e-11
-7.801539935449932069e-11
-7.795984199476701703e-11
-7.790431943336503062e-11
-7.784883217201976200e-11
-7.779338076485950352e-11
-7.773796367746421889e-11
-7.768258076536681414e-11
-7.762723188438970849e-11
-7.757191965954921686e-11
-7.751666514135115779e-11
-7.746146507943067330e-11
-7.740631901896250356e-11
-7.735122818574559833e-11
-7.729619169444853505e-11
-7.724121020834611376e-11
-7.718628265334429614e-11
-7.713141133715291410e-11
-7.707659413040227579e-11
-7.702183049951952708e-11
-7.696711904412924995e-11
-7.691246049641036360e-11
-7.685785368267629688e-11
-7.680329794428448704e-11
-7.674879308610302759e-11
-7.669433979225164413e-11
-7.663993864204627866e-11
-7.658559611392412967e-11
-7.653132288484303078e-11
-7.647711780109282264e-11
-7.642298000716195670e-11
-7.636890806185365172e-11
-7.631490190567294214e-11
-7.626096230525081968e-11
-7.620708798484730510e-11
-7.615328066373662209e-11
-7.609954079761257009e-11
-7.604586687304482088e-11
-7.599225541240064315e-11
-7.593870574010095111e-11
-7.588521908643214933e-11
-7.583179428798538578e-11
-7.577843029484098844e-11
-7.572512679446944239e-11
-7.567188568448511137e-11
-7.561871406114639337e-11
-7.556561843879011255e-11
-7.551259534181015595e-11
-7.545964390079832783e-11
-7.540676221582415873e-11
-7.535395055599018142e-11
-7.530120897036888576e-11
-7.524853746561907567e-11
-7.519593700581975508e-11
-7.514340800989654521e-11
-7.509094732765616026e-11
-7.503855304020501522e-11
-7.498622619601521601e-11
-7.493396509723651683e-11
-7.488176877703953821e-11
-7.482963809412047405e-11
-7.477757410722914936e-11
-7.472557540498864400e-11
-7.467364345798133047e-11
-7.462179374532072953e-11
-7.457001281535436083e-11
-7.451829869751053058e-11
-7.446665379301183898e-11
-7.441507766918078710e-11
-7.436356863656301235e-11
-7.431212963415191066e-11
-7.426075681692248166e-11
-7.420945117819456393e-11
-7.415821448211692938e-11
-7.410704266667442347e-11
-7.405593400651304501e-11
-7.400489237271398366e-11
-7.395391470381975382e-11
-7.390299914955140229e-11
-7.385214666356545730e-11
-7.380135696937678616e-11
-7.375062908075864989e-11
-7.369997175939419938e-11
-7.364938144861359580e-11
-7.359884975296789155e-11
-7.354838028456870601e-11
-7.349797121846949226e-11
-7.344762074318606784e-11
-7.339732974882681039e-11
-7.334709736699683335e-11
-7.329692641654154866e-11
-7.324681542615480076e-11
-7.319676190414110999e-11
-7.314676513381051411e-11
-7.309682465860067402e-11
-7.304693964239742656e-11
-7.299710971997985176e-11
-7.294733714347124439e-11
-7.289761849299675943e-11
-7.284795320125525328e-11
-7.279834192920539439e-11
-7.274879163327069821e-11
-7.269929108801054647e-11
-7.264983881951316466e-11
-7.260043266945753951e-11
-7.255107543671267114e-11
-7.250176550463677040e-11
-7.245250148819861962e-11
-7.240328321311126373e-11
-7.235411200751657377e-11
-7.230498871056860166e-11
-7.225591041787078059e-11
-7.220687605706616446e-11
-7.215788593373595106e-11
-7.210893954152152842e-11
-7.206003648132891756e-11
-7.201117822359576025e-11
-7.196236170816736741e-11
-7.191358711410766216e-11
-7.186485510266482616e-11
-7.181617077766731595e-11
-7.176752579794991166e-11
-7.171891475916944019e-11
-7.167033967778543978e-11
-7.162179970784029800e-11
-7.157329333604844319e-11
-7.152482085047552369e-11
-7.147638340570023849e-11
-7.142798093325271238e-11
-7.137961175829900011e-11
-7.133127622854447216e-11
-7.128297477681138405e-11
-7.123470475940981853e-11
-7.118646819381261013e-11
-7.113826370787187920e-11
-7.109009047242177974e-11
-7.104194918765002075e-11
-7.099383868392321609e-11
-7.094575925582106140e-11
-7.089771384335024884e-11
-7.084969838319281440e-11
-7.080170777658678279e-11
-7.075374048737503844e-11
-7.070579729941460931e-11
-7.065787908225843485e-11
-7.060998448315602079e-11
-7.056211371953179114e-11
-7.051426740877267561e-11
-7.046644423388306190e-11
-7.041864452939546926e-11
-7.037086965500870909e-11
-7.032311652132725766e-11
-7.027538533535308911e-11
-7.022767590195428403e-11
-7.017998845549178946e-11
-7.013232370758908637e-11
-7.008468025844978319e-11
-7.003705773156194459e-11
-6.998945669408195756e-11
-6.994187951437267245e-11
-6.989432292947540645e-11
-6.984678451703309471e-11
-6.979926519523689670e-11
-6.975176322787606568e-11
-6.970427916270960330e-11
-6.965681342097923649e-11
-6.960936572171239069e-11
-6.956193543869198316e-11
-6.951452368292497414e-11
-6.946712896660295486e-11
-6.941975190248064359e-11
-6.937239226010552166e-11
-6.932504865444637142e-11
-6.927772177686074884e-11
-6.923041098303699529e-11
-6.918311748618023568e-11
-6.913584032148768304e-11
-6.908857883610703893e-11
-6.904133378450974004e-11
-6.899410964257008091e-11
-6.894690478018390789e-11
-6.889971657508528161e-11
-6.885254628955181682e-11
-6.880539204970923337e-11
-6.875825479459364214e-11
-6.871113433486340092e-11
-6.866403146928546821e-11
-6.861694500086744619e-11
-6.856987550067417609e-11
-6.852282190040188388e-11
-6.847578654380479668e-11
-6.842876645034437231e-11
-6.838176222264236652e-11
-6.833477340543924970e-11
-6.828780079098793301e-11
-6.824084447526204704e-11
-6.819390315820250254e-11
-6.814697748904268281e-11
-6.810006665294764592e-11
-6.805317622044115003e-11
-6.800630766311886389e-11
-6.795946111922334738e-11
-6.791263428640076303e-11
-6.786582893053696204e-11
-6.781904423737602893e-11
-6.777228116766756566e-11
-6.772553854946208036e-11
-6.767881594935829109e-11
-6.763211516421996299e-11
-6.758543549863635507e-11
-6.753877574721919921e-11
-6.749213643702730222e-11
-6.744551596024902795e-11
-6.739891676717946644e-11
-6.735233586352819781e-11
-6.730577453647097326e-11
-6.725923120439710256e-11
-6.721270903544969081e-11
-6.716620544485475991e-11
-6.711972140885086879e-11
-6.707326537630215310e-11
-6.702683911396300369e-11
-6.698044008801376817e-11
-6.693407139335070841e-11
-6.688772909288360895e-11
-6.684141515848699887e-11
-6.679512946523591325e-11
-6.674887225472912948e-11
-6.670264302408219418e-11
-6.665644026261515462e-11
-6.661026731724552582e-11
-6.656412179833123616e-11
-6.651800261961870524e-11
-6.647190977966036699e-11
-6.642584429566090018e-11
-6.637980544977228972e-11
-6.633379229441778490e-11
-6.628780445800717505e-11
-6.624184319109278974e-11
-6.619590923207808228e-11
-6.615000155681005675e-11
-6.610413157225411687e-11
-6.605829860456825614e-11
-6.601249982216848118e-11
-6.596673977041225796e-11
-6.592101275978589724e-11
-6.587532142876807837e-11
-6.582966596481860769e-11
-6.578404628122827748e-11
-6.573846162569700014e-11
-6.569291042182532329e-11
-6.564739768094223149e-11
-6.560191817979506724e-11
-6.555647339794111272e-11
-6.551105991796638521e-11
-6.546568420817512070e-11
-6.542033942954141218e-11
-6.537502808780213022e-11
-6.532974790665962666e-11
-6.528450417595459828e-11
-6.523929159296301025e-11
-6.519411199768609665e-11
-6.514897539005502632e-11
-6.510388397326538664e-11
-6.505883822356640237e-11
-6.501383343549979996e-11
-6.496887253343855800e-11
-6.492395412265276616e-11
-6.487908063650099141e-11
-6.483424871547189393e-11
-6.478945837360686462e-11
-6.474471373342931983e-11
-6.470000944806445954e-11
-6.465534934169233267e-11
-6.461072915846868764e-11
-6.456615364510743103e-11
-6.452161613006605036e-11
-6.447711845030589096e-11
-6.443266208162056319e-11
-6.438824714430280765e-11
-6.434387087494899294e-11
-6.429953268005702955e-11
-6.425523564207411114e-11
-6.421098192438773226e-11
-6.416678212318153971e-11
-6.412262757795723813e-11
-6.407852036915678615e-11
-6.403446237268105642e-11
-6.399044923743594984e-11
-6.394648243371432569e-11
-6.390256290026278166e-11
-6.385869033598757476e-11
-6.381486354042216151e-11
-6.377108124028742502e-11
-6.372734930749037962e-11
-6.368366027953841109e-11
-6.364001689595031063e-11
-6.359641847622526782e-11
-6.355286434073101185e-11
-6.350935280464539158e-11
-6.346588255111755133e-11
-6.342246080002803165e-11
-6.337907937610267156e-11
-6.333574050685616847e-11
-6.329244290062530342e-11
-6.324919500699799511e-11
-6.320600181747157289e-11
-6.316285286122161179e-11
-6.311975204768980237e-11
-6.307669870795586278e-11
-6.303369128950518083e-11
-6.299072944521141247e-11
-6.294781470370432969e-11
-6.290494666444240037e-11
-6.286212387377977505e-11
-6.281934635053481267e-11
-6.277661719930246777e-11
-6.273393214484110341e-11
-6.269129065473591830e-11
-6.264869674757508485e-11
-6.260614411732652375e-11
-6.256363436022134254e-11
-6.252116837794844745e-11
-6.247874741280904146e-11
-6.243636765003225511e-11
-6.239402772094436734e-11
-6.235173434427854459e-11
-6.230948416037869043e-11
-6.226728539272290310e-11
-6.222513165016221826e-11
-6.218302089220750085e-11
-6.214095541759367318e-11
-6.209893029301556196e-11
-6.205694923205916823e-11
-6.201501275411119861e-11
-6.197311763312590510e-11
-6.193126434433922914e-11
-6.188945592170490097e-11
-6.184768925744332068e-11
-6.180596279136777589e-11
-6.176428281373187574e-11
-6.172264064000772807e-11
-6.168103915114131638e-11
-6.163947870699759201e-11
-6.159795875967278379e-11
-6.155647770888259918e-11
-6.151503447097907668e-11
-6.147363509273521213e-11
-6.143227233993956086e-11
-6.139094734198317223e-11
-6.134966908940940602e-11
-6.130843677143650530e-11
-6.126724174305513169e-11
-6.122608626478446318e-11
-6.118496910633809518e-11
-6.114389164753600751e-11
-6.110285117100716987e-11
-6.106184988081568343e-11
-6.102088748223709594e-11
-6.097996179885581820e-11
-6.093907586679692955e-11
-6.089822686779404449e-11
-6.085741680701568589e-11
-6.081664272172837426e-11
-6.077590739502263957e-11
-6.073520586102307194e-11
-6.069453969772144641e-11
-6.065391309379494883e-11
-6.061331990910257173e-11
-6.057275951149221149e-11
-6.053223903268763487e-11
-6.049175162179289307e-11
-6.045129836115313809e-11
-6.041088548630398156e-11
-6.037051241517910592e-11
-6.033017181585635666e-11
-6.028986454818998053e-11
-6.024959007484345162e-11
-6.020934980777271653e-11
-6.016914112659367177e-11
-6.012896596699166878e-11
-6.008882422488670699e-11
-6.004871327063026007e-11
-6.000863784471170048e-11
-5.996859262399631179e-11
-5.992858113185990024e-11
-5.988860192884278971e-11
-5.984865330971213450e-11
-5.980873540923633592e-11
-5.976884857483125123e-11
-5.972899288727106725e-11
-5.968916656749708153e-11
-5.964936955340870958e-11
-5.960960566281670961e-11
-5.956986999006442034e-11
-5.953016246407634762e-11
-5.949048983919578326e-11
-5.945085221212014086e-11
-5.941124205174217441e-11
-5.937165994258906377e-11
-5.933210883769559575e-11
-5.929258311370185057e-11
-5.925308638373274388e-11
-5.921361901445676169e-11
-5.917417757007583219e-11
-5.913476569498229818e-11
-5.909538086244958102e-11
-5.905602419086722793e-11
-5.901669536249448610e-11
-5.897739371535939082e-11
-5.893811924381643441e-11
-5.889887105022989566e-11
-5.885964938662102767e-11
-5.882045273319021151e-11
-5.878128326418168725e-11
-5.874213966100751996e-11
-5.870302117759215612e-11
-5.866392736808524559e-11
-5.862486133491039380e-11
-5.858581957510246319e-11
-5.854680934212552718e-11
-5.850782972618430954e-11
-5.846887768145503824e-11
-5.842995192582844334e-11
-5.839105285362152285e-11
-5.835218113317553219e-11
-5.831333528203805705e-11
-5.827451628296170371e-11
-5.823572489895854869e-11
-5.819695802109093276e-11
-5.815821963088934980e-11
-5.811950709508635183e-11
-5.808081892688682632e-11
-5.804216054467533727e-11
-5.800352535044572865e-11
-5.796491478061781366e-11
-5.792633157123622493e-11
-5.788777133921565316e-11
-5.784923554312367245e-11
-5.781072649443378653e-11
-5.777224090543392628e-11
-5.773377848067586933e-11
-5.769534304810332994e-11
-5.765693086387617617e-11
-5.761854875529502986e-11
-5.758019640375059856e-11
-5.754187113254845859e-11
-5.750357222253778541e-11
-5.746530023175529976e-11
-5.742705446464550405e-11
-5.738883493351270991e-11
-5.735064285879987260e-11
-5.731247670159950101e-11
-5.727433632584038439e-11
-5.723622317141649451e-11
-5.719813631796532282e-11
-5.716007551375512941e-11
-5.712204079425128303e-11
-5.708403143509172129e-11
-5.704604763879093763e-11
-5.700808822746441931e-11
-5.697015237455193923e-11
-5.693224344245996935e-11
-5.689435777782125079e-11
-5.685649444145492897e-11
-5.681865938343657965e-11
-5.678084642960739267e-11
-5.674305633081988956e-11
-5.670529573212612369e-11
-5.666756785175498626e-11
-5.662986690479818386e-11
-5.659219398156248190e-11
-5.655455023040204527e-11
-5.651693351456459514e-11
-5.647934489207617351e-11
-5.644178462306440352e-11
-5.640425073898418388e-11
-5.636674615537834017e-11
-5.632926892121732057e-11
-5.629181888001923270e-11
-5.625439623733845880e-11
-5.621700152718212279e-11
-5.617963493889186691e-11
-5.614229344734411394e-11
-5.610497740154704385e-11
-5.606769039450440386e-11
-5.603042746381493620e-11
-5.599318881691487190e-11
-5.595597954373602676e-11
-5.591879406680632549e-11
-5.588163265768916317e-11
-5.584449964431758180e-11
-5.580739059323097274e-11
-5.577031425525575426e-11
-5.573327385860902346e-11
-5.569626253415549902e-11
-5.565928160250970840e-11
-5.562233484746460712e-11
-5.558541522501893238e-11
-5.554852690372870161e-11
-5.551167062503725689e-11
-5.547484286918769423e-11
-5.543804697499115861e-11
-5.540128164296758723e-11
-5.536454455831407441e-11
-5.532784013914702841e-11
-5.529116509109558262e-11
-5.525452040139979815e-11
-5.521790430359479737e-11
-5.518131585907873920e-11
-5.514475961610421532e-11
-5.510822994407348851e-11
-5.507172697225420255e-11
-5.503525658384438711e-11
-5.499881242373947305e-11
-5.496239573264834065e-11
-5.492600943798385725e-11
-5.488964892128647024e-11
-5.485332389485598288e-11
-5.481703608766531153e-11
-5.478077860929995362e-11
-5.474455436516977219e-11
-5.470836427563727581e-11
-5.467220485438433674e-11
-5.463607856878732467e-11
-5.459998417987443858e-11
-5.456392164306064346e-11
-5.452789288404308485e-11
-5.449189354868777488e-11
-5.445592990669288446e-11
-5.441999638869270830e-11
-5.438409266203656305e-11
-5.434822544791847748e-11
-5.431238634249362077e-11
-5.427657793053596457e-11
-5.424080037605475775e-11
-5.420505116969420810e-11
-5.416933543931236896e-11
-5.413364780227955831e-11
-5.409798768043788703e-11
-5.406236160216558307e-11
-5.402676278243095390e-11
-5.399119253374215698e-11
-5.395565584253004043e-11
-5.392015482441241841e-11
-5.388468884332875890e-11
-5.384925808702838145e-11
-5.381385749264894934e-11
-5.377849021038374838e-11
-5.374315532609480414e-11
-5.370785233038361589e-11
-5.367258443409648785e-11
-5.363734567688011870e-11
-5.360214170684780805e-11
-5.356696966143764857e-11
-5.353182753330976828e-11
-5.349672016326986843e-11
-5.346164402461272790e-11
-5.342660050511993341e-11
-5.339158625584739039e-11
-5.335660151969667926e-11
-5.332165193942510515e-11
-5.328672863305676369e-11
-5.325183752779569315e-11
-5.321697638888939164e-11
-5.318214207294813386e-11
-5.314734322556028465e-11
-5.311257112818014916e-11
-5.307782645103081870e-11
-5.304311802079117371e-11
-5.300844687782695011e-11
-5.297380916654591522e-11
-5.293920655830785572e-11
-5.290463315616286424e-11
-5.287009246698450673e-11
-5.283558444734580104e-11
-5.280110699248567852e-11
-5.276666476964666841e-11
-5.273225102115607694e-11
-5.269787139556147353e-11
-5.266352343156626603e-11
-5.262920537645745450e-11
-5.259492041459088404e-11
-5.256066645249650137e-11
-5.252644640311150667e-11
-5.249225413280895270e-11
-5.245809223519296415e-11
-5.242396216029047532e-11
-5.238986014312688961e-11
-5.235579100250490401e-11
-5.232174995870610548e-11
-5.228773644225800132e-11
-5.225375651006654984e-11
-5.221980341965850104e-11
-5.218588126315838376e-11
-5.215198853480796995e-11
-5.211813155866153650e-11
-5.208430806544213071e-11
-5.205051439874261139e-11
-5.201675017531986098e-11
-5.198301927624327503e-11
-5.194931517233846425e-11
-5.191564201080984651e-11
-5.188199892007788988e-11
-5.184838559752890702e-11
-5.181480287898754789e-11
-5.178124793388311534e-11
-5.174772488850269754e-11
-5.171423098132449899e-11
-5.168076680983140942e-11
-5.164733121010794160e-11
-5.161392355448944027e-11
-5.158054805973587305e-11
-5.154719735020859007e-11
-5.151387626620664446e-11
-5.148058243473497446e-11
-5.144731387241092654e-11
-5.141407730173133893e-11
-5.138086518217978615e-11
-5.134768211875345633e-11
-5.131452567556054188e-11
-5.128139413368871062e-11
-5.124829539778963347e-11
-5.121522856016700498e-11
-5.118219016244072262e-11
-5.114918182429246432e-11
-5.111619865620593048e-11
-5.108324420536940217e-11
-5.105031564417969269e-11
-5.101741501189550593e-11
-5.098454347684741859e-11
-5.095169675344369629e-11
-5.091887893815156610e-11
-5.088608644122430445e-11
-5.085332360883428582e-11
-5.082058647986170440e-11
-5.078787564599920504e-11
-5.075519182002831512e-11
-5.072253366874068236e-11
-5.068990442361042750e-11
-5.065729757457103340e-11
-5.062471800382859097e-11
-5.059216332847221086e-11
-5.055963189154538878e-11
-5.052712929802395538e-11
-5.049464886268589882e-11
-5.046219599870454520e-11
-5.042976664580181927e-11
-5.039735992747646445e-11
-5.036498367650849615e-11
-5.033263735642992812e-11
-5.030031859344953722e-11
-5.026802678226757047e-11
-5.023575857328851564e-11
-5.020351804879345228e-11
-5.017130031760137982e-11
-5.013910868356472262e-11
-5.010694246039240596e-11
-5.007480120563585993e-11
-5.004268603674371381e-11
-5.001059375973380808e-11
-4.997852867358786329e-11
-4.994648729191536693e-11
-4.991447305225148305e-11
-4.988248191610399928e-11
-4.985051541854435666e-11
-4.981857310670150956e-11
-4.978665288167703195e-11
-4.975476023227957719e-11
-4.972288779560907684e-11
-4.969104152687997266e-11
-4.965921722105758221e-11
-4.962741541497178325e-11
-4.959563887130242416e-11
-4.956388233791790430e-11
-4.953215316360452294e-11
-4.950044455066438442e-11
-4.946876400031249537e-11
-4.943711288722997603e-11
-4.940548482670953109e-11
-4.937388253185187092e-11
-4.934230278725085817e-11
-4.931074853559118224e-11
-4.927921917005314575e-11
-4.924771264833815608e-11
-4.921623256193001608e-11
-4.918477424184911722e-11
-4.915334152573787290e-11
-4.912193174413968980e-11
-4.909054806259205410e-11
-4.905918713794111614e-11
-4.902784993600297204e-11
-4.899653664155942443e-11
-4.896524583230442931e-11
-4.893398059082993693e-11
-4.890273558198643244e-11
-4.887151563521622345e-11
-4.884031585456134135e-11
-4.880913978815098513e-11
-4.877798609915788734e-11
-4.874685229480089374e-11
-4.871574439044081639e-11
-4.868465545382849326e-11
-4.865359147347238576e-11
-4.862254800223238590e-11
-4.859153125081834715e-11
-4.856054415692085597e-11
-4.852957937761625569e-11
-4.849864008966066955e-11
-4.846772341601652951e-11
-4.843683147599294324e-11
-4.840596434413956344e-11
-4.837511986691234485e-11
-4.834430135178262700e-11
-4.831350452054126250e-11
-4.828273332547789763e-11
-4.825198393922783813e-11
-4.822126054532941026e-11
-4.819055990485352156e-11
-4.815988346674144467e-11
-4.812922974115817187e-11
-4.809859906712367720e-11
-4.806799190033176014e-11
-4.803740541050123676e-11
-4.800684482616838070e-11
-4.797630334073276498e-11
-4.794578705944905471e-11
-4.791529078555505154e-11
-4.788481771332242818e-11
-4.785436650237738028e-11
-4.782393506395444429e-11
-4.779352899832486116e-11
-4.776314146762077671e-11
-4.773278126001581387e-11
-4.770245023773134592e-11
-4.767214329874837390e-11
-4.764186276778563110e-11
-4.761160415934250860e-11
-4.758137216809291272e-11
-4.755116173587909648e-11
-4.752097704030436527e-11
-4.749081459309637716e-11
-4.746067736386455051e-11
-4.743056466450835299e-11
-4.740047537844769500e-11
-4.737041039919273445e-11
-4.734036789542762725e-11
-4.731035050548630907e-11
-4.728035484640686328e-11
-4.725038649718130953e-11
-4.722043830401049847e-11
-4.719051593100333480e-11
-4.716061324409858855e-11
-4.713073512173867886e-11
-4.710087826593382397e-11
-4.707104414741115299e-11
-4.704123306921862310e-11
-4.701144165859966490e-11
-4.698167637126468957e-11
-4.695192918234166392e-11
-4.692220837820543203e-11
-4.689250660847737196e-11
-4.686283242400264913e-11
-4.683318754405548722e-11
-4.680356572752714524e-11
-4.677397159685798250e-11
-4.674439947708234876e-11
-4.671485394627270323e-11
-4.668533090412576875e-11
-4.665583382233925574e-11
-4.662636001625712710e-11
-4.659691206681731087e-11
-4.656748873027103800e-11
-4.653808915501518836e-11
-4.650871447116459433e-11
-4.647936280629254182e-11
-4.645003663935592261e-11
-4.642073275625142174e-11
-4.639145622606590356e-11
-4.636220016808355818e-11
-4.633297119370052780e-11
-4.630376170008266754e-11
-4.627457794035351677e-11
-4.624541424316634044e-11
-4.621627582019326746e-11
-4.618715901973174636e-11
-4.615806408504525556e-11
-4.612899334237247269e-11
-4.609994216977968658e-11
-4.607091744610087122e-11
-4.604191133088391100e-11
-4.601293306654866223e-11
-4.598398292248717089e-11
-4.595505819370509662e-11
-4.592615905087047928e-11
-4.589728195859270132e-11
-4.586843297305393803e-11
-4.583960518465943638e-11
-4.581080454985406931e-11
-4.578202537058350773e-11
-4.575327262205996270e-11
-4.572454187205325675e-11
-4.569583684102532976e-11
-4.566715451398556703e-11
-4.563849860517137432e-11
-4.560986523792842613e-11
-4.558125701099972609e-11
-4.555267139360550412e-11
-4.552411027481948412e-11
-4.549557115353700697e-11
-4.546705556823129394e-11
-4.543856313898862945e-11
-4.541009215869434482e-11
-4.538164588176648306e-11
-4.535321887570671097e-11
-4.532481862812291412e-11
-4.529643592735601523e-11
-4.526808095703333060e-11
-4.523974423878173420e-11
-4.521143223337811844e-11
-4.518314068751147235e-11
-4.515487634343791103e-11
-4.512664107879538644e-11
-4.509842746228633322e-11
-4.507024061966983390e-11
-4.504207444648738469e-11
-4.501393413450708100e-11
-4.498581486405768623e-11
-4.495772093238384161e-11
-4.492964840789609567e-11
-4.490160070561994711e-11
-4.487357477017768782e-11
-4.484557379707142167e-11
-4.481759541540505768e-11
-4.478964101795429200e-11
-4.476170877883165975e-11
-4.473380028029924944e-11
-4.470591404916908254e-11
-4.467805102722763902e-11
-4.465020955353760791e-11
-4.462239058240692214e-11
-4.459459404543808482e-11
-4.456681807729745560e-11
-4.453906591872357812e-11
-4.451133224151525466e-11
-4.448362448073372237e-11
-4.445593381129242350e-11
-4.442826914744798584e-11
-4.440062173793972130e-11
-4.437299991995204308e-11
-4.434539592830627132e-11
-4.431781843175182800e-11
-4.429026847362195949e-11
-4.426274036664670395e-11
-4.423523697273656395e-11
-4.420775342394397438e-11
-4.418029600762741222e-11
